(49334, [0, 1, 2, 3, 4, 5, 6, 7, 8, 9, 10, 11, 12, 13, 14, 15, 16, 17, 18, 19, 20, 21, 22, 23, 24, 25, 26, 27, 28, 29, 30, 31, 32, 33, 34, 35, 36, 37, 38, 39, 40, 41, 42, 43, 44])
(49335, [0, 1, 2, 3, 4, 5, 6, 7, 8, 9, 10, 11, 12, 13, 14, 15, 16, 17, 18, 19, 20, 21, 22, 23, 24, 25, 26, 27, 28, 29, 30, 31, 32, 33, 34, 35, 36, 37, 38, 39, 40, 41, 42, 43, 44])
(49336, [0, 1, 2, 3, 4, 5, 6, 7, 8, 9, 10, 11, 12, 13, 14, 15, 16, 17, 18, 19, 20, 21, 22, 23, 24, 25, 26, 27, 28, 29, 30, 31, 32, 33, 34, 35, 36, 37, 38, 39, 40, 41, 42, 43, 44])
(49337, [0, 1, 2, 3, 4, 5, 6, 7, 8, 9, 10, 11, 12, 13, 14, 16, 18, 19, 20, 21, 22, 23, 24, 25, 26, 27, 28, 29, 30, 31, 32, 33, 34, 35, 36, 37, 38, 39, 40, 41, 42, 43, 44])
(49338, [0, 1, 2, 3, 4, 6, 7, 9, 11, 12, 13, 14, 15, 16, 17, 18, 19, 20, 21, 22, 23, 24, 26, 29, 30, 31, 32, 33, 34, 35, 36, 37, 38, 39, 40, 41, 42, 43, 44])
(49339, [0, 1, 2, 3, 4, 5, 6, 8, 9, 11, 12, 13, 16, 17, 19, 28, 32, 34, 35, 36, 40, 41, 43])
(49340, [1, 2, 3, 4, 6, 11, 12, 16, 17, 19, 21, 22, 23, 30, 32, 42, 44])
(49341, [0, 1, 2, 3, 4, 5, 6, 7, 8, 9, 10, 11, 12, 13, 14, 16, 18, 19, 20, 21, 22, 23, 24, 25, 26, 27, 28, 29, 30, 31, 32, 33, 34, 35, 36, 37, 38, 39, 40, 41, 42, 43, 44])
(49342, [0, 1, 2, 3, 4, 5, 6, 7, 8, 9, 10, 11, 12, 13, 14, 15, 16, 17, 18, 19, 20, 21, 22, 23, 24, 25, 26, 27, 28, 29, 30, 31, 32, 33, 34, 35, 36, 37, 38, 39, 40, 41, 42, 43, 44])
(49343, [0, 1, 2, 3, 4, 5, 6, 8, 9, 11, 12, 14, 15, 16, 17, 18, 19, 20, 23, 24, 26, 27, 28, 30, 31, 32, 33, 34, 35, 36, 37, 41, 42, 43, 44])
(49344, [0, 1, 2, 3, 4, 5, 6, 7, 8, 9, 11, 12, 13, 14, 15, 16, 17, 18, 19, 20, 21, 22, 23, 24, 26, 27, 28, 29, 30, 31, 32, 33, 34, 35, 36, 37, 39, 40, 41, 42, 43, 44])
(49345, [0, 1, 2, 3, 4, 6, 8, 9, 11, 12, 14, 15, 17, 18, 19, 21, 22, 23, 26, 27, 30, 31, 32, 33, 34, 37, 38, 40, 41, 42, 43, 44])
(49346, [1, 12, 15, 22, 32])
(49347, [8, 21, 23, 29, 30, 31, 32, 34, 39, 40, 44])
(49348, [1, 7, 10, 12, 15, 19, 21, 22, 23, 26, 32, 35, 39, 44])
(49349, [0, 1, 2, 3, 4, 5, 6, 7, 8, 9, 10, 11, 12, 13, 14, 15, 16, 17, 18, 19, 20, 21, 22, 23, 24, 26, 27, 28, 29, 30, 31, 32, 33, 34, 35, 36, 37, 39, 40, 41, 42, 43, 44])
(49350, [0, 1, 2, 3, 4, 7, 9, 11, 12, 13, 14, 15, 17, 18, 19, 26, 27, 31, 32, 33, 34, 36, 43, 44])
(49351, [1, 3, 9, 10, 12, 18, 19, 21, 23, 26, 30, 31, 32, 33, 34, 40, 43, 44])
(49352, [0, 1, 2, 3, 4, 6, 7, 9, 12, 14, 15, 17, 18, 20, 23, 26, 30, 31, 32, 33, 34, 35, 36, 40, 41, 43])
(49353, [0, 1, 3, 6, 7, 15, 17, 18, 19, 21, 22, 26, 30, 31, 32, 34, 40, 42, 44])
(49354, [3, 32, 33])
(49355, [1, 2, 3, 4, 6, 7, 9, 11, 13, 15, 17, 18, 19, 20, 22, 30, 31, 32, 33, 36, 40, 41, 44])
(49356, [0, 1, 2, 3, 4, 5, 6, 7, 8, 9, 10, 11, 12, 13, 14, 15, 16, 17, 18, 19, 20, 21, 22, 23, 24, 26, 29, 30, 31, 32, 33, 34, 35, 38, 39, 40, 41, 42, 43, 44])
(49357, [4, 24, 32, 40, 41])
(49358, [0, 1, 2, 3, 4, 5, 9, 11, 12, 13, 17, 18, 19, 20, 21, 22, 23, 26, 30, 31, 32, 33, 34, 37, 42, 43, 44])
(49359, [0, 1, 2, 3, 4, 5, 6, 7, 8, 9, 10, 11, 12, 13, 14, 15, 16, 17, 18, 19, 21, 22, 23, 24, 25, 26, 29, 30, 31, 32, 33, 34, 35, 36, 37, 38, 39, 40, 41, 42, 43, 44])
(49360, [0, 4, 9, 14, 15, 23, 30, 32])
(49361, [0, 2, 3, 4, 6, 8, 17, 19, 21, 22, 23, 26, 32, 34, 38, 44])
(49362, [0, 1, 2, 3, 4, 7, 8, 10, 11, 12, 13, 16, 17, 18, 20, 21, 23, 24, 26, 29, 32, 34, 35, 37, 41, 42, 43, 44])
(49363, [6, 9, 15, 23, 26, 30, 31, 32])
(49364, [0, 1, 2, 3, 4, 6, 7, 9, 12, 13, 15, 18, 19, 21, 26, 30, 31, 32, 33, 34, 38, 42])
(49365, [0, 1, 2, 3, 4, 6, 7, 9, 11, 12, 15, 18, 21, 22, 23, 27, 30, 31, 32, 33, 34, 35, 36, 39, 44])
(49366, [1, 2, 3, 6, 9, 15, 19, 26, 30, 32, 33, 43])
(49367, [0, 1, 2, 3, 5, 7, 8, 9, 10, 11, 12, 15, 16, 17, 19, 20, 22, 26, 30, 31, 32, 33, 34, 44])
(49368, [1, 2, 3, 4, 6, 9, 10, 11, 12, 14, 15, 17, 18, 19, 21, 23, 24, 25, 26, 28, 31, 32, 33, 34, 40, 41, 42])
(49369, [0, 1, 2, 3, 4, 5, 6, 7, 8, 9, 11, 12, 13, 14, 15, 16, 18, 19, 20, 21, 22, 23, 24, 26, 30, 31, 32, 33, 34, 36, 41, 43, 44])
(49370, [0, 1, 2, 3, 4, 5, 6, 7, 8, 9, 11, 12, 13, 14, 15, 16, 17, 18, 19, 20, 21, 23, 24, 25, 26, 30, 31, 32, 33, 34, 35, 37, 40, 41, 42, 43, 44])
(49371, [2, 15, 18, 23, 30, 31, 32, 41, 44])
(49372, [0, 1, 2, 4, 5, 6, 9, 11, 13, 15, 16, 17, 18, 19, 20, 21, 22, 23, 24, 26, 30, 31, 32, 33, 34, 35, 36, 38, 40, 41, 43, 44])
(49373, [1, 15, 23, 31, 32, 34, 43])
(49374, [1, 9, 19, 21, 32, 36, 41, 43, 44])
(49375, [1, 2, 3, 4, 6, 11, 12, 15, 17, 18, 19, 21, 22, 24, 29, 30, 32, 33, 38, 43])
(49376, [1, 2, 3, 4, 5, 6, 7, 8, 9, 11, 12, 13, 14, 15, 16, 17, 18, 19, 20, 21, 22, 23, 24, 26, 30, 31, 32, 33, 34, 35, 37, 39, 40, 41, 42, 43, 44])
(49377, [0, 1, 2, 3, 4, 6, 7, 9, 11, 13, 15, 17, 19, 21, 24, 30, 31, 32, 33, 34, 38, 40, 44])
(49378, [1, 2, 4, 5, 6, 7, 9, 10, 12, 13, 15, 18, 19, 20, 23, 24, 26, 30, 31, 32, 33, 34, 40, 41, 43, 44])
(49379, [0, 1, 3, 8, 10, 15, 16, 26, 32, 33, 41])
(49380, [4, 9, 14, 15, 18, 20, 23, 27, 28, 30, 31, 32, 33, 41])
(49381, [1, 2, 3, 4, 6, 7, 9, 10, 11, 12, 14, 15, 16, 17, 18, 19, 20, 21, 23, 24, 26, 28, 31, 32, 33, 35, 40, 41, 43, 44])
(49382, [0, 1, 2, 3, 4, 7, 8, 9, 10, 11, 12, 13, 14, 15, 16, 17, 18, 19, 20, 21, 22, 23, 24, 26, 27, 28, 30, 31, 32, 33, 34, 36, 37, 41, 42, 43, 44])
(49383, [1, 2, 3, 4, 6, 12, 14, 16, 17, 18, 19, 21, 22, 23, 26, 30, 31, 32, 33, 34, 37, 43, 44])
(49384, [1, 2, 3, 4, 6, 9, 11, 12, 15, 17, 18, 19, 21, 22, 23, 26, 31, 32, 33, 41, 43, 44])
(49385, [0, 2, 26, 32])
(49386, [0, 1, 3, 6, 9, 18, 30, 32, 34, 43])
(49387, [1, 2, 3, 4, 5, 6, 7, 8, 9, 11, 12, 13, 14, 15, 16, 17, 18, 19, 20, 21, 22, 23, 24, 26, 27, 28, 30, 31, 32, 33, 34, 35, 36, 39, 40, 41, 42, 43, 44])
(49388, [0, 1, 2, 3, 6, 9, 10, 13, 15, 17, 19, 23, 24, 30, 31, 32, 34, 41, 43])
(49389, [0, 1, 2, 3, 4, 9, 12, 13, 15, 16, 17, 19, 21, 22, 23, 24, 26, 29, 30, 31, 32, 34, 38, 41, 43, 44])
(49390, [2, 3, 4, 9, 10, 14, 16, 17, 19, 26, 31, 32, 38, 41, 42, 43, 44])
(49391, [1, 2, 4, 6, 9, 14, 15, 16, 17, 18, 19, 23, 24, 25, 26, 28, 30, 31, 32, 33, 34, 36, 40, 43])
(49392, [2, 15, 18, 19, 23, 26, 30, 32])
(49393, [0, 1, 2, 3, 4, 6, 9, 12, 13, 14, 15, 16, 17, 19, 20, 23, 24, 25, 26, 28, 30, 32, 33, 34, 36, 41, 43])
(49394, [0, 2, 4, 6, 9, 15, 19, 22, 30, 31, 32, 33, 34, 38, 39])
(49395, [0, 1, 2, 3, 4, 6, 7, 8, 9, 10, 11, 12, 13, 15, 16, 17, 18, 20, 22, 23, 24, 26, 29, 30, 31, 32, 33, 34, 35, 39, 40, 41, 43, 44])
(49396, [1, 2, 4, 9, 11, 14, 16, 19, 30, 31, 32, 34, 44])
(49397, [0, 1, 2, 3, 4, 6, 9, 11, 12, 13, 14, 15, 16, 18, 21, 22, 23, 26, 27, 30, 32, 33, 34, 35, 37, 41, 43, 44])
(49398, [0, 1, 6, 15, 20, 24, 32, 33, 34, 40, 41, 43])
(49399, [0, 2, 3, 4, 5, 7, 8, 9, 11, 12, 15, 16, 17, 18, 19, 23, 24, 25, 30, 31, 32, 33, 34, 40, 41, 42, 43, 44])
(49400, [4, 8, 12, 13, 15, 16, 18, 23, 27, 32, 35, 43])
(49401, [0, 2, 4, 7, 11, 12, 18, 26, 27, 32, 41, 44])
(49402, [1, 3, 4, 6, 8, 15, 19, 21, 23, 27, 31, 32, 36, 37, 41, 42, 44])
(49403, [0, 1, 2, 3, 4, 6, 7, 9, 12, 14, 15, 16, 18, 19, 23, 24, 30, 31, 32, 35, 39, 40, 41, 42, 43, 44])
(49404, [0, 4, 15, 32, 33])
(49405, [6, 13, 18, 31, 32])
(49406, [0, 1, 2, 3, 5, 6, 7, 8, 9, 11, 12, 15, 16, 17, 19, 20, 21, 23, 24, 25, 26, 28, 30, 31, 32, 33, 34, 35, 38, 39])
(49407, [0, 1, 2, 3, 4, 6, 7, 9, 11, 12, 13, 14, 15, 16, 17, 18, 19, 20, 24, 26, 27, 28, 30, 31, 32, 33, 34, 35, 36, 39, 40, 41, 43, 44])
(49408, [0, 1, 2, 3, 4, 5, 6, 8, 9, 11, 12, 14, 15, 16, 17, 18, 19, 21, 24, 26, 27, 29, 31, 32, 33, 35, 41, 42])
(49409, [32])
(49410, [2, 4, 6, 12, 14, 15, 17, 24, 32, 33, 43])
(49411, [7, 9, 17, 31, 32, 34])
(49412, [9, 15, 17, 31, 32, 43])
(49413, [0, 1, 2, 9, 13, 14, 15, 18, 22, 23, 24, 26, 31, 32, 33, 41])
(49414, [11, 13, 30, 32])
(49415, [0, 1, 3, 6, 11, 15, 16, 18, 19, 22, 23, 32, 38])
(49416, [2, 6, 9, 11, 13, 18, 19, 21, 22, 29, 30, 32, 38])
(49417, [9, 15, 30, 31, 32])
(49418, [1, 2, 3, 4, 7, 8, 9, 10, 11, 12, 15, 16, 18, 19, 22, 23, 30, 32, 33, 37, 42, 44])
(49419, [0, 1, 2, 3, 4, 6, 8, 9, 11, 12, 13, 17, 18, 19, 21, 23, 24, 31, 32, 33, 34, 37, 44])
(49420, [15, 18, 21, 30, 31, 32, 33, 35, 41, 43, 44])
(49421, [32])
(49422, [4, 32])
(49423, [0, 1, 2, 3, 7, 8, 9, 12, 14, 16, 19, 21, 23, 30, 31, 32, 37, 44])
(49424, [0, 1, 2, 9, 10, 11, 12, 14, 26, 31, 32, 34, 43, 44])
(49425, [1, 12, 30, 31, 32])
(49426, [1, 2, 3, 4, 6, 7, 8, 9, 11, 12, 13, 14, 15, 16, 17, 18, 19, 20, 23, 24, 26, 28, 30, 31, 32, 33, 34, 35, 37, 39, 41, 42, 43, 44])
(49427, [1, 2, 3, 4, 8, 9, 12, 16, 18, 19, 21, 23, 24, 30, 31, 32, 33, 34, 43, 44])
(49428, [1, 5, 9, 12, 32])
(49429, [0, 1, 3, 7, 9, 10, 16, 18, 26, 30, 31, 32, 33, 34, 35, 42, 43])
(49430, [3, 19, 32, 34, 39])
(49431, [1, 9, 11, 18, 31, 32, 41])
(49432, [0, 1, 2, 3, 4, 6, 7, 9, 11, 12, 13, 14, 15, 18, 19, 20, 23, 24, 26, 30, 31, 32, 34, 35, 40, 41, 43])
(49433, [12, 15, 18, 31, 32, 36, 39, 44])
(49434, [2, 17, 28, 31, 32, 33, 34])
(49435, [0, 1, 2, 4, 9, 13, 17, 26, 31, 32, 33, 34, 40, 41, 44])
(49436, [2, 4, 6, 9, 15, 24, 26, 30, 31, 32, 40, 41, 43])
(49437, [2, 3, 4, 5, 6, 8, 9, 13, 15, 16, 17, 18, 19, 21, 22, 23, 26, 30, 31, 32, 33, 34, 35, 37, 38, 40, 41, 43, 44])
(49438, [1, 6, 11, 17, 30, 31, 32, 35, 43])
(49439, [1, 2, 3, 4, 7, 9, 11, 15, 16, 17, 19, 21, 22, 24, 26, 31, 32, 34, 40, 43, 44])
(49440, [1, 32])
(49441, [1, 2, 3, 19, 21, 32, 37])
(49442, [8, 17, 19, 21, 22, 23, 24, 26, 32, 33, 34, 35, 39, 40, 44])
(49443, [1, 2, 3, 12, 18, 19, 22, 23, 31, 32, 36, 43])
(49444, [1, 26, 32, 43])
(49445, [1, 3, 8, 9, 11, 12, 16, 19, 21, 31, 32, 44])
(49446, [1, 2, 3, 32])
(49447, [0, 2, 3, 4, 6, 9, 11, 12, 14, 20, 30, 31, 32, 34])
(49448, [1, 2, 3, 11, 19, 26, 31, 32, 33])
(49449, [6, 31, 32, 34])
(49450, [32])
(49451, [1, 2, 3, 5, 9, 11, 15, 16, 18, 21, 23, 24, 26, 31, 32, 34, 35, 39, 41])
(49452, [9, 11, 15, 16, 31, 32])
(49453, [0, 2, 3, 5, 6, 8, 11, 12, 13, 14, 17, 18, 19, 20, 22, 23, 30, 31, 32, 33, 36, 37, 39, 40, 43, 44])
(49454, [2, 9, 11, 13, 15, 24, 31, 32, 37])
(49455, [0, 21, 32])
(49456, [0, 1, 2, 3, 4, 13, 15, 17, 18, 19, 20, 21, 31, 32, 41, 44])
(49457, [15, 18, 23, 31, 32])
(49458, [2, 6, 31, 32, 44])
(49459, [0, 1, 2, 3, 4, 6, 7, 9, 11, 12, 14, 15, 16, 17, 18, 19, 20, 21, 22, 23, 26, 30, 31, 32, 33, 34, 35, 36, 41, 42, 43, 44])
(49460, [0, 1, 2, 3, 4, 6, 7, 9, 11, 12, 13, 15, 19, 20, 21, 23, 26, 28, 30, 32, 33, 34, 38, 41, 43, 44])
(49461, [32])
(49462, [0, 1, 2, 3, 4, 7, 8, 11, 12, 14, 15, 16, 18, 21, 23, 26, 28, 30, 31, 32, 33, 34, 35, 42])
(49463, [16, 18, 32, 34, 36])
(49464, [0, 1, 2, 3, 4, 5, 6, 7, 8, 9, 10, 11, 12, 13, 14, 16, 18, 19, 20, 21, 22, 23, 24, 25, 26, 27, 28, 29, 30, 31, 33, 34, 35, 36, 37, 38, 39, 40, 41, 42, 43, 44])
(49465, [0, 1, 2, 3, 4, 5, 6, 7, 8, 9, 10, 11, 12, 13, 14, 15, 16, 18, 19, 20, 21, 22, 23, 24, 25, 26, 27, 28, 29, 30, 31, 33, 34, 35, 36, 37, 38, 39, 40, 41, 42, 43, 44])
(49466, [35])
(49467, [35])
(49468, [1, 2, 3, 4, 7, 8, 9, 11, 12, 13, 15, 16, 17, 19, 21, 22, 23, 24, 30, 33, 35, 36, 37, 39, 40, 41, 43, 44])
(49469, [35])
(49470, [0, 1, 2, 16, 19, 20, 21, 22, 26, 28, 33, 35, 36, 41])
(49471, [8, 15, 18, 23, 35])
(49472, [0, 1, 2, 3, 6, 7, 9, 12, 13, 15, 19, 23, 30, 34, 35])
(49473, [35])
(49474, [35])
(49475, [35])
(49476, [16, 19, 22, 24, 26, 34, 35])
(49477, [0, 1, 2, 3, 4, 6, 8, 9, 11, 12, 13, 14, 15, 16, 17, 18, 19, 20, 21, 23, 25, 26, 28, 30, 34, 35, 40, 41, 43, 44])
(49478, [0, 5, 8, 35])
(49479, [0, 3, 35])
(49480, [35])
(49481, [0, 1, 8, 11, 14, 15, 16, 17, 18, 20, 23, 27, 30, 35, 43, 44])
(49482, [5, 8, 12, 15, 18, 23, 35, 38, 40])
(49483, [0, 2, 3, 4, 9, 10, 14, 15, 17, 23, 24, 26, 35, 40, 41])
(49484, [35])
(49485, [18, 23, 35])
(49486, [0, 35])
(49487, [35])
(49488, [1, 3, 12, 21, 35])
(49489, [1, 2, 3, 9, 10, 18, 34, 35, 40])
(49490, [2, 3, 4, 5, 8, 9, 10, 11, 12, 13, 15, 16, 17, 18, 20, 22, 23, 24, 25, 26, 30, 31, 33, 34, 35, 36, 37, 38, 41, 42, 43, 44])
(49491, [35])
(49492, [0, 1, 2, 3, 4, 9, 10, 11, 12, 15, 19, 20, 21, 23, 24, 26, 31, 33, 34, 35, 40, 41, 43, 44])
(49493, [0, 3, 5, 8, 11, 18, 23, 28, 35, 37, 44])
(49494, [12, 35])
(49495, [1, 2, 3, 4, 6, 7, 9, 11, 12, 16, 18, 19, 21, 22, 23, 26, 31, 33, 34, 35, 36, 38, 40, 44])
(49496, [0, 1, 2, 3, 4, 6, 9, 12, 15, 16, 18, 19, 20, 21, 22, 23, 24, 28, 30, 35, 38, 40, 41, 42, 43])
(49497, [35])
(49498, [1, 2, 3, 4, 6, 10, 15, 18, 21, 35, 37, 43])
(49499, [0, 2, 4, 6, 9, 14, 15, 18, 19, 26, 31, 35, 40, 41, 43, 44])
(49500, [35])
(49501, [35])
(49502, [34])
(49503, [2, 9, 11, 15, 26, 33, 34, 41, 43])
(49504, [3, 7, 8, 15, 24, 31, 33, 34, 41, 43, 44])
(49505, [1, 3, 8, 9, 11, 12, 15, 16, 17, 18, 19, 21, 22, 23, 29, 30, 31, 33, 34, 37, 39])
(49506, [0, 2, 3, 5, 7, 9, 10, 11, 12, 19, 20, 23, 31, 34, 41, 44])
(49507, [0, 1, 2, 3, 6, 11, 17, 19, 30, 31, 34, 44])
(49508, [8, 12, 16, 18, 34, 41])
(49509, [15, 34])
(49510, [1, 3, 7, 19, 21, 26, 34])
(49511, [1, 3, 20, 22, 34, 39, 44])
(49512, [0, 1, 2, 3, 11, 12, 19, 20, 26, 34, 40, 41, 42])
(49513, [0, 1, 2, 4, 6, 8, 9, 10, 13, 14, 15, 16, 18, 19, 24, 26, 30, 31, 33, 34, 44])
(49514, [0, 1, 3, 23, 34])
(49515, [34])
(49516, [0, 1, 2, 3, 4, 5, 7, 11, 12, 13, 14, 15, 17, 19, 21, 24, 26, 30, 33, 34, 36, 40, 41, 43, 44])
(49517, [5, 11, 19, 26, 34, 43])
(49518, [34])
(49519, [1, 4, 34, 44])
(49520, [2, 3, 4, 6, 7, 8, 9, 15, 18, 19, 23, 30, 31, 34, 36])
(49521, [34])
(49522, [0, 1, 9, 11, 17, 18, 19, 21, 22, 24, 26, 30, 31, 33, 34, 36, 44])
(49523, [34])
(49524, [1, 3, 17, 20, 34])
(49525, [34])
(49526, [17, 19, 26, 34])
(49527, [34])
(49528, [34])
(49529, [0, 1, 2, 3, 5, 13, 15, 16, 18, 21, 24, 25, 26, 30, 31, 33, 34, 40, 44])
(49530, [34])
(49531, [34])
(49532, [0, 1, 2, 3, 4, 5, 7, 9, 11, 12, 13, 14, 15, 16, 17, 19, 21, 22, 23, 24, 26, 27, 29, 31, 34, 41, 42, 43, 44])
(49533, [0, 1, 11, 34])
(49534, [0, 1, 3, 12, 33, 34])
(49535, [3, 12, 16, 18, 33, 34, 41])
(49536, [26, 34])
(49537, [33, 34])
(49538, [1, 2, 18, 19, 23, 30, 34, 40])
(49539, [11, 20, 33, 34])
(49540, [1, 2, 3, 11, 12, 13, 15, 16, 17, 18, 19, 20, 27, 33, 34, 36, 41, 42, 44])
(49541, [1, 3, 4, 7, 12, 13, 15, 16, 17, 18, 19, 24, 31, 34, 36, 43])
(49542, [34])
(49543, [0, 1, 2, 3, 5, 6, 9, 10, 12, 15, 16, 17, 18, 19, 20, 26, 30, 34, 37, 41, 42, 43])
(49544, [7, 9, 10, 11, 12, 13, 20, 34, 41])
(49545, [0, 1, 4, 15, 18, 28, 34, 41, 43])
(49546, [15, 19, 26, 30, 34])
(49547, [2, 19, 33, 34, 41])
(49548, [12, 34])
(49549, [0, 1, 2, 6, 7, 11, 19, 24, 34, 41, 44])
(49550, [0, 1, 2, 3, 5, 7, 8, 10, 11, 12, 14, 15, 16, 18, 20, 23, 29, 30, 34, 38, 39, 43, 44])
(49551, [0, 19, 31, 34])
(49552, [2, 4, 8, 9, 11, 14, 15, 18, 20, 23, 24, 31, 34, 40, 41, 43, 44])
(49553, [34])
(49554, [0, 6, 9, 16, 23, 26, 33, 34, 41, 43])
(49555, [3, 9, 14, 19, 21, 22, 34, 42])
(49556, [0, 9, 34])
(49557, [9, 10, 12, 34])
(49558, [34])
(49559, [34])
(49560, [1, 2, 3, 4, 6, 7, 11, 12, 14, 15, 16, 18, 19, 20, 23, 26, 31, 33, 34, 42, 43])
(49561, [34])
(49562, [2, 9, 14, 16, 19, 20, 24, 26, 30, 34, 40, 44])
(49563, [0, 1, 3, 7, 9, 11, 24, 34])
(49564, [26, 34])
(49565, [34])
(49566, [33])
(49567, [33])
(49568, [0, 4, 23, 24, 26, 33, 44])
(49569, [33])
(49570, [33])
(49571, [1, 2, 3, 8, 9, 13, 17, 19, 26, 30, 33, 43])
(49572, [33])
(49573, [1, 3, 9, 16, 19, 31, 33, 41])
(49574, [33])
(49575, [1, 3, 8, 11, 15, 18, 19, 23, 30, 33])
(49576, [7, 11, 33, 36])
(49577, [0, 12, 33])
(49578, [7, 26, 33, 44])
(49579, [30, 31, 33])
(49580, [2, 9, 11, 13, 17, 20, 30, 31, 33, 43, 44])
(49581, [2, 12, 33, 41, 44])
(49582, [0, 3, 11, 15, 16, 29, 33, 41, 43])
(49583, [33])
(49584, [33])
(49585, [1, 8, 12, 19, 21, 33])
(49586, [1, 17, 18, 20, 21, 30, 31, 33])
(49587, [1, 3, 4, 6, 7, 9, 11, 16, 18, 23, 31, 33, 39])
(49588, [1, 2, 3, 6, 7, 13, 31, 33, 38, 43, 44])
(49589, [1, 2, 3, 4, 7, 9, 11, 12, 13, 14, 15, 16, 17, 18, 19, 20, 23, 24, 26, 31, 33, 40, 43, 44])
(49590, [6, 33, 41])
(49591, [0, 33])
(49592, [15, 26, 33])
(49593, [0, 1, 2, 3, 9, 11, 15, 16, 17, 18, 19, 20, 21, 24, 30, 31, 33, 38, 44])
(49594, [33])
(49595, [1, 4, 8, 18, 21, 22, 33])
(49596, [4, 33])
(49597, [0, 2, 3, 19, 20, 21, 33, 44])
(49598, [0, 1, 3, 9, 11, 15, 16, 18, 19, 26, 33, 36, 41, 44])
(49599, [0, 1, 2, 6, 7, 18, 20, 33, 40, 43, 44])
(49600, [33])
(49601, [22, 23, 31, 33])
(49602, [31, 33])
(49603, [1, 2, 12, 31, 33])
(49604, [33])
(49605, [19, 33])
(49606, [2, 3, 5, 9, 11, 14, 15, 16, 19, 20, 33, 41, 43])
(49607, [2, 8, 15, 20, 21, 22, 24, 30, 37])
(49608, [1, 3, 5, 6, 7, 9, 11, 12, 16, 18, 19, 20, 23, 26, 38, 43])
(49609, [13, 20, 31, 43])
(49610, [4, 6, 8, 10, 12, 20, 23, 27, 41])
(49611, [5, 9, 20, 23])
(49612, [20])
(49613, [0, 1, 3, 7, 12, 20, 24, 28, 40, 41, 42])
(49614, [2, 4, 8, 9, 12, 15, 16, 20, 31, 37])
(49615, [0, 20])
(49616, [0, 2, 20])
(49617, [0, 1, 2, 3, 7, 11, 12, 15, 20, 26, 36, 39, 40, 44])
(49618, [2, 3, 4, 7, 14, 16, 18, 19, 20, 38, 40, 44])
(49619, [18, 20])
(49620, [20])
(49621, [1, 9, 14, 20, 27, 31, 41, 44])
(49622, [1, 20])
(49623, [2, 20, 21, 38, 41, 42, 43, 44])
(49624, [2, 20])
(49625, [0, 20])
(49626, [16, 20])
(49627, [2, 9, 20])
(49628, [0, 20])
(49629, [1, 20, 39])
(49630, [1, 20])
(49631, [1, 3, 13, 20, 24, 26])
(49632, [1, 3, 12, 20, 37])
(49633, [20])
(49634, [20])
(49635, [20])
(49636, [1, 2, 3, 5, 12, 14, 15, 18, 19, 20, 21, 25, 27, 28, 41, 42, 43])
(49637, [20])
(49638, [1, 3, 20])
(49639, [0, 3, 12, 16, 19, 20, 21, 31])
(49640, [3, 18, 37])
(49641, [18])
(49642, [15, 16, 18, 19, 21, 22, 29, 31, 43, 44])
(49643, [0, 16, 17, 18, 22, 37, 44])
(49644, [18])
(49645, [18])
(49646, [18])
(49647, [18])
(49648, [0, 3, 12, 17, 18, 19, 24, 36])
(49649, [0, 18, 23, 26, 43])
(49650, [18])
(49651, [18, 30])
(49652, [18])
(49653, [18])
(49654, [18])
(49655, [18])
(49656, [18])
(49657, [1, 18, 23])
(49658, [18])
(49659, [18])
(49660, [18, 31])
(49661, [18])
(49662, [18])
(49663, [1, 3, 18, 22, 31, 43])
(49664, [2, 9, 18])
(49665, [3, 6, 18, 19, 23, 24, 26, 43])
(49666, [18])
(49667, [18])
(49668, [4, 16, 18, 43])
(49669, [18, 21, 44])
(49670, [18, 19, 23])
(49671, [12, 18])
(49672, [0, 1, 3, 4, 9, 11, 16, 18, 19, 21, 26, 40, 41, 43])
(49673, [18])
(49674, [18])
(49675, [18])
(49676, [0, 18])
(49677, [18])
(49678, [11, 18, 44])
(49679, [18])
(49680, [18])
(49681, [18])
(49682, [18])
(49683, [18, 23])
(49684, [18, 23])
(49685, [15, 18])
(49686, [18])
(49687, [18])
(49688, [2, 3, 18])
(49689, [18])
(49690, [1, 3, 11, 15, 17, 18, 43])
(49691, [18])
(49692, [18])
(49693, [18])
(49694, [6, 18, 19, 30])
(49695, [18])
(49696, [1, 2, 9, 18])
(49697, [18])
(49698, [0, 15, 18])
(49699, [18, 22])
(49700, [0, 3, 9, 18, 44])
(49701, [18])
(49702, [18])
(49703, [18])
(49704, [3, 18])
(49705, [18])
(49706, [18])
(49707, [18, 43])
(49708, [18])
(49709, [0, 2, 6, 8, 11, 12, 18, 23, 27])
(49710, [1, 3, 18, 26, 39])
(49711, [18])
(49712, [1, 3, 12, 18, 28])
(49713, [18])
(49714, [18])
(49715, [18])
(49716, [18])
(49717, [15, 18])
(49718, [18])
(49719, [7, 18, 23])
(49720, [18])
(49721, [18])
(49722, [18])
(49723, [18])
(49724, [18])
(49725, [27])
(49726, [27])
(49727, [27])
(49728, [27])
(49729, [27])
(49730, [27])
(49731, [9])
(49732, [9])
(49733, [9])
(49734, [9])
(49735, [9])
(49736, [0, 1, 2, 3, 6, 8, 9, 11, 12, 16, 23, 24, 26, 43])
(49737, [1, 9, 24, 30, 31, 44])
(49738, [9])
(49739, [9])
(49740, [9])
(49741, [9])
(49742, [3, 9, 23])
(49743, [0, 2, 9, 12, 16, 31, 36])
(49744, [9])
(49745, [9])
(49746, [9, 11, 13, 19])
(49747, [9])
(49748, [9])
(49749, [9])
(49750, [9])
(49751, [9])
(49752, [9])
(49753, [9])
(49754, [9])
(49755, [0, 9])
(49756, [9])
(49757, [7, 9, 12])
(49758, [9])
(49759, [9])
(49760, [2, 9])
(49761, [9])
(49762, [9])
(49763, [9])
(49764, [9])
(49765, [9])
(49766, [1, 2, 3, 7, 9, 15, 21, 24, 40, 43, 44])
(49767, [9])
(49768, [3, 6, 9, 15, 16, 24, 41, 43])
(49769, [9])
(49770, [9])
(49771, [0, 9])
(49772, [9])
(49773, [2, 3, 9])
(49774, [9])
(49775, [9])
(49776, [9, 12, 38])
(49777, [9])
(49778, [9])
(49779, [1, 2, 3, 5, 9, 11, 17, 19, 21, 22, 23, 29, 31, 42, 44])
(49780, [9])
(49781, [9])
(49782, [0, 9])
(49783, [9])
(49784, [9])
(49785, [9])
(49786, [1, 3, 9, 11, 16, 26])
(49787, [9])
(49788, [0])
(49789, [0])
(49790, [0])
(49791, [0])
(49792, [0])
(49793, [0])
(49794, [0])
(49795, [0])
(49796, [0])
(49797, [0])
(49798, [0])
(49799, [0])
(49800, [0, 26])
(49801, [0])
(49802, [0, 12])
(49803, [0])
(49804, [0])
(49805, [0])
(49806, [0])
(49807, [0, 1, 3])
(49808, [0])
(49809, [0])
(49810, [0])
(49811, [0])
(49812, [0])
(49813, [0])
(49814, [0])
(49815, [0])
(49816, [0])
(49817, [0])
(49818, [0])
(49819, [0])
(49820, [0])
(49821, [0, 12])
(49822, [0, 12])
(49823, [0])
(49824, [0])
(49825, [0])
(49826, [0])
(49827, [0])
(49828, [0, 26, 44])
(49829, [0])
(49830, [0])
(49831, [0])
(49832, [0])
(49833, [0])
(49834, [0])
(49835, [0])
(49836, [0, 3])
(49837, [0])
(49838, [0])
(49839, [0])
(49840, [0])
(49841, [0, 12, 16, 43])
(49842, [0])
(49843, [0])
(49844, [0])
(49845, [0])
(49846, [0, 12])
(49847, [0, 1])
(49848, [0])
(49849, [0])
(49850, [0])
(49851, [0])
(49852, [0])
(49853, [0])
(49854, [0])
(49855, [0])
(49856, [0])
(49857, [0])
(49858, [0, 12])
(49859, [0])
(49860, [0, 2])
(49861, [0])
(49862, [0])
(49863, [0])
(49864, [0])
(49865, [0, 12])
(49866, [0])
(49867, [0])
(49868, [0])
(49869, [0, 3, 11])
(49870, [0])
(49871, [0])
(49872, [0])
(49873, [0])
(49874, [0])
(49875, [0])
(49876, [0])
(49877, [0])
(49878, [0])
(49879, [0])
(49880, [0, 12])
(49881, [0])
(49882, [0])
(49883, [0])
(49884, [0])
(49885, [0])
(49886, [0, 12])
(49887, [0])
(49888, [0])
(49889, [0])
(49890, [0])
(49891, [0])
(49892, [0])
(49893, [0, 39])
(49894, [0])
(49895, [0])
(49896, [0])
(49897, [0])
(49898, [0])
(49899, [0, 2, 12, 28])
(49900, [0])
(49901, [0])
(49902, [0])
(49903, [0])
(49904, [0])
(49905, [0])
(49906, [0])
(49907, [0])
(49908, [0])
(49909, [0])
(49910, [0])
(49911, [0])
(49912, [0])
(49913, [0])
(49914, [0])
(49915, [0])
(49916, [0])
(49917, [0])
(49918, [0])
(49919, [0])
(49920, [0])
(49921, [0])
(49922, [0])
(49923, [0])
(49924, [0])
(49925, [0])
(49926, [0])
(49927, [0])
(49928, [0])
(49929, [0])
(49930, [0])
(49931, [0, 21, 26, 44])
(49932, [0])
(49933, [0])
(49934, [0, 28])
(49935, [0])
(49936, [0, 44])
(49937, [0])
(49938, [0])
(49939, [0])
(49940, [0])
(49941, [0])
(49942, [0, 12])
(49943, [0])
(49944, [0])
(49945, [0])
(49946, [0])
(49947, [0, 11, 17, 24, 30, 36])
(49948, [0])
(49949, [0])
(49950, [0, 2, 19, 43])
(49951, [0])
(49952, [0])
(49953, [0])
(49954, [0])
(49955, [0])
(49956, [0, 1, 3, 12, 21, 23, 37])
(49957, [0])
(49958, [0, 12])
(49959, [0])
(49960, [0])
(49961, [0])
(49962, [0])
(49963, [0])
(49964, [0])
(49965, [0])
(49966, [0])
(49967, [0])
(49968, [0])
(49969, [0])
(49970, [0])
(49971, [0])
(49972, [0])
(49973, [0])
(49974, [0])
(49975, [0])
(49976, [0])
(49977, [0])
(49978, [0])
(49979, [0])
(49980, [0, 30])
(49981, [0])
(49982, [0])
(49983, [0])
(49984, [0])
(49985, [0, 12, 15])
(49986, [0])
(49987, [0])
(49988, [0])
(49989, [0])
(49990, [0])
(49991, [0])
(49992, [0, 21, 23])
(49993, [0])
(49994, [0])
(49995, [0])
(49996, [0])
(49997, [0])
(49998, [0])
(49999, [0, 44])
(50000, [0, 36])
(50001, [0])
(50002, [0])
(50003, [0])
(50004, [0])
(50005, [0])
(50006, [0])
(50007, [0, 23])
(50008, [0])
(50009, [0])
(50010, [0])
(50011, [0])
(50012, [0])
(50013, [0])
(50014, [0])
(50015, [0])
(50016, [0])
(50017, [0, 2, 4, 24])
(50018, [0, 44])
(50019, [0])
(50020, [0])
(50021, [0])
(50022, [0])
(50023, [0])
(50024, [0])
(50025, [0])
(50026, [0])
(50027, [0])
(50028, [0, 21])
(50029, [0])
(50030, [0])
(50031, [0])
(50032, [0])
(50033, [0])
(50034, [0])
(50035, [0])
(50036, [0])
(50037, [0, 2, 8, 19, 23])
(50038, [0])
(50039, [0, 1, 2, 3, 4, 8, 12, 13, 16, 19, 21, 22, 26, 29, 44])
(50040, [0])
(50041, [0])
(50042, [0])
(50043, [0])
(50044, [0])
(50045, [0])
(50046, [0])
(50047, [0])
(50048, [0])
(50049, [0])
(50050, [0])
(50051, [11, 23])
(50052, [1, 3, 4, 11, 19, 21, 23, 31])
(50053, [11])
(50054, [11, 41])
(50055, [11, 41])
(50056, [11, 26])
(50057, [11])
(50058, [2, 11, 23, 43])
(50059, [11])
(50060, [2, 11, 40, 44])
(50061, [11])
(50062, [1, 11])
(50063, [11])
(50064, [1, 3, 7, 11, 19, 31])
(50065, [11])
(50066, [11])
(50067, [2, 4, 7, 11, 31, 44])
(50068, [11, 44])
(50069, [11, 17])
(50070, [11])
(50071, [2, 11, 15, 17, 24, 41])
(50072, [3, 11, 41])
(50073, [7, 26, 28])
(50074, [7])
(50075, [7])
(50076, [7])
(50077, [7])
(50078, [7])
(50079, [7])
(50080, [7])
(50081, [1, 4, 7, 15, 39])
(50082, [7])
(50083, [7])
(50084, [1, 3, 7, 12, 19])
(50085, [7])
(50086, [7])
(50087, [23, 29, 30, 36])
(50088, [29])
(50089, [2, 3, 16, 41])
(50090, [16])
(50091, [16])
(50092, [1, 3, 6, 16, 21])
(50093, [16, 25, 36])
(50094, [16, 36])
(50095, [16])
(50096, [16])
(50097, [16])
(50098, [16])
(50099, [21, 42])
(50100, [1, 3, 8, 15, 42])
(50101, [12, 42])
(50102, [6])
(50103, [4, 6])
(50104, [6])
(50105, [1, 3, 6])
(50106, [6])
(50107, [6])
(50108, [2, 6, 14, 24, 30])
(50109, [6])
(50110, [6])
(50111, [4, 6, 28, 30])
(50112, [6])
(50113, [6, 17, 26, 30])
(50114, [6])
(50115, [15, 28, 31])
(50116, [28])
(50117, [28])
(50118, [28, 31])
(50119, [28])
(50120, [17, 23])
(50121, [17])
(50122, [17])
(50123, [17])
(50124, [17])
(50125, [17, 41])
(50126, [17])
(50127, [2, 17])
(50128, [17, 24])
(50129, [17])
(50130, [17])
(50131, [17])
(50132, [17, 26])
(50133, [3, 17, 19])
(50134, [17])
(50135, [17])
(50136, [1])
(50137, [1])
(50138, [1])
(50139, [1, 44])
(50140, [1, 8])
(50141, [1])
(50142, [1, 3])
(50143, [1])
(50144, [1])
(50145, [1, 12])
(50146, [1, 21])
(50147, [1, 3])
(50148, [1, 3, 19, 21, 23, 26])
(50149, [1, 3, 15, 24])
(50150, [1])
(50151, [1, 21, 22, 23, 36])
(50152, [1, 2, 23])
(50153, [1, 2, 3, 4, 12, 26])
(50154, [1])
(50155, [1])
(50156, [1])
(50157, [1, 22])
(50158, [1, 3, 21])
(50159, [1])
(50160, [1])
(50161, [1, 3])
(50162, [1, 3, 21])
(50163, [1, 3])
(50164, [1, 3])
(50165, [1, 3, 4, 15, 43])
(50166, [1])
(50167, [1])
(50168, [1, 3])
(50169, [1, 19])
(50170, [1])
(50171, [1])
(50172, [1])
(50173, [1, 15])
(50174, [1])
(50175, [1])
(50176, [1, 24])
(50177, [1, 2, 19, 40])
(50178, [1])
(50179, [1])
(50180, [1])
(50181, [1])
(50182, [1, 3, 21])
(50183, [1])
(50184, [10])
(50185, [10])
(50186, [10, 31])
(50187, [10])
(50188, [10])
(50189, [10, 30])
(50190, [10])
(50191, [10, 19])
(50192, [10])
(50193, [10])
(50194, [10])
(50195, [10])
(50196, [10])
(50197, [10])
(50198, [8, 10, 22])
(50199, [10])
(50200, [19])
(50201, [2, 19])
(50202, [19])
(50203, [2, 19])
(50204, [19])
(50205, [14, 19])
(50206, [19])
(50207, [2, 19, 24])
(50208, [19])
(50209, [19])
(50210, [19])
(50211, [8, 19, 38])
(50212, [19])
(50213, [19])
(50214, [19])
(50215, [19])
(50216, [19])
(50217, [19])
(50218, [19])
(50219, [19])
(50220, [19])
(50221, [19])
(50222, [3, 12, 19, 23, 40])
(50223, [19])
(50224, [19])
(50225, [19, 26, 41])
(50226, [19])
(50227, [19])
(50228, [19, 21])
(50229, [19])
(50230, [19])
(50231, [19])
(50232, [4, 24, 26, 40])
(50233, [26])
(50234, [22, 26, 44])
(50235, [14, 21, 26])
(50236, [26])
(50237, [26, 30, 43])
(50238, [26])
(50239, [26])
(50240, [26])
(50241, [22, 26])
(50242, [21, 26])
(50243, [26])
(50244, [26])
(50245, [26])
(50246, [26])
(50247, [26])
(50248, [26])
(50249, [5, 8, 12, 36])
(50250, [8, 23])
(50251, [8])
(50252, [8, 21])
(50253, [8])
(50254, [3, 8, 23])
(50255, [8, 38])
(50256, [8])
(50257, [8])
(50258, [8])
(50259, [8])
(50260, [2, 8])
(50261, [5, 8])
(50262, [8])
(50263, [8, 23])
(50264, [8])
(50265, [8])
(50266, [2, 8, 23, 44])
(50267, [8])
(50268, [3, 21])
(50269, [21])
(50270, [21])
(50271, [21, 31])
(50272, [21])
(50273, [21])
(50274, [21])
(50275, [21])
(50276, [21])
(50277, [21])
(50278, [21])
(50279, [15, 21, 39])
(50280, [21])
(50281, [21])
(50282, [21])
(50283, [21])
(50284, [21])
(50285, [21])
(50286, [21])
(50287, [21])
(50288, [21])
(50289, [21])
(50290, [21])
(50291, [21])
(50292, [21])
(50293, [21])
(50294, [21])
(50295, [21])
(50296, [21])
(50297, [21])
(50298, [21])
(50299, [21])
(50300, [3, 21])
(50301, [21])
(50302, [21])
(50303, [21])
(50304, [44])
(50305, [30, 44])
(50306, [44])
(50307, [44])
(50308, [44])
(50309, [44])
(50310, [2, 43, 44])
(50311, [2, 12, 44])
(50312, [44])
(50313, [44])
(50314, [2, 12, 14, 22, 36, 44])
(50315, [44])
(50316, [44])
(50317, [2, 44])
(50318, [23, 44])
(50319, [40, 44])
(50320, [2, 44])
(50321, [44])
(50322, [2, 44])
(50323, [44])
(50324, [43])
(50325, [43])
(50326, [30, 43])
(50327, [43])
(50328, [43])
(50329, [43])
(50330, [43])
(50331, [43])
(50332, [14, 36, 43])
(50333, [43])
(50334, [43])
(50335, [43])
(50336, [43])
(50337, [43])
(50338, [2, 43])
(50339, [15, 43])
(50340, [43])
(50341, [43])
(50342, [43])
(50343, [43])
(50344, [43])
(50345, [38])
(50346, [38])
(50347, [4, 38])
(50348, [38])
(50349, [23, 30, 36])
(50350, [36])
(50351, [36])
(50352, [36])
(50353, [36])
(50354, [14, 30, 36])
(50355, [36])
(50356, [12, 36])
(50357, [36])
(50358, [36])
(50359, [36])
(50360, [36])
(50361, [36])
(50362, [36])
(50363, [3, 15, 23, 36])
(50364, [36])
(50365, [36])
(50366, [36])
(50367, [36])
(50368, [36])
(50369, [36])
(50370, [23, 36])
(50371, [36])
(50372, [12, 31])
(50373, [31])
(50374, [31])
(50375, [31])
(50376, [31])
(50377, [31])
(50378, [31])
(50379, [12, 23, 31])
(50380, [31])
(50381, [31])
(50382, [31])
(50383, [31])
(50384, [31])
(50385, [31])
(50386, [31])
(50387, [31])
(50388, [31])
(50389, [31])
(50390, [31])
(50391, [31])
(50392, [31])
(50393, [30])
(50394, [4, 15, 30, 41])
(50395, [30])
(50396, [30])
(50397, [30])
(50398, [30])
(50399, [30])
(50400, [39])
(50401, [39])
(50402, [39])
(50403, [2, 39])
(50404, [39])
(50405, [41])
(50406, [41])
(50407, [41])
(50408, [41])
(50409, [41])
(50410, [41])
(50411, [2, 41])
(50412, [41])
(50413, [41])
(50414, [41])
(50415, [41])
(50416, [41])
(50417, [41])
(50418, [4, 24])
(50419, [24])
(50420, [24])
(50421, [24])
(50422, [24])
(50423, [24])
(50424, [23])
(50425, [23])
(50426, [23])
(50427, [3, 23])
(50428, [23])
(50429, [23])
(50430, [23])
(50431, [23])
(50432, [23])
(50433, [23])
(50434, [23])
(50435, [23])
(50436, [23])
(50437, [15, 23])
(50438, [23])
(50439, [23])
(50440, [23])
(50441, [23])
(50442, [23])
(50443, [23])
(50444, [23])
(50445, [23])
(50446, [23])
(50447, [23])
(50448, [23])
(50449, [23])
(50450, [23])
(50451, [23])
(50452, [23])
(50453, [23])
(50454, [23])
(50455, [23])
(50456, [23])
(50457, [23])
(50458, [23])
(50459, [23])
(50460, [12, 23])
(50461, [23])
(50462, [23])
(50463, [23])
(50464, [23])
(50465, [23])
(50466, [23])
(50467, [23])
(50468, [15, 23])
(50469, [23])
(50470, [23])
(50471, [23])
(50472, [4])
(50473, [4])
(50474, [4])
(50475, [4])
(50476, [4])
(50477, [4])
(50478, [4])
(50479, [4])
(50480, [4])
(50481, [4])
(50482, [4])
(50483, [4])
(50484, [4])
(50485, [4])
(50486, [4])
(50487, [4])
(50488, [4])
(50489, [4])
(50490, [4])
(50491, [4])
(50492, [15])
(50493, [15])
(50494, [15])
(50495, [2, 15])
(50496, [15])
(50497, [15])
(50498, [15])
(50499, [15])
(50500, [15])
(50501, [15])
(50502, [3, 15])
(50503, [3])
(50504, [3])
(50505, [3])
(50506, [3])
(50507, [3])
(50508, [3])
(50509, [3])
(50510, [3])
(50511, [3])
(50512, [3])
(50513, [3])
(50514, [3])
(50515, [3])
(50516, [3, 12])
(50517, [3])
(50518, [3])
(50519, [3])
(50520, [3])
(50521, [3])
(50522, [3, 12])
(50523, [3])
(50524, [3])
(50525, [3])
(50526, [3])
(50527, [3])
(50528, [3])
(50529, [3])
(50530, [3])
(50531, [3])
(50532, [12])
(50533, [12])
(50534, [12])
(50535, [12])
(50536, [12])
(50537, [12])
(50538, [12])
(50539, [12])
(50540, [12])
(50541, [12])
(50542, [12])
(50543, [12])
(50544, [12])
(50545, [12])
(50546, [12])
(50547, [12])
(50548, [12])
(50549, [12])
(50550, [12])
(50551, [12])
(50552, [12])
(50553, [12])
(50554, [12])
(50555, [12])
(50556, [12])
(50557, [12])
(50558, [12])
(50559, [12])
(50560, [12])
(50561, [12])
(50562, [12])
(50563, [12])
(50564, [12])
(50565, [12])
(50566, [12])
(50567, [12])
(50568, [12])
(50569, [12])
(50570, [12])
(50571, [12])
(50572, [12])
(50573, [12])
(50574, [12])
(50575, [12])
(50576, [12])
(50577, [12])
(50578, [12])
(50579, [12])
(50580, [12])
(50581, [12])
(50582, [12])
(50583, [12])
(50584, [12])
(50585, [12])
(50586, [12])
(50587, [12])
(50588, [12])
(50589, [12])
(50590, [12])
(50591, [12])
(50592, [12])
(50593, [12])
(50594, [12])
(50595, [12])
(50596, [12])
(50597, [12])
(50598, [12])
(50599, [12])
(50600, [12])
(50601, [12])
(50602, [40])
(50603, [40])
(50604, [40])
(50605, [40])
(50606, [40])
(50607, [2, 40])
(50608, [2, 40])
(50609, [40])
(50610, [2])
(50611, [2])
(50612, [2])
(50613, [2])
(50614, [2])
(50615, [2])
(50616, [2, 22])
(50617, [2])
(50618, [2])
(50619, [2])
(50620, [2])
(50621, [2])
(50622, [2])
(50623, [2])
(50624, [2])
(50625, [2])
(50626, [2])
(50627, [2])
(50628, [2])
(50629, [2])
(50630, [2])
(50631, [2])
(50632, [2])
(50633, [2])
(50634, [2])
(50635, [2])
(50636, [2])
(50637, [2])
(50638, [2])
(50639, [2])
(50640, [2])
(50641, [2])
(50642, [2])
(50643, [2])
(50644, [2])
(50645, [2])
(50646, [2])
(50647, [2])
(50648, [2])
(50649, [2])
(50650, [2])
(50651, [2])
(50652, [2])
(50653, [2])
(50654, [2])
(50655, [2])
(50656, [2])
(50657, [2])
(50658, [2])
(50659, [2])
(50660, [2])
(50661, [2])
(50662, [2])
(50663, [2])
(50664, [2])
(50665, [2])
(50666, [2])
(50667, [2])
(50668, [2])
(50669, [2])
(50670, [2])
(50671, [2])
(50672, [2])
(50673, [2])
(50674, [2])
(50675, [2])
(50676, [2])
(50677, [2])
(50678, [2])
(50679, [2])
(50680, [2])
(50681, [2])
(50682, [2])
(50683, [2])
(50684, [2])
(50685, [2])
(50686, [2])
(50687, [2])
(50688, [2])
(50689, [2])
(50690, [2])
(50691, [2])
(50692, [2])
(50693, [2])
(50694, [2])
(50695, [2])
(50696, [2])
(50697, [13])
(50698, [13])
(50699, [13])
(50700, [13])
(50701, [13])
(50702, [13])
(50703, [5])
(50704, [5])
(50705, [5])
(50706, [5])
(50707, [5])
(50708, [5])
(50709, [5])
(50710, [5])
(50711, [14])
(50712, [14])
(50713, [14])
(50714, [14])
(50715, [14])
(50716, [14])
(50717, [14])
(50718, [14])
(50719, [14])
(50720, [14])
(50721, [14])
(50722, [14])
(50723, [14])
(50724, [14])
(50725, [14])
(50726, [14])
(50727, [14])
(50728, [14])
(50729, [14])
(50730, [14])
(50731, [14])
(50732, [22])
(50733, [22])
(50734, [22])
(50735, [22])
(50736, [22])
(50737, [22])
(50738, [22])
