(26058, [0, 1, 2, 3, 4, 5, 6, 7, 8, 9, 10, 11, 12, 13, 14, 15, 16, 17, 18, 19, 20, 21, 22, 23, 24, 25, 26, 27, 28, 29, 30, 31, 32, 33, 34, 35, 36, 37, 38, 39, 40, 41, 42, 43, 44])
(26059, [0, 1, 2, 3, 4, 5, 6, 7, 8, 9, 10, 11, 12, 13, 14, 15, 16, 17, 18, 19, 20, 21, 22, 23, 24, 25, 26, 27, 28, 29, 30, 31, 32, 33, 34, 35, 36, 37, 38, 39, 40, 41, 42, 43, 44])
(26060, [0, 1, 2, 3, 4, 5, 6, 7, 8, 9, 10, 11, 12, 13, 14, 15, 16, 17, 18, 19, 20, 21, 22, 23, 24, 25, 26, 27, 28, 29, 30, 31, 32, 33, 34, 35, 36, 37, 38, 39, 40, 41, 42, 43, 44])
(26061, [0, 1, 2, 3, 4, 5, 6, 7, 8, 9, 10, 11, 12, 13, 14, 16, 19, 20, 21, 22, 23, 24, 25, 26, 27, 28, 30, 31, 32, 33, 34, 35, 36, 37, 38, 39, 40, 41, 42, 43, 44])
(26062, [0, 1, 2, 3, 4, 5, 6, 7, 8, 9, 10, 11, 12, 13, 14, 15, 16, 17, 18, 19, 20, 21, 22, 23, 24, 26, 27, 28, 30, 31, 32, 33, 34, 35, 36, 37, 39, 40, 41, 42, 43, 44])
(26063, [0, 1, 2, 3, 4, 5, 6, 7, 8, 9, 10, 11, 12, 13, 14, 15, 16, 17, 18, 19, 20, 21, 22, 23, 24, 25, 26, 27, 28, 29, 30, 31, 32, 33, 34, 35, 36, 37, 38, 39, 40, 41, 42, 43, 44])
(26064, [0, 1, 2, 3, 4, 5, 6, 7, 8, 9, 10, 11, 12, 13, 14, 15, 16, 17, 18, 19, 20, 21, 22, 23, 24, 25, 26, 27, 28, 29, 30, 31, 32, 33, 34, 35, 36, 37, 38, 39, 40, 41, 42, 43, 44])
(26065, [0, 1, 2, 3, 4, 5, 6, 7, 8, 9, 10, 11, 12, 13, 14, 15, 16, 17, 18, 19, 20, 21, 22, 23, 24, 25, 26, 27, 28, 29, 30, 31, 32, 33, 34, 35, 36, 37, 38, 39, 40, 41, 42, 43, 44])
(26066, [0, 1, 2, 3, 4, 5, 6, 7, 8, 9, 10, 11, 12, 13, 14, 15, 16, 17, 18, 19, 20, 21, 22, 23, 24, 25, 26, 27, 28, 29, 30, 31, 32, 33, 34, 35, 36, 37, 38, 39, 40, 41, 42, 43, 44])
(26067, [0, 1, 2, 3, 4, 5, 6, 7, 8, 9, 10, 11, 12, 13, 14, 15, 16, 17, 18, 19, 20, 21, 22, 23, 24, 25, 26, 27, 28, 29, 30, 31, 32, 33, 34, 35, 36, 37, 38, 39, 40, 41, 42, 43, 44])
(26068, [1, 2, 3, 4, 18, 19, 21, 23, 31, 32, 35, 36, 43, 44])
(26069, [32])
(26070, [0, 1, 2, 3, 4, 5, 6, 7, 8, 9, 10, 11, 12, 13, 14, 15, 16, 17, 18, 19, 20, 21, 22, 23, 24, 25, 26, 27, 28, 29, 30, 31, 32, 33, 34, 35, 36, 37, 38, 39, 40, 41, 42, 43, 44])
(26071, [0, 1, 2, 3, 4, 5, 6, 7, 8, 9, 11, 12, 15, 16, 17, 18, 19, 21, 22, 23, 29, 30, 31, 32, 33, 34, 37, 38, 39, 40, 41, 44])
(26072, [1, 2, 4, 6, 7, 15, 17, 18, 19, 30, 31, 32, 33, 34, 44])
(26073, [0, 1, 2, 3, 4, 5, 6, 7, 8, 9, 10, 11, 12, 13, 14, 15, 16, 17, 18, 19, 20, 21, 22, 23, 24, 25, 26, 27, 28, 29, 30, 31, 32, 33, 34, 35, 36, 37, 38, 39, 40, 41, 42, 43, 44])
(26074, [16, 30, 31, 32, 33, 34, 43])
(26075, [0, 1, 2, 3, 4, 7, 10, 11, 13, 14, 15, 17, 19, 23, 24, 30, 31, 32, 33, 34, 35, 40, 44])
(26076, [0, 1, 2, 3, 4, 5, 6, 7, 8, 9, 10, 11, 12, 13, 14, 15, 16, 17, 18, 19, 21, 22, 23, 24, 25, 26, 27, 28, 30, 31, 32, 33, 34, 35, 36, 38, 39, 40, 41, 42, 43, 44])
(26077, [0, 1, 2, 3, 4, 5, 6, 7, 8, 9, 10, 11, 12, 13, 14, 15, 16, 17, 18, 19, 20, 21, 22, 23, 24, 25, 26, 27, 28, 30, 31, 32, 33, 34, 35, 36, 37, 38, 39, 40, 41, 42, 43, 44])
(26078, [1, 2, 4, 6, 7, 9, 11, 12, 14, 15, 16, 17, 19, 20, 23, 24, 26, 27, 30, 32, 33, 34, 36, 38, 39, 40, 41, 43, 44])
(26079, [0, 1, 2, 3, 4, 5, 6, 7, 8, 11, 12, 15, 17, 18, 19, 20, 21, 23, 25, 30, 31, 32, 33, 34, 35, 37, 39, 40, 42, 43, 44])
(26080, [0, 1, 2, 3, 4, 5, 6, 7, 8, 9, 10, 11, 12, 13, 14, 15, 16, 17, 18, 19, 20, 21, 22, 23, 24, 25, 26, 27, 28, 29, 30, 31, 32, 33, 34, 35, 36, 37, 38, 39, 40, 41, 42, 43, 44])
(26081, [1, 3, 11, 30, 31, 32, 34])
(26082, [0, 1, 2, 3, 4, 6, 7, 8, 9, 11, 12, 15, 16, 17, 18, 19, 20, 21, 22, 23, 24, 26, 30, 31, 32, 33, 34, 35, 39, 40, 41, 42, 43, 44])
(26083, [1, 2, 3, 4, 5, 6, 7, 8, 9, 11, 12, 14, 15, 16, 17, 18, 19, 20, 21, 22, 23, 24, 26, 27, 28, 30, 31, 32, 33, 34, 35, 36, 37, 39, 40, 41, 42, 44])
(26084, [0, 1, 2, 3, 4, 5, 6, 9, 12, 15, 18, 23, 24, 26, 28, 30, 32, 38, 40, 41])
(26085, [4, 11, 15, 19, 24, 32, 42])
(26086, [0, 1, 2, 3, 5, 7, 8, 9, 10, 11, 12, 14, 15, 16, 18, 19, 20, 21, 23, 24, 26, 27, 28, 30, 31, 32, 35, 37, 38, 40, 41, 42, 43, 44])
(26087, [1, 2, 3, 4, 5, 7, 8, 11, 12, 14, 15, 16, 17, 18, 19, 26, 31, 32, 35, 44])
(26088, [12, 17, 23, 32, 33, 36, 44])
(26089, [0, 1, 2, 3, 4, 5, 6, 8, 9, 11, 12, 13, 15, 16, 17, 18, 19, 20, 21, 22, 23, 24, 26, 27, 29, 30, 31, 32, 33, 34, 35, 37, 40, 41, 42, 43, 44])
(26090, [0, 2, 4, 6, 9, 11, 12, 13, 14, 17, 19, 20, 24, 26, 30, 31, 32, 44])
(26091, [0, 1, 2, 3, 4, 6, 7, 9, 10, 11, 12, 13, 14, 15, 16, 17, 18, 19, 20, 21, 22, 23, 24, 25, 26, 27, 28, 29, 30, 31, 32, 33, 34, 35, 36, 37, 38, 39, 40, 41, 42, 43, 44])
(26092, [32, 41, 44])
(26093, [3, 8, 11, 15, 18, 20, 22, 30, 31, 32, 33, 34])
(26094, [32])
(26095, [0, 1, 2, 3, 4, 6, 9, 14, 15, 17, 23, 24, 26, 32, 40, 43])
(26096, [0, 2, 9, 11, 12, 17, 20, 31, 32, 34])
(26097, [1, 4, 18, 32, 43])
(26098, [1, 2, 8, 12, 15, 19, 30, 32, 36, 43])
(26099, [4, 9, 14, 23, 31, 32, 33])
(26100, [32])
(26101, [19, 32])
(26102, [1, 2, 3, 4, 5, 6, 7, 8, 9, 11, 12, 13, 14, 15, 16, 17, 18, 19, 21, 23, 24, 25, 26, 27, 30, 31, 32, 33, 34, 35, 36, 40, 41, 42, 43, 44])
(26103, [0, 2, 3, 4, 6, 9, 11, 12, 13, 14, 15, 16, 17, 18, 19, 20, 23, 24, 26, 27, 28, 30, 31, 32, 33, 34, 36, 40, 41, 42, 43, 44])
(26104, [1, 2, 3, 5, 6, 8, 9, 10, 11, 18, 21, 22, 23, 24, 29, 30, 31, 32, 33, 34, 35, 36, 38, 39, 41, 43, 44])
(26105, [1, 2, 3, 8, 9, 18, 19, 21, 23, 24, 28, 31, 32, 37, 42])
(26106, [9, 13, 26, 30, 32])
(26107, [10, 11, 15, 16, 21, 32, 44])
(26108, [0, 1, 2, 3, 4, 7, 9, 17, 19, 21, 26, 31, 32, 44])
(26109, [0, 1, 2, 3, 4, 5, 6, 8, 9, 10, 11, 12, 15, 16, 18, 19, 21, 22, 23, 24, 26, 27, 29, 30, 31, 32, 33, 34, 35, 37, 42, 43, 44])
(26110, [1, 2, 3, 4, 5, 6, 7, 8, 9, 11, 12, 13, 14, 15, 16, 17, 18, 19, 21, 22, 23, 24, 26, 30, 32, 33, 34, 35, 38, 40, 42, 43, 44])
(26111, [4, 32, 43])
(26112, [0, 1, 2, 3, 4, 5, 6, 8, 9, 10, 11, 13, 15, 16, 17, 19, 23, 24, 26, 28, 30, 31, 32, 33, 37, 38, 40, 41, 43, 44])
(26113, [0, 1, 2, 3, 4, 5, 6, 7, 8, 9, 11, 12, 13, 14, 15, 16, 17, 18, 19, 20, 21, 22, 23, 24, 26, 28, 29, 30, 31, 32, 33, 34, 35, 36, 39, 40, 41, 42, 43, 44])
(26114, [0, 1, 2, 3, 4, 6, 7, 9, 11, 12, 15, 16, 17, 18, 19, 21, 23, 24, 25, 26, 30, 31, 32, 33, 34, 36, 40, 41, 43, 44])
(26115, [32])
(26116, [2, 11, 15, 21, 22, 23, 32, 40, 41])
(26117, [0, 1, 2, 3, 4, 6, 7, 11, 17, 18, 20, 24, 30, 31, 32, 33, 34, 35, 40, 41, 44])
(26118, [2, 18, 32, 33, 34, 36, 44])
(26119, [0, 1, 2, 3, 4, 9, 11, 12, 13, 14, 15, 19, 21, 24, 26, 27, 31, 32, 34, 37, 41, 44])
(26120, [0, 2, 3, 4, 6, 7, 11, 12, 13, 14, 15, 17, 18, 20, 23, 28, 30, 32, 33, 34, 41, 43])
(26121, [1, 2, 3, 15, 17, 18, 19, 22, 29, 30, 31, 32, 33, 34, 36, 38, 40, 41, 43])
(26122, [0, 2, 6, 7, 11, 14, 15, 20, 30, 31, 32, 33, 41])
(26123, [0, 1, 2, 3, 6, 7, 9, 10, 12, 13, 15, 16, 18, 19, 20, 21, 22, 23, 26, 29, 30, 31, 32, 33, 34, 35, 36, 37, 39, 40, 41, 43, 44])
(26124, [4, 14, 32])
(26125, [0, 1, 2, 9, 11, 14, 18, 22, 23, 31, 32, 33, 43])
(26126, [0, 2, 3, 6, 9, 11, 14, 15, 18, 19, 24, 26, 29, 30, 31, 32, 33, 40, 41, 42, 43])
(26127, [0, 1, 2, 3, 4, 9, 11, 12, 13, 14, 15, 16, 17, 18, 19, 20, 23, 24, 27, 30, 31, 32, 33, 34, 35, 41, 43, 44])
(26128, [1, 2, 3, 4, 9, 10, 11, 15, 16, 19, 24, 26, 28, 29, 31, 32, 34, 40, 41, 43, 44])
(26129, [0, 1, 2, 3, 4, 5, 6, 7, 8, 9, 10, 11, 12, 13, 14, 15, 16, 18, 19, 20, 21, 22, 23, 24, 25, 26, 27, 28, 29, 30, 31, 32, 33, 34, 35, 36, 37, 38, 39, 40, 41, 42, 43, 44])
(26130, [32, 39])
(26131, [0, 1, 2, 3, 4, 7, 8, 9, 10, 11, 12, 15, 16, 19, 20, 21, 22, 23, 30, 31, 32, 33, 34, 35, 37, 39, 43, 44])
(26132, [32])
(26133, [0, 1, 2, 3, 4, 6, 8, 9, 11, 12, 14, 15, 16, 17, 18, 19, 20, 21, 22, 23, 24, 26, 27, 29, 30, 32, 33, 34, 35, 36, 39, 40, 41, 42, 43, 44])
(26134, [0, 2, 4, 6, 14, 15, 19, 32, 40])
(26135, [0, 1, 2, 3, 4, 5, 6, 7, 8, 9, 10, 11, 12, 13, 14, 15, 16, 17, 18, 19, 20, 21, 22, 23, 24, 26, 30, 31, 32, 33, 34, 35, 36, 37, 38, 40, 41, 42, 43, 44])
(26136, [0, 1, 2, 3, 4, 6, 9, 10, 12, 15, 16, 18, 20, 21, 22, 23, 24, 30, 31, 32, 33, 41, 43])
(26137, [32])
(26138, [1, 3, 18, 30, 31, 32, 34, 44])
(26139, [32])
(26140, [0, 9, 11, 23, 32, 43])
(26141, [18, 28, 32])
(26142, [2, 15, 24, 32, 40])
(26143, [1, 2, 3, 6, 7, 8, 9, 11, 15, 17, 19, 20, 21, 22, 23, 24, 26, 28, 31, 32, 34, 35, 39, 43])
(26144, [0, 1, 2, 3, 4, 6, 8, 9, 11, 12, 13, 14, 15, 16, 17, 18, 19, 22, 23, 24, 26, 29, 30, 31, 32, 34, 35, 37, 40, 41, 43, 44])
(26145, [0, 1, 2, 3, 4, 6, 8, 9, 10, 11, 12, 14, 15, 17, 18, 19, 21, 22, 23, 24, 26, 27, 28, 30, 31, 32, 33, 34, 38, 39, 40, 41, 44])
(26146, [0, 1, 2, 3, 4, 8, 9, 11, 12, 13, 14, 15, 16, 17, 18, 19, 20, 21, 23, 24, 26, 30, 32, 34, 39, 41, 42, 44])
(26147, [1, 3, 8, 11, 12, 18, 31, 32, 33])
(26148, [6, 18, 30, 31, 32, 33, 34])
(26149, [0, 2, 11, 17, 18, 31, 32, 34])
(26150, [1, 4, 11, 15, 31, 32, 33, 40])
(26151, [32])
(26152, [32])
(26153, [1, 7, 15, 32, 42])
(26154, [32])
(26155, [1, 3, 8, 9, 12, 15, 18, 23, 30, 31, 32, 33, 34, 40, 43, 44])
(26156, [2, 4, 9, 12, 15, 16, 19, 23, 24, 30, 32, 41, 44])
(26157, [3, 5, 11, 15, 19, 26, 32, 34, 41])
(26158, [1, 2, 3, 8, 13, 18, 23, 31, 32, 43])
(26159, [31, 32])
(26160, [0, 2, 9, 18, 28, 31, 32, 34])
(26161, [0, 1, 2, 3, 9, 12, 16, 17, 25, 30, 31, 32, 33, 34, 43])
(26162, [31, 32, 44])
(26163, [0, 2, 3, 4, 6, 9, 11, 13, 14, 15, 24, 30, 31, 32, 33, 34, 36, 40, 41, 43])
(26164, [32])
(26165, [3, 4, 19, 26, 32])
(26166, [9, 18, 31, 32])
(26167, [32])
(26168, [2, 6, 32])
(26169, [22, 32, 44])
(26170, [0, 2, 7, 11, 12, 14, 15, 17, 24, 26, 32, 33, 34, 35, 42, 44])
(26171, [32])
(26172, [4, 28, 31, 32, 33])
(26173, [0, 1, 2, 3, 11, 12, 14, 15, 17, 18, 19, 21, 23, 26, 27, 30, 31, 32, 33, 34, 36, 44])
(26174, [0, 3, 5, 8, 9, 10, 11, 12, 18, 19, 31, 32, 33, 35, 37])
(26175, [9, 18, 20, 28, 30, 32, 41, 43])
(26176, [32])
(26177, [0, 1, 2, 3, 4, 12, 15, 17, 30, 32, 33, 42, 43, 44])
(26178, [1, 3, 11, 24, 31, 32, 33])
(26179, [32, 41])
(26180, [3, 19, 32, 33])
(26181, [1, 3, 11, 12, 13, 32, 33])
(26182, [2, 9, 12, 15, 16, 30, 32, 41])
(26183, [1, 2, 3, 4, 6, 9, 11, 12, 15, 16, 17, 24, 30, 32, 33, 34, 41, 44])
(26184, [0, 1, 2, 3, 4, 5, 6, 7, 8, 9, 10, 11, 12, 13, 14, 15, 16, 18, 19, 20, 21, 22, 23, 24, 25, 26, 27, 28, 29, 30, 31, 33, 34, 35, 36, 37, 38, 39, 40, 41, 42, 43, 44])
(26185, [1, 2, 3, 4, 5, 6, 8, 9, 11, 12, 14, 15, 16, 18, 19, 21, 22, 23, 24, 29, 30, 33, 34, 35, 38, 39, 41, 42, 43, 44])
(26186, [1, 3, 5, 6, 8, 11, 12, 15, 17, 18, 21, 23, 30, 31, 34, 35, 37, 44])
(26187, [3, 4, 12, 19, 21, 22, 34, 35, 38])
(26188, [11, 18, 30, 34, 35])
(26189, [2, 35])
(26190, [0, 1, 3, 4, 6, 8, 11, 12, 15, 17, 18, 19, 21, 23, 31, 35, 36, 39])
(26191, [1, 2, 5, 8, 9, 21, 31, 34, 35, 37, 43])
(26192, [35])
(26193, [2, 23, 35, 36, 37])
(26194, [35])
(26195, [35])
(26196, [3, 6, 15, 23, 35, 39])
(26197, [5, 15, 35, 43])
(26198, [2, 9, 12, 15, 18, 19, 23, 26, 27, 28, 31, 33, 34, 35, 41, 43])
(26199, [35])
(26200, [0, 2, 4, 6, 9, 11, 12, 15, 26, 28, 35, 43])
(26201, [0, 2, 4, 6, 7, 9, 11, 12, 14, 15, 16, 17, 18, 19, 20, 23, 24, 25, 26, 31, 33, 35, 36, 39, 40, 41, 43, 44])
(26202, [35])
(26203, [35, 37])
(26204, [1, 2, 3, 4, 5, 6, 8, 9, 11, 13, 14, 15, 17, 18, 19, 22, 23, 26, 29, 30, 31, 33, 35, 37, 39, 43, 44])
(26205, [35])
(26206, [35])
(26207, [0, 1, 2, 3, 7, 11, 12, 13, 14, 16, 17, 18, 20, 23, 24, 26, 29, 31, 34, 35, 41, 42, 43])
(26208, [5, 8, 12, 15, 16, 18, 21, 23, 27, 35, 43])
(26209, [1, 2, 3, 4, 6, 7, 11, 12, 13, 14, 19, 20, 21, 23, 28, 35, 41, 43, 44])
(26210, [1, 2, 9, 15, 16, 19, 34, 35, 41, 43])
(26211, [0, 2, 7, 12, 18, 20, 24, 26, 31, 35])
(26212, [1, 2, 3, 4, 11, 13, 15, 19, 21, 24, 26, 34, 35, 42, 44])
(26213, [35])
(26214, [20, 35])
(26215, [35])
(26216, [0, 1, 3, 5, 9, 11, 16, 17, 19, 21, 22, 23, 30, 31, 33, 35, 42])
(26217, [35])
(26218, [35])
(26219, [1, 2, 9, 17, 19, 21, 22, 35])
(26220, [8, 18, 23, 35])
(26221, [35])
(26222, [35])
(26223, [35])
(26224, [3, 9, 18, 21, 22, 30, 35])
(26225, [1, 2, 3, 6, 10, 16, 18, 21, 22, 26, 31, 35, 43, 44])
(26226, [35])
(26227, [35])
(26228, [35])
(26229, [35])
(26230, [4, 6, 11, 15, 17, 18, 20, 23, 35, 41])
(26231, [3, 18, 23, 35])
(26232, [1, 12, 15, 28, 35])
(26233, [34])
(26234, [1, 2, 3, 4, 6, 9, 11, 13, 14, 15, 17, 19, 24, 26, 31, 34, 39, 40, 41, 43, 44])
(26235, [1, 7, 12, 18, 19, 21, 22, 34, 41])
(26236, [2, 8, 9, 16, 19, 21, 23, 26, 31, 33, 34, 41, 43, 44])
(26237, [34])
(26238, [9, 23, 31, 34])
(26239, [34])
(26240, [19, 34])
(26241, [34])
(26242, [1, 3, 4, 7, 13, 34])
(26243, [0, 34])
(26244, [12, 21, 34])
(26245, [18, 19, 21, 34])
(26246, [34])
(26247, [34])
(26248, [12, 34, 36])
(26249, [1, 2, 3, 4, 11, 14, 15, 26, 33, 34, 44])
(26250, [31, 33, 34, 43])
(26251, [3, 23, 34])
(26252, [34])
(26253, [33, 34])
(26254, [34])
(26255, [1, 3, 19, 31, 33, 34, 44])
(26256, [15, 23, 31, 34, 40])
(26257, [1, 3, 7, 9, 12, 16, 19, 20, 34])
(26258, [1, 2, 3, 4, 7, 9, 10, 11, 13, 14, 15, 16, 19, 24, 26, 30, 31, 33, 34, 40, 41, 44])
(26259, [0, 2, 4, 9, 10, 12, 13, 14, 15, 17, 18, 20, 22, 23, 26, 28, 34, 36, 41, 42, 43])
(26260, [3, 9, 10, 12, 13, 15, 18, 26, 28, 34, 36, 41])
(26261, [34])
(26262, [34])
(26263, [3, 8, 9, 19, 21, 31, 34])
(26264, [2, 11, 12, 17, 24, 31, 34, 43])
(26265, [34])
(26266, [0, 1, 2, 9, 11, 20, 34, 42, 44])
(26267, [1, 3, 7, 10, 11, 12, 17, 20, 30, 31, 33, 34, 38])
(26268, [3, 12, 34])
(26269, [11, 12, 16, 18, 20, 21, 34])
(26270, [11, 17, 19, 20, 30, 33, 34])
(26271, [0, 2, 7, 19, 20, 33, 34])
(26272, [2, 9, 34, 44])
(26273, [34])
(26274, [0, 12, 23, 34])
(26275, [34])
(26276, [0, 31, 34])
(26277, [0, 1, 2, 3, 9, 11, 12, 14, 16, 17, 18, 19, 22, 23, 24, 28, 30, 31, 34, 40, 41, 42, 44])
(26278, [0, 1, 2, 3, 11, 12, 19, 34])
(26279, [34])
(26280, [0, 3, 9, 10, 12, 16, 28, 34])
(26281, [0, 2, 3, 4, 6, 8, 11, 14, 15, 19, 24, 26, 28, 31, 34, 39, 41, 43])
(26282, [0, 1, 2, 3, 5, 6, 8, 9, 10, 12, 13, 15, 16, 18, 20, 21, 22, 34, 43])
(26283, [34])
(26284, [0, 3, 9, 12, 14, 15, 16, 18, 21, 23, 30, 31, 34, 37, 38, 44])
(26285, [34])
(26286, [33])
(26287, [19, 33])
(26288, [33])
(26289, [33])
(26290, [7, 19, 33])
(26291, [0, 1, 3, 31, 33])
(26292, [1, 2, 3, 12, 13, 14, 15, 16, 33])
(26293, [14, 33, 41])
(26294, [2, 33])
(26295, [33])
(26296, [1, 2, 4, 6, 9, 26, 31, 33, 40, 41, 44])
(26297, [1, 2, 3, 7, 17, 19, 30, 31, 33, 38, 39, 43, 44])
(26298, [12, 33])
(26299, [0, 12, 33, 41])
(26300, [2, 8, 9, 12, 18, 24, 26, 30, 31, 33, 41])
(26301, [6, 8, 9, 12, 15, 26, 28, 30, 33, 41])
(26302, [1, 12, 31, 33, 41, 43])
(26303, [1, 9, 19, 21, 22, 26, 30, 33, 41, 44])
(26304, [1, 2, 3, 33])
(26305, [3, 18, 33])
(26306, [0, 3, 7, 11, 18, 19, 33, 37, 43, 44])
(26307, [2, 14, 17, 19, 33])
(26308, [1, 3, 9, 18, 20, 23, 33])
(26309, [0, 1, 2, 3, 4, 7, 11, 12, 17, 18, 19, 21, 22, 24, 29, 30, 33, 39])
(26310, [31, 33])
(26311, [1, 3, 4, 12, 17, 18, 21, 33, 40, 41, 42, 44])
(26312, [0, 1, 2, 3, 4, 6, 7, 9, 10, 11, 12, 17, 20, 22, 30, 31, 33, 43])
(26313, [17, 26, 33])
(26314, [13, 33])
(26315, [33])
(26316, [33])
(26317, [2, 19, 33, 39, 44])
(26318, [3, 33])
(26319, [2, 3, 5, 6, 9, 12, 15, 18, 19, 21, 23, 25, 26, 31, 33, 37, 42])
(26320, [0, 9, 11, 18, 31, 33, 40])
(26321, [0, 2, 12, 22, 27, 33, 43])
(26322, [0, 1, 2, 7, 12, 15, 16, 17, 19, 20, 26, 33])
(26323, [1, 3, 15, 26, 33])
(26324, [3, 33])
(26325, [0, 1, 6, 9, 10, 11, 12, 13, 14, 15, 17, 19, 24, 33, 41, 43, 44])
(26326, [33])
(26327, [33])
(26328, [33, 44])
(26329, [0, 2, 24, 33, 36, 41, 43])
(26330, [2, 3, 6, 7, 9, 20, 23, 31, 33, 40])
(26331, [33])
(26332, [9, 12, 26, 33, 37, 43])
(26333, [0, 1, 3, 4, 9, 11, 18, 21, 23, 31, 33, 41])
(26334, [1, 2, 9, 11, 15, 17, 24, 31, 33, 43])
(26335, [33, 41])
(26336, [2, 3, 9, 12, 13, 14, 15, 21, 23, 33, 44])
(26337, [1, 3, 5, 8, 9, 18, 19, 20, 24, 30, 33])
(26338, [1, 3, 7, 9, 18, 19, 20, 29, 33, 42])
(26339, [20])
(26340, [3, 20, 21])
(26341, [20])
(26342, [19, 20])
(26343, [1, 2, 3, 4, 6, 7, 9, 11, 15, 16, 17, 18, 19, 20, 21, 27, 39, 40, 41, 42, 44])
(26344, [2, 3, 6, 13, 15, 18, 20, 26, 41])
(26345, [20])
(26346, [20])
(26347, [2, 14, 20])
(26348, [0, 20, 21])
(26349, [20])
(26350, [16, 20])
(26351, [1, 20, 23])
(26352, [20])
(26353, [20])
(26354, [0, 1, 2, 3, 4, 6, 11, 12, 13, 15, 16, 18, 19, 20, 23, 26, 28, 30, 41, 42, 43, 44])
(26355, [0, 20])
(26356, [1, 20])
(26357, [1, 2, 3, 11, 14, 20, 21, 23, 44])
(26358, [2, 19, 20, 24, 41])
(26359, [1, 3, 6, 11, 17, 18, 19, 20, 26, 31, 43])
(26360, [18, 20])
(26361, [20])
(26362, [0, 8, 10, 15, 17, 19, 20, 26])
(26363, [20])
(26364, [20])
(26365, [20])
(26366, [20])
(26367, [0, 1, 3, 7, 10, 20, 26, 42])
(26368, [0, 3, 4, 6, 9, 18, 19, 20, 24, 26, 28, 30, 37, 41, 42])
(26369, [20, 23])
(26370, [20])
(26371, [1, 20, 30])
(26372, [20])
(26373, [2, 8, 15, 17, 18, 19, 22, 24, 41, 44])
(26374, [18])
(26375, [18])
(26376, [18])
(26377, [4, 14, 18, 19, 21, 22, 44])
(26378, [18, 19])
(26379, [11, 12, 17, 18, 21, 23, 29, 40])
(26380, [0, 18])
(26381, [0, 6, 9, 17, 18, 26])
(26382, [8, 15, 18, 23])
(26383, [18])
(26384, [18])
(26385, [18])
(26386, [18])
(26387, [3, 18])
(26388, [18])
(26389, [2, 18])
(26390, [0, 1, 2, 3, 4, 6, 9, 11, 12, 14, 16, 17, 18, 19, 24, 26, 38, 41, 43, 44])
(26391, [1, 2, 3, 16, 18, 21, 23, 26, 43, 44])
(26392, [18])
(26393, [18])
(26394, [18, 19, 29])
(26395, [18])
(26396, [18, 23, 37])
(26397, [18])
(26398, [18])
(26399, [18])
(26400, [18, 23])
(26401, [18])
(26402, [18, 26])
(26403, [3, 6, 15, 18, 24])
(26404, [1, 15, 18, 38])
(26405, [18, 30])
(26406, [18, 29])
(26407, [0, 9, 10, 18])
(26408, [18])
(26409, [2, 6, 9, 18, 23])
(26410, [1, 18])
(26411, [2, 11, 13, 16, 18, 19, 24, 26, 27, 44])
(26412, [0, 1, 3, 12, 18])
(26413, [18])
(26414, [0, 1, 3, 8, 18, 19])
(26415, [18, 23])
(26416, [18])
(26417, [1, 3, 18, 19, 23])
(26418, [18])
(26419, [0, 18, 19])
(26420, [3, 5, 14, 15, 18, 21, 22, 31])
(26421, [4, 18, 26, 31])
(26422, [18])
(26423, [18])
(26424, [18])
(26425, [18])
(26426, [18])
(26427, [18])
(26428, [18])
(26429, [18, 21])
(26430, [18, 43])
(26431, [1, 3, 18])
(26432, [18])
(26433, [18])
(26434, [18])
(26435, [1, 2, 3, 4, 7, 9, 11, 16, 17, 18, 19, 21, 23, 24, 26, 30, 31, 43])
(26436, [18])
(26437, [12, 18, 41])
(26438, [18])
(26439, [2, 4, 6, 7, 12, 18, 23, 24, 44])
(26440, [18])
(26441, [18])
(26442, [18])
(26443, [18])
(26444, [3, 8, 14, 18, 23])
(26445, [18])
(26446, [18])
(26447, [18])
(26448, [18])
(26449, [18])
(26450, [18])
(26451, [0, 12, 18])
(26452, [18])
(26453, [18])
(26454, [18])
(26455, [4, 18, 28])
(26456, [15, 16, 18, 44])
(26457, [18])
(26458, [18])
(26459, [18])
(26460, [0, 2, 18])
(26461, [18])
(26462, [18])
(26463, [18])
(26464, [18])
(26465, [18])
(26466, [1, 2, 6, 14, 15, 18, 19, 25])
(26467, [15, 18, 26])
(26468, [1, 3, 11, 12, 18, 21, 23, 41])
(26469, [9, 14, 18, 23, 43])
(26470, [18])
(26471, [18])
(26472, [18])
(26473, [18])
(26474, [18, 23])
(26475, [18])
(26476, [18])
(26477, [18])
(26478, [18])
(26479, [2, 4, 15, 21, 22, 27])
(26480, [19, 27])
(26481, [27])
(26482, [27])
(26483, [27])
(26484, [27])
(26485, [27])
(26486, [27, 41])
(26487, [27])
(26488, [27])
(26489, [2, 4, 9, 16, 23, 26, 41])
(26490, [9])
(26491, [5, 8, 9, 12, 19, 23, 24, 29, 44])
(26492, [9])
(26493, [9])
(26494, [0, 1, 6, 8, 9, 15, 19, 23, 43])
(26495, [9])
(26496, [1, 9, 31, 36, 41])
(26497, [9])
(26498, [2, 9, 26])
(26499, [9])
(26500, [0, 1, 2, 3, 9, 12, 13, 15, 16, 21, 23, 28, 31, 41, 42])
(26501, [2, 5, 9, 16])
(26502, [5, 6, 8, 9, 15, 23])
(26503, [9])
(26504, [3, 6, 9, 11, 15, 17, 19])
(26505, [0, 9])
(26506, [1, 3, 9, 12, 19, 24, 30, 31, 44])
(26507, [0, 1, 9, 11, 12, 16, 21, 22, 41])
(26508, [9])
(26509, [9])
(26510, [9])
(26511, [9])
(26512, [9])
(26513, [0, 2, 9, 17])
(26514, [9, 11, 12])
(26515, [9])
(26516, [3, 5, 9, 11, 16, 23, 42, 43])
(26517, [2, 9, 12, 17, 19, 28, 30])
(26518, [9])
(26519, [9])
(26520, [9])
(26521, [7, 9, 16, 17, 22, 23, 44])
(26522, [0, 6, 9, 12, 17, 41, 43])
(26523, [9])
(26524, [0, 2, 9, 10, 11, 12, 30, 31])
(26525, [9])
(26526, [9])
(26527, [9])
(26528, [9, 26])
(26529, [1, 5, 6, 9, 23])
(26530, [2, 9, 14, 26])
(26531, [1, 9, 12, 44])
(26532, [2, 9])
(26533, [4, 9, 15])
(26534, [0, 2, 9, 12])
(26535, [9, 22, 37])
(26536, [9])
(26537, [9])
(26538, [0, 9, 11, 12, 23, 43])
(26539, [9])
(26540, [1, 3, 9, 11, 12, 15, 24, 41])
(26541, [2, 9, 11, 14, 17, 26])
(26542, [9])
(26543, [9])
(26544, [9])
(26545, [6, 9, 15, 17, 24, 41])
(26546, [2, 9, 11, 14, 17, 24, 31])
(26547, [9])
(26548, [0])
(26549, [0, 3])
(26550, [0])
(26551, [0])
(26552, [0])
(26553, [0])
(26554, [0])
(26555, [0, 2, 12])
(26556, [0])
(26557, [0])
(26558, [0])
(26559, [0])
(26560, [0])
(26561, [0])
(26562, [0])
(26563, [0])
(26564, [0])
(26565, [0])
(26566, [0])
(26567, [0])
(26568, [0])
(26569, [0])
(26570, [0])
(26571, [0])
(26572, [0])
(26573, [0])
(26574, [0, 28])
(26575, [0, 1, 19])
(26576, [0])
(26577, [0])
(26578, [0])
(26579, [0])
(26580, [0])
(26581, [0])
(26582, [0])
(26583, [0])
(26584, [0])
(26585, [0, 3, 7, 12])
(26586, [0])
(26587, [0])
(26588, [0])
(26589, [0])
(26590, [0])
(26591, [0])
(26592, [0])
(26593, [0])
(26594, [0])
(26595, [0])
(26596, [0])
(26597, [0])
(26598, [0])
(26599, [0])
(26600, [0])
(26601, [0])
(26602, [0])
(26603, [0])
(26604, [0])
(26605, [0])
(26606, [0])
(26607, [0])
(26608, [0])
(26609, [0])
(26610, [0, 1, 2, 38])
(26611, [0])
(26612, [0])
(26613, [0])
(26614, [0])
(26615, [0])
(26616, [0])
(26617, [0])
(26618, [0])
(26619, [0])
(26620, [0])
(26621, [0])
(26622, [0, 22])
(26623, [0, 6, 12])
(26624, [0])
(26625, [0])
(26626, [0])
(26627, [0])
(26628, [0])
(26629, [0])
(26630, [0])
(26631, [0])
(26632, [0, 3])
(26633, [0])
(26634, [0])
(26635, [0])
(26636, [0, 1, 2, 3, 4, 12, 19, 26, 37])
(26637, [0])
(26638, [0])
(26639, [0])
(26640, [0])
(26641, [0])
(26642, [0])
(26643, [0, 11])
(26644, [0])
(26645, [0])
(26646, [0])
(26647, [0])
(26648, [0])
(26649, [0, 16])
(26650, [0])
(26651, [0])
(26652, [0])
(26653, [0])
(26654, [0])
(26655, [0])
(26656, [0])
(26657, [0])
(26658, [0])
(26659, [0])
(26660, [0])
(26661, [0])
(26662, [0])
(26663, [0])
(26664, [0])
(26665, [0])
(26666, [0])
(26667, [0])
(26668, [0])
(26669, [0])
(26670, [0])
(26671, [0])
(26672, [0, 1, 3, 12])
(26673, [0])
(26674, [0])
(26675, [0])
(26676, [0])
(26677, [0])
(26678, [0])
(26679, [0])
(26680, [0])
(26681, [0])
(26682, [0])
(26683, [0, 1, 3, 16, 22, 23])
(26684, [0, 1])
(26685, [0])
(26686, [0])
(26687, [0, 6, 12])
(26688, [0])
(26689, [0])
(26690, [0, 2, 6, 19, 23])
(26691, [0, 11, 15, 19, 31])
(26692, [0])
(26693, [0])
(26694, [0])
(26695, [0])
(26696, [0])
(26697, [0])
(26698, [0])
(26699, [0])
(26700, [0])
(26701, [0])
(26702, [0])
(26703, [0, 37])
(26704, [0])
(26705, [0, 2, 13, 39])
(26706, [0])
(26707, [0])
(26708, [0])
(26709, [0])
(26710, [0])
(26711, [0])
(26712, [0, 2])
(26713, [0])
(26714, [0])
(26715, [0])
(26716, [0, 1, 2, 3, 6, 14, 19, 21, 22, 43])
(26717, [0])
(26718, [0, 2, 4, 11, 14, 17, 44])
(26719, [0])
(26720, [0])
(26721, [0, 3, 23])
(26722, [0])
(26723, [0])
(26724, [0])
(26725, [0, 11, 13, 17, 43])
(26726, [0])
(26727, [0])
(26728, [0])
(26729, [0])
(26730, [0])
(26731, [0, 15, 41, 44])
(26732, [0])
(26733, [0])
(26734, [0])
(26735, [0])
(26736, [0])
(26737, [0])
(26738, [0])
(26739, [0])
(26740, [0])
(26741, [0, 2])
(26742, [0])
(26743, [0])
(26744, [0])
(26745, [0])
(26746, [0])
(26747, [0])
(26748, [0, 2, 24])
(26749, [0, 2, 26])
(26750, [0])
(26751, [0])
(26752, [0])
(26753, [0])
(26754, [0])
(26755, [0])
(26756, [0])
(26757, [0])
(26758, [0])
(26759, [0])
(26760, [0])
(26761, [0, 3])
(26762, [0, 3, 8, 12, 15, 30, 43])
(26763, [0])
(26764, [0])
(26765, [0])
(26766, [0])
(26767, [0])
(26768, [0])
(26769, [0])
(26770, [0])
(26771, [0])
(26772, [0])
(26773, [0])
(26774, [0, 6, 38])
(26775, [0])
(26776, [0])
(26777, [11])
(26778, [11, 17, 21])
(26779, [11])
(26780, [11])
(26781, [1, 11])
(26782, [11])
(26783, [2, 11])
(26784, [1, 3, 11, 15])
(26785, [2, 10, 11, 12, 19, 21])
(26786, [3, 11])
(26787, [11])
(26788, [11])
(26789, [3, 11, 12, 23, 41])
(26790, [2, 11])
(26791, [1, 4, 11, 42])
(26792, [3, 11, 12])
(26793, [1, 11, 39, 44])
(26794, [1, 3, 7, 11, 16, 23])
(26795, [11, 44])
(26796, [11])
(26797, [11, 40])
(26798, [3, 11, 12, 44])
(26799, [11])
(26800, [11])
(26801, [11])
(26802, [11])
(26803, [3, 4, 11, 14, 15, 21, 30, 36])
(26804, [11])
(26805, [7])
(26806, [7])
(26807, [4, 7])
(26808, [3, 7])
(26809, [7, 31])
(26810, [7])
(26811, [7])
(26812, [7, 12, 22])
(26813, [7, 30])
(26814, [1, 3, 7])
(26815, [1, 3, 7])
(26816, [7])
(26817, [3, 7, 17])
(26818, [29])
(26819, [1, 3, 29])
(26820, [12, 29, 31])
(26821, [29])
(26822, [29, 44])
(26823, [2, 16, 19, 40])
(26824, [3, 5, 8, 16, 23])
(26825, [16])
(26826, [1, 2, 3, 4, 14, 16, 19, 30, 44])
(26827, [10, 12, 15, 16, 17, 44])
(26828, [16, 19])
(26829, [16])
(26830, [1, 16, 21, 42, 43])
(26831, [16, 39, 41])
(26832, [16])
(26833, [16, 41])
(26834, [16])
(26835, [3, 16])
(26836, [16])
(26837, [16, 31])
(26838, [16])
(26839, [16])
(26840, [16])
(26841, [16])
(26842, [16])
(26843, [10, 16, 24])
(26844, [16])
(26845, [3, 16, 21])
(26846, [16])
(26847, [3, 14, 16, 19])
(26848, [42])
(26849, [2, 14, 15, 42])
(26850, [4, 6])
(26851, [6, 15, 31])
(26852, [2, 6])
(26853, [6])
(26854, [6])
(26855, [6])
(26856, [3, 4, 6])
(26857, [2, 6])
(26858, [6])
(26859, [6])
(26860, [2, 3, 6, 15, 41, 43])
(26861, [6])
(26862, [6])
(26863, [6])
(26864, [28])
(26865, [1, 2, 3, 12, 19, 21, 28])
(26866, [28])
(26867, [28])
(26868, [26, 28])
(26869, [2, 4, 17, 28])
(26870, [3, 12, 17, 19, 31, 44])
(26871, [2, 17, 22, 30, 43])
(26872, [1, 12, 17, 39, 44])
(26873, [17, 19])
(26874, [17])
(26875, [1, 15, 17])
(26876, [17])
(26877, [17])
(26878, [17, 24])
(26879, [17])
(26880, [17])
(26881, [17])
(26882, [17])
(26883, [17])
(26884, [17])
(26885, [17])
(26886, [1, 3])
(26887, [1, 21])
(26888, [1])
(26889, [1, 4, 10])
(26890, [1])
(26891, [1, 3, 19])
(26892, [1])
(26893, [1])
(26894, [1])
(26895, [1, 21])
(26896, [1, 3, 4, 21])
(26897, [1, 3, 4])
(26898, [1, 3, 8, 30])
(26899, [1])
(26900, [1])
(26901, [1])
(26902, [1])
(26903, [1])
(26904, [1])
(26905, [1, 3, 12, 40])
(26906, [1])
(26907, [1, 3, 21])
(26908, [1])
(26909, [1, 3])
(26910, [1])
(26911, [1])
(26912, [1, 24, 41])
(26913, [1, 3, 21])
(26914, [1, 12, 19, 21])
(26915, [10])
(26916, [10])
(26917, [10])
(26918, [10])
(26919, [10])
(26920, [10])
(26921, [10])
(26922, [10])
(26923, [10])
(26924, [10, 39])
(26925, [10])
(26926, [10])
(26927, [10, 43])
(26928, [10])
(26929, [3, 19, 43])
(26930, [19])
(26931, [19])
(26932, [2, 19, 26, 43])
(26933, [19, 22, 23, 43])
(26934, [19])
(26935, [19, 39])
(26936, [19])
(26937, [19, 30])
(26938, [19])
(26939, [19, 44])
(26940, [19])
(26941, [4, 19, 22])
(26942, [19])
(26943, [19])
(26944, [19])
(26945, [19])
(26946, [19])
(26947, [19])
(26948, [19])
(26949, [14, 19, 26, 30])
(26950, [2, 12, 14, 15, 19, 41])
(26951, [19])
(26952, [19])
(26953, [19])
(26954, [19])
(26955, [15, 19])
(26956, [19])
(26957, [3, 5, 15, 19, 21, 22, 23, 30])
(26958, [2, 26])
(26959, [14, 26])
(26960, [2, 13, 15, 23, 26, 41, 44])
(26961, [26])
(26962, [26])
(26963, [26])
(26964, [26])
(26965, [24, 26, 40, 44])
(26966, [26])
(26967, [26])
(26968, [26])
(26969, [8, 14, 22, 26])
(26970, [26])
(26971, [3, 15, 26])
(26972, [26])
(26973, [26])
(26974, [26])
(26975, [26])
(26976, [12, 26, 41])
(26977, [26])
(26978, [15, 26])
(26979, [8])
(26980, [8])
(26981, [8])
(26982, [8])
(26983, [8])
(26984, [8, 36])
(26985, [8])
(26986, [5, 8])
(26987, [8, 21, 23, 41])
(26988, [8, 44])
(26989, [8])
(26990, [8])
(26991, [8])
(26992, [8])
(26993, [8])
(26994, [21])
(26995, [21])
(26996, [21])
(26997, [21])
(26998, [21])
(26999, [15, 21])
(27000, [21])
(27001, [2, 21, 39, 40])
(27002, [21])
(27003, [21])
(27004, [21])
(27005, [3, 21])
(27006, [14, 21, 22, 30, 41, 43])
(27007, [21])
(27008, [21])
(27009, [21])
(27010, [21])
(27011, [21])
(27012, [3, 21])
(27013, [12, 21])
(27014, [2, 4, 21, 23, 43])
(27015, [21])
(27016, [21])
(27017, [21, 23])
(27018, [21])
(27019, [21])
(27020, [21])
(27021, [21])
(27022, [21])
(27023, [21])
(27024, [21])
(27025, [21])
(27026, [21])
(27027, [21])
(27028, [21])
(27029, [21])
(27030, [21])
(27031, [44])
(27032, [44])
(27033, [44])
(27034, [44])
(27035, [44])
(27036, [23, 44])
(27037, [44])
(27038, [23, 44])
(27039, [44])
(27040, [3, 31, 43, 44])
(27041, [2, 44])
(27042, [44])
(27043, [44])
(27044, [44])
(27045, [44])
(27046, [44])
(27047, [43])
(27048, [43])
(27049, [43])
(27050, [43])
(27051, [43])
(27052, [13, 43])
(27053, [43])
(27054, [3, 43])
(27055, [43])
(27056, [43])
(27057, [15, 43])
(27058, [43])
(27059, [43])
(27060, [43])
(27061, [43])
(27062, [43])
(27063, [43])
(27064, [43])
(27065, [43])
(27066, [43])
(27067, [24, 37, 43])
(27068, [43])
(27069, [43])
(27070, [43])
(27071, [43])
(27072, [2, 43])
(27073, [43])
(27074, [43])
(27075, [4, 43])
(27076, [38])
(27077, [36])
(27078, [13, 36])
(27079, [36])
(27080, [36])
(27081, [36])
(27082, [30, 36])
(27083, [36])
(27084, [36])
(27085, [36])
(27086, [36])
(27087, [36])
(27088, [36])
(27089, [36])
(27090, [36])
(27091, [36])
(27092, [36])
(27093, [36])
(27094, [36])
(27095, [36])
(27096, [36])
(27097, [36])
(27098, [36])
(27099, [36])
(27100, [36])
(27101, [36])
(27102, [36])
(27103, [36])
(27104, [36])
(27105, [36])
(27106, [36])
(27107, [36])
(27108, [36])
(27109, [2, 3, 31])
(27110, [31, 41])
(27111, [15, 30, 31])
(27112, [31])
(27113, [31])
(27114, [4, 15, 24, 30, 31])
(27115, [31])
(27116, [31])
(27117, [31])
(27118, [31])
(27119, [31])
(27120, [30])
(27121, [30])
(27122, [30])
(27123, [30])
(27124, [30])
(27125, [30])
(27126, [30])
(27127, [30])
(27128, [30])
(27129, [30])
(27130, [37])
(27131, [39])
(27132, [39])
(27133, [39])
(27134, [39])
(27135, [41])
(27136, [12, 41])
(27137, [41])
(27138, [41])
(27139, [13, 41])
(27140, [41])
(27141, [41])
(27142, [41])
(27143, [23, 41])
(27144, [41])
(27145, [2, 41])
(27146, [41])
(27147, [41])
(27148, [41])
(27149, [41])
(27150, [41])
(27151, [41])
(27152, [41])
(27153, [41])
(27154, [41])
(27155, [41])
(27156, [41])
(27157, [24])
(27158, [24])
(27159, [24])
(27160, [2, 24])
(27161, [24])
(27162, [24])
(27163, [24])
(27164, [23])
(27165, [12, 23])
(27166, [5, 23])
(27167, [23])
(27168, [23])
(27169, [23])
(27170, [23])
(27171, [23])
(27172, [23])
(27173, [23])
(27174, [23])
(27175, [23])
(27176, [23])
(27177, [23])
(27178, [23])
(27179, [23])
(27180, [23])
(27181, [23])
(27182, [23])
(27183, [23])
(27184, [23])
(27185, [23])
(27186, [23])
(27187, [23])
(27188, [23])
(27189, [23])
(27190, [23])
(27191, [23])
(27192, [23])
(27193, [23])
(27194, [23])
(27195, [23])
(27196, [23])
(27197, [23])
(27198, [23])
(27199, [23])
(27200, [23])
(27201, [23])
(27202, [23])
(27203, [23])
(27204, [23])
(27205, [23])
(27206, [23])
(27207, [23])
(27208, [23])
(27209, [23])
(27210, [23])
(27211, [23])
(27212, [23])
(27213, [23])
(27214, [23])
(27215, [23])
(27216, [23])
(27217, [23])
(27218, [23])
(27219, [23])
(27220, [23])
(27221, [23])
(27222, [23])
(27223, [23])
(27224, [23])
(27225, [4])
(27226, [4])
(27227, [4])
(27228, [4])
(27229, [4])
(27230, [2, 4])
(27231, [4])
(27232, [4])
(27233, [4])
(27234, [4])
(27235, [15])
(27236, [15])
(27237, [15])
(27238, [15])
(27239, [15])
(27240, [3])
(27241, [3])
(27242, [2, 3])
(27243, [3])
(27244, [3])
(27245, [3])
(27246, [3])
(27247, [3])
(27248, [3])
(27249, [3])
(27250, [3])
(27251, [3])
(27252, [3])
(27253, [2, 3, 12])
(27254, [3])
(27255, [3])
(27256, [3])
(27257, [3])
(27258, [3])
(27259, [3])
(27260, [3])
(27261, [3])
(27262, [3])
(27263, [3])
(27264, [3])
(27265, [3])
(27266, [3])
(27267, [3])
(27268, [3])
(27269, [12])
(27270, [12])
(27271, [12])
(27272, [12])
(27273, [12])
(27274, [12])
(27275, [12])
(27276, [12])
(27277, [12])
(27278, [12])
(27279, [12])
(27280, [12])
(27281, [12])
(27282, [12])
(27283, [12])
(27284, [12])
(27285, [2, 12])
(27286, [12])
(27287, [12])
(27288, [12])
(27289, [12])
(27290, [12])
(27291, [12])
(27292, [12])
(27293, [12])
(27294, [12])
(27295, [12])
(27296, [12])
(27297, [12])
(27298, [12])
(27299, [12])
(27300, [12])
(27301, [12])
(27302, [12])
(27303, [12])
(27304, [12])
(27305, [12])
(27306, [12])
(27307, [12])
(27308, [12])
(27309, [12])
(27310, [12])
(27311, [12])
(27312, [12])
(27313, [12])
(27314, [12])
(27315, [12])
(27316, [12])
(27317, [12])
(27318, [12])
(27319, [12])
(27320, [40])
(27321, [40])
(27322, [40])
(27323, [40])
(27324, [2])
(27325, [2])
(27326, [2])
(27327, [2])
(27328, [2])
(27329, [2])
(27330, [2])
(27331, [2])
(27332, [2])
(27333, [2])
(27334, [2])
(27335, [2])
(27336, [2])
(27337, [2])
(27338, [2])
(27339, [2])
(27340, [2, 14])
(27341, [2])
(27342, [2, 14])
(27343, [2])
(27344, [2])
(27345, [2])
(27346, [2])
(27347, [2])
(27348, [2])
(27349, [2])
(27350, [2])
(27351, [2])
(27352, [2])
(27353, [2])
(27354, [2])
(27355, [2])
(27356, [2])
(27357, [2])
(27358, [2])
(27359, [2])
(27360, [2])
(27361, [2])
(27362, [2])
(27363, [2])
(27364, [2])
(27365, [2])
(27366, [2])
(27367, [2])
(27368, [2])
(27369, [2])
(27370, [2])
(27371, [2])
(27372, [2])
(27373, [2])
(27374, [2])
(27375, [2])
(27376, [2])
(27377, [2])
(27378, [2])
(27379, [2])
(27380, [2, 14])
(27381, [2])
(27382, [2])
(27383, [2])
(27384, [2, 14])
(27385, [2])
(27386, [2])
(27387, [2])
(27388, [2])
(27389, [2])
(27390, [2])
(27391, [2])
(27392, [2])
(27393, [2])
(27394, [2])
(27395, [2])
(27396, [2])
(27397, [2])
(27398, [2])
(27399, [2])
(27400, [2])
(27401, [2])
(27402, [2])
(27403, [2])
(27404, [2])
(27405, [13])
(27406, [13])
(27407, [13])
(27408, [13])
(27409, [13])
(27410, [13])
(27411, [5])
(27412, [5])
(27413, [5])
(27414, [5])
(27415, [5])
(27416, [5])
(27417, [5])
(27418, [5])
(27419, [5])
(27420, [14])
(27421, [14])
(27422, [14])
(27423, [14])
(27424, [14])
(27425, [14])
(27426, [14])
(27427, [14])
(27428, [14])
(27429, [14])
(27430, [14])
(27431, [14])
(27432, [14])
(27433, [14])
(27434, [14])
(27435, [14])
(27436, [14])
(27437, [14])
(27438, [14])
(27439, [22])
(27440, [22])
(27441, [22])
(27442, [22])
(27443, [22])
(27444, [22])
(27445, [22])
(27446, [22])
(27447, [22])
(27448, [22])
(27449, [22])
(27450, [22])
(27451, [22])
(27452, [22])
(27453, [25])
