(21977, [0, 1, 2, 3, 4, 5, 6, 7, 8, 9, 10, 11, 12, 13, 14, 15, 16, 17, 18, 19, 20, 21, 22, 23, 24, 25, 26, 27, 28, 29, 30, 31, 32, 33, 34, 35, 36, 37, 38, 39, 40, 41, 42, 43, 44])
(21978, [11, 15, 17, 18, 22, 28, 32, 36])
(21979, [0, 1, 2, 3, 4, 6, 7, 8, 9, 10, 11, 12, 13, 14, 15, 16, 17, 18, 19, 20, 21, 22, 23, 24, 25, 26, 27, 28, 30, 31, 32, 33, 34, 35, 36, 38, 39, 40, 41, 42, 43, 44])
(21980, [0, 1, 2, 3, 4, 5, 6, 7, 8, 9, 10, 11, 12, 13, 14, 15, 16, 17, 18, 19, 20, 21, 22, 23, 24, 25, 26, 27, 28, 29, 30, 31, 32, 33, 34, 35, 36, 37, 38, 39, 40, 41, 42, 43, 44])
(21981, [0, 1, 2, 3, 4, 5, 6, 7, 8, 9, 10, 11, 12, 13, 14, 15, 16, 17, 18, 19, 20, 21, 22, 23, 24, 25, 26, 27, 28, 29, 30, 31, 32, 33, 34, 35, 36, 37, 38, 39, 40, 41, 42, 43, 44])
(21982, [0, 1, 2, 3, 4, 5, 6, 7, 8, 9, 10, 11, 12, 13, 14, 15, 16, 17, 18, 19, 21, 22, 23, 24, 26, 28, 29, 32, 33, 34, 35, 36, 37, 38, 39, 40, 44])
(21983, [1, 2, 3, 4, 6, 8, 9, 11, 12, 15, 16, 17, 18, 19, 20, 21, 22, 23, 25, 26, 30, 31, 32, 33, 34, 37, 38, 39, 40, 41, 44])
(21984, [0, 1, 2, 3, 5, 6, 11, 13, 15, 17, 18, 19, 21, 22, 23, 29, 30, 31, 32, 34, 38, 44])
(21985, [1, 2, 3, 4, 6, 8, 9, 12, 14, 15, 16, 17, 19, 20, 21, 23, 24, 26, 27, 30, 31, 32, 33, 34, 35, 36, 40, 41, 42, 43, 44])
(21986, [0, 1, 2, 3, 4, 6, 7, 8, 9, 11, 12, 13, 14, 15, 16, 17, 18, 19, 20, 22, 23, 24, 25, 26, 27, 28, 29, 30, 31, 32, 33, 34, 35, 36, 37, 38, 39, 40, 41, 42, 43, 44])
(21987, [1, 3, 4, 7, 19, 31, 32, 33, 34, 39])
(21988, [0, 1, 2, 3, 5, 6, 7, 9, 10, 11, 12, 13, 15, 16, 17, 18, 20, 22, 23, 24, 26, 27, 28, 30, 32, 34, 40, 41, 42, 44])
(21989, [1, 2, 3, 4, 5, 6, 7, 8, 9, 10, 11, 12, 13, 15, 16, 17, 18, 19, 21, 22, 23, 24, 25, 26, 29, 30, 31, 32, 33, 34, 35, 36, 37, 38, 39, 40, 41, 43, 44])
(21990, [0, 1, 2, 3, 4, 6, 7, 8, 9, 10, 11, 12, 13, 15, 16, 18, 19, 20, 21, 23, 24, 25, 26, 27, 28, 29, 30, 31, 32, 33, 34, 36, 37, 41, 42, 43, 44])
(21991, [0, 1, 2, 3, 4, 5, 6, 7, 8, 9, 11, 12, 13, 14, 15, 16, 17, 18, 19, 20, 21, 22, 23, 26, 27, 28, 30, 31, 32, 33, 34, 35, 39, 40, 41, 42, 43, 44])
(21992, [2, 4, 11, 32, 33, 39])
(21993, [0, 1, 2, 3, 6, 7, 8, 9, 11, 12, 15, 16, 18, 19, 20, 21, 26, 29, 30, 31, 32, 33, 34, 37, 38, 41, 42, 44])
(21994, [0, 1, 2, 3, 4, 5, 7, 8, 9, 10, 11, 12, 15, 16, 20, 21, 23, 26, 28, 29, 31, 32, 35, 37, 41, 43, 44])
(21995, [0, 1, 2, 3, 4, 5, 6, 7, 8, 9, 10, 11, 12, 13, 14, 15, 16, 17, 18, 19, 20, 21, 22, 23, 24, 25, 26, 27, 28, 29, 30, 31, 32, 33, 34, 35, 36, 37, 38, 39, 40, 41, 42, 43, 44])
(21996, [0, 1, 2, 3, 4, 6, 7, 8, 9, 10, 11, 12, 13, 14, 15, 16, 17, 18, 20, 21, 22, 23, 24, 26, 27, 28, 31, 32, 33, 34, 36, 37, 38, 40, 41, 42, 43, 44])
(21997, [0, 1, 2, 3, 4, 6, 7, 11, 15, 18, 19, 22, 30, 31, 32, 33, 34, 42, 43, 44])
(21998, [1, 2, 3, 5, 6, 8, 11, 15, 18, 19, 21, 23, 30, 31, 32, 33, 37, 38, 41, 44])
(21999, [2, 3, 7, 31, 32])
(22000, [2, 3, 6, 7, 9, 11, 13, 14, 19, 26, 30, 31, 32, 33, 34, 40, 41, 43, 44])
(22001, [0, 1, 2, 3, 4, 5, 6, 7, 8, 9, 10, 11, 12, 15, 16, 17, 18, 19, 21, 23, 24, 26, 27, 30, 31, 32, 33, 34, 35, 42, 43, 44])
(22002, [32])
(22003, [1, 2, 3, 4, 6, 7, 9, 13, 15, 17, 19, 21, 23, 24, 26, 30, 31, 32, 34, 36, 41, 43, 44])
(22004, [0, 1, 3, 4, 6, 7, 8, 9, 10, 11, 12, 15, 16, 17, 18, 19, 20, 21, 22, 23, 24, 25, 26, 29, 30, 31, 32, 33, 34, 35, 37, 38, 40, 41, 42, 43, 44])
(22005, [12, 32])
(22006, [1, 2, 3, 4, 5, 6, 7, 9, 11, 12, 13, 15, 16, 17, 18, 19, 20, 21, 22, 23, 24, 26, 27, 30, 31, 32, 33, 34, 38, 40, 41, 42, 43, 44])
(22007, [1, 2, 3, 6, 7, 9, 11, 13, 15, 18, 23, 24, 26, 30, 31, 32, 33, 34, 35, 36, 41, 43])
(22008, [1, 13, 19, 30, 32])
(22009, [0, 1, 2, 3, 4, 6, 9, 12, 14, 15, 18, 19, 21, 26, 30, 31, 32, 34, 40, 42, 44])
(22010, [0, 1, 2, 3, 4, 5, 7, 8, 9, 11, 12, 13, 15, 17, 18, 19, 21, 22, 23, 26, 27, 30, 31, 32, 33, 35, 39, 40, 41, 42, 43, 44])
(22011, [6, 7, 9, 11, 26, 31, 32, 33])
(22012, [0, 1, 3, 5, 6, 9, 11, 12, 15, 18, 20, 23, 27, 30, 32, 33, 34, 35, 41, 43])
(22013, [0, 1, 2, 3, 8, 9, 10, 11, 12, 15, 16, 20, 22, 23, 24, 32, 35, 43])
(22014, [0, 1, 2, 3, 4, 5, 6, 9, 11, 12, 14, 16, 18, 20, 22, 23, 24, 27, 29, 30, 31, 32, 33, 34, 35, 37, 42, 43, 44])
(22015, [0, 1, 2, 3, 4, 5, 6, 7, 8, 9, 11, 12, 13, 14, 15, 16, 17, 18, 19, 20, 21, 22, 23, 24, 25, 26, 27, 28, 29, 30, 31, 32, 33, 34, 35, 36, 37, 38, 39, 40, 41, 42, 43, 44])
(22016, [1, 2, 3, 4, 5, 6, 7, 9, 10, 11, 12, 13, 14, 15, 16, 17, 18, 19, 20, 21, 22, 23, 24, 26, 27, 32, 33, 34, 35, 40, 41, 42, 43, 44])
(22017, [1, 2, 3, 6, 7, 9, 11, 12, 13, 14, 15, 16, 17, 18, 19, 24, 26, 31, 32, 33, 34, 41, 43])
(22018, [0, 1, 2, 3, 4, 5, 6, 7, 8, 9, 10, 11, 12, 15, 16, 17, 18, 19, 21, 22, 23, 30, 31, 32, 33, 34, 35, 37, 38, 41, 42])
(22019, [1, 2, 3, 4, 6, 8, 11, 15, 18, 19, 21, 22, 30, 31, 32, 34, 38, 41, 44])
(22020, [6, 19, 32, 34])
(22021, [3, 11, 12, 13, 15, 17, 18, 21, 22, 26, 32, 33, 35, 41, 44])
(22022, [1, 2, 3, 4, 6, 7, 9, 11, 12, 13, 14, 15, 16, 17, 18, 19, 22, 24, 26, 27, 30, 31, 32, 33, 34, 36, 39, 40, 43, 44])
(22023, [0, 1, 2, 3, 4, 6, 8, 9, 12, 13, 14, 15, 16, 17, 18, 19, 20, 23, 24, 26, 27, 30, 31, 32, 33, 34, 36, 37, 39, 40, 41, 42, 43, 44])
(22024, [1, 2, 3, 4, 9, 12, 15, 19, 20, 21, 22, 24, 26, 31, 32, 33, 34, 35, 37, 44])
(22025, [2, 11, 17, 26, 32, 34, 43, 44])
(22026, [0, 1, 2, 3, 4, 7, 9, 11, 12, 16, 17, 19, 20, 22, 24, 25, 26, 28, 30, 31, 32, 33, 34, 40, 44])
(22027, [2, 6, 8, 9, 14, 20, 26, 32, 36, 41])
(22028, [0, 1, 2, 3, 9, 14, 15, 20, 23, 30, 32, 33, 43, 44])
(22029, [0, 1, 2, 3, 5, 7, 8, 9, 10, 11, 12, 13, 14, 15, 16, 18, 19, 20, 21, 23, 26, 28, 30, 31, 32, 33, 34, 35, 37, 39, 41, 42, 43, 44])
(22030, [0, 1, 2, 3, 4, 5, 6, 8, 9, 10, 12, 14, 15, 16, 18, 19, 20, 23, 24, 25, 26, 27, 30, 31, 32, 33, 35, 36, 38, 39, 40, 41, 42, 43])
(22031, [1, 2, 32])
(22032, [1, 3, 4, 5, 6, 9, 30, 32, 43])
(22033, [32])
(22034, [1, 15, 18, 32])
(22035, [1, 2, 3, 6, 9, 12, 18, 20, 23, 26, 28, 31, 32, 33, 35])
(22036, [0, 1, 2, 3, 4, 5, 6, 9, 10, 11, 12, 13, 14, 15, 19, 20, 21, 23, 26, 30, 32, 34, 36, 37, 41, 43])
(22037, [1, 18, 26, 32])
(22038, [2, 3, 12, 16, 18, 23, 31, 32, 35, 43])
(22039, [0, 1, 2, 3, 4, 6, 7, 8, 11, 12, 13, 14, 17, 18, 19, 21, 23, 24, 25, 26, 28, 30, 32, 33, 34, 35, 39, 40, 43, 44])
(22040, [0, 1, 3, 11, 19, 21, 22, 31, 32, 35, 37, 41, 42, 44])
(22041, [1, 2, 3, 4, 8, 9, 11, 12, 15, 16, 17, 18, 19, 21, 22, 31, 32, 34, 36, 37, 43, 44])
(22042, [0, 1, 2, 3, 4, 7, 9, 10, 11, 12, 14, 16, 18, 19, 21, 22, 25, 26, 27, 28, 30, 32, 34, 35, 36, 41, 43, 44])
(22043, [0, 1, 2, 3, 6, 8, 9, 11, 12, 14, 17, 19, 26, 30, 31, 32, 41, 44])
(22044, [31, 32, 33, 43])
(22045, [0, 9, 11, 12, 15, 17, 24, 26, 30, 31, 32, 34, 40, 41, 44])
(22046, [0, 1, 2, 3, 4, 6, 8, 9, 11, 12, 13, 15, 16, 17, 18, 19, 20, 21, 22, 23, 25, 26, 27, 30, 31, 32, 33, 34, 35, 38, 39, 40, 41, 43, 44])
(22047, [0, 1, 2, 3, 6, 7, 11, 12, 15, 16, 17, 18, 19, 21, 23, 30, 31, 32, 36, 40, 41, 44])
(22048, [0, 2, 4, 9, 11, 12, 19, 21, 30, 31, 32, 33, 34, 35, 38])
(22049, [0, 1, 2, 3, 4, 7, 9, 11, 12, 15, 16, 17, 18, 19, 20, 23, 24, 26, 28, 30, 31, 32, 33, 34, 41, 42, 43, 44])
(22050, [1, 3, 17, 31, 32, 40])
(22051, [9, 26, 30, 31, 32, 33, 34])
(22052, [1, 4, 11, 13, 26, 32, 33, 34])
(22053, [0, 3, 9, 26, 31, 32, 33, 34])
(22054, [0, 1, 2, 3, 4, 6, 7, 9, 10, 11, 12, 13, 14, 15, 16, 17, 18, 19, 20, 22, 23, 24, 26, 28, 30, 31, 32, 33, 34, 35, 39, 40, 41, 42, 44])
(22055, [0, 1, 2, 3, 4, 6, 7, 8, 11, 15, 18, 23, 31, 32, 35, 43, 44])
(22056, [26, 32, 40])
(22057, [13, 32])
(22058, [0, 1, 9, 15, 16, 22, 32, 35])
(22059, [32])
(22060, [2, 8, 9, 15, 18, 19, 23, 24, 26, 31, 32])
(22061, [1, 2, 3, 4, 7, 9, 10, 11, 12, 13, 15, 18, 19, 23, 24, 26, 30, 31, 32, 33, 38, 42, 43, 44])
(22062, [2, 7, 32, 34, 43])
(22063, [0, 8, 9, 11, 13, 21, 22, 32, 34, 35, 44])
(22064, [1, 3, 5, 18, 21, 31, 32, 39])
(22065, [2, 10, 17, 26, 32, 34, 35, 41, 42])
(22066, [32])
(22067, [32])
(22068, [0, 1, 3, 4, 12, 14, 15, 17, 19, 20, 23, 32, 34, 36, 39])
(22069, [32])
(22070, [13, 26, 30, 32, 33, 43])
(22071, [2, 11, 13, 24, 26, 30, 31, 32, 41])
(22072, [0, 1, 3, 4, 11, 12, 14, 15, 19, 23, 24, 26, 27, 28, 31, 32, 33, 41, 42])
(22073, [2, 4, 6, 9, 11, 12, 19, 26, 27, 30, 32, 33, 34, 36, 41, 43, 44])
(22074, [32])
(22075, [6, 18, 19, 20, 23, 30, 32, 33, 37])
(22076, [1, 3, 5, 8, 9, 10, 12, 16, 18, 19, 20, 21, 23, 26, 29, 30, 32, 33, 34, 35, 37, 39, 42])
(22077, [0, 1, 3, 4, 5, 7, 9, 10, 11, 12, 16, 19, 21, 23, 28, 30, 31, 35, 38, 42, 43])
(22078, [0, 1, 2, 3, 7, 9, 16, 17, 19, 21, 34, 35, 39, 40])
(22079, [0, 1, 28, 35])
(22080, [35, 37])
(22081, [3, 21, 35])
(22082, [35])
(22083, [35])
(22084, [35])
(22085, [35])
(22086, [28, 35])
(22087, [35])
(22088, [0, 1, 3, 4, 5, 6, 7, 8, 9, 11, 12, 14, 17, 18, 19, 20, 21, 23, 24, 28, 30, 31, 34, 35, 37, 43, 44])
(22089, [35])
(22090, [3, 18, 23, 26, 30, 35, 40, 41])
(22091, [35])
(22092, [35])
(22093, [0, 1, 35])
(22094, [35])
(22095, [0, 7, 33, 35, 36, 43])
(22096, [0, 1, 2, 9, 11, 12, 15, 16, 20, 24, 35, 40, 41, 43, 44])
(22097, [3, 4, 9, 13, 16, 18, 19, 23, 26, 28, 31, 35, 43])
(22098, [35])
(22099, [35])
(22100, [35])
(22101, [1, 3, 5, 7, 8, 12, 15, 18, 22, 26, 30, 31, 33, 35, 39, 41, 42])
(22102, [1, 2, 3, 10, 11, 18, 19, 20, 23, 31, 33, 35, 43])
(22103, [35])
(22104, [18, 35])
(22105, [3, 8, 16, 22, 35, 38, 41, 44])
(22106, [1, 2, 3, 4, 6, 8, 9, 11, 12, 14, 15, 18, 19, 20, 21, 22, 23, 24, 26, 28, 33, 35, 37, 38, 41, 42, 43, 44])
(22107, [35])
(22108, [1, 4, 8, 11, 19, 23, 35, 36, 43, 44])
(22109, [1, 2, 3, 9, 11, 12, 13, 16, 18, 19, 20, 21, 25, 26, 27, 34, 35, 36, 40])
(22110, [5, 20, 35])
(22111, [2, 7, 9, 13, 15, 24, 26, 31, 35, 36, 41, 44])
(22112, [35])
(22113, [35])
(22114, [22, 35])
(22115, [2, 3, 4, 5, 8, 9, 10, 11, 12, 14, 16, 20, 23, 24, 30, 34, 36, 41, 42, 44])
(22116, [9, 23, 30, 31, 34])
(22117, [8, 9, 23, 34])
(22118, [15, 18, 34])
(22119, [34])
(22120, [0, 1, 3, 4, 9, 11, 14, 15, 16, 17, 18, 21, 22, 23, 24, 34, 38, 40, 41, 43])
(22121, [1, 2, 3, 9, 15, 19, 31, 33, 34, 40])
(22122, [1, 3, 6, 12, 13, 15, 34, 42, 43])
(22123, [0, 1, 2, 3, 4, 7, 11, 12, 15, 16, 17, 18, 19, 20, 22, 23, 26, 31, 34, 37, 38, 41, 42, 43, 44])
(22124, [0, 1, 2, 3, 6, 7, 9, 12, 14, 15, 16, 18, 19, 20, 24, 31, 33, 34, 39, 40, 41, 42, 44])
(22125, [0, 1, 3, 4, 7, 11, 12, 13, 14, 18, 19, 23, 24, 30, 31, 33, 34, 40, 44])
(22126, [3, 15, 26, 34])
(22127, [0, 2, 3, 4, 7, 9, 12, 13, 15, 17, 19, 20, 23, 24, 26, 28, 29, 30, 31, 33, 34, 39, 42, 44])
(22128, [14, 17, 25, 34])
(22129, [2, 4, 6, 7, 11, 13, 14, 15, 16, 17, 18, 19, 23, 24, 31, 33, 34, 36, 39, 41, 43, 44])
(22130, [1, 2, 3, 4, 11, 15, 19, 22, 26, 34, 39, 44])
(22131, [0, 1, 3, 7, 9, 11, 13, 17, 19, 24, 26, 34, 38, 41, 43, 44])
(22132, [34])
(22133, [34])
(22134, [0, 2, 6, 7, 15, 31, 33, 34, 43])
(22135, [0, 34])
(22136, [34])
(22137, [34])
(22138, [9, 34])
(22139, [34])
(22140, [34])
(22141, [19, 34])
(22142, [34])
(22143, [0, 1, 3, 31, 34])
(22144, [18, 34])
(22145, [7, 19, 34, 44])
(22146, [1, 3, 8, 23, 34, 42])
(22147, [0, 1, 2, 3, 8, 10, 12, 16, 17, 18, 19, 21, 22, 23, 31, 34, 36, 40, 41, 44])
(22148, [34])
(22149, [0, 2, 4, 9, 12, 22, 34])
(22150, [0, 4, 11, 34])
(22151, [1, 2, 3, 6, 12, 16, 19, 30, 34, 44])
(22152, [2, 34, 40, 41, 43])
(22153, [1, 2, 6, 9, 11, 15, 23, 26, 30, 31, 34, 44])
(22154, [2, 17, 19, 24, 26, 30, 31, 34, 43, 44])
(22155, [0, 2, 3, 5, 6, 9, 10, 11, 16, 20, 23, 24, 26, 34, 40, 42, 43])
(22156, [1, 2, 3, 5, 8, 9, 10, 11, 12, 23, 24, 26, 28, 30, 31, 33, 34])
(22157, [2, 12, 20, 30, 34])
(22158, [0, 1, 3, 11, 19, 31, 34])
(22159, [31, 34])
(22160, [0, 34])
(22161, [34])
(22162, [0, 1, 3, 9, 23, 34])
(22163, [34])
(22164, [0, 34])
(22165, [34])
(22166, [0, 9, 11, 26, 34])
(22167, [34])
(22168, [30, 34])
(22169, [34])
(22170, [34])
(22171, [34])
(22172, [1, 3, 8, 9, 11, 12, 15, 19, 20, 23, 26, 28, 29, 31, 34, 36, 39, 43])
(22173, [1, 2, 3, 9, 10, 12, 19, 20, 26, 31, 33, 34, 43, 44])
(22174, [0, 8, 20, 24, 31, 34, 37])
(22175, [34])
(22176, [34])
(22177, [34])
(22178, [2, 33])
(22179, [31, 33])
(22180, [33])
(22181, [33])
(22182, [33])
(22183, [2, 24, 33, 43])
(22184, [1, 2, 3, 7, 9, 10, 11, 12, 15, 19, 20, 23, 24, 26, 30, 31, 33, 43, 44])
(22185, [4, 6, 9, 10, 11, 22, 23, 30, 33, 40, 43])
(22186, [0, 1, 2, 3, 12, 17, 19, 22, 33, 41])
(22187, [1, 3, 7, 12, 33])
(22188, [0, 2, 3, 17, 18, 19, 20, 21, 23, 24, 33, 40])
(22189, [0, 1, 2, 3, 9, 12, 14, 15, 18, 19, 20, 30, 31, 33, 42, 44])
(22190, [33])
(22191, [6, 12, 33])
(22192, [33, 41])
(22193, [33])
(22194, [0, 1, 2, 3, 4, 9, 11, 12, 13, 14, 15, 19, 20, 24, 28, 29, 33, 40, 43, 44])
(22195, [33])
(22196, [33])
(22197, [3, 31, 33])
(22198, [33])
(22199, [16, 21, 33])
(22200, [1, 3, 29, 30, 31, 33])
(22201, [0, 1, 3, 6, 10, 11, 15, 17, 18, 19, 23, 31, 33, 41, 43, 44])
(22202, [33])
(22203, [0, 2, 11, 19, 23, 33])
(22204, [1, 3, 4, 11, 16, 17, 19, 21, 22, 23, 27, 33, 38])
(22205, [1, 2, 3, 18, 33])
(22206, [0, 1, 2, 3, 5, 6, 8, 12, 14, 15, 18, 19, 20, 24, 26, 28, 31, 33, 44])
(22207, [30, 33])
(22208, [2, 16, 22, 33])
(22209, [3, 23, 30, 31, 33, 43])
(22210, [33])
(22211, [33])
(22212, [2, 14, 19, 33, 41])
(22213, [0, 1, 6, 9, 11, 21, 22, 33])
(22214, [0, 1, 2, 3, 11, 12, 22, 33, 38, 43])
(22215, [9, 18, 30, 31, 33])
(22216, [1, 2, 3, 7, 11, 20, 31, 33])
(22217, [33])
(22218, [13, 15, 17, 18, 31, 33, 41, 43])
(22219, [18, 33])
(22220, [1, 3, 12, 33, 37])
(22221, [3, 13, 18, 33, 36, 38, 44])
(22222, [15, 19, 26, 30, 33])
(22223, [20, 26, 31])
(22224, [20])
(22225, [6, 9, 11, 18, 20, 23, 43])
(22226, [0, 2, 3, 4, 7, 9, 11, 12, 13, 18, 20, 23, 24, 26, 30, 36, 41, 44])
(22227, [0, 1, 2, 4, 9, 10, 11, 12, 15, 16, 20, 23, 29, 39, 41])
(22228, [2, 7, 10, 20])
(22229, [20])
(22230, [20])
(22231, [20])
(22232, [20])
(22233, [20])
(22234, [1, 2, 3, 7, 9, 19, 20, 23, 24, 26, 31, 39, 44])
(22235, [0, 1, 3, 5, 9, 11, 12, 20])
(22236, [0, 2, 12, 20, 24])
(22237, [20])
(22238, [9, 15, 20])
(22239, [20])
(22240, [20])
(22241, [0, 1, 3, 20])
(22242, [0, 3, 9, 11, 12, 17, 19, 20, 22, 23, 30, 44])
(22243, [3, 20])
(22244, [20])
(22245, [0, 1, 2, 3, 4, 7, 9, 12, 15, 16, 18, 20, 21, 22, 24, 29, 31, 41])
(22246, [2, 20, 30, 31, 42])
(22247, [20])
(22248, [0, 1, 2, 3, 7, 12, 19, 20, 21, 31, 38, 44])
(22249, [9, 20])
(22250, [9, 20])
(22251, [0, 1, 3, 12, 20, 41])
(22252, [20])
(22253, [1, 3, 4, 7, 20])
(22254, [1, 3, 20])
(22255, [2, 15, 18])
(22256, [18])
(22257, [18])
(22258, [18])
(22259, [18])
(22260, [1, 18])
(22261, [18])
(22262, [18])
(22263, [18])
(22264, [16, 18])
(22265, [18, 23])
(22266, [18])
(22267, [8, 18, 29])
(22268, [18])
(22269, [18])
(22270, [1, 3, 4, 18, 21])
(22271, [18])
(22272, [18])
(22273, [0, 1, 2, 3, 6, 7, 8, 11, 13, 16, 18, 23, 26, 37, 41, 42, 44])
(22274, [1, 3, 11, 15, 18, 19, 24, 26, 44])
(22275, [0, 7, 14, 18, 21])
(22276, [1, 3, 18, 29, 30, 31, 40])
(22277, [18])
(22278, [18])
(22279, [18, 23, 37])
(22280, [18])
(22281, [18])
(22282, [18])
(22283, [15, 18, 41])
(22284, [15, 18])
(22285, [2, 18])
(22286, [1, 3, 11, 18, 21, 23, 31])
(22287, [18, 26, 42])
(22288, [8, 18, 21])
(22289, [1, 18])
(22290, [18])
(22291, [18])
(22292, [0, 4, 6, 12, 18])
(22293, [18])
(22294, [18])
(22295, [0, 12, 18])
(22296, [0, 2, 4, 6, 18, 43])
(22297, [2, 4, 6, 9, 13, 14, 16, 18, 23, 24, 26, 31, 43])
(22298, [18])
(22299, [18, 22])
(22300, [18])
(22301, [18])
(22302, [18])
(22303, [18])
(22304, [18, 19])
(22305, [18])
(22306, [18])
(22307, [3, 18])
(22308, [18])
(22309, [18])
(22310, [18])
(22311, [3, 6, 18, 23, 26])
(22312, [2, 9, 12, 18])
(22313, [18])
(22314, [0, 18])
(22315, [18])
(22316, [18])
(22317, [18])
(22318, [3, 18])
(22319, [18])
(22320, [2, 18])
(22321, [6, 18, 31, 36, 41])
(22322, [18, 19])
(22323, [2, 16, 18])
(22324, [18, 31])
(22325, [18])
(22326, [18])
(22327, [18])
(22328, [18])
(22329, [18])
(22330, [18])
(22331, [15, 18])
(22332, [18])
(22333, [18])
(22334, [18])
(22335, [0, 12, 18, 23])
(22336, [18])
(22337, [18])
(22338, [18])
(22339, [18])
(22340, [18])
(22341, [11, 14, 18])
(22342, [18])
(22343, [18])
(22344, [18])
(22345, [18])
(22346, [18, 23])
(22347, [0, 18])
(22348, [6, 18])
(22349, [18])
(22350, [18])
(22351, [18])
(22352, [18, 30])
(22353, [18])
(22354, [18])
(22355, [18])
(22356, [18])
(22357, [18])
(22358, [27])
(22359, [27])
(22360, [3, 4, 7, 15, 22, 27, 39])
(22361, [0, 1, 8, 27, 44])
(22362, [3, 27])
(22363, [4, 14, 27])
(22364, [12, 27, 36])
(22365, [0, 6, 9, 12, 22, 27])
(22366, [21, 27])
(22367, [27])
(22368, [27])
(22369, [27])
(22370, [27])
(22371, [27])
(22372, [19, 27])
(22373, [2, 4, 6, 7, 9, 11, 13, 15, 44])
(22374, [0, 1, 2, 3, 4, 9, 12, 15, 19, 21, 23, 26, 41, 42, 44])
(22375, [2, 9, 23, 44])
(22376, [2, 9])
(22377, [9])
(22378, [9])
(22379, [9, 12, 22])
(22380, [9, 16])
(22381, [9])
(22382, [2, 9, 15, 16, 19, 21])
(22383, [9])
(22384, [9, 41])
(22385, [3, 9, 26, 30])
(22386, [9])
(22387, [9, 23])
(22388, [9])
(22389, [0, 9])
(22390, [2, 9])
(22391, [9])
(22392, [1, 9, 30])
(22393, [9])
(22394, [9])
(22395, [4, 9, 23, 31])
(22396, [2, 4, 9, 14, 15, 17, 24, 28, 41, 43])
(22397, [9])
(22398, [1, 2, 3, 4, 7, 9, 19, 21, 39])
(22399, [9])
(22400, [3, 6, 8, 9, 15, 19, 23, 44])
(22401, [9])
(22402, [9])
(22403, [2, 3, 9, 16, 21, 30, 36])
(22404, [6, 9, 15])
(22405, [9])
(22406, [2, 9, 14, 19, 22])
(22407, [9, 43])
(22408, [9, 43])
(22409, [3, 7, 9, 17, 19])
(22410, [9])
(22411, [9])
(22412, [9])
(22413, [1, 3, 9, 11, 12, 13, 15, 19, 22, 30, 43, 44])
(22414, [9])
(22415, [9, 14, 19, 43, 44])
(22416, [9])
(22417, [9])
(22418, [9])
(22419, [9])
(22420, [2, 9, 26])
(22421, [0, 1, 3, 9, 12, 16, 19, 39])
(22422, [9])
(22423, [9])
(22424, [9])
(22425, [9, 11, 31])
(22426, [9])
(22427, [9])
(22428, [9])
(22429, [9])
(22430, [0, 9, 41])
(22431, [9])
(22432, [9])
(22433, [9, 12])
(22434, [9])
(22435, [9])
(22436, [9, 21])
(22437, [9])
(22438, [9])
(22439, [0, 1, 3, 4, 7])
(22440, [0])
(22441, [0])
(22442, [0])
(22443, [0, 1, 2, 6, 23, 43])
(22444, [0])
(22445, [0])
(22446, [0])
(22447, [0])
(22448, [0, 4, 15])
(22449, [0])
(22450, [0])
(22451, [0, 1, 11, 12, 23])
(22452, [0])
(22453, [0])
(22454, [0])
(22455, [0])
(22456, [0])
(22457, [0])
(22458, [0])
(22459, [0])
(22460, [0])
(22461, [0, 24])
(22462, [0, 2, 12, 30, 37])
(22463, [0])
(22464, [0])
(22465, [0])
(22466, [0])
(22467, [0])
(22468, [0])
(22469, [0])
(22470, [0])
(22471, [0])
(22472, [0])
(22473, [0])
(22474, [0])
(22475, [0])
(22476, [0])
(22477, [0])
(22478, [0])
(22479, [0])
(22480, [0])
(22481, [0])
(22482, [0])
(22483, [0])
(22484, [0])
(22485, [0])
(22486, [0])
(22487, [0])
(22488, [0])
(22489, [0, 1])
(22490, [0])
(22491, [0])
(22492, [0, 1, 2, 3, 15, 19, 21, 24, 40])
(22493, [0])
(22494, [0])
(22495, [0])
(22496, [0])
(22497, [0])
(22498, [0, 7, 12, 21])
(22499, [0, 12])
(22500, [0, 12])
(22501, [0])
(22502, [0, 21])
(22503, [0])
(22504, [0])
(22505, [0])
(22506, [0])
(22507, [0, 1])
(22508, [0, 23])
(22509, [0])
(22510, [0])
(22511, [0])
(22512, [0])
(22513, [0])
(22514, [0])
(22515, [0])
(22516, [0])
(22517, [0, 4, 15, 23, 24, 26, 43])
(22518, [0])
(22519, [0])
(22520, [0, 12, 44])
(22521, [0])
(22522, [0, 23, 30, 39])
(22523, [0])
(22524, [0])
(22525, [0])
(22526, [0])
(22527, [0, 38])
(22528, [0])
(22529, [0, 11])
(22530, [0])
(22531, [0])
(22532, [0])
(22533, [0])
(22534, [0])
(22535, [0, 3])
(22536, [0])
(22537, [0, 36, 41])
(22538, [0])
(22539, [0])
(22540, [0, 26, 31, 41])
(22541, [0])
(22542, [0, 1, 2, 3, 10, 11, 14, 19, 23, 26, 30, 39, 44])
(22543, [0, 5, 26, 31])
(22544, [0])
(22545, [0])
(22546, [0, 24])
(22547, [0, 12])
(22548, [0, 2, 4, 15, 43])
(22549, [0, 2])
(22550, [0])
(22551, [0])
(22552, [0])
(22553, [0, 12, 21])
(22554, [0])
(22555, [0])
(22556, [0])
(22557, [0])
(22558, [0])
(22559, [0])
(22560, [0])
(22561, [0])
(22562, [0])
(22563, [0])
(22564, [0])
(22565, [0])
(22566, [0])
(22567, [0])
(22568, [0])
(22569, [0])
(22570, [0])
(22571, [0])
(22572, [0])
(22573, [0])
(22574, [0])
(22575, [0])
(22576, [0])
(22577, [0])
(22578, [0])
(22579, [0])
(22580, [0])
(22581, [0])
(22582, [0])
(22583, [0])
(22584, [0, 12])
(22585, [0])
(22586, [0])
(22587, [0])
(22588, [0])
(22589, [0])
(22590, [0])
(22591, [0])
(22592, [0])
(22593, [0])
(22594, [0])
(22595, [0, 1, 3])
(22596, [0])
(22597, [0, 11, 23])
(22598, [0])
(22599, [0, 12])
(22600, [0])
(22601, [0])
(22602, [0])
(22603, [0])
(22604, [0])
(22605, [0])
(22606, [0])
(22607, [0])
(22608, [0])
(22609, [0])
(22610, [0, 12])
(22611, [0])
(22612, [0])
(22613, [0])
(22614, [0])
(22615, [0])
(22616, [0])
(22617, [0])
(22618, [0])
(22619, [0])
(22620, [0])
(22621, [0])
(22622, [0])
(22623, [0, 1, 2, 3, 12, 19])
(22624, [0])
(22625, [0, 1, 7, 11])
(22626, [0, 16])
(22627, [0])
(22628, [0])
(22629, [0])
(22630, [0])
(22631, [0])
(22632, [0])
(22633, [0, 12])
(22634, [0])
(22635, [0])
(22636, [0])
(22637, [0])
(22638, [0])
(22639, [0])
(22640, [0])
(22641, [0])
(22642, [0])
(22643, [0])
(22644, [0])
(22645, [0])
(22646, [0])
(22647, [0])
(22648, [0, 13])
(22649, [0])
(22650, [0])
(22651, [0])
(22652, [0])
(22653, [0, 11, 17])
(22654, [0, 12])
(22655, [0])
(22656, [0])
(22657, [0])
(22658, [0])
(22659, [0])
(22660, [0, 2])
(22661, [0])
(22662, [0])
(22663, [0])
(22664, [0])
(22665, [0, 3, 12])
(22666, [11])
(22667, [11, 19])
(22668, [11])
(22669, [11])
(22670, [11])
(22671, [11])
(22672, [11])
(22673, [1, 3, 7, 11, 21, 26, 31, 40])
(22674, [4, 11, 19, 28, 42])
(22675, [11, 22])
(22676, [11, 44])
(22677, [11])
(22678, [1, 3, 8, 11, 23, 30, 44])
(22679, [11, 19, 21, 22, 29, 43])
(22680, [11, 16, 28])
(22681, [3, 11])
(22682, [1, 2, 3, 6, 11, 15, 17, 19, 26, 41, 43, 44])
(22683, [11, 36])
(22684, [2, 4, 11, 13, 17, 43, 44])
(22685, [1, 3, 7, 11, 17, 39])
(22686, [1, 4, 11, 19, 25, 40])
(22687, [11])
(22688, [7])
(22689, [7, 8])
(22690, [3, 7])
(22691, [7])
(22692, [7])
(22693, [1, 3, 7])
(22694, [3, 7, 41])
(22695, [1, 7])
(22696, [7])
(22697, [7])
(22698, [7])
(22699, [7])
(22700, [7])
(22701, [7])
(22702, [29])
(22703, [23, 29])
(22704, [29])
(22705, [29])
(22706, [5, 8, 16, 23, 37])
(22707, [16])
(22708, [16])
(22709, [16])
(22710, [16])
(22711, [12, 16, 30])
(22712, [16])
(22713, [16])
(22714, [16])
(22715, [16])
(22716, [16, 23])
(22717, [1, 3, 6, 10, 16, 17, 41, 44])
(22718, [16])
(22719, [2, 16])
(22720, [16])
(22721, [16])
(22722, [16])
(22723, [3, 16, 43])
(22724, [16])
(22725, [42])
(22726, [42, 44])
(22727, [10, 22, 41, 42])
(22728, [42])
(22729, [6, 12, 19, 23, 41])
(22730, [5, 6, 8, 15, 23, 30, 41, 43])
(22731, [6, 17, 23, 26])
(22732, [6])
(22733, [6])
(22734, [6])
(22735, [6, 15, 17, 19, 21, 23, 30, 43])
(22736, [6, 19, 31])
(22737, [6])
(22738, [2, 6, 26, 43, 44])
(22739, [6])
(22740, [2, 6, 12, 15])
(22741, [1, 6, 15])
(22742, [1, 6, 17])
(22743, [6])
(22744, [28])
(22745, [28])
(22746, [2, 4, 14, 19, 24, 28, 38, 41, 43])
(22747, [12, 28])
(22748, [12, 14, 28])
(22749, [1, 2, 3, 4, 17, 24, 44])
(22750, [17])
(22751, [17])
(22752, [17])
(22753, [2, 17])
(22754, [17])
(22755, [17])
(22756, [17])
(22757, [17])
(22758, [17])
(22759, [2, 14, 17, 25, 36, 40])
(22760, [17, 26])
(22761, [17])
(22762, [3, 17])
(22763, [17])
(22764, [17])
(22765, [2, 3, 17, 24, 31, 40, 44])
(22766, [17])
(22767, [17])
(22768, [17])
(22769, [2, 17, 24, 36])
(22770, [1, 14, 17, 19, 21, 22])
(22771, [1, 3, 19, 21, 44])
(22772, [1])
(22773, [1])
(22774, [1, 3, 19, 21, 43])
(22775, [1])
(22776, [1, 30])
(22777, [1])
(22778, [1, 12, 30])
(22779, [1, 2, 3, 12, 24])
(22780, [1, 3])
(22781, [1])
(22782, [1])
(22783, [1])
(22784, [1, 19, 44])
(22785, [1, 3, 21, 24])
(22786, [1])
(22787, [1, 3])
(22788, [1])
(22789, [1])
(22790, [1])
(22791, [1])
(22792, [1])
(22793, [1, 3, 31, 43])
(22794, [1])
(22795, [1])
(22796, [1])
(22797, [1, 2, 19])
(22798, [1, 3, 43])
(22799, [1])
(22800, [1, 3])
(22801, [1])
(22802, [1, 4])
(22803, [1])
(22804, [1])
(22805, [1, 2, 3, 4, 21])
(22806, [1])
(22807, [1])
(22808, [1])
(22809, [1, 3, 21, 26])
(22810, [1])
(22811, [1, 40])
(22812, [1, 3, 4, 21])
(22813, [1])
(22814, [1, 2])
(22815, [1])
(22816, [1, 3])
(22817, [1, 3])
(22818, [1, 21])
(22819, [10])
(22820, [10])
(22821, [10])
(22822, [10])
(22823, [3, 10])
(22824, [10])
(22825, [10])
(22826, [10])
(22827, [19])
(22828, [3, 19, 21, 22])
(22829, [19])
(22830, [2, 19])
(22831, [19])
(22832, [4, 14, 19, 26, 31])
(22833, [19])
(22834, [19])
(22835, [19])
(22836, [19, 43, 44])
(22837, [4, 19, 44])
(22838, [19])
(22839, [3, 15, 19])
(22840, [19])
(22841, [19])
(22842, [19])
(22843, [14, 19])
(22844, [2, 4, 14, 15, 19, 21, 24, 26, 41, 43, 44])
(22845, [19])
(22846, [19])
(22847, [19])
(22848, [19])
(22849, [2, 19, 23])
(22850, [19])
(22851, [19])
(22852, [19, 26])
(22853, [26])
(22854, [26])
(22855, [13, 26])
(22856, [3, 26])
(22857, [26])
(22858, [26])
(22859, [26])
(22860, [21, 26])
(22861, [26, 44])
(22862, [2, 26])
(22863, [26])
(22864, [26, 36])
(22865, [13, 26])
(22866, [26])
(22867, [26])
(22868, [26])
(22869, [2, 26])
(22870, [8])
(22871, [8, 23])
(22872, [8, 23])
(22873, [8, 23])
(22874, [8])
(22875, [8])
(22876, [8])
(22877, [8])
(22878, [8])
(22879, [8, 23])
(22880, [8])
(22881, [8])
(22882, [8])
(22883, [8])
(22884, [2, 8, 36])
(22885, [8])
(22886, [21])
(22887, [21])
(22888, [3, 21])
(22889, [21])
(22890, [21])
(22891, [21])
(22892, [15, 21])
(22893, [12, 21])
(22894, [21])
(22895, [21])
(22896, [21])
(22897, [21])
(22898, [3, 21])
(22899, [21])
(22900, [21])
(22901, [21])
(22902, [3, 12, 21])
(22903, [3, 21])
(22904, [21])
(22905, [21])
(22906, [3, 21, 44])
(22907, [3, 21])
(22908, [21])
(22909, [21])
(22910, [21])
(22911, [21])
(22912, [21])
(22913, [21])
(22914, [21])
(22915, [21])
(22916, [21])
(22917, [21])
(22918, [21])
(22919, [21])
(22920, [44])
(22921, [44])
(22922, [44])
(22923, [41, 43, 44])
(22924, [2, 36, 44])
(22925, [44])
(22926, [3, 44])
(22927, [44])
(22928, [44])
(22929, [2, 24, 30, 40, 44])
(22930, [44])
(22931, [44])
(22932, [44])
(22933, [44])
(22934, [14, 44])
(22935, [44])
(22936, [43])
(22937, [43])
(22938, [43])
(22939, [43])
(22940, [43])
(22941, [43])
(22942, [43])
(22943, [43])
(22944, [43])
(22945, [23, 43])
(22946, [43])
(22947, [15, 43])
(22948, [43])
(22949, [43])
(22950, [43])
(22951, [43])
(22952, [43])
(22953, [43])
(22954, [43])
(22955, [43])
(22956, [4, 43])
(22957, [38])
(22958, [36])
(22959, [2, 36])
(22960, [36])
(22961, [36])
(22962, [36])
(22963, [36])
(22964, [36])
(22965, [2, 25, 36])
(22966, [36])
(22967, [36])
(22968, [36])
(22969, [36])
(22970, [14, 36])
(22971, [36])
(22972, [36])
(22973, [36])
(22974, [36])
(22975, [36])
(22976, [36])
(22977, [36])
(22978, [31])
(22979, [31])
(22980, [31])
(22981, [31])
(22982, [31])
(22983, [31])
(22984, [30, 31])
(22985, [31])
(22986, [31])
(22987, [31])
(22988, [31, 41])
(22989, [3, 24, 31])
(22990, [31])
(22991, [31])
(22992, [30])
(22993, [14, 30])
(22994, [30])
(22995, [30])
(22996, [30])
(22997, [30])
(22998, [30])
(22999, [30])
(23000, [3, 12, 23, 30])
(23001, [12, 30])
(23002, [30])
(23003, [30])
(23004, [4, 30])
(23005, [30])
(23006, [12, 30])
(23007, [3, 30])
(23008, [37])
(23009, [37])
(23010, [3, 12, 37])
(23011, [12, 39])
(23012, [39])
(23013, [39])
(23014, [39])
(23015, [39])
(23016, [39])
(23017, [3, 23, 39])
(23018, [39])
(23019, [39])
(23020, [39])
(23021, [41])
(23022, [41])
(23023, [41])
(23024, [41])
(23025, [41])
(23026, [41])
(23027, [14, 41])
(23028, [41])
(23029, [41])
(23030, [41])
(23031, [41])
(23032, [41])
(23033, [41])
(23034, [41])
(23035, [41])
(23036, [41])
(23037, [41])
(23038, [41])
(23039, [24])
(23040, [2, 24])
(23041, [24])
(23042, [24])
(23043, [24])
(23044, [24])
(23045, [24])
(23046, [24])
(23047, [24])
(23048, [23])
(23049, [23])
(23050, [23])
(23051, [23])
(23052, [23])
(23053, [23])
(23054, [23])
(23055, [23])
(23056, [23])
(23057, [23])
(23058, [23])
(23059, [23])
(23060, [23])
(23061, [23])
(23062, [23])
(23063, [23])
(23064, [23])
(23065, [23])
(23066, [23])
(23067, [23])
(23068, [23])
(23069, [23])
(23070, [23])
(23071, [23])
(23072, [23])
(23073, [23])
(23074, [23])
(23075, [23])
(23076, [3, 23])
(23077, [23])
(23078, [23])
(23079, [23])
(23080, [23])
(23081, [23])
(23082, [23])
(23083, [23])
(23084, [23])
(23085, [23])
(23086, [23])
(23087, [23])
(23088, [23])
(23089, [23])
(23090, [23])
(23091, [23])
(23092, [23])
(23093, [23])
(23094, [23])
(23095, [23])
(23096, [23])
(23097, [23])
(23098, [23])
(23099, [23])
(23100, [23])
(23101, [23])
(23102, [23])
(23103, [3, 23])
(23104, [12, 23])
(23105, [15, 23])
(23106, [23])
(23107, [23])
(23108, [4])
(23109, [3, 4])
(23110, [4])
(23111, [4])
(23112, [4])
(23113, [4])
(23114, [4])
(23115, [4])
(23116, [4])
(23117, [4])
(23118, [4])
(23119, [4])
(23120, [4])
(23121, [4])
(23122, [4])
(23123, [4])
(23124, [4])
(23125, [4])
(23126, [4])
(23127, [2, 4])
(23128, [4])
(23129, [4])
(23130, [4])
(23131, [4])
(23132, [15])
(23133, [15])
(23134, [15])
(23135, [15])
(23136, [15])
(23137, [15])
(23138, [15])
(23139, [15])
(23140, [15])
(23141, [15])
(23142, [15])
(23143, [15])
(23144, [15])
(23145, [15])
(23146, [15])
(23147, [3])
(23148, [3])
(23149, [3])
(23150, [3])
(23151, [3])
(23152, [3])
(23153, [3])
(23154, [3])
(23155, [3])
(23156, [3])
(23157, [3])
(23158, [3])
(23159, [3, 40])
(23160, [3])
(23161, [3])
(23162, [3])
(23163, [3])
(23164, [3])
(23165, [3])
(23166, [3])
(23167, [3])
(23168, [3])
(23169, [3])
(23170, [3])
(23171, [2, 3])
(23172, [3])
(23173, [3])
(23174, [2, 3])
(23175, [3])
(23176, [3])
(23177, [3])
(23178, [3])
(23179, [3])
(23180, [3])
(23181, [3])
(23182, [3])
(23183, [3])
(23184, [3])
(23185, [3])
(23186, [12])
(23187, [12])
(23188, [12])
(23189, [12])
(23190, [12])
(23191, [12])
(23192, [12])
(23193, [12])
(23194, [12])
(23195, [12])
(23196, [12])
(23197, [12])
(23198, [12])
(23199, [12])
(23200, [12])
(23201, [12])
(23202, [12])
(23203, [12])
(23204, [12])
(23205, [12])
(23206, [12])
(23207, [12])
(23208, [12])
(23209, [12])
(23210, [12])
(23211, [12])
(23212, [12])
(23213, [12])
(23214, [12])
(23215, [12])
(23216, [12])
(23217, [12])
(23218, [12])
(23219, [12])
(23220, [12])
(23221, [12])
(23222, [12])
(23223, [12])
(23224, [12])
(23225, [12])
(23226, [12])
(23227, [12])
(23228, [12])
(23229, [12])
(23230, [12])
(23231, [12])
(23232, [12])
(23233, [12])
(23234, [12])
(23235, [12])
(23236, [12])
(23237, [12])
(23238, [12])
(23239, [12])
(23240, [12])
(23241, [12])
(23242, [12])
(23243, [12])
(23244, [12])
(23245, [12])
(23246, [12])
(23247, [12])
(23248, [12])
(23249, [12])
(23250, [12])
(23251, [40])
(23252, [40])
(23253, [40])
(23254, [40])
(23255, [40])
(23256, [40])
(23257, [2])
(23258, [2])
(23259, [2])
(23260, [2])
(23261, [2])
(23262, [2])
(23263, [2])
(23264, [2])
(23265, [2])
(23266, [2, 22])
(23267, [2])
(23268, [2])
(23269, [2])
(23270, [2])
(23271, [2])
(23272, [2])
(23273, [2])
(23274, [2])
(23275, [2])
(23276, [2, 14])
(23277, [2])
(23278, [2])
(23279, [2])
(23280, [2])
(23281, [2])
(23282, [2])
(23283, [2])
(23284, [2])
(23285, [2])
(23286, [2])
(23287, [2])
(23288, [2])
(23289, [2])
(23290, [2])
(23291, [2])
(23292, [2])
(23293, [2])
(23294, [2])
(23295, [2])
(23296, [2])
(23297, [2])
(23298, [2])
(23299, [2])
(23300, [2])
(23301, [2])
(23302, [2])
(23303, [2])
(23304, [2])
(23305, [2])
(23306, [2])
(23307, [2])
(23308, [2])
(23309, [2])
(23310, [2])
(23311, [2])
(23312, [2])
(23313, [2])
(23314, [2])
(23315, [2])
(23316, [2])
(23317, [2])
(23318, [2])
(23319, [2])
(23320, [2])
(23321, [2])
(23322, [2])
(23323, [2])
(23324, [2])
(23325, [2])
(23326, [2])
(23327, [2])
(23328, [2])
(23329, [2])
(23330, [13])
(23331, [13])
(23332, [5])
(23333, [5])
(23334, [5])
(23335, [5])
(23336, [5])
(23337, [5])
(23338, [14])
(23339, [14])
(23340, [14])
(23341, [14])
(23342, [14])
(23343, [14])
(23344, [14])
(23345, [14])
(23346, [14])
(23347, [14])
(23348, [14])
(23349, [14])
(23350, [14])
(23351, [14])
(23352, [14])
(23353, [14])
(23354, [14])
(23355, [14])
(23356, [22])
(23357, [22])
(23358, [22])
(23359, [22])
(23360, [22])
(23361, [22])
(23362, [22])
(23363, [22])
(23364, [22])
(23365, [25])
(23366, [25])
