(57607, [0, 1, 2, 3, 4, 5, 6, 7, 8, 9, 10, 11, 12, 13, 14, 15, 16, 17, 18, 19, 20, 21, 22, 23, 24, 25, 26, 27, 28, 29, 30, 31, 32, 33, 34, 35, 36, 37, 38, 39, 40, 41, 42, 43, 44])
(57608, [2, 8, 15, 17, 18, 21, 23, 32, 35])
(57609, [0, 1, 3, 4, 8, 9, 11, 12, 17, 18, 21, 22, 23, 32, 35, 39, 41, 44])
(57610, [0, 1, 2, 3, 4, 5, 6, 7, 8, 9, 10, 11, 12, 13, 14, 15, 16, 18, 19, 20, 21, 22, 23, 24, 25, 26, 27, 28, 29, 30, 31, 32, 33, 34, 35, 36, 37, 38, 39, 40, 41, 42, 43, 44])
(57611, [0, 1, 2, 3, 4, 5, 6, 7, 8, 9, 10, 11, 12, 13, 14, 15, 16, 17, 18, 19, 20, 21, 22, 23, 24, 25, 26, 27, 28, 29, 30, 31, 32, 33, 34, 35, 36, 37, 38, 39, 40, 41, 42, 43, 44])
(57612, [0, 1, 2, 3, 4, 5, 6, 7, 8, 9, 10, 11, 12, 13, 14, 15, 16, 17, 18, 19, 20, 21, 22, 23, 24, 25, 26, 27, 28, 29, 30, 31, 32, 33, 34, 35, 36, 37, 38, 39, 40, 41, 42, 43, 44])
(57613, [0, 1, 2, 3, 4, 5, 6, 7, 8, 9, 10, 11, 12, 13, 14, 15, 16, 17, 18, 19, 20, 21, 22, 23, 24, 25, 26, 27, 28, 29, 30, 31, 32, 33, 34, 35, 36, 37, 38, 39, 40, 41, 42, 43, 44])
(57614, [32])
(57615, [12, 14, 30, 32, 35])
(57616, [2, 32, 39])
(57617, [0, 1, 2, 3, 4, 5, 6, 7, 8, 9, 10, 11, 12, 13, 14, 15, 16, 17, 18, 19, 20, 21, 22, 23, 24, 26, 27, 28, 30, 31, 32, 33, 34, 35, 37, 38, 39, 40, 41, 42, 43, 44])
(57618, [0, 1, 2, 3, 4, 5, 7, 9, 11, 12, 14, 15, 16, 17, 18, 19, 21, 22, 23, 24, 26, 30, 31, 32, 33, 35, 37, 39, 41, 43, 44])
(57619, [32])
(57620, [0, 1, 2, 3, 4, 5, 6, 7, 8, 9, 10, 11, 12, 13, 14, 15, 16, 17, 18, 19, 21, 22, 23, 24, 25, 26, 27, 28, 29, 30, 31, 32, 33, 34, 35, 36, 37, 38, 39, 40, 41, 42, 43, 44])
(57621, [0, 1, 2, 3, 4, 5, 6, 7, 8, 9, 10, 11, 12, 13, 14, 15, 16, 17, 18, 19, 20, 21, 22, 23, 24, 25, 26, 27, 28, 29, 30, 31, 32, 33, 34, 35, 36, 37, 38, 39, 40, 41, 42, 43, 44])
(57622, [0, 1, 2, 3, 7, 9, 11, 12, 14, 15, 17, 18, 19, 20, 21, 24, 26, 31, 32, 33, 34, 41, 42, 44])
(57623, [1, 3, 8, 10, 11, 12, 15, 22, 23, 27, 31, 32, 33, 34, 37])
(57624, [0, 1, 2, 3, 4, 6, 7, 9, 10, 11, 12, 13, 14, 15, 16, 17, 18, 19, 20, 21, 22, 23, 24, 26, 27, 28, 29, 30, 31, 32, 33, 34, 35, 36, 38, 39, 40, 41, 42, 43, 44])
(57625, [1, 2, 3, 9, 12, 16, 17, 23, 24, 30, 32, 41, 44])
(57626, [2, 6, 9, 12, 13, 14, 15, 18, 19, 20, 23, 26, 27, 30, 31, 32, 33, 34, 36, 38, 44])
(57627, [1, 2, 3, 4, 7, 9, 11, 12, 15, 16, 17, 18, 19, 20, 21, 22, 23, 26, 27, 30, 31, 32, 34, 41, 42, 44])
(57628, [0, 1, 2, 3, 4, 5, 6, 7, 8, 9, 10, 11, 12, 13, 14, 15, 16, 17, 18, 19, 20, 21, 22, 23, 24, 26, 27, 28, 30, 31, 32, 33, 34, 35, 37, 39, 40, 41, 42, 43, 44])
(57629, [1, 2, 3, 4, 5, 6, 8, 9, 11, 12, 13, 14, 15, 16, 17, 18, 19, 20, 22, 23, 24, 26, 27, 30, 31, 32, 33, 34, 35, 41, 42, 43, 44])
(57630, [0, 1, 2, 3, 4, 5, 6, 8, 9, 10, 11, 12, 13, 14, 15, 16, 17, 18, 19, 20, 21, 23, 24, 25, 26, 27, 28, 30, 31, 32, 33, 34, 35, 37, 39, 40, 41, 42, 43, 44])
(57631, [0, 1, 3, 4, 6, 7, 8, 9, 11, 13, 16, 17, 18, 19, 21, 22, 23, 24, 30, 31, 32, 33, 34, 41, 44])
(57632, [0, 1, 2, 4, 5, 9, 12, 13, 15, 23, 24, 30, 31, 32, 34, 40])
(57633, [2, 11, 17, 32, 44])
(57634, [0, 1, 2, 3, 4, 6, 7, 8, 9, 10, 11, 12, 13, 14, 15, 16, 17, 18, 19, 20, 21, 23, 24, 25, 26, 27, 28, 30, 31, 32, 33, 34, 36, 37, 38, 39, 40, 41, 42, 43, 44])
(57635, [1, 2, 3, 4, 6, 7, 9, 10, 11, 12, 13, 14, 15, 16, 18, 19, 20, 21, 23, 24, 25, 26, 27, 28, 30, 31, 32, 34, 35, 38, 40, 41, 43, 44])
(57636, [0, 1, 2, 3, 4, 5, 6, 8, 9, 11, 12, 13, 15, 16, 17, 18, 19, 21, 22, 23, 24, 26, 27, 29, 30, 31, 32, 33, 34, 35, 36, 39, 40, 41, 42, 43, 44])
(57637, [0, 1, 2, 3, 4, 6, 7, 8, 9, 11, 12, 13, 14, 15, 16, 17, 18, 19, 21, 22, 24, 30, 31, 32, 33, 34, 37, 38, 39, 41])
(57638, [0, 1, 2, 3, 4, 9, 11, 12, 15, 16, 17, 19, 21, 22, 30, 31, 32, 34, 42, 43, 44])
(57639, [0, 2, 3, 4, 9, 24, 26, 27, 28, 32, 33, 40, 41])
(57640, [0, 2, 19, 21, 30, 32])
(57641, [27, 32])
(57642, [1, 2, 3, 4, 8, 9, 12, 14, 15, 18, 19, 23, 28, 30, 31, 32, 33, 44])
(57643, [0, 1, 2, 3, 4, 5, 6, 8, 9, 10, 11, 12, 14, 15, 16, 17, 18, 19, 21, 22, 23, 25, 26, 27, 32, 33, 34, 35, 37, 40, 41, 43, 44])
(57644, [1, 2, 3, 9, 10, 11, 12, 15, 16, 17, 18, 22, 23, 28, 32, 33, 41, 44])
(57645, [1, 2, 3, 4, 5, 6, 7, 8, 9, 11, 12, 16, 18, 19, 20, 22, 26, 28, 30, 31, 32, 33, 34, 36, 37, 42, 43, 44])
(57646, [0, 3, 4, 15, 18, 19, 22, 30, 31, 32, 40])
(57647, [0, 3, 4, 11, 23, 26, 32, 39, 43])
(57648, [15, 32, 41])
(57649, [0, 1, 2, 3, 4, 5, 6, 7, 8, 9, 11, 12, 13, 14, 15, 16, 17, 18, 19, 20, 21, 22, 23, 24, 25, 26, 27, 28, 29, 30, 31, 32, 33, 34, 35, 36, 37, 38, 39, 40, 41, 42, 43, 44])
(57650, [1, 2, 3, 4, 5, 6, 7, 8, 9, 10, 11, 12, 13, 14, 15, 16, 17, 18, 19, 20, 21, 22, 23, 26, 27, 28, 29, 30, 31, 32, 33, 35, 36, 37, 39, 40, 41, 43, 44])
(57651, [0, 2, 4, 27, 30, 32, 44])
(57652, [0, 1, 2, 3, 4, 5, 6, 7, 8, 9, 10, 11, 12, 13, 14, 15, 16, 17, 18, 19, 20, 21, 22, 23, 24, 25, 26, 27, 28, 29, 30, 31, 32, 33, 34, 35, 36, 37, 38, 39, 40, 41, 42, 43, 44])
(57653, [1, 2, 3, 7, 9, 11, 12, 13, 15, 16, 19, 20, 24, 26, 31, 32, 33, 34, 40, 41, 44])
(57654, [0, 1, 2, 3, 4, 6, 9, 11, 12, 13, 15, 16, 17, 18, 23, 24, 30, 31, 32, 33, 34, 40, 41, 43])
(57655, [2, 6, 7, 11, 14, 15, 20, 23, 26, 32, 33])
(57656, [1, 3, 5, 7, 8, 9, 11, 12, 13, 15, 17, 18, 19, 20, 21, 22, 23, 26, 28, 30, 31, 32, 33, 34, 35, 38, 43, 44])
(57657, [0, 1, 2, 3, 4, 6, 7, 8, 9, 10, 11, 12, 13, 14, 15, 16, 17, 18, 19, 20, 21, 22, 23, 26, 27, 29, 30, 31, 32, 33, 34, 38, 39, 41, 42, 43, 44])
(57658, [11, 15, 30, 31, 32, 44])
(57659, [1, 3, 5, 11, 12, 19, 26, 31, 32, 40, 41])
(57660, [0, 1, 2, 3, 4, 6, 9, 11, 12, 13, 15, 18, 19, 21, 22, 23, 24, 26, 28, 30, 31, 32, 33, 34, 36, 41, 43, 44])
(57661, [32])
(57662, [15, 18, 19, 32, 41])
(57663, [0, 1, 2, 3, 4, 5, 6, 8, 9, 10, 11, 12, 13, 14, 15, 16, 17, 18, 19, 20, 21, 23, 25, 26, 27, 28, 30, 31, 32, 33, 34, 35, 36, 37, 40, 41, 42, 43, 44])
(57664, [1, 7, 21, 32])
(57665, [0, 4, 15, 31, 32, 43])
(57666, [0, 1, 2, 3, 4, 6, 7, 9, 10, 11, 12, 13, 14, 15, 16, 17, 18, 19, 20, 22, 23, 24, 25, 26, 27, 28, 30, 31, 32, 33, 34, 35, 36, 37, 38, 40, 41, 42, 43, 44])
(57667, [2, 4, 11, 14, 18, 24, 28, 32, 41])
(57668, [0, 1, 2, 3, 4, 6, 7, 8, 9, 10, 11, 12, 13, 15, 16, 17, 18, 19, 20, 21, 22, 23, 24, 26, 29, 30, 31, 32, 33, 34, 37, 40, 41, 43, 44])
(57669, [1, 2, 3, 4, 7, 9, 11, 18, 19, 21, 22, 23, 31, 32, 33, 38, 44])
(57670, [2, 12, 27, 32, 43, 44])
(57671, [2, 3, 4, 6, 9, 11, 12, 14, 15, 18, 19, 20, 23, 24, 26, 27, 28, 30, 32, 33, 34, 36, 37, 40, 43, 44])
(57672, [0, 1, 2, 3, 4, 6, 8, 9, 10, 12, 15, 16, 18, 23, 24, 26, 27, 28, 30, 31, 32, 33, 34, 38, 39, 42, 43, 44])
(57673, [1, 2, 3, 4, 6, 8, 9, 11, 12, 15, 16, 18, 19, 21, 22, 23, 26, 27, 32, 33, 35, 40, 41, 42, 43, 44])
(57674, [1, 3, 4, 5, 6, 10, 11, 12, 13, 15, 18, 21, 22, 23, 30, 31, 32, 44])
(57675, [1, 3, 18, 19, 21, 23, 30, 32, 35])
(57676, [0, 1, 2, 3, 4, 5, 6, 7, 8, 9, 10, 11, 12, 13, 14, 15, 16, 17, 18, 19, 20, 21, 22, 23, 24, 26, 28, 30, 31, 32, 34, 35, 39, 40, 41, 42, 43, 44])
(57677, [15, 32])
(57678, [0, 2, 6, 12, 15, 18, 23, 32, 43])
(57679, [3, 15, 19, 21, 32, 44])
(57680, [1, 2, 3, 14, 18, 19, 28, 30, 32, 41])
(57681, [0, 1, 2, 3, 4, 6, 7, 9, 10, 11, 12, 13, 14, 15, 17, 18, 19, 20, 22, 23, 24, 26, 30, 32, 33, 35, 36, 38, 41, 42, 43, 44])
(57682, [0, 1, 2, 3, 4, 6, 7, 9, 11, 12, 14, 15, 16, 17, 20, 22, 24, 26, 30, 31, 32, 34, 35, 36, 37, 38, 40, 41, 42, 43])
(57683, [1, 8, 12, 15, 16, 18, 23, 32])
(57684, [1, 3, 6, 7, 11, 12, 30, 31, 32, 33, 41])
(57685, [1, 2, 3, 4, 7, 8, 11, 15, 16, 17, 18, 19, 21, 22, 24, 26, 30, 31, 32, 33, 34, 38, 41, 43, 44])
(57686, [0, 1, 13, 21, 22, 24, 26, 31, 32, 38, 41, 44])
(57687, [1, 3, 8, 9, 20, 21, 32, 41, 44])
(57688, [0, 1, 2, 3, 4, 5, 6, 8, 9, 12, 15, 20, 21, 22, 23, 26, 30, 32, 33, 42, 44])
(57689, [6, 12, 15, 18, 32, 43])
(57690, [5, 18, 20, 32, 38])
(57691, [0, 1, 2, 3, 4, 5, 6, 7, 8, 9, 10, 11, 12, 13, 15, 16, 18, 19, 21, 22, 23, 24, 26, 27, 30, 31, 32, 33, 34, 35, 37, 41, 42, 43, 44])
(57692, [0, 4, 6, 8, 12, 15, 30, 32, 33, 34, 39, 43])
(57693, [0, 1, 2, 3, 11, 12, 30, 32, 34, 44])
(57694, [1, 3, 4, 6, 22, 23, 24, 31, 32, 40, 41, 43])
(57695, [2, 3, 4, 9, 15, 17, 30, 32, 33, 34, 35, 40, 41, 43, 44])
(57696, [4, 14, 32])
(57697, [32])
(57698, [9, 11, 15, 18, 23, 29, 30, 31, 32, 33, 34, 41, 44])
(57699, [1, 2, 3, 6, 11, 15, 17, 20, 31, 32, 35, 44])
(57700, [0, 2, 4, 9, 14, 15, 20, 27, 31, 32, 34, 40, 43])
(57701, [0, 1, 2, 3, 4, 5, 6, 7, 8, 9, 10, 11, 12, 14, 15, 16, 17, 18, 19, 20, 21, 22, 23, 24, 26, 28, 29, 30, 31, 32, 33, 34, 35, 36, 37, 38, 39, 41, 42, 43, 44])
(57702, [19, 24, 31, 32, 33, 44])
(57703, [32])
(57704, [12, 31, 32, 33])
(57705, [6, 15, 17, 18, 22, 23, 31, 32, 34, 43])
(57706, [3, 10, 11, 20, 32, 33, 34, 38])
(57707, [1, 3, 15, 18, 21, 26, 31, 32, 35, 43])
(57708, [0, 3, 8, 9, 18, 20, 23, 24, 26, 30, 31, 32, 33, 34, 44])
(57709, [4, 11, 15, 19, 22, 24, 25, 31, 32, 33, 34, 43])
(57710, [0, 1, 2, 3, 5, 6, 8, 9, 12, 19, 23, 32, 34, 35, 37, 39, 42, 43, 44])
(57711, [1, 2, 32, 41])
(57712, [0, 1, 2, 3, 4, 6, 7, 11, 12, 13, 15, 16, 18, 19, 20, 21, 23, 24, 26, 30, 31, 32, 33, 34, 35, 36, 40, 41, 43, 44])
(57713, [0, 1, 2, 4, 6, 12, 15, 18, 20, 31, 32, 33, 36, 44])
(57714, [32])
(57715, [0, 1, 2, 3, 4, 10, 11, 12, 13, 14, 15, 18, 19, 20, 21, 24, 26, 27, 28, 30, 31, 32, 33, 35, 41, 43, 44])
(57716, [1, 3, 4, 6, 8, 9, 11, 12, 15, 16, 18, 19, 20, 21, 22, 23, 24, 30, 31, 32, 33, 34, 35, 36, 37, 39, 43, 44])
(57717, [2, 3, 6, 9, 11, 12, 15, 31, 32, 33, 34, 43])
(57718, [0, 1, 2, 3, 6, 7, 9, 10, 11, 12, 13, 16, 17, 18, 20, 23, 26, 27, 28, 32, 33, 34, 35, 37, 40, 41, 43, 44])
(57719, [32, 33])
(57720, [1, 3, 4, 7, 16, 17, 18, 19, 21, 23, 30, 31, 32, 33, 34, 36, 42])
(57721, [0, 1, 2, 3, 4, 7, 12, 13, 14, 19, 21, 22, 23, 35])
(57722, [2, 21, 35])
(57723, [1, 2, 3, 4, 7, 9, 11, 12, 13, 14, 15, 17, 18, 20, 22, 23, 24, 30, 31, 33, 34, 35, 37, 40, 41, 42, 44])
(57724, [35])
(57725, [2, 24, 31, 35, 43])
(57726, [0, 1, 2, 3, 4, 6, 7, 9, 10, 11, 14, 15, 16, 17, 18, 19, 20, 21, 22, 23, 24, 26, 28, 33, 35, 36, 41, 42, 44])
(57727, [0, 1, 2, 3, 7, 12, 13, 14, 17, 18, 20, 21, 26, 34, 35, 44])
(57728, [11, 20, 22, 29, 35, 43])
(57729, [0, 1, 3, 5, 6, 8, 9, 15, 17, 18, 19, 23, 26, 30, 31, 33, 34, 35, 37, 43, 44])
(57730, [8, 15, 18, 23, 35])
(57731, [35])
(57732, [35])
(57733, [0, 3, 6, 20, 35, 38])
(57734, [1, 19, 26, 35])
(57735, [0, 2, 6, 7, 8, 9, 10, 11, 12, 14, 18, 23, 26, 27, 31, 33, 35, 36, 37, 41, 43, 44])
(57736, [35])
(57737, [1, 2, 3, 6, 15, 16, 17, 19, 21, 23, 27, 35, 38, 42, 43, 44])
(57738, [1, 2, 10, 35])
(57739, [1, 3, 21, 31, 35])
(57740, [1, 2, 3, 6, 9, 11, 15, 16, 17, 18, 22, 23, 31, 33, 35, 40, 41])
(57741, [35])
(57742, [35])
(57743, [9, 10, 35])
(57744, [35])
(57745, [1, 3, 8, 23, 34, 35])
(57746, [0, 1, 3, 19, 22, 30, 33, 35, 44])
(57747, [0, 2, 3, 4, 9, 11, 14, 15, 16, 17, 18, 26, 35, 36, 43, 44])
(57748, [8, 12, 14, 15, 16, 18, 21, 22, 23, 31, 35, 41, 43])
(57749, [0, 1, 2, 3, 4, 9, 11, 12, 14, 16, 17, 18, 20, 21, 23, 26, 31, 33, 35, 43])
(57750, [2, 3, 9, 12, 17, 19, 22, 33, 35, 44])
(57751, [35])
(57752, [1, 2, 3, 4, 6, 11, 16, 19, 21, 23, 24, 35])
(57753, [35])
(57754, [3, 6, 8, 18, 19, 23, 29, 35, 39])
(57755, [3, 4, 12, 15, 16, 18, 23, 35, 43])
(57756, [0, 1, 2, 3, 4, 6, 7, 9, 11, 13, 15, 26, 30, 33, 34, 35, 40, 41, 43])
(57757, [35])
(57758, [34])
(57759, [34])
(57760, [0, 2, 3, 4, 8, 9, 13, 23, 26, 30, 34, 44])
(57761, [0, 1, 2, 4, 6, 9, 17, 18, 19, 20, 24, 26, 34, 41, 43])
(57762, [33, 34])
(57763, [1, 2, 3, 4, 9, 11, 14, 15, 17, 19, 21, 26, 34, 40, 43, 44])
(57764, [1, 17, 26, 34])
(57765, [2, 4, 14, 15, 34])
(57766, [34])
(57767, [1, 3, 6, 12, 18, 19, 21, 22, 23, 34, 39, 41, 44])
(57768, [2, 11, 34])
(57769, [1, 2, 3, 19, 30, 31, 33, 34])
(57770, [3, 6, 17, 34])
(57771, [34])
(57772, [0, 1, 2, 3, 9, 10, 11, 12, 13, 15, 16, 17, 18, 19, 20, 21, 24, 27, 28, 30, 31, 33, 34, 36, 39, 40, 41, 44])
(57773, [0, 2, 3, 4, 6, 7, 11, 14, 15, 16, 17, 19, 20, 24, 25, 26, 28, 33, 34, 39, 40, 41, 44])
(57774, [3, 11, 34])
(57775, [3, 11, 18, 34, 41])
(57776, [1, 2, 4, 11, 15, 16, 19, 26, 33, 34, 40])
(57777, [0, 1, 2, 3, 7, 11, 18, 19, 23, 26, 30, 34, 40])
(57778, [0, 2, 4, 9, 11, 12, 13, 15, 16, 18, 33, 34, 41, 43])
(57779, [4, 28, 34])
(57780, [2, 15, 23, 34, 39])
(57781, [1, 2, 3, 14, 15, 18, 21, 23, 30, 31, 33, 34, 44])
(57782, [1, 3, 12, 15, 16, 20, 21, 23, 30, 33, 34])
(57783, [0, 2, 3, 4, 9, 11, 13, 26, 31, 34, 36, 41])
(57784, [0, 1, 2, 3, 9, 12, 15, 16, 19, 23, 27, 31, 34, 37, 41, 43])
(57785, [2, 4, 11, 34])
(57786, [34])
(57787, [19, 30, 33, 34, 41])
(57788, [1, 3, 11, 18, 23, 30, 34])
(57789, [2, 9, 12, 14, 19, 20, 34, 44])
(57790, [6, 12, 18, 27, 31, 33, 34, 41])
(57791, [1, 2, 3, 4, 6, 7, 11, 19, 20, 31, 33, 34, 39, 41, 44])
(57792, [0, 21, 34, 39])
(57793, [34])
(57794, [9, 12, 23, 34])
(57795, [30, 34])
(57796, [7, 34])
(57797, [3, 12, 19, 21, 34])
(57798, [34])
(57799, [2, 4, 8, 14, 16, 23, 34, 39, 43])
(57800, [34])
(57801, [34])
(57802, [0, 1, 2, 3, 5, 6, 8, 10, 15, 19, 20, 22, 23, 26, 30, 34, 41, 42, 43, 44])
(57803, [1, 3, 7, 9, 16, 20, 26, 31, 34, 41])
(57804, [34])
(57805, [4, 9, 12, 15, 34])
(57806, [1, 18, 21, 23, 33, 34, 44])
(57807, [34])
(57808, [2, 11, 12, 13, 21, 24, 26, 34, 44])
(57809, [34])
(57810, [0, 1, 2, 4, 9, 11, 12, 13, 18, 24, 34, 42, 44])
(57811, [34])
(57812, [34])
(57813, [0, 1, 6, 17, 34])
(57814, [34])
(57815, [3, 7, 11, 20, 26, 34])
(57816, [3, 11, 26, 31, 34])
(57817, [0, 1, 3, 7, 8, 9, 10, 11, 16, 19, 20, 21, 23, 30, 33, 34, 37, 38, 41, 42, 43, 44])
(57818, [0, 1, 2, 3, 4, 6, 7, 9, 10, 11, 12, 13, 14, 15, 18, 19, 20, 24, 26, 33, 34, 36, 38, 39, 40, 41, 43, 44])
(57819, [1, 2, 15, 17, 23, 31, 34, 43])
(57820, [0, 12, 34])
(57821, [34, 43])
(57822, [0, 14, 34])
(57823, [27, 34])
(57824, [33])
(57825, [2, 3, 5, 8, 18, 21, 23, 25, 30, 33, 40])
(57826, [33])
(57827, [17, 33])
(57828, [33])
(57829, [1, 3, 11, 15, 16, 17, 19, 21, 26, 31, 33, 43, 44])
(57830, [15, 18, 23, 33])
(57831, [0, 22, 30, 31, 33, 44])
(57832, [11, 33])
(57833, [33])
(57834, [33])
(57835, [1, 33])
(57836, [0, 3, 4, 6, 9, 11, 12, 20, 26, 30, 33, 36, 37, 44])
(57837, [33])
(57838, [2, 14, 17, 18, 33, 36, 40])
(57839, [2, 6, 9, 18, 19, 33])
(57840, [33])
(57841, [33])
(57842, [0, 1, 2, 3, 10, 16, 20, 22, 23, 24, 26, 31, 33, 40, 41, 43, 44])
(57843, [2, 9, 15, 23, 24, 26, 31, 33, 40, 41, 44])
(57844, [33])
(57845, [1, 21, 33])
(57846, [21, 22, 33])
(57847, [2, 12, 33, 42])
(57848, [0, 1, 3, 11, 18, 21, 22, 27, 29, 30, 33, 42])
(57849, [2, 6, 16, 17, 18, 26, 31, 33])
(57850, [0, 1, 2, 3, 4, 12, 13, 14, 16, 19, 21, 33, 41, 42, 44])
(57851, [33])
(57852, [14, 33])
(57853, [33])
(57854, [0, 1, 2, 3, 4, 8, 9, 11, 12, 13, 16, 19, 20, 21, 23, 26, 28, 30, 31, 33, 40, 41, 42, 43, 44])
(57855, [0, 2, 4, 6, 11, 12, 13, 15, 19, 26, 33, 41, 44])
(57856, [0, 4, 9, 12, 14, 15, 24, 33, 43])
(57857, [0, 2, 9, 11, 17, 20, 26, 33])
(57858, [1, 7, 9, 23, 31, 33])
(57859, [0, 11, 12, 33])
(57860, [12, 23, 33])
(57861, [0, 1, 2, 3, 4, 7, 9, 11, 12, 18, 19, 21, 23, 26, 30, 31, 33, 37, 39, 43, 44])
(57862, [33])
(57863, [33])
(57864, [33])
(57865, [0, 2, 4, 9, 11, 18, 30, 31, 33, 37, 41, 43])
(57866, [1, 3, 8, 11, 22, 33])
(57867, [1, 2, 3, 4, 6, 13, 15, 19, 20, 21, 23, 31, 33, 44])
(57868, [1, 3, 6, 22, 30, 33, 44])
(57869, [1, 2, 3, 4, 5, 6, 7, 9, 11, 13, 15, 16, 17, 18, 19, 21, 22, 24, 29, 30, 31, 33, 42, 43])
(57870, [33])
(57871, [0, 1, 12, 33])
(57872, [0, 9, 11, 19, 20, 25, 30, 31, 43])
(57873, [3, 20, 23])
(57874, [20, 40, 41])
(57875, [20])
(57876, [20])
(57877, [0, 7, 20])
(57878, [20])
(57879, [1, 9, 20, 23, 31, 37])
(57880, [20])
(57881, [3, 11, 12, 20, 43])
(57882, [20])
(57883, [0, 20])
(57884, [0, 7, 20])
(57885, [0, 1, 3, 6, 12, 16, 18, 19, 20, 26, 39])
(57886, [20])
(57887, [0, 3, 8, 9, 11, 12, 20, 21, 44])
(57888, [0, 20])
(57889, [20, 26])
(57890, [20])
(57891, [0, 2, 11, 17, 20, 36, 43])
(57892, [11, 12, 20, 29])
(57893, [1, 3, 7, 8, 9, 11, 12, 18, 20, 22, 27, 42, 44])
(57894, [20])
(57895, [0, 20])
(57896, [18])
(57897, [18])
(57898, [0, 1, 3, 8, 18, 19, 21, 29, 30, 44])
(57899, [18])
(57900, [18, 19, 29])
(57901, [18])
(57902, [1, 2, 18, 27, 30, 40, 41])
(57903, [0, 1, 2, 3, 4, 6, 9, 11, 13, 15, 18, 19, 21, 22, 26, 38, 40, 41])
(57904, [18, 19, 21])
(57905, [18])
(57906, [18])
(57907, [2, 18, 23, 43])
(57908, [8, 18])
(57909, [2, 11, 18, 26, 41, 43])
(57910, [0, 2, 3, 4, 6, 16, 18, 21, 23, 39, 42, 43])
(57911, [2, 4, 18, 44])
(57912, [1, 8, 17, 18, 19, 21])
(57913, [1, 3, 18])
(57914, [1, 3, 4, 7, 11, 12, 17, 18, 19, 21, 23, 41, 43, 44])
(57915, [1, 2, 7, 18, 21, 22, 30])
(57916, [0, 2, 11, 12, 17, 18])
(57917, [2, 12, 18, 40, 41])
(57918, [18])
(57919, [12, 18, 23])
(57920, [1, 2, 18, 19, 22, 43])
(57921, [2, 7, 17, 18, 28, 41])
(57922, [3, 15, 18, 23])
(57923, [0, 2, 9, 13, 17, 18, 19, 26, 31])
(57924, [0, 2, 17, 18, 22, 30])
(57925, [1, 3, 9, 18, 24])
(57926, [18])
(57927, [0, 1, 2, 3, 18, 21, 22, 30, 31, 38, 39, 44])
(57928, [1, 3, 6, 15, 18, 23, 41])
(57929, [11, 15, 18, 23])
(57930, [18])
(57931, [4, 18])
(57932, [0, 18, 21])
(57933, [6, 18])
(57934, [18])
(57935, [0, 17, 18, 22, 26])
(57936, [2, 15, 18, 23, 27, 43])
(57937, [18])
(57938, [18, 21, 22])
(57939, [18])
(57940, [18])
(57941, [18])
(57942, [18])
(57943, [18])
(57944, [18])
(57945, [18])
(57946, [3, 12, 18, 23])
(57947, [18])
(57948, [2, 3, 4, 18, 19, 26, 44])
(57949, [1, 15, 18, 19, 23])
(57950, [18])
(57951, [18])
(57952, [0, 1, 2, 3, 4, 6, 7, 10, 11, 12, 14, 15, 17, 18, 19, 23, 26, 28, 30, 31, 36, 42, 43, 44])
(57953, [18])
(57954, [18])
(57955, [18])
(57956, [18, 24])
(57957, [18])
(57958, [18])
(57959, [18])
(57960, [9, 11, 12, 18, 21, 26, 30])
(57961, [18])
(57962, [18])
(57963, [18])
(57964, [3, 5, 7, 8, 15, 18, 21])
(57965, [18])
(57966, [18])
(57967, [18])
(57968, [3, 18])
(57969, [18, 23])
(57970, [18])
(57971, [18, 23])
(57972, [18])
(57973, [18])
(57974, [18])
(57975, [15, 18, 36])
(57976, [18])
(57977, [18])
(57978, [18])
(57979, [18])
(57980, [2, 3, 4, 6, 7, 9, 12, 13, 18, 19, 26, 43, 44])
(57981, [18, 41])
(57982, [1, 2, 3, 4, 18, 36])
(57983, [18])
(57984, [3, 18, 19, 21])
(57985, [10, 11, 12, 14, 18])
(57986, [18])
(57987, [18])
(57988, [27])
(57989, [27])
(57990, [27])
(57991, [27])
(57992, [27])
(57993, [27])
(57994, [1, 2, 4, 7, 15, 26, 27, 40, 43])
(57995, [27])
(57996, [0, 2, 3, 6, 9, 12, 16, 19, 25, 27, 37, 39, 40, 41, 42])
(57997, [27])
(57998, [15, 21, 27, 44])
(57999, [9, 31])
(58000, [9])
(58001, [0, 8, 9, 23, 28, 30, 31, 44])
(58002, [9])
(58003, [9])
(58004, [0, 1, 2, 3, 8, 9, 17, 23, 28])
(58005, [8, 9, 23, 28])
(58006, [1, 2, 3, 9, 16, 26, 41, 43])
(58007, [3, 9, 10, 11, 16, 21, 23])
(58008, [9, 16])
(58009, [3, 9, 12])
(58010, [9, 17, 19])
(58011, [0, 1, 3, 9, 11, 12, 21, 44])
(58012, [9])
(58013, [1, 2, 9, 19, 22, 24, 43, 44])
(58014, [9])
(58015, [1, 2, 4, 6, 9, 11, 12, 17, 19, 23, 26, 30, 31, 40, 43, 44])
(58016, [9])
(58017, [9, 16])
(58018, [9, 11])
(58019, [9])
(58020, [1, 3, 9, 11, 15, 16, 19, 30, 31, 43])
(58021, [9])
(58022, [4, 9, 12, 23, 30, 36, 41, 43])
(58023, [9])
(58024, [1, 3, 8, 9, 12, 21, 31, 42])
(58025, [9, 23])
(58026, [1, 3, 7, 9, 11])
(58027, [9])
(58028, [9])
(58029, [9])
(58030, [9, 10, 37, 39])
(58031, [9, 14])
(58032, [9])
(58033, [9])
(58034, [9])
(58035, [2, 9, 23])
(58036, [9])
(58037, [9])
(58038, [0, 9, 23, 26, 30])
(58039, [9, 16])
(58040, [9, 21])
(58041, [9, 12, 38])
(58042, [9])
(58043, [9])
(58044, [9])
(58045, [4, 9, 15, 43])
(58046, [2, 9, 15, 19, 26, 30, 43])
(58047, [0])
(58048, [0])
(58049, [0])
(58050, [0, 2, 6, 12, 26, 41])
(58051, [0, 12])
(58052, [0])
(58053, [0])
(58054, [0])
(58055, [0])
(58056, [0])
(58057, [0])
(58058, [0])
(58059, [0])
(58060, [0])
(58061, [0])
(58062, [0, 1, 12, 15, 19, 41])
(58063, [0])
(58064, [0])
(58065, [0])
(58066, [0])
(58067, [0])
(58068, [0])
(58069, [0, 12])
(58070, [0])
(58071, [0])
(58072, [0])
(58073, [0])
(58074, [0])
(58075, [0, 36])
(58076, [0, 12, 21])
(58077, [0, 1, 12, 19, 21])
(58078, [0])
(58079, [0])
(58080, [0])
(58081, [0])
(58082, [0])
(58083, [0])
(58084, [0, 1, 2, 3, 12, 19, 21, 24])
(58085, [0])
(58086, [0])
(58087, [0])
(58088, [0])
(58089, [0])
(58090, [0])
(58091, [0])
(58092, [0])
(58093, [0])
(58094, [0])
(58095, [0])
(58096, [0])
(58097, [0])
(58098, [0])
(58099, [0])
(58100, [0])
(58101, [0])
(58102, [0])
(58103, [0])
(58104, [0])
(58105, [0])
(58106, [0])
(58107, [0])
(58108, [0])
(58109, [0])
(58110, [0, 2, 3])
(58111, [0])
(58112, [0])
(58113, [0])
(58114, [0])
(58115, [0])
(58116, [0])
(58117, [0])
(58118, [0])
(58119, [0])
(58120, [0])
(58121, [0])
(58122, [0])
(58123, [0])
(58124, [0, 12])
(58125, [0])
(58126, [0, 12])
(58127, [0, 2, 11, 19, 24, 26])
(58128, [0])
(58129, [0])
(58130, [0])
(58131, [0, 12])
(58132, [0])
(58133, [0])
(58134, [0])
(58135, [0])
(58136, [0])
(58137, [0])
(58138, [0])
(58139, [0])
(58140, [0])
(58141, [0, 2])
(58142, [0])
(58143, [0])
(58144, [0])
(58145, [0])
(58146, [0])
(58147, [0])
(58148, [0])
(58149, [0])
(58150, [0, 12])
(58151, [0])
(58152, [0])
(58153, [0])
(58154, [0, 10, 12])
(58155, [0])
(58156, [0])
(58157, [0])
(58158, [0])
(58159, [0])
(58160, [0])
(58161, [0])
(58162, [0])
(58163, [0, 30])
(58164, [0])
(58165, [0])
(58166, [0])
(58167, [0])
(58168, [0])
(58169, [0])
(58170, [0])
(58171, [0])
(58172, [0])
(58173, [0])
(58174, [0])
(58175, [0])
(58176, [0])
(58177, [0])
(58178, [0, 1])
(58179, [0])
(58180, [0])
(58181, [0])
(58182, [0])
(58183, [0])
(58184, [0])
(58185, [0])
(58186, [0])
(58187, [0])
(58188, [0])
(58189, [0])
(58190, [0])
(58191, [0])
(58192, [0])
(58193, [0, 3, 7])
(58194, [0])
(58195, [0])
(58196, [0])
(58197, [0])
(58198, [0, 1, 8, 31])
(58199, [0])
(58200, [0])
(58201, [0])
(58202, [0])
(58203, [0, 23])
(58204, [0, 2, 6, 12])
(58205, [0])
(58206, [0])
(58207, [0])
(58208, [0])
(58209, [0])
(58210, [0])
(58211, [0, 1, 11, 21, 26, 36, 41, 44])
(58212, [0])
(58213, [0])
(58214, [0])
(58215, [0])
(58216, [0, 12])
(58217, [0])
(58218, [0])
(58219, [0])
(58220, [0])
(58221, [0])
(58222, [0])
(58223, [0])
(58224, [0])
(58225, [0])
(58226, [0])
(58227, [0])
(58228, [0])
(58229, [0])
(58230, [0, 19, 43])
(58231, [0])
(58232, [0])
(58233, [0, 1, 31])
(58234, [0])
(58235, [0])
(58236, [0, 31])
(58237, [0])
(58238, [0])
(58239, [0])
(58240, [0])
(58241, [0, 12, 31])
(58242, [0])
(58243, [0, 8, 11, 12, 21])
(58244, [0, 19, 22])
(58245, [0])
(58246, [0])
(58247, [0])
(58248, [0, 23])
(58249, [0, 40])
(58250, [0])
(58251, [0])
(58252, [0])
(58253, [0])
(58254, [0])
(58255, [0])
(58256, [0, 26])
(58257, [0])
(58258, [0])
(58259, [0, 12])
(58260, [0])
(58261, [0])
(58262, [0])
(58263, [0])
(58264, [0])
(58265, [0])
(58266, [0])
(58267, [0])
(58268, [0])
(58269, [0])
(58270, [0])
(58271, [0])
(58272, [0])
(58273, [0])
(58274, [0])
(58275, [0, 1, 3])
(58276, [0, 12])
(58277, [0])
(58278, [0, 12])
(58279, [0, 3, 28])
(58280, [0])
(58281, [0])
(58282, [0])
(58283, [0])
(58284, [0])
(58285, [0])
(58286, [0])
(58287, [0])
(58288, [0])
(58289, [0])
(58290, [0])
(58291, [0])
(58292, [0])
(58293, [11])
(58294, [2, 8, 11, 41, 43])
(58295, [11])
(58296, [11])
(58297, [11])
(58298, [11])
(58299, [11, 12, 15])
(58300, [1, 2, 3, 4, 8, 11, 12, 19, 21, 22, 23, 29, 43, 44])
(58301, [1, 2, 6, 11, 12])
(58302, [11])
(58303, [11])
(58304, [1, 3, 11, 12, 19, 24, 31])
(58305, [11])
(58306, [3, 6, 11, 31])
(58307, [11, 26])
(58308, [3, 11])
(58309, [11])
(58310, [11])
(58311, [11])
(58312, [11])
(58313, [11, 41])
(58314, [11])
(58315, [2, 6, 11, 17, 19, 43, 44])
(58316, [11, 12, 37, 44])
(58317, [11])
(58318, [2, 11])
(58319, [11])
(58320, [11])
(58321, [11, 38])
(58322, [4, 11])
(58323, [11])
(58324, [1, 3, 11, 30, 31])
(58325, [11, 17, 41])
(58326, [7])
(58327, [1, 3, 7, 13, 23])
(58328, [7])
(58329, [7, 24, 41])
(58330, [1, 3, 7])
(58331, [7])
(58332, [7])
(58333, [7, 12, 21])
(58334, [7])
(58335, [2, 7, 12, 15, 36, 43])
(58336, [7, 31])
(58337, [7])
(58338, [2, 6, 7, 17, 43])
(58339, [7])
(58340, [7])
(58341, [7])
(58342, [1, 21, 29])
(58343, [1, 19, 29, 38])
(58344, [1, 24, 29])
(58345, [16])
(58346, [16])
(58347, [16])
(58348, [16])
(58349, [16])
(58350, [16])
(58351, [16])
(58352, [16])
(58353, [16])
(58354, [16, 17, 22])
(58355, [16])
(58356, [16])
(58357, [16])
(58358, [16])
(58359, [2, 42, 43])
(58360, [42])
(58361, [2, 19, 42])
(58362, [6])
(58363, [3, 6, 43])
(58364, [6])
(58365, [1, 2, 3, 6, 21, 31, 41, 43])
(58366, [6])
(58367, [6])
(58368, [6, 31])
(58369, [6, 8, 43])
(58370, [6])
(58371, [3, 6, 14])
(58372, [2, 4, 6, 14, 26, 39])
(58373, [4, 6])
(58374, [6, 19, 24])
(58375, [6])
(58376, [6])
(58377, [6, 26])
(58378, [1, 3, 6, 31, 41, 43, 44])
(58379, [6])
(58380, [6])
(58381, [6, 41, 44])
(58382, [1, 2, 6])
(58383, [28])
(58384, [3, 21, 28])
(58385, [28])
(58386, [2, 28, 41])
(58387, [28])
(58388, [17])
(58389, [17])
(58390, [17])
(58391, [1, 3, 10, 17, 31])
(58392, [14, 17])
(58393, [1, 3, 5, 12, 17])
(58394, [17])
(58395, [17, 19, 21, 22])
(58396, [17])
(58397, [17, 19, 21, 30, 39])
(58398, [17, 26, 43])
(58399, [17, 25])
(58400, [2, 4, 17])
(58401, [17, 22])
(58402, [17])
(58403, [2, 17])
(58404, [2, 14, 17, 24, 30, 43])
(58405, [17])
(58406, [17])
(58407, [17])
(58408, [17])
(58409, [17])
(58410, [17, 31])
(58411, [1])
(58412, [1, 8])
(58413, [1, 39])
(58414, [1, 4])
(58415, [1, 3])
(58416, [1, 3, 30])
(58417, [1])
(58418, [1, 21])
(58419, [1])
(58420, [1])
(58421, [1, 3, 4, 12, 23])
(58422, [1])
(58423, [1])
(58424, [1])
(58425, [1, 19])
(58426, [1])
(58427, [1, 3, 12, 23, 31])
(58428, [1])
(58429, [1])
(58430, [1])
(58431, [1, 3, 4])
(58432, [1])
(58433, [1, 3])
(58434, [1])
(58435, [1, 3, 19])
(58436, [1])
(58437, [1])
(58438, [1])
(58439, [1])
(58440, [1])
(58441, [1, 3, 30, 43])
(58442, [1])
(58443, [1])
(58444, [1])
(58445, [1])
(58446, [1, 3, 21, 23, 39])
(58447, [1])
(58448, [1])
(58449, [1, 2, 40])
(58450, [3, 10])
(58451, [10])
(58452, [10])
(58453, [10])
(58454, [10])
(58455, [10])
(58456, [10])
(58457, [10])
(58458, [10])
(58459, [10])
(58460, [10])
(58461, [10])
(58462, [19])
(58463, [2, 3, 4, 5, 8, 15, 19, 21, 23, 37, 40, 41])
(58464, [19])
(58465, [19])
(58466, [19])
(58467, [19])
(58468, [12, 19])
(58469, [19])
(58470, [2, 19, 31, 43])
(58471, [15, 19, 43])
(58472, [4, 19, 25, 40])
(58473, [19])
(58474, [3, 15, 19, 43])
(58475, [19])
(58476, [19])
(58477, [19])
(58478, [8, 19])
(58479, [19])
(58480, [19, 21, 30])
(58481, [19])
(58482, [19, 43])
(58483, [19])
(58484, [19])
(58485, [2, 19, 44])
(58486, [15, 24, 26, 30])
(58487, [26])
(58488, [26])
(58489, [13, 26])
(58490, [26])
(58491, [14, 26, 41])
(58492, [26])
(58493, [26, 31])
(58494, [26])
(58495, [26])
(58496, [26])
(58497, [26])
(58498, [26])
(58499, [26])
(58500, [26])
(58501, [2, 26, 43])
(58502, [26])
(58503, [26])
(58504, [26])
(58505, [26])
(58506, [5, 8])
(58507, [8])
(58508, [5, 8])
(58509, [8])
(58510, [8])
(58511, [8])
(58512, [8])
(58513, [8])
(58514, [8])
(58515, [8])
(58516, [5, 8])
(58517, [8])
(58518, [8])
(58519, [8])
(58520, [8])
(58521, [8])
(58522, [8])
(58523, [8])
(58524, [8])
(58525, [8])
(58526, [8])
(58527, [3, 21])
(58528, [21])
(58529, [21])
(58530, [21])
(58531, [21])
(58532, [21])
(58533, [21])
(58534, [21])
(58535, [21])
(58536, [21])
(58537, [21, 43])
(58538, [21])
(58539, [21])
(58540, [3, 21, 39])
(58541, [21])
(58542, [21, 39])
(58543, [21])
(58544, [21])
(58545, [21])
(58546, [21])
(58547, [21])
(58548, [15, 21])
(58549, [15, 21])
(58550, [21])
(58551, [21])
(58552, [21])
(58553, [21])
(58554, [21])
(58555, [21])
(58556, [21])
(58557, [21])
(58558, [21])
(58559, [21])
(58560, [21])
(58561, [44])
(58562, [44])
(58563, [30, 43, 44])
(58564, [13, 44])
(58565, [44])
(58566, [44])
(58567, [44])
(58568, [44])
(58569, [44])
(58570, [44])
(58571, [44])
(58572, [3, 43, 44])
(58573, [44])
(58574, [44])
(58575, [43])
(58576, [43])
(58577, [43])
(58578, [43])
(58579, [43])
(58580, [43])
(58581, [43])
(58582, [43])
(58583, [43])
(58584, [4, 43])
(58585, [2, 4, 14, 15, 24, 36, 39, 40, 41, 43])
(58586, [43])
(58587, [13, 43])
(58588, [23, 43])
(58589, [43])
(58590, [43])
(58591, [24, 43])
(58592, [2, 23, 43])
(58593, [43])
(58594, [43])
(58595, [43])
(58596, [43])
(58597, [43])
(58598, [43])
(58599, [3, 38, 43])
(58600, [2, 43])
(58601, [43])
(58602, [43])
(58603, [43])
(58604, [43])
(58605, [43])
(58606, [43])
(58607, [38])
(58608, [2, 38])
(58609, [36])
(58610, [36])
(58611, [36])
(58612, [36])
(58613, [36])
(58614, [36])
(58615, [36])
(58616, [14, 36, 40])
(58617, [36])
(58618, [36])
(58619, [36])
(58620, [36])
(58621, [36])
(58622, [36])
(58623, [36])
(58624, [36])
(58625, [36])
(58626, [36])
(58627, [36])
(58628, [36])
(58629, [36])
(58630, [36])
(58631, [2, 36])
(58632, [36])
(58633, [36])
(58634, [36])
(58635, [36])
(58636, [12, 36])
(58637, [36])
(58638, [31])
(58639, [31])
(58640, [31])
(58641, [31])
(58642, [31])
(58643, [15, 31, 41])
(58644, [2, 3, 13, 31])
(58645, [30, 31])
(58646, [12, 31])
(58647, [31])
(58648, [30])
(58649, [30])
(58650, [30])
(58651, [30])
(58652, [30])
(58653, [30])
(58654, [30])
(58655, [30])
(58656, [37])
(58657, [37])
(58658, [37])
(58659, [39])
(58660, [39])
(58661, [39])
(58662, [12, 39])
(58663, [39])
(58664, [3, 39])
(58665, [39])
(58666, [39])
(58667, [41])
(58668, [2, 41])
(58669, [2, 15, 40, 41])
(58670, [41])
(58671, [41])
(58672, [41])
(58673, [2, 4, 41])
(58674, [41])
(58675, [41])
(58676, [41])
(58677, [41])
(58678, [41])
(58679, [41])
(58680, [41])
(58681, [41])
(58682, [41])
(58683, [41])
(58684, [41])
(58685, [41])
(58686, [3, 15, 41])
(58687, [41])
(58688, [24])
(58689, [24])
(58690, [24])
(58691, [24])
(58692, [24])
(58693, [14, 24])
(58694, [4, 24])
(58695, [24])
(58696, [24])
(58697, [24])
(58698, [24])
(58699, [23])
(58700, [23])
(58701, [23])
(58702, [23])
(58703, [23])
(58704, [12, 23])
(58705, [23])
(58706, [23])
(58707, [4, 23])
(58708, [23])
(58709, [23])
(58710, [23])
(58711, [23])
(58712, [2, 23])
(58713, [23])
(58714, [23])
(58715, [23])
(58716, [23])
(58717, [12, 23])
(58718, [23])
(58719, [23])
(58720, [23])
(58721, [23])
(58722, [23])
(58723, [23])
(58724, [23])
(58725, [23])
(58726, [23])
(58727, [23])
(58728, [23])
(58729, [23])
(58730, [23])
(58731, [23])
(58732, [2, 23])
(58733, [23])
(58734, [23])
(58735, [3, 23])
(58736, [23])
(58737, [23])
(58738, [23])
(58739, [23])
(58740, [23])
(58741, [23])
(58742, [23])
(58743, [23])
(58744, [2, 23])
(58745, [23])
(58746, [23])
(58747, [23])
(58748, [23])
(58749, [12, 23])
(58750, [4])
(58751, [4])
(58752, [4])
(58753, [4])
(58754, [4])
(58755, [4])
(58756, [4])
(58757, [4])
(58758, [4])
(58759, [4])
(58760, [4])
(58761, [4])
(58762, [4])
(58763, [4])
(58764, [4])
(58765, [4])
(58766, [4])
(58767, [4])
(58768, [4])
(58769, [4, 15])
(58770, [4])
(58771, [4])
(58772, [4])
(58773, [4])
(58774, [4])
(58775, [4])
(58776, [4])
(58777, [4])
(58778, [4])
(58779, [15])
(58780, [15])
(58781, [15])
(58782, [15])
(58783, [15])
(58784, [15])
(58785, [3])
(58786, [3])
(58787, [3])
(58788, [3])
(58789, [3])
(58790, [3])
(58791, [3])
(58792, [3])
(58793, [3])
(58794, [3])
(58795, [3])
(58796, [3])
(58797, [3])
(58798, [2, 3])
(58799, [3])
(58800, [3])
(58801, [3])
(58802, [3])
(58803, [3])
(58804, [3])
(58805, [3])
(58806, [3])
(58807, [3])
(58808, [3])
(58809, [3])
(58810, [3, 12])
(58811, [3])
(58812, [3])
(58813, [3])
(58814, [3])
(58815, [3])
(58816, [12])
(58817, [12])
(58818, [12])
(58819, [12])
(58820, [12])
(58821, [12])
(58822, [12])
(58823, [12])
(58824, [12])
(58825, [12])
(58826, [12])
(58827, [12])
(58828, [12])
(58829, [12])
(58830, [12])
(58831, [12])
(58832, [12])
(58833, [12])
(58834, [12])
(58835, [12])
(58836, [12])
(58837, [12])
(58838, [12])
(58839, [12])
(58840, [12])
(58841, [12])
(58842, [12])
(58843, [12])
(58844, [12])
(58845, [12])
(58846, [12])
(58847, [12])
(58848, [12])
(58849, [12])
(58850, [12])
(58851, [12])
(58852, [12])
(58853, [12])
(58854, [12])
(58855, [12])
(58856, [12])
(58857, [12])
(58858, [12])
(58859, [12])
(58860, [12])
(58861, [12])
(58862, [12])
(58863, [12])
(58864, [12])
(58865, [12])
(58866, [12])
(58867, [12])
(58868, [12])
(58869, [12])
(58870, [12])
(58871, [12])
(58872, [12])
(58873, [12])
(58874, [12])
(58875, [12])
(58876, [12])
(58877, [12])
(58878, [40])
(58879, [40])
(58880, [2, 40])
(58881, [40])
(58882, [40])
(58883, [2, 40])
(58884, [2])
(58885, [2, 14])
(58886, [2])
(58887, [2])
(58888, [2])
(58889, [2])
(58890, [2])
(58891, [2])
(58892, [2])
(58893, [2])
(58894, [2])
(58895, [2])
(58896, [2])
(58897, [2])
(58898, [2])
(58899, [2])
(58900, [2])
(58901, [2])
(58902, [2])
(58903, [2])
(58904, [2])
(58905, [2])
(58906, [2])
(58907, [2])
(58908, [2])
(58909, [2])
(58910, [2])
(58911, [2])
(58912, [2])
(58913, [2])
(58914, [2])
(58915, [2])
(58916, [2])
(58917, [2])
(58918, [2])
(58919, [2])
(58920, [2])
(58921, [2])
(58922, [2])
(58923, [2])
(58924, [2])
(58925, [2])
(58926, [2])
(58927, [2])
(58928, [2])
(58929, [2])
(58930, [2])
(58931, [2])
(58932, [2])
(58933, [2])
(58934, [2])
(58935, [2])
(58936, [2])
(58937, [2])
(58938, [2])
(58939, [2])
(58940, [2])
(58941, [2])
(58942, [2])
(58943, [2])
(58944, [2])
(58945, [2, 14])
(58946, [2])
(58947, [2])
(58948, [2])
(58949, [2])
(58950, [2])
(58951, [2])
(58952, [2])
(58953, [2])
(58954, [2])
(58955, [2])
(58956, [2])
(58957, [2])
(58958, [2])
(58959, [2])
(58960, [2])
(58961, [2])
(58962, [2])
(58963, [2])
(58964, [2])
(58965, [2])
(58966, [2])
(58967, [2])
(58968, [2])
(58969, [2])
(58970, [2])
(58971, [2])
(58972, [13])
(58973, [13])
(58974, [13])
(58975, [13])
(58976, [13])
(58977, [5])
(58978, [5])
(58979, [5])
(58980, [5])
(58981, [5])
(58982, [5])
(58983, [14])
(58984, [14])
(58985, [14])
(58986, [14])
(58987, [14])
(58988, [14])
(58989, [14])
(58990, [14])
(58991, [14])
(58992, [14])
(58993, [14])
(58994, [14])
(58995, [14])
(58996, [14])
(58997, [14])
(58998, [14])
(58999, [14])
(59000, [22])
(59001, [22])
(59002, [22])
(59003, [22])
(59004, [22])
(59005, [22])
(59006, [22])
(59007, [22])
