(8199, [32, 35, 34, 33, 20, 18, 27, 9, 0, 11, 7, 29, 16, 42, 6, 28, 17, 1, 10, 19, 26, 8, 21, 44, 43, 38, 36, 31, 30, 37, 39, 41, 24, 23, 4, 15, 3, 12, 40, 2, 13, 5, 14, 22, 25])
(8200, [32, 35, 34, 33, 20, 18, 27, 9, 0, 11, 7, 29, 16, 42, 6, 28, 17, 1, 10, 19, 26, 8, 21, 44, 43, 38, 36, 31, 30, 37, 39, 41, 24, 23, 4, 15, 3, 12, 40, 2, 13, 5, 14, 22, 25])
(8201, [32, 35, 34, 33, 20, 18, 27, 9, 0, 11, 7, 29, 16, 42, 6, 28, 17, 1, 10, 19, 26, 8, 21, 44, 43, 38, 36, 31, 30, 37, 39, 41, 24, 23, 4, 15, 3, 12, 40, 2, 13, 5, 14, 22, 25])
(8202, [32, 35, 34, 33, 20, 18, 27, 9, 0, 11, 7, 29, 16, 42, 6, 28, 17, 1, 10, 19, 26, 8, 21, 44, 43, 38, 36, 31, 30, 37, 39, 41, 24, 23, 4, 15, 3, 12, 40, 2, 13, 5, 14, 22, 25])
(8203, [32, 34, 33, 20, 18, 0, 11, 42, 28, 17, 1, 10, 19, 43, 38, 31, 30, 39, 23, 4, 15, 3, 5, 14, 22, 25])
(8204, [32, 17, 31, 4, 2, 22])
(8205, [32, 35, 34, 33, 20, 18, 27, 9, 0, 11, 7, 29, 16, 42, 6, 28, 17, 1, 10, 19, 26, 8, 21, 44, 43, 38, 36, 31, 30, 37, 39, 41, 24, 23, 4, 15, 3, 12, 40, 2, 13, 5, 14, 22, 25])
(8206, [32, 35, 34, 33, 20, 18, 27, 9, 0, 11, 7, 29, 16, 42, 6, 28, 17, 1, 10, 19, 26, 8, 21, 44, 43, 38, 36, 31, 30, 37, 39, 41, 24, 23, 4, 15, 3, 12, 40, 2, 13, 5, 14, 22, 25])
(8207, [32, 35, 34, 33, 20, 18, 27, 9, 0, 11, 7, 29, 16, 42, 6, 28, 17, 1, 10, 19, 26, 8, 21, 44, 43, 38, 36, 31, 30, 37, 39, 41, 24, 23, 4, 15, 3, 12, 40, 2, 13, 5, 14, 22, 25])
(8208, [32, 35, 34, 33, 20, 18, 27, 9, 0, 11, 7, 29, 16, 42, 6, 28, 17, 1, 10, 19, 26, 8, 21, 44, 43, 38, 36, 31, 30, 37, 39, 41, 24, 23, 4, 15, 3, 12, 40, 2, 13, 5, 14, 22, 25])
(8209, [32, 34, 33, 20, 18, 9, 11, 7, 29, 16, 42, 6, 28, 17, 1, 10, 19, 8, 21, 44, 43, 38, 31, 30, 37, 39, 41, 23, 4, 15, 3, 12, 2, 13, 5, 14, 22])
(8210, [32])
(8211, [32, 35, 34, 33, 20, 18, 27, 9, 0, 11, 7, 16, 42, 6, 28, 17, 1, 10, 19, 26, 8, 21, 44, 43, 36, 31, 30, 37, 39, 41, 24, 23, 4, 15, 3, 12, 40, 2, 13, 5, 14, 25])
(8212, [32, 34, 33, 9, 6, 28, 17, 1, 26, 21, 31, 41, 24, 23, 15, 3, 2])
(8213, [32, 35, 34, 33, 18, 9, 0, 11, 7, 29, 16, 6, 17, 1, 19, 26, 8, 21, 44, 43, 38, 36, 31, 30, 37, 39, 41, 24, 23, 4, 15, 3, 12, 40, 2, 13, 5, 14, 22, 25])
(8214, [32, 35, 34, 33, 20, 18, 27, 9, 0, 11, 7, 29, 16, 42, 6, 28, 17, 1, 10, 19, 26, 8, 21, 44, 43, 38, 36, 31, 30, 37, 41, 24, 23, 4, 15, 3, 12, 40, 2, 13, 5, 14, 22, 25])
(8215, [32, 34, 33, 18, 9, 0, 11, 7, 16, 42, 6, 17, 1, 10, 19, 26, 8, 21, 44, 43, 36, 31, 30, 37, 39, 41, 24, 23, 15, 3, 12, 2, 13, 5, 22])
(8216, [32, 35, 34, 33, 27, 0, 7, 6, 28, 1, 19, 26, 8, 43, 31, 30, 39, 41, 23, 4, 15, 3, 12, 2, 25])
(8217, [32, 34, 9, 11, 7, 16, 21, 43, 31, 30, 41, 23, 4, 15, 3, 12, 2])
(8218, [32, 34, 9, 6, 17, 1, 19, 21, 31, 23, 15])
(8219, [32, 34, 27, 9, 0, 11, 29, 42, 1, 26, 21, 44, 43, 38, 31, 30, 39, 3, 2, 14])
(8220, [32, 34, 33, 9, 0, 11, 16, 6, 28, 1, 26, 31, 30, 39, 15, 3, 12, 40, 2])
(8221, [32, 35, 34, 33, 20, 18, 9, 0, 11, 29, 16, 42, 6, 28, 1, 19, 26, 8, 21, 44, 38, 31, 30, 37, 39, 24, 4, 3, 12, 2, 22])
(8222, [32, 34, 33, 20, 18, 11, 7, 16, 17, 1, 19, 26, 44, 36, 31, 41, 24, 4, 15, 3, 12, 2, 13, 14])
(8223, [32, 35, 34, 33, 20, 18, 9, 0, 11, 7, 6, 17, 1, 19, 26, 21, 44, 43, 38, 36, 31, 30, 37, 39, 41, 24, 23, 4, 15, 3, 12, 40, 2, 13, 5, 14, 22, 25])
(8224, [32, 33, 20, 18, 9, 0, 11, 16, 42, 6, 28, 17, 1, 10, 19, 26, 8, 21, 44, 43, 36, 31, 30, 37, 39, 24, 23, 4, 15, 3, 12, 40, 2, 13, 14, 22, 25])
(8225, [32, 35, 34, 33, 20, 18, 27, 9, 0, 11, 6, 28, 17, 1, 19, 26, 8, 44, 43, 36, 31, 30, 37, 41, 24, 23, 4, 15, 3, 12, 40, 2, 5, 14, 22, 25])
(8226, [32, 35, 34, 33, 20, 18, 9, 0, 11, 7, 29, 16, 42, 6, 17, 1, 19, 26, 8, 21, 44, 43, 38, 36, 31, 30, 37, 39, 41, 23, 4, 15, 3, 12, 40, 2, 13, 5, 22, 25])
(8227, [32, 35, 34, 20, 0, 11, 6, 1, 19, 43, 36, 31, 23, 4, 15, 3, 12])
(8228, [32, 33, 9, 0, 17, 1, 19, 44, 31, 30, 37, 24, 4, 15, 3, 12, 40, 2, 14])
(8229, [32, 34, 33, 11, 17, 1, 19, 21, 44, 43, 24, 15, 3, 12, 40, 2, 14])
(8230, [32, 33, 18, 9, 6, 17, 10, 44, 41, 12, 22])
(8231, [32, 11, 7, 10, 19, 4, 3, 2])
(8232, [32, 35, 34, 33, 18, 9, 11, 16, 6, 17, 1, 19, 8, 21, 43, 36, 31, 30, 39, 15, 3, 40, 2, 5, 22])
(8233, [32, 41, 2, 14])
(8234, [32, 35, 34, 33, 20, 18, 27, 9, 0, 11, 7, 16, 42, 28, 17, 1, 10, 19, 26, 8, 21, 44, 43, 38, 36, 31, 30, 39, 41, 24, 23, 4, 15, 3, 12, 40, 2, 13, 5, 14])
(8235, [32, 33, 20, 9, 11, 7, 29, 16, 17, 1, 10, 19, 44, 43, 38, 30, 37, 41, 4, 15, 3, 12, 2, 13, 14])
(8236, [32, 4])
(8237, [32, 35, 34, 33, 20, 18, 27, 9, 0, 11, 16, 42, 6, 1, 19, 26, 8, 21, 44, 43, 31, 30, 24, 23, 4, 15, 3, 12, 40, 2, 13, 5])
(8238, [32, 19, 4, 2, 14])
(8239, [32, 35, 34, 33, 18, 27, 9, 11, 7, 29, 16, 42, 6, 17, 1, 10, 19, 26, 8, 21, 44, 43, 38, 36, 31, 30, 37, 39, 41, 24, 23, 4, 15, 3, 12, 40, 2, 13, 5, 14, 22, 25])
(8240, [32, 20, 9, 0, 1, 26, 21, 41, 4, 15, 3, 12, 2, 14])
(8241, [32, 20, 18, 27, 9, 0, 11, 7, 16, 42, 1, 10, 19, 26, 21, 44, 43, 31, 30, 4, 15, 3, 12, 40, 2, 5, 22])
(8242, [32, 20, 18, 16, 1, 38, 30, 4, 15, 3, 12])
(8243, [32, 18, 4])
(8244, [32, 33, 9, 11, 7, 29, 16, 42, 17, 19, 44, 41, 3, 12, 2])
(8245, [32, 34, 33, 20, 9, 17, 1, 26, 36, 31, 39, 4, 3, 2])
(8246, [32, 33, 0, 11, 7, 17, 26, 44, 24, 4, 15, 40])
(8247, [32, 4])
(8248, [32, 20, 0, 7, 6, 10, 19, 43, 31, 30, 24, 4, 15, 3, 12, 2, 25])
(8249, [32, 20, 9, 0, 1, 10, 21, 44, 38, 30, 37, 41, 3, 12, 40, 2, 22])
(8250, [32, 33, 18, 0, 11, 7, 6, 17, 19, 44, 31, 30, 37, 24, 23, 4, 15, 40, 2, 13])
(8251, [32, 35, 34, 33, 18, 6, 1, 19, 8, 21, 31, 30, 37, 24, 23, 15, 3, 12, 5, 22])
(8252, [32, 34, 33, 18, 0, 7, 6, 19, 44, 43, 31, 30, 41, 4, 15, 3, 12, 2])
(8253, [32, 4])
(8254, [32, 34, 33, 20, 18, 9, 0, 11, 7, 16, 42, 6, 17, 1, 26, 44, 43, 38, 36, 31, 30, 37, 39, 41, 23, 4, 15, 3, 12, 40, 2, 22])
(8255, [32, 33, 0, 6, 26, 43, 31, 3, 2])
(8256, [32, 35, 34, 33, 27, 0, 11, 7, 17, 1, 19, 26, 21, 43, 31, 30, 41, 4, 15, 3, 12, 40, 13, 22])
(8257, [32, 18, 9, 42, 6, 26, 41, 2])
(8258, [32, 33, 18, 9, 0, 11, 7, 29, 16, 42, 6, 17, 1, 19, 26, 8, 21, 44, 43, 38, 31, 30, 39, 41, 24, 23, 4, 15, 3, 12, 40, 2, 13, 22, 25])
(8259, [32, 15])
(8260, [32, 34, 20, 0, 11, 7, 16, 1, 19, 26, 43, 41, 3, 2])
(8261, [32, 33, 20, 18, 9, 0, 7, 6, 19, 26, 44, 31, 30, 41, 24, 4, 15, 12, 40, 2, 14])
(8262, [32, 35, 34, 33, 20, 18, 27, 9, 0, 11, 42, 6, 17, 1, 19, 26, 8, 21, 44, 43, 31, 30, 39, 24, 23, 4, 15, 3, 12, 40, 2, 13, 14, 22, 25])
(8263, [32, 35, 34, 20, 18, 9, 11, 6, 1, 10, 26, 8, 21, 30, 41, 24, 23, 4, 15, 3, 12, 5, 22])
(8264, [32, 9, 0, 19, 4, 15])
(8265, [32, 1])
(8266, [32, 34, 9])
(8267, [32, 34, 18, 9, 17, 23])
(8268, [32, 34, 33, 7, 1, 44, 43, 36, 31, 41, 24, 23, 3, 2, 13])
(8269, [32])
(8270, [32, 34, 17, 1, 19, 39, 24, 3, 2, 22])
(8271, [32, 9, 0, 16, 23])
(8272, [32, 35, 34, 18, 27, 9, 0, 11, 29, 16, 42, 6, 28, 1, 19, 26, 44, 43, 36, 31, 30, 41, 24, 23, 4, 15, 3, 12, 2, 5, 14])
(8273, [32, 11])
(8274, [32, 35, 33, 20, 18, 9, 7, 1, 8, 21, 38, 31, 30, 41, 24, 3, 12, 2])
(8275, [32, 18, 29, 30])
(8276, [32, 34, 33, 18, 9, 11, 16, 43, 31, 30, 41, 4, 15, 2, 13])
(8277, [32, 20, 18, 9, 0, 7, 42, 6, 1, 21, 31, 30, 41, 24, 23, 4, 15, 3, 40, 2, 13, 22])
(8278, [32, 0, 17, 43, 30, 4, 15, 2, 14, 25])
(8279, [32, 20, 18, 27, 9, 0, 11, 42, 6, 1, 26, 21, 30, 41, 23, 4, 15, 3, 12, 40, 22, 25])
(8280, [32, 34, 33, 9, 11, 7, 16, 28, 17, 1, 10, 19, 26, 43, 31, 15, 3, 13, 22])
(8281, [32, 33, 20, 0, 42, 1, 44, 43, 30, 41, 24, 23, 2, 13])
(8282, [32])
(8283, [32, 18, 27, 11, 7, 17, 1, 26, 8, 43, 30, 41, 15, 3, 12, 40, 22])
(8284, [32, 35, 34, 33, 18, 9, 6, 1, 26, 43, 31, 30, 41, 4, 15, 3, 2, 22])
(8285, [32])
(8286, [32, 20, 9, 1, 19, 26, 21, 44, 43, 23, 15, 3])
(8287, [32, 33, 6, 19, 4, 3])
(8288, [32, 34])
(8289, [32, 34, 33, 27, 9, 0, 11, 29, 16, 17, 10, 19, 26, 44, 43, 38, 31, 41, 24, 23, 12])
(8290, [32, 34, 33, 9, 6, 31, 30, 41, 4, 15, 2, 25])
(8291, [32, 34, 33, 20, 0, 16, 6, 1, 21, 44, 43, 38, 31, 30, 15, 3, 2, 22])
(8292, [32, 31, 3])
(8293, [32, 33, 20, 0, 1, 21, 44, 30, 3])
(8294, [32])
(8295, [32, 34, 9, 17, 1, 38, 31, 30, 23, 15, 3])
(8296, [32])
(8297, [32, 20, 18, 10, 31, 3])
(8298, [32, 35, 34, 33, 18, 0, 7, 29, 16, 6, 1, 10, 19, 26, 21, 44, 43, 36, 41, 24, 23, 4, 15, 3, 12, 40, 2, 13, 14])
(8299, [32])
(8300, [32, 20, 18, 9, 0, 11, 16, 17, 10, 19, 26, 21, 43, 24, 15, 3, 12, 2])
(8301, [32, 34, 33, 9, 6, 1, 19, 26, 43, 31, 23, 3, 12, 13])
(8302, [32, 34, 20, 9, 0, 11, 7, 16, 17, 1, 26, 43, 38, 31, 41, 24, 4, 15, 3, 12, 13])
(8303, [32, 35, 33, 11, 6, 17, 19, 26, 8, 44, 43, 30, 24, 23, 15, 3, 12, 40])
(8304, [32, 35, 33, 31, 30])
(8305, [32, 33, 18, 0, 3])
(8306, [32, 35, 34, 20, 9, 0, 11, 7, 16, 28, 17, 1, 10, 19, 26, 8, 21, 44, 43, 38, 23, 4, 15, 3, 12, 40, 2, 13, 14, 22])
(8307, [32, 34, 9, 0])
(8308, [32, 18, 0])
(8309, [32])
(8310, [32, 9, 16, 26, 43, 31, 41, 4, 15, 2, 25])
(8311, [32, 35, 33, 20, 0, 16, 28, 19, 26, 8, 21, 44, 36, 41, 4, 2])
(8312, [32, 34, 33, 0, 11, 26, 31, 41, 24, 2, 14])
(8313, [32, 33, 20, 18, 27, 0, 7, 28, 1, 19, 44, 31, 30, 23, 3, 12, 2, 22])
(8314, [32, 18, 7, 16, 1, 19, 26, 44, 41, 2])
(8315, [32, 20, 0, 17, 1, 19, 15, 2])
(8316, [35, 18, 0, 16, 42, 1, 19, 26, 8, 21, 23, 15, 3, 12])
(8317, [35, 34, 18, 29, 1, 21, 23, 4, 15, 3])
(8318, [35, 9, 16, 17, 21, 43, 30, 15, 2])
(8319, [35, 33, 11, 6, 1, 21, 44, 3, 22])
(8320, [35])
(8321, [35])
(8322, [35])
(8323, [35, 18, 7, 28, 1, 36, 3])
(8324, [35, 34, 20, 18, 9, 0, 11, 16, 42, 6, 1, 10, 19, 26, 8, 21, 44, 43, 30, 37, 39, 41, 24, 23, 4, 15, 3, 12, 40, 2, 13, 14, 22])
(8325, [35, 37])
(8326, [35, 34, 33, 18, 9, 11, 29, 6, 1, 19, 26, 43, 30, 41, 24, 23, 15, 3, 2])
(8327, [35, 34, 33, 18, 9, 1, 19, 43, 31, 23, 3])
(8328, [35, 0, 6, 1, 26, 44, 36, 41, 12])
(8329, [35, 34, 33, 18, 27, 9, 0, 11, 7, 16, 42, 6, 28, 17, 1, 19, 26, 21, 44, 43, 36, 31, 30, 41, 24, 23, 4, 15, 3, 12, 40, 2, 13, 14, 22])
(8330, [35, 34, 33, 11, 16, 1, 26, 21, 31, 30, 37, 23, 3, 2, 22])
(8331, [35])
(8332, [35])
(8333, [35, 18, 9, 0, 11, 7, 16, 6, 28, 17, 10, 19, 26, 21, 44, 43, 38, 31, 39, 41, 4, 15, 3, 12, 2, 5, 14])
(8334, [35, 9, 16, 31, 39, 41])
(8335, [35])
(8336, [35, 34, 20, 18, 9, 0, 11, 42, 6, 28, 17, 1, 36, 31, 41, 23, 3, 12])
(8337, [35])
(8338, [35, 33, 0, 16, 6, 17, 26, 30, 15, 40, 14])
(8339, [35, 20, 16, 6, 17, 1, 43, 3, 13])
(8340, [35, 34, 33, 29, 1, 19, 26, 21, 44, 3, 12])
(8341, [35])
(8342, [35, 0, 21, 43])
(8343, [35, 33, 27, 0, 16, 42, 1, 19, 36, 30, 41, 4, 3, 12, 2, 14])
(8344, [35])
(8345, [35])
(8346, [35, 11, 16, 6, 43, 41, 23, 40])
(8347, [35])
(8348, [35])
(8349, [35])
(8350, [35, 33, 18, 9, 0, 11, 7, 42, 6, 1, 8, 43, 31, 4, 15, 3, 2, 5])
(8351, [35])
(8352, [35])
(8353, [35])
(8354, [35, 9, 0, 23, 4, 15, 2, 5])
(8355, [35])
(8356, [35])
(8357, [35, 33, 20, 27, 9, 0, 11, 7, 16, 28, 1, 19, 26, 21, 44, 43, 38, 4, 3, 12, 2])
(8358, [35, 34, 20, 18, 7, 1, 8, 21, 44, 23, 3, 22, 25])
(8359, [35, 33, 20, 18, 9, 0, 7, 16, 42, 6, 17, 1, 10, 19, 26, 8, 44, 43, 38, 36, 31, 30, 37, 41, 23, 4, 15, 3, 12, 40, 2, 22])
(8360, [34, 33, 20, 9, 11, 19, 26, 8, 21, 36, 31, 30, 39, 15, 3, 12])
(8361, [34, 18, 11, 16, 1, 38, 30, 41, 24, 4, 3, 2])
(8362, [34, 0, 6, 19, 37, 23, 15, 2])
(8363, [34])
(8364, [34])
(8365, [34, 20, 0, 31, 30, 12])
(8366, [34, 1, 12])
(8367, [34])
(8368, [34, 19, 26, 30, 41, 40, 2, 14])
(8369, [34])
(8370, [34, 33, 20, 27, 0, 11, 7, 42, 6, 17, 1, 19, 26, 21, 44, 31, 30, 41, 4, 15, 3, 40, 2, 13, 14])
(8371, [34, 33, 20, 27, 7, 6, 17, 1, 19, 26, 44, 43, 36, 31, 30, 41, 3, 12, 40, 2, 13, 14])
(8372, [34, 18, 0, 16, 10, 39, 4, 15, 40, 2])
(8373, [34, 17, 1, 36])
(8374, [34])
(8375, [34, 9, 0, 1, 3])
(8376, [34])
(8377, [34])
(8378, [34, 14])
(8379, [34])
(8380, [34, 1, 44, 3])
(8381, [34, 19, 26, 24, 15])
(8382, [34, 18, 7, 15])
(8383, [34, 18, 6, 1, 24, 12])
(8384, [34, 9, 11, 16, 17, 19, 26, 44, 30, 39, 41, 24, 4, 40, 2])
(8385, [34, 9, 11, 17, 1, 21, 5, 22])
(8386, [34, 6, 17, 26, 43, 4, 15, 12, 14])
(8387, [34, 1, 19, 8, 21, 44, 43, 30, 37, 24, 23])
(8388, [34, 33])
(8389, [34, 18, 0, 11, 1, 43, 31, 30, 41, 15, 3])
(8390, [34, 9, 19, 21, 44, 38, 30, 4, 3])
(8391, [34, 9, 0, 6, 17, 1, 19, 43, 31, 24, 23, 4, 3, 12, 2, 14])
(8392, [34, 33, 20, 18, 27, 9, 0, 11, 7, 29, 16, 42, 6, 1, 10, 19, 26, 21, 44, 43, 36, 30, 39, 23, 4, 15, 3, 12, 2, 13, 5, 14])
(8393, [34])
(8394, [34, 33, 9, 11, 7, 17, 44, 31, 23, 4, 12, 2])
(8395, [34, 18, 9, 0, 11, 1, 10, 43, 31, 30, 15])
(8396, [34, 0, 6, 41])
(8397, [34, 10])
(8398, [34, 33, 20, 9, 0, 6, 28, 17, 1, 19, 26, 43, 36, 31, 30, 37, 41, 15, 3])
(8399, [34, 18, 6, 1, 19, 21, 30, 23, 4])
(8400, [34, 9, 0, 4])
(8401, [34, 9, 21, 31, 2, 22])
(8402, [34, 33, 20, 9, 0, 11, 28, 17, 1, 31, 30, 41, 3, 2, 13, 14])
(8403, [34])
(8404, [34])
(8405, [34, 44, 43, 15, 2])
(8406, [34, 33, 31])
(8407, [34, 4, 3, 12])
(8408, [34, 18, 9, 0, 11, 7, 29, 6, 28, 17, 26, 44, 43, 31, 30, 23, 4, 15, 3, 12, 40, 2, 13])
(8409, [34, 0])
(8410, [34, 1])
(8411, [34, 44, 41, 4, 22])
(8412, [34, 33, 11, 1, 19, 44, 2])
(8413, [34, 9, 30, 2, 25])
(8414, [34, 30])
(8415, [34, 33, 18, 9, 11, 7, 16, 6, 28, 17, 1, 19, 26, 44, 31, 30, 39, 41, 24, 4, 15, 3, 12, 40, 2, 13, 14, 25])
(8416, [34, 20, 9, 0, 11, 16, 28, 1, 31, 41, 23, 3, 12, 2, 13])
(8417, [34, 11, 6, 44, 36, 31, 39, 4, 15, 3, 12, 40, 2, 13, 22, 25])
(8418, [33, 9, 26, 43, 2])
(8419, [33])
(8420, [33, 9, 11, 1, 44, 3, 2, 14])
(8421, [33, 16, 6, 19, 2])
(8422, [33, 9, 11, 7, 42, 6, 17, 1, 19, 8, 21, 44, 43, 31, 30, 41, 23, 15, 12, 2, 13, 22, 25])
(8423, [33])
(8424, [33])
(8425, [33, 44])
(8426, [33])
(8427, [33, 6, 43, 15])
(8428, [33, 39, 3, 12])
(8429, [33, 20, 17, 19, 26, 44, 43, 36, 41, 4, 2])
(8430, [33])
(8431, [33, 9, 16, 44])
(8432, [33, 11, 7, 29, 1, 39])
(8433, [33, 0])
(8434, [33, 29, 17, 21, 3])
(8435, [33, 1, 10, 21, 31, 2])
(8436, [33, 7, 1, 21])
(8437, [33, 27, 1, 26, 30, 2])
(8438, [33, 11, 17, 1, 19, 8, 21, 44, 41, 3, 12, 2])
(8439, [33, 29, 12])
(8440, [33])
(8441, [33, 18, 17, 1, 21, 43, 30, 4, 3])
(8442, [33, 0, 28, 41, 3, 12])
(8443, [33, 20, 0, 11, 16, 42, 6, 17, 1, 19, 26, 21, 43, 36, 30, 41, 24, 4, 15, 3, 12, 2, 25])
(8444, [33, 20, 9, 0, 11, 7, 16, 42, 6, 1, 38, 37, 3, 12, 14])
(8445, [33, 20, 18, 0, 11, 16, 17, 1, 19, 26, 31, 30, 41, 15, 3, 12, 2, 13])
(8446, [33, 2, 22])
(8447, [33, 4])
(8448, [33])
(8449, [33, 26])
(8450, [33])
(8451, [33])
(8452, [33, 17, 26, 40, 2, 14])
(8453, [33, 18, 11, 1, 10, 19, 8, 21, 31, 30, 23, 3, 12, 2, 22])
(8454, [33])
(8455, [20, 42, 2])
(8456, [20, 11, 1, 3, 12])
(8457, [20, 9, 31, 3])
(8458, [20, 0, 11, 17, 44, 31, 30, 41, 3, 2])
(8459, [20])
(8460, [20, 18, 11, 7, 16, 1, 8, 21, 44, 43, 37, 24, 23, 3, 12, 5, 14])
(8461, [20, 9, 36, 3])
(8462, [20, 6, 44, 43, 36, 31, 41, 15, 3])
(8463, [20])
(8464, [20, 0, 11, 7])
(8465, [20])
(8466, [20, 9, 0, 11, 1, 44, 38, 24, 3, 12])
(8467, [20, 0, 23, 3])
(8468, [20, 18, 3, 40, 2])
(8469, [20, 11, 3, 2])
(8470, [20, 9, 7, 17, 1, 19, 43, 39, 15, 3, 12, 25])
(8471, [20, 18, 0, 11, 16, 42, 6, 1, 21, 39, 41, 4, 3, 12])
(8472, [20])
(8473, [20, 9, 0, 16, 42, 17, 1, 19, 21, 43, 36, 31, 30, 3, 12])
(8474, [20])
(8475, [20, 6, 10, 2])
(8476, [20, 9, 11, 19, 44, 41, 4, 3, 12, 2])
(8477, [20, 9, 0, 16, 17, 19, 21, 38, 23, 4, 40, 2, 22])
(8478, [20, 12])
(8479, [20, 11, 1, 3])
(8480, [20])
(8481, [20, 18, 9, 0, 1, 41, 3, 12])
(8482, [20, 11, 7, 28, 17, 26, 43, 41, 24, 3, 2])
(8483, [20, 16, 42, 1, 19, 44, 38, 4, 3, 2, 14, 22])
(8484, [18, 19])
(8485, [18])
(8486, [18, 0])
(8487, [18, 0, 7, 1, 36, 23, 15])
(8488, [18, 0, 1, 8, 21, 23, 4])
(8489, [18, 27, 9, 19, 8, 31, 23])
(8490, [18, 0])
(8491, [18])
(8492, [18])
(8493, [18])
(8494, [18])
(8495, [18])
(8496, [18, 2])
(8497, [18, 19, 13, 14])
(8498, [18, 15])
(8499, [18, 8])
(8500, [18, 43])
(8501, [18, 0, 1, 15, 3])
(8502, [18, 17, 44, 43, 31, 24])
(8503, [18])
(8504, [18])
(8505, [18])
(8506, [18, 0, 43])
(8507, [18])
(8508, [18])
(8509, [18])
(8510, [18, 1, 43])
(8511, [18, 12])
(8512, [18])
(8513, [18])
(8514, [18, 9, 0, 11, 1, 19, 8, 44, 38, 30, 41, 23, 3, 12])
(8515, [18, 31, 30])
(8516, [18])
(8517, [18])
(8518, [18])
(8519, [18, 0, 11, 28, 26, 44, 37])
(8520, [18, 15])
(8521, [18, 27, 9, 6, 1, 19, 26, 43, 31, 39, 23, 3, 2])
(8522, [18, 9, 11, 44, 43, 15, 3])
(8523, [18])
(8524, [18, 0, 21, 43])
(8525, [18])
(8526, [18, 27, 6, 26, 43, 24, 23, 15, 14])
(8527, [18])
(8528, [18, 9, 44, 3])
(8529, [18])
(8530, [18])
(8531, [18])
(8532, [18])
(8533, [18])
(8534, [18, 44, 15])
(8535, [18])
(8536, [18])
(8537, [18])
(8538, [18, 23])
(8539, [18, 9, 17, 41, 24, 4, 15, 3, 40, 2, 14])
(8540, [18, 43, 40])
(8541, [18, 26, 43, 15])
(8542, [18, 2])
(8543, [18])
(8544, [18, 7, 10, 26, 43, 31, 23, 3])
(8545, [18, 1, 19, 12, 2])
(8546, [18])
(8547, [18, 0])
(8548, [18])
(8549, [18])
(8550, [18])
(8551, [18])
(8552, [18])
(8553, [18, 12])
(8554, [18, 1])
(8555, [18])
(8556, [18])
(8557, [18])
(8558, [18, 6])
(8559, [18, 6])
(8560, [18])
(8561, [18])
(8562, [18])
(8563, [18])
(8564, [18, 9, 21])
(8565, [18])
(8566, [18])
(8567, [18, 31, 30])
(8568, [18])
(8569, [18, 36])
(8570, [27, 0, 17, 1, 19, 44, 43, 41, 4, 12, 13])
(8571, [27, 8])
(8572, [27, 7, 44, 43, 38])
(8573, [27, 22])
(8574, [27])
(8575, [27, 43, 31, 23])
(8576, [27])
(8577, [27])
(8578, [27])
(8579, [27])
(8580, [27])
(8581, [27])
(8582, [9])
(8583, [9, 7, 26, 43, 23, 15, 3])
(8584, [9, 6, 26, 43, 36, 40, 13])
(8585, [9])
(8586, [9, 0, 6, 1, 19, 4])
(8587, [9, 1, 22])
(8588, [9, 11, 43, 23, 3, 12])
(8589, [9, 0, 11, 42, 1, 26, 43, 41, 23, 3])
(8590, [9, 6, 23])
(8591, [9, 7, 19, 24])
(8592, [9, 5])
(8593, [9])
(8594, [9, 0, 6, 19, 26, 31, 39, 4, 12, 2, 5, 14])
(8595, [9])
(8596, [9, 41])
(8597, [9, 43, 24, 23, 4, 15, 2])
(8598, [9, 23])
(8599, [9, 16, 25])
(8600, [9])
(8601, [9])
(8602, [9])
(8603, [9, 0, 11, 42, 6, 43, 31, 30, 23, 2])
(8604, [9, 43, 15, 12])
(8605, [9, 16, 44, 43, 41, 23, 2])
(8606, [9])
(8607, [9])
(8608, [9, 43, 12])
(8609, [9, 8, 23])
(8610, [9])
(8611, [9, 0, 26, 43, 41, 15, 2])
(8612, [9])
(8613, [9])
(8614, [9])
(8615, [9])
(8616, [9])
(8617, [9])
(8618, [9])
(8619, [9])
(8620, [9])
(8621, [9, 12])
(8622, [9, 3, 2, 5])
(8623, [9])
(8624, [9])
(8625, [9])
(8626, [9, 1])
(8627, [9, 11, 23])
(8628, [9])
(8629, [9])
(8630, [9])
(8631, [9, 36, 2])
(8632, [9])
(8633, [9])
(8634, [9, 11, 16, 6, 1, 21, 3, 2])
(8635, [9])
(8636, [0])
(8637, [0])
(8638, [0])
(8639, [0])
(8640, [0, 12])
(8641, [0])
(8642, [0])
(8643, [0])
(8644, [0, 3])
(8645, [0])
(8646, [0])
(8647, [0])
(8648, [0])
(8649, [0])
(8650, [0])
(8651, [0])
(8652, [0, 17, 36, 2])
(8653, [0, 12, 2])
(8654, [0])
(8655, [0, 12])
(8656, [0])
(8657, [0, 12])
(8658, [0, 12])
(8659, [0])
(8660, [0])
(8661, [0, 3])
(8662, [0])
(8663, [0])
(8664, [0])
(8665, [0])
(8666, [0])
(8667, [0])
(8668, [0, 26, 41, 15])
(8669, [0])
(8670, [0, 11, 1, 26, 3, 12, 2])
(8671, [0])
(8672, [0])
(8673, [0])
(8674, [0])
(8675, [0])
(8676, [0])
(8677, [0])
(8678, [0])
(8679, [0])
(8680, [0])
(8681, [0, 12])
(8682, [0])
(8683, [0])
(8684, [0])
(8685, [0])
(8686, [0])
(8687, [0, 12])
(8688, [0])
(8689, [0])
(8690, [0])
(8691, [0])
(8692, [0, 3])
(8693, [0])
(8694, [0])
(8695, [0])
(8696, [0])
(8697, [0])
(8698, [0, 12])
(8699, [0])
(8700, [0])
(8701, [0])
(8702, [0, 16, 23])
(8703, [0])
(8704, [0])
(8705, [0])
(8706, [0])
(8707, [0, 42, 39])
(8708, [0])
(8709, [0])
(8710, [0])
(8711, [0])
(8712, [0])
(8713, [0, 12])
(8714, [0, 12])
(8715, [0])
(8716, [0])
(8717, [0])
(8718, [0])
(8719, [0])
(8720, [0, 17, 43])
(8721, [0])
(8722, [0])
(8723, [0])
(8724, [0])
(8725, [0])
(8726, [0, 12])
(8727, [0, 12])
(8728, [0])
(8729, [0])
(8730, [0])
(8731, [0])
(8732, [0])
(8733, [0])
(8734, [0])
(8735, [0, 6, 3, 12])
(8736, [0])
(8737, [0, 1, 19, 21, 12])
(8738, [0])
(8739, [0])
(8740, [0, 11, 16, 6, 1, 30, 3, 12])
(8741, [0])
(8742, [0])
(8743, [0, 16, 42, 1, 19, 21, 15, 3, 12, 2])
(8744, [0])
(8745, [0])
(8746, [0])
(8747, [0])
(8748, [0, 19])
(8749, [0])
(8750, [0])
(8751, [0])
(8752, [0])
(8753, [0])
(8754, [0])
(8755, [0])
(8756, [0])
(8757, [0, 21, 3])
(8758, [0, 2])
(8759, [0])
(8760, [0])
(8761, [0, 17])
(8762, [0])
(8763, [0, 11])
(8764, [0, 17, 44])
(8765, [0])
(8766, [0])
(8767, [0])
(8768, [0])
(8769, [0])
(8770, [0])
(8771, [0])
(8772, [0])
(8773, [0])
(8774, [0, 17, 36, 15, 40, 2])
(8775, [0])
(8776, [0])
(8777, [0])
(8778, [0])
(8779, [0])
(8780, [0])
(8781, [0])
(8782, [0])
(8783, [0])
(8784, [0])
(8785, [0])
(8786, [0])
(8787, [0])
(8788, [0])
(8789, [0])
(8790, [0])
(8791, [0])
(8792, [0])
(8793, [0])
(8794, [0])
(8795, [0])
(8796, [0, 15])
(8797, [0])
(8798, [0])
(8799, [0])
(8800, [0])
(8801, [0, 1])
(8802, [0])
(8803, [0, 17, 41])
(8804, [0])
(8805, [0])
(8806, [0])
(8807, [0])
(8808, [0])
(8809, [0])
(8810, [0])
(8811, [0])
(8812, [0])
(8813, [0])
(8814, [0])
(8815, [0])
(8816, [0])
(8817, [0])
(8818, [0, 11, 1, 44, 3])
(8819, [0])
(8820, [0])
(8821, [0])
(8822, [0])
(8823, [0])
(8824, [0])
(8825, [0])
(8826, [0])
(8827, [0])
(8828, [0])
(8829, [0])
(8830, [0])
(8831, [0])
(8832, [0])
(8833, [0])
(8834, [0, 3])
(8835, [0])
(8836, [0])
(8837, [0])
(8838, [0])
(8839, [0])
(8840, [0])
(8841, [0])
(8842, [0])
(8843, [0])
(8844, [0])
(8845, [0])
(8846, [0])
(8847, [0])
(8848, [0])
(8849, [0])
(8850, [0])
(8851, [0])
(8852, [0])
(8853, [0])
(8854, [0, 44])
(8855, [0, 7, 19, 12])
(8856, [0, 42, 26, 43, 36, 31, 30, 23, 12, 2])
(8857, [0])
(8858, [0])
(8859, [0])
(8860, [0])
(8861, [0])
(8862, [0])
(8863, [0, 1, 19, 26, 22])
(8864, [0])
(8865, [0])
(8866, [0])
(8867, [0, 44, 30])
(8868, [0])
(8869, [0])
(8870, [0])
(8871, [0, 43, 4, 2])
(8872, [0])
(8873, [0])
(8874, [0])
(8875, [0])
(8876, [0])
(8877, [0])
(8878, [0, 31])
(8879, [0, 11, 26, 41, 13])
(8880, [0, 11, 16, 17, 1, 10, 26, 3, 12])
(8881, [0])
(8882, [0, 12])
(8883, [0, 23])
(8884, [0])
(8885, [0])
(8886, [0])
(8887, [0])
(8888, [0])
(8889, [0, 7, 16, 1, 3, 12, 14])
(8890, [0])
(8891, [0])
(8892, [0])
(8893, [0])
(8894, [0])
(8895, [0])
(8896, [0])
(8897, [0])
(8898, [0])
(8899, [0])
(8900, [0])
(8901, [0])
(8902, [0])
(8903, [0])
(8904, [0])
(8905, [0, 12])
(8906, [0])
(8907, [0])
(8908, [0])
(8909, [0])
(8910, [0])
(8911, [0])
(8912, [0])
(8913, [11, 1, 3])
(8914, [11, 26, 41, 2])
(8915, [11])
(8916, [11, 26, 43, 23, 15])
(8917, [11, 16, 1, 26, 4, 3, 12, 13])
(8918, [11, 17, 1, 19, 8, 21, 3, 40, 22])
(8919, [11, 17, 1, 26, 3, 2])
(8920, [11])
(8921, [11, 44, 41])
(8922, [11, 44])
(8923, [11])
(8924, [11, 26, 44])
(8925, [11])
(8926, [11])
(8927, [11])
(8928, [11, 26, 43, 2])
(8929, [11, 7, 17, 19, 39, 2])
(8930, [11, 1, 19, 21, 44, 41, 24, 23, 3, 40, 2, 14])
(8931, [11, 17, 36])
(8932, [11])
(8933, [11])
(8934, [11, 12])
(8935, [7, 41])
(8936, [7, 12])
(8937, [7, 31, 3])
(8938, [7, 1, 3])
(8939, [7])
(8940, [7, 19, 24, 2])
(8941, [7, 16])
(8942, [7, 26, 21, 24, 23, 12])
(8943, [7, 17, 1, 10, 31, 4, 3, 14])
(8944, [7])
(8945, [7])
(8946, [7, 3])
(8947, [7, 3, 12])
(8948, [7])
(8949, [7])
(8950, [29, 1, 26, 44, 43, 30, 41, 24, 12])
(8951, [29, 21, 31])
(8952, [29])
(8953, [29])
(8954, [16])
(8955, [16, 23])
(8956, [16])
(8957, [16])
(8958, [16, 6, 17, 44, 43, 30, 2, 14])
(8959, [16, 2])
(8960, [16])
(8961, [16, 38, 31])
(8962, [16])
(8963, [16])
(8964, [16, 8, 23])
(8965, [16])
(8966, [42, 21])
(8967, [42, 21, 12])
(8968, [42, 3])
(8969, [42])
(8970, [42])
(8971, [42, 12])
(8972, [6])
(8973, [6, 19, 24])
(8974, [6])
(8975, [6])
(8976, [6])
(8977, [6, 4, 15])
(8978, [6])
(8979, [6, 39, 3])
(8980, [6, 43, 30, 39, 24, 4, 15, 12, 2, 14])
(8981, [6])
(8982, [6, 43])
(8983, [6])
(8984, [6])
(8985, [28, 17, 8, 21, 43])
(8986, [28])
(8987, [28])
(8988, [28])
(8989, [28, 26, 15, 2, 22])
(8990, [17])
(8991, [17, 2])
(8992, [17, 2])
(8993, [17, 41, 24])
(8994, [17, 43, 30, 41, 15])
(8995, [17, 26])
(8996, [17])
(8997, [17, 26, 41])
(8998, [17, 26, 4, 12])
(8999, [17])
(9000, [17, 1, 19])
(9001, [17])
(9002, [17])
(9003, [17])
(9004, [17, 2])
(9005, [17, 24])
(9006, [17])
(9007, [17, 44, 22])
(9008, [17, 15])
(9009, [1])
(9010, [1])
(9011, [1, 3])
(9012, [1, 4])
(9013, [1, 30, 41, 40])
(9014, [1])
(9015, [1, 3])
(9016, [1, 3])
(9017, [1, 3])
(9018, [1])
(9019, [1])
(9020, [1, 44, 3])
(9021, [1])
(9022, [1, 21])
(9023, [1])
(9024, [1, 23])
(9025, [1, 21, 3])
(9026, [1])
(9027, [1, 26, 12])
(9028, [1])
(9029, [1])
(9030, [1])
(9031, [1])
(9032, [1])
(9033, [1, 3])
(9034, [1, 2])
(9035, [1, 3])
(9036, [1, 21, 3])
(9037, [1, 23, 3])
(9038, [1])
(9039, [1])
(9040, [1, 15])
(9041, [1])
(9042, [1, 2])
(9043, [1, 21, 3])
(9044, [1])
(9045, [1, 19])
(9046, [1, 3])
(9047, [1])
(9048, [1])
(9049, [10])
(9050, [10])
(9051, [10])
(9052, [10])
(9053, [10])
(9054, [10])
(9055, [19])
(9056, [19])
(9057, [19, 22])
(9058, [19, 31, 12])
(9059, [19])
(9060, [19])
(9061, [19])
(9062, [19])
(9063, [19])
(9064, [19])
(9065, [19, 44, 43, 36])
(9066, [19])
(9067, [19, 8, 2])
(9068, [19, 41])
(9069, [19])
(9070, [19])
(9071, [19])
(9072, [19, 2])
(9073, [19, 26])
(9074, [19, 3])
(9075, [19])
(9076, [19, 21])
(9077, [19, 44, 23, 4, 12])
(9078, [19])
(9079, [19, 2, 14])
(9080, [19])
(9081, [19])
(9082, [26])
(9083, [26])
(9084, [26])
(9085, [26])
(9086, [26])
(9087, [26, 24])
(9088, [26])
(9089, [26])
(9090, [26, 40])
(9091, [26, 21])
(9092, [26])
(9093, [26])
(9094, [26])
(9095, [26])
(9096, [26])
(9097, [26])
(9098, [26])
(9099, [26])
(9100, [26, 43])
(9101, [26])
(9102, [8, 21, 12])
(9103, [8])
(9104, [8, 15])
(9105, [8])
(9106, [8])
(9107, [8, 5])
(9108, [8])
(9109, [8])
(9110, [8])
(9111, [8])
(9112, [8])
(9113, [8, 23, 5])
(9114, [8, 5])
(9115, [8])
(9116, [8, 2])
(9117, [8])
(9118, [8])
(9119, [8, 37, 23])
(9120, [21])
(9121, [21])
(9122, [21])
(9123, [21])
(9124, [21])
(9125, [21])
(9126, [21])
(9127, [21])
(9128, [21, 3])
(9129, [21, 13])
(9130, [21])
(9131, [21, 41])
(9132, [21])
(9133, [21, 43, 3])
(9134, [21])
(9135, [21])
(9136, [21, 15])
(9137, [21])
(9138, [21, 44])
(9139, [21])
(9140, [21])
(9141, [21])
(9142, [21])
(9143, [21])
(9144, [21])
(9145, [21])
(9146, [21])
(9147, [21])
(9148, [21])
(9149, [21])
(9150, [21])
(9151, [21])
(9152, [21])
(9153, [21])
(9154, [21])
(9155, [21])
(9156, [21])
(9157, [21])
(9158, [21])
(9159, [21])
(9160, [21])
(9161, [44])
(9162, [44])
(9163, [44])
(9164, [44])
(9165, [44])
(9166, [44, 3])
(9167, [44, 3])
(9168, [44])
(9169, [44, 2])
(9170, [44])
(9171, [44])
(9172, [44])
(9173, [44])
(9174, [44])
(9175, [44, 15])
(9176, [44])
(9177, [43])
(9178, [43, 31])
(9179, [43, 15])
(9180, [43, 4])
(9181, [43, 23])
(9182, [43, 39, 15, 14])
(9183, [43])
(9184, [43])
(9185, [43])
(9186, [43])
(9187, [43, 23])
(9188, [43])
(9189, [43, 2])
(9190, [43])
(9191, [43])
(9192, [43])
(9193, [43])
(9194, [43])
(9195, [43])
(9196, [43, 23, 3])
(9197, [43])
(9198, [43, 4])
(9199, [43])
(9200, [43])
(9201, [43])
(9202, [43])
(9203, [43])
(9204, [43])
(9205, [38])
(9206, [38])
(9207, [36])
(9208, [36])
(9209, [36])
(9210, [36])
(9211, [36, 2])
(9212, [36])
(9213, [36])
(9214, [36])
(9215, [36])
(9216, [36])
(9217, [36])
(9218, [36])
(9219, [36])
(9220, [36])
(9221, [36])
(9222, [36])
(9223, [36])
(9224, [36])
(9225, [36])
(9226, [36])
(9227, [36])
(9228, [36, 2])
(9229, [36])
(9230, [36])
(9231, [36])
(9232, [36])
(9233, [31])
(9234, [31])
(9235, [31])
(9236, [31])
(9237, [31])
(9238, [31])
(9239, [31])
(9240, [31])
(9241, [31])
(9242, [30])
(9243, [30])
(9244, [30])
(9245, [30])
(9246, [30])
(9247, [30])
(9248, [30])
(9249, [30])
(9250, [30, 13])
(9251, [30])
(9252, [30, 12])
(9253, [30])
(9254, [30])
(9255, [37])
(9256, [39])
(9257, [39])
(9258, [41, 2])
(9259, [41])
(9260, [41])
(9261, [41])
(9262, [41])
(9263, [41])
(9264, [41])
(9265, [41])
(9266, [41])
(9267, [41])
(9268, [41])
(9269, [41])
(9270, [41])
(9271, [41])
(9272, [41])
(9273, [41, 12])
(9274, [41])
(9275, [24])
(9276, [24])
(9277, [24])
(9278, [24])
(9279, [24])
(9280, [24, 4, 14])
(9281, [24])
(9282, [24])
(9283, [24])
(9284, [24])
(9285, [24])
(9286, [23])
(9287, [23])
(9288, [23])
(9289, [23])
(9290, [23])
(9291, [23, 12])
(9292, [23])
(9293, [23])
(9294, [23])
(9295, [23])
(9296, [23])
(9297, [23])
(9298, [23])
(9299, [23])
(9300, [23])
(9301, [23])
(9302, [23])
(9303, [23])
(9304, [23])
(9305, [23])
(9306, [23])
(9307, [23])
(9308, [23])
(9309, [23])
(9310, [23])
(9311, [23])
(9312, [23])
(9313, [23])
(9314, [23])
(9315, [23])
(9316, [23])
(9317, [23])
(9318, [23])
(9319, [23])
(9320, [23])
(9321, [23])
(9322, [23])
(9323, [23])
(9324, [23])
(9325, [23])
(9326, [23])
(9327, [23])
(9328, [23])
(9329, [23])
(9330, [23])
(9331, [23])
(9332, [23])
(9333, [23])
(9334, [23])
(9335, [23])
(9336, [23])
(9337, [23])
(9338, [23])
(9339, [23])
(9340, [23])
(9341, [23])
(9342, [23])
(9343, [23])
(9344, [23])
(9345, [23])
(9346, [4])
(9347, [4, 15, 40])
(9348, [4])
(9349, [4])
(9350, [4])
(9351, [4])
(9352, [4])
(9353, [4, 15])
(9354, [4])
(9355, [4])
(9356, [4])
(9357, [4])
(9358, [4])
(9359, [4])
(9360, [4])
(9361, [4])
(9362, [4])
(9363, [15])
(9364, [15])
(9365, [15])
(9366, [15])
(9367, [15])
(9368, [15])
(9369, [15])
(9370, [15])
(9371, [15])
(9372, [3])
(9373, [3])
(9374, [3])
(9375, [3])
(9376, [3])
(9377, [3])
(9378, [3])
(9379, [3, 2])
(9380, [3])
(9381, [3])
(9382, [3, 12])
(9383, [3])
(9384, [3])
(9385, [3])
(9386, [3])
(9387, [3])
(9388, [3])
(9389, [3])
(9390, [3])
(9391, [3])
(9392, [3])
(9393, [3])
(9394, [3])
(9395, [3])
(9396, [3])
(9397, [3])
(9398, [3, 2])
(9399, [3])
(9400, [3])
(9401, [3])
(9402, [3])
(9403, [3])
(9404, [12])
(9405, [12])
(9406, [12])
(9407, [12])
(9408, [12])
(9409, [12])
(9410, [12])
(9411, [12])
(9412, [12])
(9413, [12, 2])
(9414, [12])
(9415, [12])
(9416, [12])
(9417, [12])
(9418, [12])
(9419, [12])
(9420, [12])
(9421, [12])
(9422, [12])
(9423, [12])
(9424, [12])
(9425, [12])
(9426, [12])
(9427, [12])
(9428, [12])
(9429, [12])
(9430, [12])
(9431, [12])
(9432, [12])
(9433, [12])
(9434, [12])
(9435, [12])
(9436, [12])
(9437, [12])
(9438, [12])
(9439, [12])
(9440, [12])
(9441, [12])
(9442, [12])
(9443, [12])
(9444, [12])
(9445, [12])
(9446, [12])
(9447, [12])
(9448, [12])
(9449, [12])
(9450, [12])
(9451, [12])
(9452, [40])
(9453, [40])
(9454, [40])
(9455, [2])
(9456, [2])
(9457, [2])
(9458, [2])
(9459, [2])
(9460, [2])
(9461, [2])
(9462, [2])
(9463, [2])
(9464, [2])
(9465, [2])
(9466, [2])
(9467, [2])
(9468, [2])
(9469, [2])
(9470, [2])
(9471, [2])
(9472, [2])
(9473, [2])
(9474, [2])
(9475, [2])
(9476, [2])
(9477, [2])
(9478, [2])
(9479, [2])
(9480, [2])
(9481, [2])
(9482, [2])
(9483, [2])
(9484, [2])
(9485, [2])
(9486, [2])
(9487, [2])
(9488, [2])
(9489, [2])
(9490, [2])
(9491, [2])
(9492, [2])
(9493, [2])
(9494, [2])
(9495, [2])
(9496, [2])
(9497, [2, 25])
(9498, [2])
(9499, [2])
(9500, [2])
(9501, [2])
(9502, [2])
(9503, [2])
(9504, [2])
(9505, [2])
(9506, [2])
(9507, [2])
(9508, [2])
(9509, [2])
(9510, [2])
(9511, [2])
(9512, [2])
(9513, [2])
(9514, [2])
(9515, [2])
(9516, [2])
(9517, [2])
(9518, [2])
(9519, [2])
(9520, [2])
(9521, [2])
(9522, [2])
(9523, [2])
(9524, [2])
(9525, [2])
(9526, [2])
(9527, [2])
(9528, [2])
(9529, [2])
(9530, [13])
(9531, [13])
(9532, [13])
(9533, [5])
(9534, [5])
(9535, [5])
(9536, [5])
(9537, [5])
(9538, [5])
(9539, [5])
(9540, [14])
(9541, [14])
(9542, [14])
(9543, [14])
(9544, [14])
(9545, [14])
(9546, [14])
(9547, [14])
(9548, [14])
(9549, [14])
(9550, [14])
(9551, [14])
(9552, [14])
(9553, [14])
(9554, [14])
(9555, [14])
(9556, [22])
(9557, [22])
(9558, [22])
(9559, [22])
(9560, [22])
(9561, [22])
(9562, [22])
(9563, [22])
(9564, [22])
(9565, [22])
(9566, [25])
