(35626, [0, 1, 2, 3, 4, 5, 6, 7, 8, 9, 10, 11, 12, 13, 14, 15, 16, 17, 18, 19, 20, 21, 22, 23, 24, 25, 26, 27, 28, 29, 30, 31, 32, 33, 34, 35, 36, 37, 38, 39, 40, 41, 42, 43, 44])
(35627, [0, 1, 2, 3, 4, 5, 6, 7, 8, 9, 10, 11, 12, 13, 14, 15, 16, 17, 18, 19, 20, 21, 22, 23, 24, 25, 26, 27, 28, 29, 30, 31, 32, 33, 34, 35, 36, 37, 38, 39, 40, 41, 42, 43, 44])
(35628, [0, 1, 2, 3, 4, 5, 6, 7, 8, 9, 10, 11, 12, 13, 14, 16, 18, 19, 20, 21, 22, 23, 24, 25, 26, 27, 28, 29, 30, 31, 32, 33, 34, 35, 36, 37, 38, 39, 40, 41, 42, 43, 44])
(35629, [0, 1, 2, 3, 4, 5, 6, 7, 8, 9, 10, 11, 12, 13, 14, 15, 16, 17, 18, 19, 20, 21, 22, 23, 24, 25, 26, 27, 28, 29, 30, 31, 32, 33, 34, 35, 36, 37, 38, 39, 40, 41, 42, 43, 44])
(35630, [0, 1, 2, 3, 4, 6, 7, 8, 9, 10, 11, 12, 13, 14, 15, 16, 17, 19, 20, 21, 22, 23, 24, 25, 26, 29, 30, 32, 33, 38, 40, 41, 42, 43, 44])
(35631, [0, 1, 2, 3, 4, 5, 6, 7, 8, 9, 10, 11, 12, 13, 14, 15, 16, 17, 18, 19, 20, 21, 22, 23, 24, 25, 26, 27, 28, 29, 30, 31, 32, 33, 34, 35, 36, 37, 38, 39, 40, 41, 42, 43, 44])
(35632, [0, 1, 2, 3, 4, 5, 6, 7, 8, 9, 10, 11, 12, 13, 14, 15, 16, 17, 18, 19, 20, 21, 22, 23, 24, 25, 26, 27, 28, 29, 30, 31, 32, 33, 34, 35, 36, 37, 38, 39, 40, 41, 42, 43, 44])
(35633, [0, 1, 2, 3, 4, 5, 6, 7, 8, 9, 10, 11, 12, 13, 14, 15, 16, 17, 18, 19, 20, 21, 22, 23, 24, 25, 26, 27, 28, 29, 30, 31, 32, 33, 34, 35, 36, 37, 38, 39, 40, 41, 42, 43, 44])
(35634, [1, 2, 3, 4, 5, 6, 7, 8, 9, 10, 11, 12, 13, 14, 15, 16, 17, 18, 19, 21, 22, 23, 24, 25, 26, 27, 29, 30, 31, 32, 33, 34, 35, 36, 37, 38, 39, 40, 41, 42, 43, 44])
(35635, [1, 2, 3, 4, 6, 8, 9, 11, 12, 15, 21, 22, 24, 30, 31, 32, 33, 35, 39, 43])
(35636, [0, 1, 2, 3, 4, 6, 7, 9, 11, 12, 14, 15, 16, 17, 18, 19, 21, 23, 26, 27, 28, 30, 31, 32, 33, 35, 39, 42, 43, 44])
(35637, [0, 1, 2, 3, 4, 5, 6, 7, 8, 9, 10, 11, 12, 13, 14, 15, 16, 17, 18, 19, 20, 21, 22, 23, 24, 25, 26, 27, 28, 30, 31, 32, 33, 34, 35, 36, 37, 38, 39, 40, 41, 42, 43, 44])
(35638, [0, 1, 2, 3, 4, 5, 6, 7, 8, 9, 11, 12, 13, 14, 15, 16, 17, 18, 19, 21, 22, 23, 24, 25, 26, 27, 28, 29, 30, 31, 32, 33, 34, 35, 36, 37, 38, 39, 40, 41, 42, 43, 44])
(35639, [32])
(35640, [0, 1, 2, 3, 4, 5, 6, 7, 9, 11, 12, 13, 14, 15, 16, 17, 18, 19, 21, 22, 23, 24, 25, 26, 27, 29, 30, 31, 32, 33, 34, 39, 41, 44])
(35641, [1, 2, 11, 13, 15, 16, 18, 20, 24, 31, 32, 36, 41])
(35642, [2, 4, 6, 9, 13, 14, 15, 16, 18, 32, 41, 43])
(35643, [1, 2, 3, 8, 9, 11, 12, 15, 16, 17, 18, 19, 20, 21, 27, 30, 31, 32, 33, 38, 41, 42, 44])
(35644, [0, 1, 3, 4, 5, 6, 8, 9, 15, 16, 19, 21, 22, 23, 30, 31, 32, 33, 34, 43, 44])
(35645, [1, 2, 3, 4, 6, 7, 8, 9, 11, 15, 17, 18, 19, 20, 21, 22, 23, 24, 26, 29, 30, 31, 32, 33, 34, 36, 37, 38, 40, 41, 42, 43, 44])
(35646, [1, 26, 32])
(35647, [1, 2, 3, 11, 12, 16, 19, 31, 32, 33])
(35648, [1, 3, 9, 12, 13, 16, 17, 21, 26, 27, 31, 32, 33, 35, 41, 44])
(35649, [0, 1, 2, 3, 4, 5, 6, 7, 8, 9, 10, 11, 12, 13, 14, 15, 16, 17, 18, 19, 20, 21, 22, 23, 24, 26, 27, 29, 30, 31, 32, 33, 34, 35, 37, 38, 39, 41, 42, 43, 44])
(35650, [1, 3, 9, 11, 12, 21, 26, 30, 32, 44])
(35651, [32])
(35652, [1, 2, 3, 8, 9, 11, 12, 16, 18, 24, 26, 30, 31, 32, 33, 38, 39, 41])
(35653, [1, 2, 3, 4, 7, 8, 11, 12, 15, 16, 18, 19, 21, 23, 24, 26, 30, 31, 32, 33, 34, 36, 41, 42, 43, 44])
(35654, [1, 2, 4, 6, 7, 11, 13, 14, 15, 16, 17, 18, 19, 26, 30, 31, 32, 33, 34, 36, 39, 40, 41, 42, 43, 44])
(35655, [7, 9, 18, 22, 30, 31, 32, 43])
(35656, [2, 18, 30, 32, 40])
(35657, [1, 3, 4, 6, 9, 11, 15, 21, 23, 24, 26, 30, 31, 32, 33, 34, 41, 43])
(35658, [1, 2, 6, 14, 18, 21, 24, 27, 30, 32, 40])
(35659, [0, 1, 2, 3, 4, 5, 6, 7, 8, 9, 10, 11, 12, 13, 14, 15, 16, 17, 18, 19, 20, 21, 23, 25, 26, 27, 28, 30, 32, 33, 34, 35, 39, 40, 41, 42, 44])
(35660, [1, 2, 3, 4, 6, 7, 9, 10, 11, 12, 13, 14, 15, 16, 17, 18, 19, 20, 21, 22, 23, 24, 25, 26, 27, 30, 31, 32, 33, 34, 35, 36, 37, 38, 41, 43, 44])
(35661, [31, 32])
(35662, [0, 1, 15, 24, 30, 31, 32, 33])
(35663, [9, 12, 23, 26, 32, 43])
(35664, [14, 32])
(35665, [0, 1, 2, 3, 4, 5, 6, 7, 8, 9, 10, 11, 12, 13, 14, 15, 16, 17, 18, 19, 20, 21, 22, 23, 24, 25, 26, 27, 28, 29, 30, 31, 32, 33, 34, 35, 36, 37, 38, 39, 40, 41, 42, 43, 44])
(35666, [0, 1, 2, 3, 7, 8, 9, 11, 12, 14, 15, 16, 18, 19, 20, 21, 23, 24, 30, 31, 32, 33, 34, 39, 41, 43, 44])
(35667, [0, 2, 6, 12, 14, 18, 30, 32])
(35668, [0, 2, 3, 4, 5, 6, 9, 10, 11, 12, 13, 15, 16, 17, 18, 19, 23, 24, 26, 27, 28, 30, 31, 32, 33, 34, 36, 40, 41, 43, 44])
(35669, [3, 6, 11, 12, 18, 19, 26, 32, 33, 41, 43])
(35670, [0, 1, 2, 3, 6, 7, 8, 10, 11, 12, 15, 16, 18, 20, 23, 24, 27, 30, 31, 32, 33, 34, 35, 40, 41, 42, 44])
(35671, [0, 1, 2, 3, 4, 5, 6, 9, 11, 13, 14, 15, 16, 17, 19, 20, 22, 23, 24, 26, 30, 31, 32, 33, 34, 40, 41, 43, 44])
(35672, [1, 5, 9, 12, 15, 16, 17, 19, 21, 22, 23, 32, 39, 43])
(35673, [6, 9, 11, 18, 32])
(35674, [0, 1, 2, 3, 5, 7, 8, 11, 12, 15, 18, 21, 23, 27, 29, 30, 31, 32, 33, 34, 39, 40, 43, 44])
(35675, [1, 2, 3, 4, 7, 9, 10, 11, 12, 13, 15, 16, 17, 18, 19, 20, 22, 23, 24, 26, 30, 31, 32, 33, 34, 35, 38, 40, 41, 43, 44])
(35676, [2, 32])
(35677, [0, 1, 2, 3, 9, 11, 14, 15, 21, 24, 26, 32, 33])
(35678, [0, 1, 6, 9, 12, 15, 20, 31, 32, 34, 40, 44])
(35679, [2, 3, 8, 9, 12, 16, 18, 21, 23, 24, 31, 32, 33, 44])
(35680, [0, 1, 2, 3, 4, 9, 12, 15, 31, 32, 34, 43])
(35681, [1, 2, 3, 6, 7, 11, 13, 17, 18, 19, 21, 22, 23, 26, 29, 30, 32, 33, 36, 39, 43])
(35682, [0, 1, 2, 3, 5, 6, 7, 9, 11, 12, 14, 15, 16, 17, 18, 19, 20, 21, 23, 24, 27, 29, 30, 32, 33, 35, 40, 41, 42, 43, 44])
(35683, [1, 3, 7, 9, 15, 16, 18, 23, 29, 32])
(35684, [32])
(35685, [0, 1, 2, 3, 4, 5, 6, 7, 8, 9, 10, 11, 12, 13, 14, 15, 16, 17, 18, 19, 20, 23, 24, 26, 27, 28, 30, 31, 32, 33, 34, 35, 36, 37, 41, 42, 43, 44])
(35686, [0, 1, 2, 3, 4, 6, 7, 8, 9, 10, 11, 12, 14, 15, 16, 17, 18, 20, 23, 24, 27, 28, 30, 31, 32, 33, 34, 36, 37, 38, 39, 40, 41, 43, 44])
(35687, [0, 1, 2, 3, 4, 6, 7, 8, 9, 11, 12, 14, 15, 16, 17, 18, 19, 20, 22, 23, 26, 27, 28, 30, 31, 32, 33, 34, 35, 36, 39, 40, 42, 43, 44])
(35688, [0, 2, 3, 6, 14, 15, 20, 21, 22, 24, 26, 30, 32, 34, 40, 41])
(35689, [0, 1, 2, 3, 4, 6, 7, 9, 10, 11, 12, 13, 14, 15, 17, 18, 19, 20, 23, 24, 26, 27, 31, 32, 33, 34, 36, 37, 39, 40, 41, 43, 44])
(35690, [0, 9, 10, 16, 32, 44])
(35691, [1, 4, 9, 11, 13, 15, 19, 26, 30, 32, 35, 41])
(35692, [2, 6, 9, 12, 15, 17, 18, 23, 31, 32, 34, 41, 43])
(35693, [6, 7, 14, 15, 17, 28, 32, 34])
(35694, [0, 1, 2, 3, 4, 7, 9, 11, 12, 26, 32, 41, 43])
(35695, [0, 1, 2, 3, 6, 7, 8, 9, 11, 12, 15, 16, 18, 20, 22, 30, 31, 32, 33, 34, 38, 44])
(35696, [0, 1, 2, 3, 4, 6, 8, 9, 11, 12, 13, 14, 15, 16, 17, 18, 19, 20, 21, 22, 23, 26, 27, 29, 30, 31, 32, 33, 34, 35, 37, 38, 41, 43, 44])
(35697, [2, 6, 9, 19, 23, 31, 32, 43])
(35698, [0, 1, 3, 4, 7, 8, 9, 12, 15, 21, 22, 23, 32, 42])
(35699, [1, 2, 3, 4, 9, 11, 15, 17, 18, 19, 24, 26, 27, 29, 30, 31, 32, 40, 41])
(35700, [18, 32])
(35701, [0, 1, 2, 3, 4, 5, 6, 7, 8, 9, 11, 12, 14, 15, 16, 17, 18, 19, 20, 23, 24, 26, 27, 28, 30, 31, 32, 34, 35, 36, 37, 39, 40, 41, 42, 43, 44])
(35702, [0, 2, 3, 9, 10, 11, 15, 20, 32, 34, 44])
(35703, [0, 1, 3, 4, 5, 7, 8, 11, 12, 14, 18, 19, 20, 21, 22, 25, 30, 31, 32, 35, 37, 38, 39, 42, 44])
(35704, [0, 1, 2, 3, 4, 5, 6, 7, 8, 9, 10, 12, 13, 14, 15, 16, 17, 18, 19, 20, 22, 23, 24, 26, 27, 30, 31, 32, 33, 34, 35, 36, 37, 40, 41, 43, 44])
(35705, [1, 2, 4, 6, 13, 14, 15, 21, 24, 26, 27, 30, 32, 35, 36, 40, 41, 43])
(35706, [32])
(35707, [1, 2, 7, 9, 10, 11, 12, 14, 15, 16, 26, 28, 30, 31, 32, 35, 41])
(35708, [0, 1, 2, 3, 4, 6, 7, 9, 11, 13, 15, 18, 19, 20, 23, 24, 26, 27, 32, 33, 34, 38, 41, 43])
(35709, [0, 1, 2, 3, 4, 7, 8, 9, 11, 12, 15, 16, 17, 18, 20, 22, 24, 26, 30, 31, 32, 33, 34, 40, 41, 42, 44])
(35710, [8, 14, 18, 23, 31, 32, 43])
(35711, [2, 3, 9, 12, 15, 18, 19, 23, 31, 32, 34, 43, 44])
(35712, [0, 1, 3, 4, 6, 9, 11, 15, 16, 17, 18, 23, 27, 30, 31, 32, 34, 41, 43])
(35713, [15, 23, 30, 32, 34])
(35714, [32, 33])
(35715, [32])
(35716, [2, 3, 4, 9, 11, 12, 14, 15, 17, 18, 19, 23, 24, 26, 30, 31, 32, 33, 34, 36, 41, 42, 43, 44])
(35717, [0, 1, 2, 3, 8, 9, 10, 13, 15, 16, 17, 18, 20, 24, 26, 28, 30, 31, 32, 33, 34, 40, 41, 43])
(35718, [0, 2, 3, 6, 9, 11, 12, 14, 16, 17, 19, 20, 26, 31, 32, 34, 36, 41, 43, 44])
(35719, [0, 1, 3, 4, 6, 7, 8, 9, 11, 12, 15, 16, 17, 18, 20, 21, 22, 23, 27, 28, 31, 32, 34, 35, 36, 40, 41, 42, 43, 44])
(35720, [1, 2, 4, 12, 18, 20, 21, 28, 32, 34, 35, 41])
(35721, [2, 3, 9, 12, 14, 15, 17, 26, 31, 32, 41])
(35722, [0, 1, 2, 3, 4, 7, 8, 9, 11, 13, 15, 16, 18, 19, 20, 21, 22, 23, 24, 30, 31, 32, 33, 34, 36, 41, 43, 44])
(35723, [1, 2, 3, 4, 6, 9, 12, 17, 18, 19, 21, 22, 23, 30, 31, 32, 33, 34, 35, 39, 41, 42, 43, 44])
(35724, [0, 2, 9, 12, 16, 23, 32, 41, 43, 44])
(35725, [1, 2, 3, 6, 9, 10, 13, 15, 16, 17, 21, 23, 24, 32, 33, 34, 39, 41, 43])
(35726, [19, 32])
(35727, [1, 7, 11, 13, 15, 22, 23, 30, 31, 32, 33, 42, 43, 44])
(35728, [2, 3, 4, 26, 30, 32, 34])
(35729, [1, 3, 20, 21, 22, 26, 32, 33, 35, 43, 44])
(35730, [0, 2, 9, 11, 12, 19, 21, 25, 31, 32, 33, 35])
(35731, [2, 9, 17, 18, 20, 31, 32, 41, 42, 43])
(35732, [1, 2, 3, 7, 11, 15, 17, 19, 31, 32, 33, 34, 39, 40, 43, 44])
(35733, [1, 10, 11, 12, 15, 19, 22, 32, 33, 41, 44])
(35734, [0, 1, 3, 11, 14, 15, 20, 25, 26, 30, 31, 32, 41, 43])
(35735, [32])
(35736, [0, 2, 3, 4, 9, 10, 11, 12, 15, 16, 17, 19, 21, 24, 26, 28, 32, 34, 37, 42, 43, 44])
(35737, [0, 3, 9, 11, 12, 17, 19, 30, 31, 32, 35, 43])
(35738, [1, 32])
(35739, [3, 4, 5, 6, 8, 9, 11, 12, 13, 15, 17, 21, 22, 30, 31, 32, 33, 34, 36, 37, 39, 41, 43, 44])
(35740, [0, 1, 2, 3, 4, 5, 6, 7, 8, 9, 10, 11, 12, 13, 14, 15, 16, 18, 19, 20, 21, 22, 23, 24, 25, 26, 27, 28, 29, 30, 31, 33, 34, 35, 36, 37, 38, 39, 40, 41, 42, 43, 44])
(35741, [0, 6, 19, 35, 41])
(35742, [0, 1, 3, 8, 9, 10, 11, 12, 15, 16, 18, 19, 20, 21, 22, 26, 30, 31, 33, 34, 35, 36, 37, 41, 43, 44])
(35743, [35])
(35744, [35])
(35745, [0, 1, 2, 3, 4, 5, 6, 11, 15, 16, 18, 21, 22, 23, 31, 35, 37, 42])
(35746, [1, 3, 4, 5, 6, 8, 9, 11, 15, 16, 17, 18, 19, 21, 22, 23, 24, 26, 30, 33, 35, 38, 44])
(35747, [35])
(35748, [6, 8, 18, 20, 23, 35, 43])
(35749, [1, 2, 4, 7, 9, 24, 35, 43])
(35750, [4, 15, 18, 19, 21, 22, 35, 44])
(35751, [35])
(35752, [35, 37])
(35753, [35])
(35754, [35])
(35755, [35])
(35756, [35])
(35757, [0, 1, 2, 3, 4, 11, 12, 17, 19, 26, 28, 30, 35, 43, 44])
(35758, [35])
(35759, [1, 3, 6, 10, 15, 20, 35, 37])
(35760, [1, 2, 12, 16, 18, 23, 27, 30, 35])
(35761, [1, 3, 11, 21, 33, 34, 35])
(35762, [35])
(35763, [1, 2, 11, 18, 21, 23, 26, 35, 44])
(35764, [0, 28, 35])
(35765, [1, 2, 3, 4, 6, 7, 13, 15, 17, 22, 26, 29, 30, 31, 33, 34, 35, 40, 42, 44])
(35766, [0, 1, 2, 3, 4, 5, 6, 7, 8, 9, 10, 11, 12, 14, 15, 16, 17, 18, 19, 20, 21, 22, 23, 24, 30, 33, 34, 35, 38, 40, 42, 44])
(35767, [35])
(35768, [35])
(35769, [18, 23, 29, 35])
(35770, [35])
(35771, [35])
(35772, [8, 18, 19, 23, 35])
(35773, [0, 1, 3, 8, 16, 18, 19, 20, 22, 23, 26, 30, 31, 33, 34, 35, 37, 38, 40, 41, 42])
(35774, [35])
(35775, [0, 2, 5, 9, 10, 12, 16, 21, 35, 37, 42])
(35776, [35])
(35777, [1, 23, 35])
(35778, [35])
(35779, [1, 3, 5, 6, 8, 9, 11, 15, 17, 18, 19, 23, 24, 26, 30, 31, 34, 40, 41, 43])
(35780, [1, 2, 3, 12, 21, 34])
(35781, [11, 15, 19, 21, 22, 23, 34, 37])
(35782, [12, 34])
(35783, [0, 2, 3, 14, 15, 17, 19, 26, 31, 34, 41, 44])
(35784, [34])
(35785, [34])
(35786, [1, 3, 11, 13, 18, 19, 23, 24, 34, 43])
(35787, [1, 3, 9, 11, 26, 31, 34, 43])
(35788, [34])
(35789, [1, 3, 34, 42])
(35790, [0, 5, 8, 18, 23, 34])
(35791, [1, 4, 22, 34, 41])
(35792, [0, 1, 2, 3, 7, 9, 10, 11, 12, 14, 17, 19, 20, 21, 23, 24, 26, 28, 30, 31, 33, 34, 39, 42, 44])
(35793, [34])
(35794, [0, 1, 7, 15, 18, 21, 33, 34])
(35795, [34, 40])
(35796, [1, 2, 3, 17, 19, 22, 33, 34, 36, 38, 43, 44])
(35797, [33, 34])
(35798, [30, 33, 34])
(35799, [1, 2, 3, 4, 6, 7, 8, 11, 12, 16, 17, 18, 19, 20, 21, 22, 23, 24, 29, 30, 34, 39, 42, 43, 44])
(35800, [34])
(35801, [0, 6, 12, 14, 19, 22, 34])
(35802, [22, 23, 34, 41, 44])
(35803, [3, 34])
(35804, [2, 12, 18, 27, 34, 41])
(35805, [34])
(35806, [0, 3, 11, 34, 44])
(35807, [0, 1, 3, 4, 9, 10, 15, 16, 17, 18, 19, 20, 23, 24, 30, 34, 42, 43, 44])
(35808, [34])
(35809, [1, 2, 3, 7, 11, 14, 16, 18, 19, 22, 29, 30, 34, 44])
(35810, [34])
(35811, [24, 26, 30, 31, 34])
(35812, [0, 3, 29, 34, 43, 44])
(35813, [26, 34])
(35814, [0, 2, 9, 12, 16, 34])
(35815, [34])
(35816, [0, 12, 34])
(35817, [0, 3, 12, 34])
(35818, [2, 3, 8, 23, 34])
(35819, [34])
(35820, [34])
(35821, [34])
(35822, [34])
(35823, [6, 33])
(35824, [33])
(35825, [33])
(35826, [0, 1, 3, 12, 15, 21, 33, 41])
(35827, [33])
(35828, [33])
(35829, [1, 3, 20, 33, 37])
(35830, [1, 2, 3, 15, 24, 30, 31, 33])
(35831, [0, 1, 2, 9, 15, 16, 23, 28, 33])
(35832, [33])
(35833, [1, 2, 3, 33, 39, 41, 42, 43])
(35834, [15, 24, 30, 33])
(35835, [0, 1, 2, 3, 8, 9, 14, 26, 31, 33, 41, 42, 43, 44])
(35836, [2, 4, 19, 25, 33, 36, 44])
(35837, [33])
(35838, [33])
(35839, [0, 2, 3, 7, 16, 27, 33, 41])
(35840, [33])
(35841, [33])
(35842, [7, 33])
(35843, [33])
(35844, [33])
(35845, [33, 43])
(35846, [0, 12, 30, 33, 39, 41, 42])
(35847, [0, 1, 9, 12, 19, 22, 33])
(35848, [0, 2, 8, 12, 18, 19, 21, 22, 30, 31, 33, 40, 41, 43])
(35849, [33, 41])
(35850, [33])
(35851, [33])
(35852, [33])
(35853, [0, 7, 12, 13, 22, 24, 33])
(35854, [33, 43])
(35855, [33])
(35856, [2, 33, 44])
(35857, [31, 33])
(35858, [1, 3, 6, 10, 12, 15, 16, 17, 18, 24, 26, 30, 33, 38, 41, 43, 44])
(35859, [11, 18, 21, 31, 33])
(35860, [0, 1, 2, 3, 4, 6, 7, 9, 16, 19, 20, 21, 22, 23, 24, 26, 28, 33, 43, 44])
(35861, [1, 3, 4, 5, 8, 18, 20, 21, 22, 23, 30, 33, 44])
(35862, [1, 3, 9, 21, 33])
(35863, [30, 33])
(35864, [33])
(35865, [31, 33])
(35866, [33])
(35867, [33])
(35868, [19, 31, 33])
(35869, [0, 30, 33, 44])
(35870, [1, 2, 3, 6, 7, 9, 10, 11, 13, 14, 15, 17, 18, 19, 20, 21, 22, 23, 24, 26, 29, 33, 36, 37, 38, 39, 41, 42, 44])
(35871, [19, 33, 41])
(35872, [33])
(35873, [33])
(35874, [1, 3, 6, 11, 18, 23, 26, 33])
(35875, [1, 3, 12, 17, 19, 20, 21, 31, 44])
(35876, [20])
(35877, [20])
(35878, [0, 1, 2, 3, 9, 10, 12, 13, 14, 16, 19, 20, 21, 22, 28, 42, 43, 44])
(35879, [0, 1, 2, 3, 6, 7, 12, 15, 18, 20, 41, 42, 43])
(35880, [0, 19, 20])
(35881, [20])
(35882, [20])
(35883, [0, 3, 6, 20, 23])
(35884, [20])
(35885, [20])
(35886, [12, 20])
(35887, [1, 2, 3, 4, 19, 20, 23])
(35888, [1, 2, 3, 5, 8, 9, 12, 17, 18, 19, 20, 21, 23, 29, 30, 37, 43, 44])
(35889, [2, 11, 20])
(35890, [20, 42])
(35891, [20])
(35892, [20])
(35893, [2, 3, 7, 9, 14, 15, 17, 20, 28, 31, 41, 43])
(35894, [2, 6, 9, 12, 16, 18, 19, 20, 23, 26, 36, 41, 43, 44])
(35895, [0, 1, 2, 11, 12, 16, 20, 21, 26, 27, 31, 42])
(35896, [0, 20])
(35897, [0, 2, 9, 20, 41, 43])
(35898, [1, 3, 11, 20, 21])
(35899, [12, 18, 20, 23, 43, 44])
(35900, [0, 20])
(35901, [0, 20])
(35902, [0, 2, 9, 15, 16, 20])
(35903, [18])
(35904, [18])
(35905, [18])
(35906, [18])
(35907, [15, 18])
(35908, [18])
(35909, [18])
(35910, [18, 23])
(35911, [17, 18])
(35912, [18])
(35913, [0, 1, 2, 9, 18, 24])
(35914, [18])
(35915, [18])
(35916, [11, 18, 29])
(35917, [18, 31])
(35918, [18])
(35919, [7, 18])
(35920, [18, 19, 29])
(35921, [2, 18])
(35922, [1, 4, 9, 12, 16, 18, 22, 23, 41, 43])
(35923, [18])
(35924, [1, 3, 4, 7, 13, 18, 43, 44])
(35925, [0, 2, 4, 5, 6, 8, 9, 10, 12, 15, 17, 18, 19, 22, 23, 31, 44])
(35926, [18])
(35927, [18])
(35928, [18])
(35929, [4, 5, 8, 12, 18, 21, 22, 30, 31, 40, 41])
(35930, [18])
(35931, [18])
(35932, [15, 18, 30, 31, 43])
(35933, [18])
(35934, [0, 1, 3, 15, 17, 18, 23, 30, 41, 43])
(35935, [18])
(35936, [18])
(35937, [5, 18])
(35938, [18])
(35939, [18])
(35940, [18])
(35941, [18])
(35942, [0, 1, 9, 11, 12, 16, 18, 23])
(35943, [15, 18, 23])
(35944, [18])
(35945, [18])
(35946, [0, 1, 2, 3, 11, 16, 18, 19, 43, 44])
(35947, [18])
(35948, [18])
(35949, [18])
(35950, [18])
(35951, [9, 11, 18, 23, 43])
(35952, [18])
(35953, [18])
(35954, [18])
(35955, [18, 41])
(35956, [18])
(35957, [18])
(35958, [18])
(35959, [18, 21, 23])
(35960, [18])
(35961, [18])
(35962, [18])
(35963, [18, 23])
(35964, [18])
(35965, [18])
(35966, [18])
(35967, [18])
(35968, [18])
(35969, [18])
(35970, [18])
(35971, [18])
(35972, [18])
(35973, [6, 18])
(35974, [2, 9, 16, 18, 23, 28, 43])
(35975, [8, 18, 23])
(35976, [3, 18, 43])
(35977, [18])
(35978, [18])
(35979, [18, 19])
(35980, [0, 1, 2, 3, 4, 6, 8, 10, 11, 12, 14, 15, 16, 18, 24, 31, 39, 40, 42, 43])
(35981, [18])
(35982, [18])
(35983, [18])
(35984, [18])
(35985, [27])
(35986, [6, 7, 26, 27, 28])
(35987, [5, 9, 26, 27])
(35988, [27])
(35989, [27])
(35990, [27])
(35991, [12, 27])
(35992, [0, 1, 2, 3, 10, 11, 12, 16, 27, 44])
(35993, [1, 3, 12, 23, 27, 31, 39])
(35994, [9])
(35995, [1, 3, 4, 6, 9, 39, 41, 42])
(35996, [4, 9])
(35997, [9])
(35998, [9])
(35999, [9])
(36000, [1, 9])
(36001, [9, 14])
(36002, [0, 9])
(36003, [9, 15, 17, 30, 44])
(36004, [9])
(36005, [9, 23])
(36006, [9])
(36007, [9, 12, 31])
(36008, [0, 9, 19, 41])
(36009, [0, 1, 7, 9, 12])
(36010, [9])
(36011, [9])
(36012, [9])
(36013, [9])
(36014, [9])
(36015, [9, 17, 41])
(36016, [9])
(36017, [9])
(36018, [9])
(36019, [9])
(36020, [9])
(36021, [9])
(36022, [9])
(36023, [1, 2, 9, 28, 40, 41, 44])
(36024, [9])
(36025, [1, 9, 43])
(36026, [9, 12, 16, 41, 43])
(36027, [9, 41])
(36028, [5, 9, 14])
(36029, [9, 23])
(36030, [9])
(36031, [0, 2, 3, 8, 9, 12, 17, 19, 22, 44])
(36032, [9])
(36033, [9, 43])
(36034, [9])
(36035, [9])
(36036, [9])
(36037, [9])
(36038, [9, 12])
(36039, [9])
(36040, [9])
(36041, [0, 9, 41])
(36042, [1, 2, 3, 9, 11, 17, 19, 21, 22, 30])
(36043, [9])
(36044, [0])
(36045, [0, 21])
(36046, [0])
(36047, [0])
(36048, [0, 1, 19])
(36049, [0, 12])
(36050, [0, 12])
(36051, [0])
(36052, [0])
(36053, [0, 1, 12, 23])
(36054, [0])
(36055, [0])
(36056, [0])
(36057, [0, 3])
(36058, [0])
(36059, [0])
(36060, [0, 12])
(36061, [0])
(36062, [0])
(36063, [0])
(36064, [0])
(36065, [0])
(36066, [0])
(36067, [0, 2, 12, 23, 31, 41, 43])
(36068, [0])
(36069, [0])
(36070, [0])
(36071, [0])
(36072, [0])
(36073, [0])
(36074, [0, 16])
(36075, [0])
(36076, [0])
(36077, [0])
(36078, [0])
(36079, [0])
(36080, [0])
(36081, [0])
(36082, [0])
(36083, [0])
(36084, [0])
(36085, [0])
(36086, [0])
(36087, [0, 12])
(36088, [0])
(36089, [0])
(36090, [0])
(36091, [0])
(36092, [0])
(36093, [0])
(36094, [0])
(36095, [0])
(36096, [0])
(36097, [0])
(36098, [0])
(36099, [0])
(36100, [0])
(36101, [0])
(36102, [0])
(36103, [0])
(36104, [0])
(36105, [0])
(36106, [0, 12])
(36107, [0, 5])
(36108, [0, 2, 3, 12, 43, 44])
(36109, [0])
(36110, [0])
(36111, [0])
(36112, [0])
(36113, [0])
(36114, [0])
(36115, [0])
(36116, [0])
(36117, [0])
(36118, [0])
(36119, [0])
(36120, [0])
(36121, [0])
(36122, [0])
(36123, [0])
(36124, [0])
(36125, [0])
(36126, [0])
(36127, [0])
(36128, [0])
(36129, [0])
(36130, [0])
(36131, [0])
(36132, [0])
(36133, [0])
(36134, [0])
(36135, [0, 12])
(36136, [0])
(36137, [0])
(36138, [0])
(36139, [0, 1, 11, 12, 30, 43])
(36140, [0, 3, 21])
(36141, [0])
(36142, [0])
(36143, [0])
(36144, [0])
(36145, [0, 12])
(36146, [0])
(36147, [0])
(36148, [0])
(36149, [0])
(36150, [0])
(36151, [0, 3])
(36152, [0])
(36153, [0, 6, 24])
(36154, [0])
(36155, [0])
(36156, [0])
(36157, [0, 1, 3, 4, 14, 24, 36, 40])
(36158, [0])
(36159, [0, 12])
(36160, [0])
(36161, [0])
(36162, [0, 1, 7])
(36163, [0, 36, 44])
(36164, [0])
(36165, [0, 12])
(36166, [0])
(36167, [0, 1, 2, 3, 11, 39, 42])
(36168, [0])
(36169, [0])
(36170, [0, 2, 3, 11, 13])
(36171, [0])
(36172, [0])
(36173, [0, 4, 14, 19, 23])
(36174, [0])
(36175, [0])
(36176, [0])
(36177, [0])
(36178, [0, 1, 12])
(36179, [0])
(36180, [0])
(36181, [0])
(36182, [0])
(36183, [0])
(36184, [0])
(36185, [0])
(36186, [0])
(36187, [0])
(36188, [0])
(36189, [0])
(36190, [0])
(36191, [0, 16, 23])
(36192, [0])
(36193, [0])
(36194, [0])
(36195, [0])
(36196, [0])
(36197, [0])
(36198, [0])
(36199, [0])
(36200, [0])
(36201, [0])
(36202, [0])
(36203, [0, 2, 24, 41, 44])
(36204, [0, 2, 12, 15])
(36205, [0])
(36206, [0])
(36207, [0, 12])
(36208, [0])
(36209, [0])
(36210, [0])
(36211, [0])
(36212, [0])
(36213, [0, 12])
(36214, [0, 1, 3, 7])
(36215, [0])
(36216, [0, 12])
(36217, [0])
(36218, [0])
(36219, [0])
(36220, [0])
(36221, [0])
(36222, [0])
(36223, [0])
(36224, [0])
(36225, [0])
(36226, [0])
(36227, [0])
(36228, [0])
(36229, [0])
(36230, [0])
(36231, [0])
(36232, [0])
(36233, [0])
(36234, [0])
(36235, [0])
(36236, [0])
(36237, [0])
(36238, [0])
(36239, [0])
(36240, [0])
(36241, [0])
(36242, [0, 3])
(36243, [0])
(36244, [0, 2])
(36245, [0])
(36246, [0])
(36247, [0])
(36248, [0])
(36249, [0])
(36250, [0])
(36251, [0])
(36252, [0, 12])
(36253, [0, 3])
(36254, [0, 1, 31])
(36255, [0])
(36256, [0])
(36257, [0])
(36258, [0])
(36259, [0])
(36260, [0])
(36261, [0])
(36262, [0, 44])
(36263, [0])
(36264, [0])
(36265, [0, 2, 19])
(36266, [0, 4])
(36267, [0])
(36268, [0])
(36269, [0])
(36270, [0, 11, 14])
(36271, [0])
(36272, [0, 12])
(36273, [0])
(36274, [0])
(36275, [0])
(36276, [0])
(36277, [11])
(36278, [11])
(36279, [3, 11, 22])
(36280, [1, 7, 11, 21, 43])
(36281, [11])
(36282, [11])
(36283, [11])
(36284, [1, 5, 11, 19, 21, 23, 30, 43])
(36285, [11])
(36286, [11, 17, 19, 44])
(36287, [1, 3, 11, 21, 26, 43])
(36288, [3, 11])
(36289, [2, 11])
(36290, [2, 3, 6, 11, 17, 19, 44])
(36291, [1, 11, 17])
(36292, [11])
(36293, [7, 11, 36])
(36294, [11])
(36295, [2, 11])
(36296, [11])
(36297, [2, 11])
(36298, [11, 24, 26, 41, 44])
(36299, [11])
(36300, [11])
(36301, [11, 12])
(36302, [11])
(36303, [2, 11, 24, 26])
(36304, [1, 3, 7, 8, 12, 22, 23, 30, 31, 40, 43])
(36305, [7])
(36306, [7])
(36307, [7])
(36308, [7])
(36309, [3, 4, 7, 8])
(36310, [3, 7])
(36311, [7])
(36312, [7])
(36313, [7, 12])
(36314, [7])
(36315, [7])
(36316, [5, 8, 16, 23, 37])
(36317, [1, 2, 13, 14, 16, 19, 39, 43, 44])
(36318, [16])
(36319, [5, 12, 16, 23])
(36320, [3, 16, 39])
(36321, [16, 17, 21])
(36322, [16, 41])
(36323, [16])
(36324, [3, 16, 23])
(36325, [2, 6, 16, 23])
(36326, [12, 16, 23])
(36327, [1, 2, 3, 4, 10, 16, 17, 19, 22, 23, 24, 26, 39, 40, 41])
(36328, [12, 16, 24])
(36329, [2, 16, 23, 31])
(36330, [4, 16])
(36331, [16])
(36332, [42])
(36333, [42])
(36334, [37, 42])
(36335, [1, 3, 17, 31, 38, 41, 42])
(36336, [6, 40, 41])
(36337, [5, 6])
(36338, [6])
(36339, [2, 6, 13, 31])
(36340, [6, 15])
(36341, [6])
(36342, [1, 2, 6, 40])
(36343, [6, 28])
(36344, [6, 19, 26])
(36345, [6])
(36346, [6])
(36347, [6])
(36348, [6, 21])
(36349, [28])
(36350, [28])
(36351, [21, 28])
(36352, [28])
(36353, [22, 28])
(36354, [1, 28])
(36355, [17])
(36356, [17, 19, 25])
(36357, [2, 17])
(36358, [17])
(36359, [17, 43])
(36360, [1, 17, 19, 44])
(36361, [17, 22, 31])
(36362, [17])
(36363, [2, 17])
(36364, [17, 23, 24])
(36365, [12, 17, 40])
(36366, [17])
(36367, [3, 17])
(36368, [2, 17, 44])
(36369, [17, 41])
(36370, [2, 17, 26])
(36371, [2, 13, 17, 26, 31, 40, 41, 43, 44])
(36372, [17])
(36373, [17])
(36374, [17])
(36375, [17])
(36376, [17])
(36377, [2, 17])
(36378, [17])
(36379, [17])
(36380, [1, 2, 3])
(36381, [1])
(36382, [1, 2, 21, 22])
(36383, [1, 3])
(36384, [1])
(36385, [1])
(36386, [1])
(36387, [1, 31, 39])
(36388, [1])
(36389, [1, 3])
(36390, [1])
(36391, [1])
(36392, [1])
(36393, [1, 23])
(36394, [1, 3])
(36395, [1, 2, 3, 23])
(36396, [1, 2, 26, 31, 41, 43])
(36397, [1, 8, 12, 13, 21, 22, 24, 26, 30, 41, 43])
(36398, [1])
(36399, [1])
(36400, [1, 3, 4, 15, 19, 43])
(36401, [1, 3, 22])
(36402, [1])
(36403, [1])
(36404, [1])
(36405, [1])
(36406, [1, 3])
(36407, [1])
(36408, [1, 3])
(36409, [1, 15])
(36410, [1, 19, 26])
(36411, [1, 3, 21, 37])
(36412, [1])
(36413, [1])
(36414, [1, 23, 40])
(36415, [1])
(36416, [1])
(36417, [1])
(36418, [1])
(36419, [1, 12])
(36420, [1])
(36421, [10])
(36422, [10])
(36423, [10])
(36424, [10, 23])
(36425, [10])
(36426, [10])
(36427, [10, 36])
(36428, [10, 19, 24, 31, 44])
(36429, [10])
(36430, [10])
(36431, [19])
(36432, [19])
(36433, [19, 36])
(36434, [19])
(36435, [19])
(36436, [13, 19, 44])
(36437, [19])
(36438, [19])
(36439, [19])
(36440, [19])
(36441, [8, 19])
(36442, [19])
(36443, [19])
(36444, [19])
(36445, [19])
(36446, [19])
(36447, [19])
(36448, [3, 19])
(36449, [19])
(36450, [19, 24, 43])
(36451, [19])
(36452, [19])
(36453, [19, 21])
(36454, [19, 22])
(36455, [8, 19])
(36456, [19])
(36457, [19])
(36458, [26])
(36459, [26])
(36460, [26])
(36461, [26])
(36462, [26])
(36463, [26])
(36464, [26])
(36465, [26])
(36466, [26])
(36467, [2, 26])
(36468, [26])
(36469, [2, 4, 14, 26])
(36470, [26])
(36471, [14, 26, 40, 44])
(36472, [26])
(36473, [26])
(36474, [26, 41])
(36475, [25, 26, 43])
(36476, [26])
(36477, [26])
(36478, [26])
(36479, [26])
(36480, [26])
(36481, [26])
(36482, [8, 23, 31])
(36483, [2, 8, 13, 23])
(36484, [8])
(36485, [8])
(36486, [8])
(36487, [8])
(36488, [8])
(36489, [8])
(36490, [8])
(36491, [8])
(36492, [8, 23])
(36493, [8])
(36494, [5, 8])
(36495, [8])
(36496, [8])
(36497, [3, 12, 21, 23, 37])
(36498, [21])
(36499, [21])
(36500, [21])
(36501, [21])
(36502, [21])
(36503, [21])
(36504, [21])
(36505, [21])
(36506, [21])
(36507, [21])
(36508, [21])
(36509, [21])
(36510, [21])
(36511, [21])
(36512, [21, 37])
(36513, [3, 21])
(36514, [21])
(36515, [21])
(36516, [21])
(36517, [21])
(36518, [21])
(36519, [21])
(36520, [21])
(36521, [21])
(36522, [21])
(36523, [21])
(36524, [21])
(36525, [21])
(36526, [21])
(36527, [3, 21])
(36528, [21])
(36529, [21])
(36530, [21])
(36531, [21])
(36532, [21])
(36533, [21])
(36534, [21])
(36535, [21])
(36536, [12, 21])
(36537, [21])
(36538, [44])
(36539, [44])
(36540, [44])
(36541, [14, 25, 44])
(36542, [44])
(36543, [44])
(36544, [44])
(36545, [44])
(36546, [44])
(36547, [44])
(36548, [44])
(36549, [44])
(36550, [44])
(36551, [44])
(36552, [44])
(36553, [2, 44])
(36554, [44])
(36555, [3, 44])
(36556, [44])
(36557, [44])
(36558, [44])
(36559, [44])
(36560, [44])
(36561, [44])
(36562, [44])
(36563, [44])
(36564, [44])
(36565, [43])
(36566, [43])
(36567, [12, 30, 43])
(36568, [43])
(36569, [5, 43])
(36570, [43])
(36571, [43])
(36572, [43])
(36573, [43])
(36574, [43])
(36575, [43])
(36576, [43])
(36577, [43])
(36578, [43])
(36579, [2, 43])
(36580, [15, 43])
(36581, [2, 43])
(36582, [43])
(36583, [43])
(36584, [43])
(36585, [43])
(36586, [23, 43])
(36587, [43])
(36588, [43])
(36589, [43])
(36590, [43])
(36591, [43])
(36592, [43])
(36593, [43])
(36594, [43])
(36595, [43])
(36596, [43])
(36597, [43])
(36598, [38])
(36599, [38])
(36600, [14, 36])
(36601, [36])
(36602, [36])
(36603, [36])
(36604, [36])
(36605, [36])
(36606, [36])
(36607, [36])
(36608, [36])
(36609, [36])
(36610, [36])
(36611, [36])
(36612, [36])
(36613, [2, 14, 36])
(36614, [36])
(36615, [36])
(36616, [36])
(36617, [36])
(36618, [36])
(36619, [36])
(36620, [36])
(36621, [36])
(36622, [2, 36])
(36623, [36])
(36624, [36])
(36625, [36])
(36626, [36])
(36627, [36])
(36628, [36])
(36629, [31])
(36630, [31])
(36631, [31])
(36632, [12, 31])
(36633, [31])
(36634, [30, 31])
(36635, [30, 31])
(36636, [2, 31])
(36637, [31])
(36638, [25, 30])
(36639, [3, 4, 14, 30])
(36640, [30])
(36641, [30])
(36642, [30])
(36643, [2, 30])
(36644, [2, 15, 30])
(36645, [22, 30])
(36646, [30])
(36647, [37])
(36648, [37])
(36649, [37])
(36650, [37])
(36651, [39])
(36652, [39])
(36653, [39])
(36654, [39])
(36655, [39])
(36656, [39])
(36657, [41])
(36658, [2, 14, 41])
(36659, [41])
(36660, [2, 41])
(36661, [41])
(36662, [41])
(36663, [41])
(36664, [41])
(36665, [41])
(36666, [2, 41])
(36667, [15, 41])
(36668, [41])
(36669, [41])
(36670, [41])
(36671, [41])
(36672, [41])
(36673, [41])
(36674, [41])
(36675, [41])
(36676, [24])
(36677, [24])
(36678, [2, 24])
(36679, [14, 24])
(36680, [2, 23, 24])
(36681, [24])
(36682, [24])
(36683, [23])
(36684, [23])
(36685, [3, 23])
(36686, [4, 23])
(36687, [23])
(36688, [23])
(36689, [23])
(36690, [2, 3, 23])
(36691, [23])
(36692, [23])
(36693, [5, 23])
(36694, [23])
(36695, [23])
(36696, [23])
(36697, [23])
(36698, [23])
(36699, [23])
(36700, [23])
(36701, [23])
(36702, [23])
(36703, [23])
(36704, [23])
(36705, [23])
(36706, [23])
(36707, [23])
(36708, [23])
(36709, [23])
(36710, [23])
(36711, [23])
(36712, [23])
(36713, [23])
(36714, [23])
(36715, [23])
(36716, [23])
(36717, [23])
(36718, [23])
(36719, [23])
(36720, [23])
(36721, [23])
(36722, [23])
(36723, [23])
(36724, [23])
(36725, [23])
(36726, [23])
(36727, [23])
(36728, [23])
(36729, [23])
(36730, [23])
(36731, [23])
(36732, [23])
(36733, [23])
(36734, [23])
(36735, [23])
(36736, [23])
(36737, [23])
(36738, [23])
(36739, [4])
(36740, [4])
(36741, [4])
(36742, [4])
(36743, [4])
(36744, [4])
(36745, [4])
(36746, [4])
(36747, [4])
(36748, [4])
(36749, [4])
(36750, [4, 15])
(36751, [4])
(36752, [4])
(36753, [4])
(36754, [4])
(36755, [4])
(36756, [4])
(36757, [4])
(36758, [15])
(36759, [15])
(36760, [15])
(36761, [15])
(36762, [15])
(36763, [15])
(36764, [12, 15])
(36765, [15])
(36766, [15])
(36767, [15])
(36768, [3])
(36769, [3])
(36770, [3])
(36771, [3])
(36772, [3])
(36773, [3])
(36774, [3])
(36775, [3])
(36776, [3])
(36777, [3])
(36778, [3])
(36779, [3])
(36780, [3])
(36781, [3])
(36782, [3])
(36783, [3])
(36784, [3])
(36785, [3])
(36786, [3])
(36787, [3])
(36788, [3])
(36789, [3])
(36790, [12])
(36791, [12])
(36792, [12])
(36793, [12])
(36794, [12])
(36795, [12])
(36796, [12])
(36797, [12])
(36798, [12])
(36799, [12])
(36800, [12])
(36801, [12])
(36802, [12])
(36803, [12])
(36804, [12])
(36805, [12])
(36806, [12])
(36807, [12])
(36808, [12])
(36809, [12])
(36810, [12])
(36811, [12])
(36812, [12])
(36813, [2, 12])
(36814, [12])
(36815, [12])
(36816, [12])
(36817, [12])
(36818, [12])
(36819, [12])
(36820, [12])
(36821, [12])
(36822, [12])
(36823, [12])
(36824, [12])
(36825, [12])
(36826, [12])
(36827, [12])
(36828, [12])
(36829, [12])
(36830, [12])
(36831, [12])
(36832, [12])
(36833, [12])
(36834, [12])
(36835, [12])
(36836, [12])
(36837, [12])
(36838, [12])
(36839, [12])
(36840, [12])
(36841, [12])
(36842, [12])
(36843, [12])
(36844, [12])
(36845, [12])
(36846, [12])
(36847, [12])
(36848, [12])
(36849, [12])
(36850, [12])
(36851, [12])
(36852, [12])
(36853, [12])
(36854, [12])
(36855, [12])
(36856, [12])
(36857, [12])
(36858, [12])
(36859, [12])
(36860, [12])
(36861, [12])
(36862, [12])
(36863, [12])
(36864, [12])
(36865, [12])
(36866, [40])
(36867, [40])
(36868, [40])
(36869, [40])
(36870, [40])
(36871, [40])
(36872, [40])
(36873, [2])
(36874, [2])
(36875, [2])
(36876, [2])
(36877, [2])
(36878, [2])
(36879, [2])
(36880, [2])
(36881, [2])
(36882, [2])
(36883, [2])
(36884, [2])
(36885, [2])
(36886, [2])
(36887, [2])
(36888, [2])
(36889, [2])
(36890, [2])
(36891, [2])
(36892, [2])
(36893, [2])
(36894, [2])
(36895, [2])
(36896, [2])
(36897, [2])
(36898, [2])
(36899, [2])
(36900, [2])
(36901, [2])
(36902, [2])
(36903, [2])
(36904, [2])
(36905, [2, 14])
(36906, [2])
(36907, [2])
(36908, [2])
(36909, [2, 14])
(36910, [2])
(36911, [2])
(36912, [2])
(36913, [2, 14])
(36914, [2])
(36915, [2])
(36916, [2])
(36917, [2])
(36918, [2])
(36919, [2])
(36920, [2])
(36921, [2])
(36922, [2])
(36923, [2])
(36924, [2])
(36925, [2])
(36926, [2])
(36927, [2])
(36928, [2])
(36929, [2])
(36930, [2])
(36931, [2])
(36932, [2])
(36933, [2])
(36934, [2])
(36935, [2])
(36936, [2])
(36937, [2])
(36938, [2])
(36939, [2])
(36940, [2])
(36941, [2, 13])
(36942, [2])
(36943, [2])
(36944, [2])
(36945, [2])
(36946, [2])
(36947, [2])
(36948, [13])
(36949, [13])
(36950, [13])
(36951, [13])
(36952, [13])
(36953, [13])
(36954, [13])
(36955, [13])
(36956, [5])
(36957, [5])
(36958, [5])
(36959, [5])
(36960, [5])
(36961, [5])
(36962, [5])
(36963, [5])
(36964, [5])
(36965, [14])
(36966, [14])
(36967, [14])
(36968, [14])
(36969, [14])
(36970, [14])
(36971, [14])
(36972, [14])
(36973, [14])
(36974, [14])
(36975, [14])
(36976, [14])
(36977, [14])
(36978, [14])
(36979, [14])
(36980, [14])
(36981, [22])
(36982, [22])
(36983, [22])
(36984, [22])
(36985, [22])
(36986, [22])
(36987, [22])
(36988, [22])
(36989, [22])
(36990, [22])
(36991, [22])
(36992, [22])
(36993, [25])
