(81026, [32, 35, 34, 33, 20, 18, 27, 9, 0, 11, 7, 29, 16, 42, 6, 28, 17, 1, 10, 19, 26, 8, 21, 44, 43, 38, 36, 31, 30, 37, 39, 41, 24, 23, 4, 15, 3, 12, 40, 2, 13, 5, 14, 22, 25])
(81027, [32, 35, 34, 33, 20, 18, 27, 9, 0, 11, 7, 29, 16, 42, 6, 28, 17, 1, 10, 19, 26, 8, 21, 44, 43, 38, 36, 31, 30, 37, 39, 41, 24, 23, 4, 15, 3, 12, 40, 2, 13, 5, 14, 22, 25])
(81028, [32])
(81029, [32, 35, 34, 33, 20, 18, 27, 9, 0, 11, 7, 29, 16, 42, 6, 28, 17, 1, 10, 19, 26, 8, 21, 44, 43, 38, 36, 31, 30, 37, 39, 41, 24, 23, 4, 15, 3, 12, 40, 2, 13, 5, 14, 22, 25])
(81030, [32, 35, 34, 33, 20, 18, 27, 9, 0, 11, 7, 29, 16, 42, 6, 28, 17, 1, 10, 19, 26, 8, 21, 44, 43, 38, 36, 31, 30, 37, 39, 41, 24, 23, 4, 15, 3, 12, 40, 2, 13, 5, 14, 22, 25])
(81031, [32, 35, 34, 33, 20, 18, 27, 9, 0, 11, 7, 29, 16, 42, 6, 28, 17, 1, 10, 19, 26, 8, 21, 44, 43, 38, 36, 31, 30, 37, 39, 41, 24, 23, 4, 15, 3, 12, 40, 2, 13, 5, 14, 22, 25])
(81032, [32, 35, 34, 33, 20, 18, 27, 9, 0, 11, 7, 29, 16, 42, 6, 28, 17, 1, 10, 19, 26, 8, 21, 44, 43, 38, 36, 31, 30, 37, 39, 41, 24, 23, 4, 15, 3, 12, 40, 2, 13, 5, 14, 22, 25])
(81033, [32, 35, 34, 33, 20, 27, 9, 0, 11, 7, 16, 42, 6, 28, 1, 10, 19, 26, 8, 21, 44, 43, 38, 36, 31, 30, 37, 39, 41, 24, 23, 4, 3, 12, 40, 2, 13, 5, 14, 22, 25])
(81034, [32, 35, 34, 33, 20, 18, 27, 9, 0, 11, 7, 29, 16, 42, 6, 28, 17, 1, 10, 19, 26, 8, 21, 44, 43, 38, 36, 31, 30, 37, 39, 41, 24, 23, 4, 15, 3, 12, 40, 2, 13, 5, 14, 22, 25])
(81035, [32, 35, 34, 33, 20, 18, 27, 9, 0, 11, 7, 29, 16, 42, 6, 17, 1, 10, 19, 26, 8, 21, 44, 43, 38, 36, 31, 30, 37, 39, 41, 24, 23, 4, 15, 3, 12, 40, 2, 13, 5, 14, 22, 25])
(81036, [32, 35, 34, 33, 20, 18, 9, 0, 11, 7, 16, 42, 6, 28, 17, 1, 10, 19, 26, 8, 21, 44, 43, 38, 36, 31, 30, 37, 39, 41, 24, 23, 4, 15, 3, 12, 2, 13, 5, 14, 22, 25])
(81037, [32, 35, 34, 33, 18, 27, 9, 0, 11, 7, 16, 42, 6, 1, 26, 8, 21, 43, 30, 41, 24, 4, 15, 3, 12, 13, 5])
(81038, [32, 35, 34, 33, 20, 18, 27, 9, 0, 11, 7, 16, 42, 6, 28, 17, 1, 19, 26, 8, 44, 43, 36, 31, 30, 37, 39, 41, 23, 4, 15, 3, 12, 40, 2, 14, 22])
(81039, [32, 35, 34, 33, 20, 18, 27, 9, 0, 11, 7, 16, 42, 6, 28, 17, 1, 10, 19, 26, 8, 21, 44, 43, 36, 31, 30, 37, 39, 41, 24, 23, 4, 15, 3, 12, 40, 2, 13, 5, 14, 22, 25])
(81040, [32, 35, 34, 33, 20, 18, 27, 9, 0, 11, 7, 29, 16, 42, 6, 28, 17, 1, 10, 19, 26, 8, 21, 44, 43, 38, 36, 31, 30, 37, 39, 41, 24, 23, 4, 15, 3, 12, 40, 2, 13, 5, 14, 22, 25])
(81041, [32, 33, 9, 0, 16, 42, 6, 19, 43, 36, 41, 4, 15, 2, 14])
(81042, [32, 35, 34, 33, 20, 18, 9, 0, 11, 7, 29, 16, 42, 6, 28, 17, 1, 10, 19, 26, 8, 21, 44, 43, 38, 36, 31, 30, 37, 39, 41, 24, 23, 4, 15, 3, 12, 40, 2, 13, 5, 14, 22, 25])
(81043, [32, 34, 33, 20, 9, 0, 11, 16, 28, 17, 1, 10, 19, 26, 21, 44, 36, 31, 30, 41, 24, 23, 15, 3, 2, 14])
(81044, [32, 35, 33, 20, 18, 9, 0, 11, 16, 42, 6, 17, 1, 10, 19, 26, 8, 44, 43, 36, 31, 30, 39, 41, 24, 23, 4, 15, 3, 12, 2, 5, 22])
(81045, [32, 34, 33, 18, 9, 0, 11, 7, 17, 1, 19, 26, 43, 31, 30, 41, 24, 23, 4, 15, 12, 40, 2, 13, 14])
(81046, [32, 34, 33, 9, 0, 11, 16, 6, 17, 1, 19, 26, 21, 43, 31, 30, 24, 4, 3, 2, 22])
(81047, [32, 35, 34, 33, 18, 9, 7, 6, 17, 1, 19, 26, 8, 44, 43, 31, 30, 41, 24, 23, 4, 15, 3, 12, 2, 5, 14, 22, 25])
(81048, [32, 34, 33, 20, 18, 27, 9, 0, 11, 7, 29, 16, 42, 6, 28, 17, 1, 10, 19, 26, 8, 21, 44, 43, 36, 31, 30, 37, 39, 41, 24, 23, 4, 15, 3, 12, 40, 2, 13, 5, 14, 25])
(81049, [32, 34, 33, 18, 9, 0, 11, 7, 29, 16, 42, 6, 17, 1, 19, 26, 21, 44, 43, 36, 31, 30, 41, 24, 23, 4, 15, 3, 12, 2, 13, 14, 22])
(81050, [32, 20, 0, 11, 7, 16, 44, 36, 3, 12, 22])
(81051, [32, 34, 33, 18, 9, 0, 11, 16, 42, 28, 17, 1, 10, 26, 44, 43, 36, 31, 30, 41, 24, 23, 4, 15, 3, 12, 40, 2, 13, 14, 25])
(81052, [32, 17])
(81053, [32, 33, 18, 11, 26, 43, 41, 14])
(81054, [32, 35, 34, 33, 20, 18, 27, 9, 0, 7, 29, 16, 42, 6, 17, 1, 10, 19, 26, 8, 21, 44, 43, 38, 36, 31, 30, 37, 39, 41, 24, 23, 4, 15, 3, 12, 40, 2, 14, 22])
(81055, [32, 35, 34, 33, 20, 18, 27, 9, 0, 11, 7, 16, 42, 6, 28, 17, 1, 19, 26, 8, 21, 44, 43, 31, 30, 37, 39, 41, 24, 23, 4, 15, 3, 12, 40, 2, 13, 5, 14, 22])
(81056, [32, 35, 34, 33, 18, 9, 11, 16, 42, 6, 1, 10, 19, 26, 8, 21, 44, 43, 38, 31, 30, 41, 24, 23, 4, 15, 3, 12, 40, 2, 13, 14, 22])
(81057, [32, 20, 0, 11, 1, 44, 31, 30, 23, 15, 3, 12])
(81058, [32, 35, 34, 33, 9, 16, 6, 17, 1, 19, 26, 21, 44, 36, 31, 41, 24, 23, 4, 15, 3, 12, 40, 2, 14, 22])
(81059, [32, 33, 18, 11, 7, 16, 6, 17, 1, 19, 8, 44, 31, 30, 41, 23, 4, 15, 3, 2])
(81060, [32, 35, 34, 33, 20, 18, 9, 11, 29, 16, 42, 6, 17, 1, 10, 19, 26, 8, 21, 44, 43, 38, 31, 30, 37, 41, 24, 23, 4, 15, 3, 12, 40, 2, 13, 5, 22, 25])
(81061, [32, 35, 33, 20, 27, 9, 0, 42, 26, 30, 41, 24, 23, 4, 12, 2, 14])
(81062, [32, 34, 18, 9, 0, 11, 16, 28, 1, 10, 19, 26, 21, 44, 43, 38, 31, 30, 41, 23, 4, 15, 3, 12, 40, 2, 22])
(81063, [32, 33, 11, 42, 10, 43, 31, 15, 3])
(81064, [32, 35, 34, 9, 11, 7, 1, 10, 44, 43, 31, 30, 39, 41, 24, 23, 15, 3, 12, 40, 2, 25])
(81065, [32, 34, 33, 20, 18, 9, 0, 11, 7, 29, 16, 42, 6, 28, 17, 1, 10, 19, 26, 8, 21, 44, 43, 38, 36, 31, 30, 39, 41, 24, 23, 4, 15, 3, 12, 40, 2, 13, 14, 22, 25])
(81066, [32, 34, 33, 20, 18, 9, 0, 11, 16, 42, 6, 1, 10, 19, 44, 43, 31, 30, 24, 23, 4, 15, 3, 12])
(81067, [32, 4, 2])
(81068, [32, 34, 33, 18, 11, 6, 17, 1, 19, 21, 43, 31, 30, 23, 4, 15, 3, 12, 40, 2, 13, 14, 22])
(81069, [32, 0])
(81070, [32, 35, 18, 9, 7, 17, 26, 8, 43, 31, 41, 4, 15, 5])
(81071, [32, 35, 34, 33, 20, 18, 9, 0, 11, 7, 29, 16, 42, 6, 28, 17, 1, 10, 19, 26, 44, 43, 36, 31, 30, 37, 39, 41, 24, 4, 15, 3, 12, 40, 2, 13, 5, 14, 22, 25])
(81072, [32, 20, 18, 0, 11, 7, 42, 17, 1, 21, 44, 43, 41, 24, 23, 3, 12])
(81073, [32])
(81074, [32, 35, 33, 18, 9, 0, 7, 42, 1, 19, 26, 8, 21, 44, 43, 38, 36, 30, 23, 15, 3, 12, 2, 22, 25])
(81075, [32, 34, 33, 18, 27, 9, 0, 11, 7, 1, 19, 26, 44, 30, 24, 4, 2, 13, 14])
(81076, [32, 35, 34, 33, 9, 11, 7, 6, 17, 1, 10, 26, 21, 44, 43, 36, 31, 30, 24, 23, 4, 3, 2, 14])
(81077, [32, 35, 33, 0, 11, 1, 21, 44, 31, 4, 15, 3, 22])
(81078, [32, 9, 0, 11, 7, 16, 6, 17, 19, 26, 8, 43, 31, 30, 41, 24, 23, 4, 15, 3, 12, 40, 2, 13])
(81079, [32])
(81080, [32, 34, 20, 18, 9, 11, 7, 42, 6, 1, 10, 26, 8, 21, 43, 31, 37, 39, 23, 4, 15, 3, 12, 2, 5, 14, 22])
(81081, [32, 35, 34, 33, 18, 27, 9, 0, 7, 6, 17, 1, 19, 26, 8, 21, 44, 43, 31, 30, 41, 23, 15, 3, 12, 40, 2, 5, 22])
(81082, [32, 34, 33])
(81083, [32, 3, 12])
(81084, [32, 34, 33, 18, 9, 0, 16, 42, 6, 28, 1, 10, 19, 26, 43, 31, 30, 37, 23, 4, 15, 3, 12, 2, 22])
(81085, [32])
(81086, [32, 18, 9, 6, 1, 19, 15, 3])
(81087, [32, 34, 33, 18, 9, 6, 19, 26, 43, 31, 30, 41, 24, 23, 15, 12])
(81088, [32, 35, 34, 33, 20, 18, 27, 9, 11, 7, 29, 16, 42, 6, 17, 1, 19, 26, 8, 21, 44, 43, 31, 30, 37, 39, 41, 23, 4, 15, 3, 12, 40, 2, 13, 14, 22, 25])
(81089, [32, 30])
(81090, [32, 33, 20, 31, 3, 12])
(81091, [32, 35, 33, 18, 27, 9, 0, 11, 7, 16, 42, 6, 28, 17, 1, 10, 19, 26, 8, 21, 44, 38, 36, 30, 41, 23, 4, 15, 3, 12, 40, 2, 5, 14])
(81092, [32, 34, 33, 18, 9, 0, 11, 7, 16, 6, 17, 1, 19, 26, 44, 43, 36, 30, 39, 41, 24, 23, 4, 15, 3, 12, 40, 2, 13, 14, 25])
(81093, [32, 35, 20, 18, 27, 9, 0, 7, 16, 42, 6, 1, 19, 26, 44, 43, 36, 30, 41, 23, 4, 15, 3, 12, 40, 2, 14])
(81094, [32, 9, 16, 1, 21, 43, 30, 23, 4, 40])
(81095, [32, 34, 18, 0, 11, 16, 42, 6, 26, 3])
(81096, [32, 33, 18, 0, 11, 17, 1, 19, 26, 8, 21, 44, 31, 30, 37, 39, 41, 23, 4, 15, 3, 12, 2, 5, 22])
(81097, [32, 20, 1, 19, 26, 43, 24, 23, 15, 3])
(81098, [32, 1, 19, 44, 3, 22])
(81099, [32, 35, 34, 33, 7, 6, 1, 31, 30, 23, 15, 3])
(81100, [32, 35, 34, 33, 20, 18, 0, 11, 7, 42, 17, 1, 10, 19, 26, 8, 21, 44, 43, 38, 30, 37, 39, 4, 15, 3, 12, 40, 2, 5, 22, 25])
(81101, [32, 34, 18, 27, 9, 19, 43, 38, 31, 30, 41, 24, 23, 4, 15, 12])
(81102, [32, 33, 9, 19, 30, 40])
(81103, [32, 18, 0, 7, 16, 1, 21, 44, 30, 23, 3, 13])
(81104, [32, 33, 7, 1, 26, 44, 31, 39, 3])
(81105, [32, 35, 34, 33, 20, 18, 9, 0, 11, 16, 42, 19, 21, 44, 43, 31, 30, 41, 24, 23, 4, 15, 3, 12, 2])
(81106, [32, 18, 29, 17, 19, 31, 24, 15, 2, 13, 25])
(81107, [32])
(81108, [32, 34, 33, 20, 18, 9, 11, 6, 1, 19, 8, 31, 30, 23, 3])
(81109, [32, 34, 33, 20, 9, 0, 1, 26, 44, 31, 15, 12, 2, 14])
(81110, [32, 18, 0, 31, 30, 41, 2, 14])
(81111, [32, 35, 34, 33, 20, 18, 9, 0, 11, 7, 29, 16, 42, 6, 28, 17, 1, 10, 19, 26, 8, 21, 44, 43, 38, 36, 31, 30, 37, 39, 41, 24, 23, 4, 15, 3, 12, 40, 2, 13, 5, 14, 22, 25])
(81112, [32])
(81113, [32, 11, 1, 26, 44, 31, 24, 3, 40, 2, 13])
(81114, [32, 1, 43, 3])
(81115, [32])
(81116, [32, 6, 43, 23])
(81117, [32, 33, 0, 36, 30, 4, 12, 2])
(81118, [32, 35, 33, 20, 18, 27, 9, 16, 6, 17, 1, 19, 21, 43, 31, 30, 41, 23, 4, 15, 3, 12, 2, 14])
(81119, [32, 18, 11, 1, 8, 30, 3])
(81120, [32, 44, 24, 4])
(81121, [32, 33, 10, 21, 44, 31, 30, 15, 3, 22])
(81122, [32])
(81123, [32, 34, 20, 18, 9, 0, 11, 7, 16, 6, 1, 19, 44, 31, 41, 3, 12, 2, 14, 22])
(81124, [32, 20, 9, 0, 7, 1, 10, 19, 8, 44, 30, 41, 23, 3, 12, 40, 2])
(81125, [32, 33, 0, 1, 3, 2])
(81126, [32, 35, 34, 33, 20, 9, 0, 11, 28, 17, 26, 44, 31, 41, 24, 4, 15, 40, 2, 13, 14, 25])
(81127, [32, 17, 30, 15])
(81128, [32, 33, 9, 0, 6, 43, 36, 31, 3, 12, 2])
(81129, [32])
(81130, [32, 33, 20, 9, 0, 11, 1, 10, 21, 44, 36, 24, 15, 3, 12, 40, 2, 22])
(81131, [32, 34, 33, 20, 18, 27, 9, 0, 11, 7, 16, 6, 17, 1, 19, 26, 44, 43, 36, 31, 30, 41, 24, 23, 4, 15, 3, 12, 40, 2, 13, 14, 22, 25])
(81132, [35, 23, 15])
(81133, [35])
(81134, [35, 18, 9, 0, 7, 42, 1, 19, 8, 21, 43, 37, 23, 3, 2, 5])
(81135, [35])
(81136, [35, 11, 16, 17, 19, 44, 15, 3, 2, 22])
(81137, [35, 34, 33, 20, 18, 9, 0, 11, 7, 28, 17, 26, 44, 43, 36, 31, 41, 24, 23, 4, 15, 3, 12, 40, 2, 14, 25])
(81138, [35])
(81139, [35, 34, 33, 7, 19, 44, 43, 30, 23, 3, 40, 2])
(81140, [35, 11, 6, 43])
(81141, [35, 34, 33, 20, 18, 27, 9, 0, 11, 7, 16, 42, 6, 1, 10, 19, 26, 8, 21, 44, 43, 38, 36, 31, 30, 37, 39, 41, 24, 23, 4, 15, 12, 40, 2, 14])
(81142, [35, 20, 18, 0, 11, 7, 29, 16, 42, 6, 10, 26, 8, 44, 43, 31, 37, 41, 24, 23, 4, 15, 3, 12, 2, 5, 22])
(81143, [35])
(81144, [35])
(81145, [35])
(81146, [35, 18, 9, 10])
(81147, [35])
(81148, [35])
(81149, [35, 18, 27, 9, 0, 11, 16, 6, 28, 26, 8, 43, 41, 4, 15, 3, 12, 2, 14])
(81150, [35])
(81151, [35])
(81152, [35, 2])
(81153, [35, 20, 0, 44, 43, 30, 24, 3, 2])
(81154, [35, 33, 18, 11, 16, 1, 21, 44, 36, 31, 30, 37, 41, 23, 4, 3, 12, 2, 22])
(81155, [35, 0, 28, 43, 39, 3])
(81156, [35, 33, 18, 9, 10, 19, 31, 30, 37, 2])
(81157, [35])
(81158, [35, 20, 9, 11, 7, 16, 42, 6, 1, 19, 26, 21, 44, 43, 36, 24, 23, 3, 12, 2, 13, 22])
(81159, [35, 21, 43, 41, 15, 14, 22])
(81160, [35])
(81161, [35])
(81162, [35])
(81163, [35])
(81164, [35, 33, 19, 23, 15, 3])
(81165, [35, 18, 11, 17, 1, 10, 21, 44, 3])
(81166, [35])
(81167, [35, 18, 12, 5])
(81168, [34, 33, 18, 0, 43, 36, 41, 23, 3, 2])
(81169, [34, 33, 9, 0, 19, 31, 30, 15, 3, 40])
(81170, [34])
(81171, [34, 9, 11, 2])
(81172, [34, 18, 0, 11, 42, 1, 26, 8, 21, 30, 41, 23, 3, 12, 5])
(81173, [34, 33, 18, 9, 11, 6, 17, 19, 44, 31, 30, 23, 15, 2])
(81174, [34, 20, 9, 0, 11, 44, 36, 23, 3, 40, 2])
(81175, [34, 9, 0, 17, 1, 44, 38, 30, 24, 40, 25])
(81176, [34, 9, 0, 44, 43, 41, 40, 2, 14, 25])
(81177, [34, 9, 6, 17, 43, 30, 41, 40])
(81178, [34, 33, 26, 30])
(81179, [34, 18, 6, 37, 3, 12])
(81180, [34, 18, 7, 6, 28, 1, 19, 26, 31])
(81181, [34, 17, 10])
(81182, [34, 20, 18, 0, 16, 42, 17, 1, 19, 26, 44, 39, 41, 3, 12, 2, 22])
(81183, [34, 0, 17, 1, 19, 21, 3, 12, 2, 22])
(81184, [34])
(81185, [34])
(81186, [34])
(81187, [34, 20, 0, 11, 24, 12, 2])
(81188, [34, 33, 18, 9, 11, 7, 17, 1, 19, 26, 44, 43, 36, 31, 30, 24, 23, 15, 3, 40, 2, 13, 14, 22])
(81189, [34, 14])
(81190, [34, 33, 18, 9, 0, 11, 7, 29, 42, 6, 1, 26, 21, 44, 43, 30, 39, 23, 4, 3, 12, 2, 5])
(81191, [34, 27, 17, 12])
(81192, [34, 9, 0, 29, 42, 1, 19, 26, 21, 12, 2, 13, 22])
(81193, [34])
(81194, [34, 18, 0, 16, 6, 26, 21, 43, 31, 37, 41, 12, 2])
(81195, [34, 19])
(81196, [34, 18, 9, 11, 16, 1, 10, 19, 8, 21, 38, 15, 3, 12, 2])
(81197, [34, 33, 20, 11, 42, 1, 26, 44, 43, 23, 4, 3, 2])
(81198, [34])
(81199, [34, 7, 1, 31, 3, 12])
(81200, [34, 0, 4])
(81201, [34, 31, 30, 24])
(81202, [34, 20, 0, 1, 44, 43, 24, 15])
(81203, [34])
(81204, [34, 0, 26, 41])
(81205, [34, 31])
(81206, [34, 18, 6, 2])
(81207, [34, 18, 1, 19, 21, 4, 15, 3])
(81208, [34, 18, 9, 11, 7, 29, 16, 42, 6, 28, 1, 10, 19, 26, 44, 41, 24, 23, 4, 15, 3, 12, 40, 2, 13, 14, 22])
(81209, [34, 20, 0, 11, 17, 1, 19, 15, 3, 12, 2, 5])
(81210, [34, 20, 18, 16, 6, 19, 44, 43, 39, 3, 2])
(81211, [34, 0, 10, 12])
(81212, [34, 0, 24])
(81213, [34])
(81214, [34])
(81215, [34])
(81216, [34, 27, 9, 43, 31, 41, 23, 15])
(81217, [33])
(81218, [33])
(81219, [33, 9, 7, 26, 30, 41, 4, 12, 40, 2])
(81220, [33])
(81221, [33])
(81222, [33, 18, 11, 29, 6, 1, 19, 26, 15, 3, 2, 22])
(81223, [33, 16])
(81224, [33])
(81225, [33, 20, 11, 7, 1, 19, 21, 44, 43, 30, 15, 3, 2])
(81226, [33, 18, 7, 1, 43, 15, 3, 2])
(81227, [33, 21, 44])
(81228, [33, 9, 0, 7, 16, 17, 1, 21, 43, 23, 15, 3, 12, 2, 22])
(81229, [33, 0, 29, 6, 1, 19, 43, 30, 23, 3])
(81230, [33])
(81231, [33, 7])
(81232, [33, 18, 9, 1, 43, 30, 41, 15])
(81233, [33])
(81234, [33, 20, 2])
(81235, [33])
(81236, [33])
(81237, [33, 18, 9, 0, 11, 29, 1, 19, 21, 44, 38, 31, 30, 37, 15, 3, 12, 22])
(81238, [33, 44])
(81239, [33])
(81240, [33])
(81241, [33, 26, 31, 41])
(81242, [33, 18, 9, 11, 1, 8, 44, 43, 23, 3, 2])
(81243, [33, 20, 18, 29, 19, 8, 44, 31, 37, 5])
(81244, [33, 18, 9, 16, 8, 44, 23, 15, 12])
(81245, [33, 0, 6, 4, 12, 2])
(81246, [33])
(81247, [33, 31, 30, 39, 14])
(81248, [33, 31])
(81249, [33])
(81250, [33, 18, 9, 0, 6, 1, 19, 8, 38, 30, 39, 15, 3, 40, 2])
(81251, [20])
(81252, [20, 0, 15])
(81253, [20, 9, 1, 43, 31, 30, 15, 12])
(81254, [20, 18, 0, 11, 1, 10, 21, 44, 41, 3, 12, 2, 5, 14])
(81255, [20, 18, 27, 9, 0, 7, 6, 28, 17, 1, 10, 19, 26, 8, 21, 44, 43, 38, 30, 39, 24, 4, 3, 12, 40, 2, 5, 14, 22])
(81256, [20, 0, 42, 6])
(81257, [20, 18, 9, 0, 19, 26, 41, 24, 3, 13])
(81258, [20, 9, 0, 11, 1, 19, 8, 21, 23, 3, 2, 5, 14])
(81259, [20])
(81260, [20, 3])
(81261, [20])
(81262, [20, 11, 1, 44, 4, 3, 2, 13])
(81263, [20, 7, 1, 19, 4, 3])
(81264, [20, 11, 17, 1, 26, 44, 3, 12])
(81265, [20, 0, 21, 3, 12])
(81266, [20])
(81267, [20, 0, 19, 26, 41])
(81268, [20, 9, 0, 1, 3, 22])
(81269, [20])
(81270, [20, 28, 1, 3, 12])
(81271, [20, 27, 19])
(81272, [20, 2])
(81273, [20])
(81274, [20, 6, 15, 14])
(81275, [20, 0, 11, 7, 42, 17, 1, 21, 3, 22])
(81276, [20, 0, 1, 3])
(81277, [20, 0])
(81278, [20])
(81279, [20, 22])
(81280, [20, 9, 0, 7, 6, 41])
(81281, [20, 1, 19, 21, 44, 3, 2, 5])
(81282, [20])
(81283, [20])
(81284, [20])
(81285, [18])
(81286, [18, 0, 19])
(81287, [18, 9, 11, 29, 8, 3])
(81288, [18])
(81289, [18])
(81290, [18])
(81291, [18, 43, 3])
(81292, [18])
(81293, [18])
(81294, [18])
(81295, [18, 13])
(81296, [18])
(81297, [18])
(81298, [18])
(81299, [18])
(81300, [18])
(81301, [18, 43, 24, 15])
(81302, [18, 11, 29, 19, 31, 30, 23, 15])
(81303, [18, 15])
(81304, [18, 21])
(81305, [18, 16, 6, 17, 43, 41, 2])
(81306, [18, 8, 23, 2])
(81307, [18, 23, 15])
(81308, [18, 27, 9, 11, 7, 42, 17, 1, 19, 44, 43, 31, 24, 23, 4, 15, 3, 2, 5])
(81309, [18])
(81310, [18, 43, 24])
(81311, [18, 0, 11, 29, 42, 1, 37, 23, 3, 12, 22])
(81312, [18, 27, 9, 29, 6, 44, 43, 31])
(81313, [18])
(81314, [18, 17, 1, 44, 4])
(81315, [18])
(81316, [18, 9, 11, 17, 1, 19, 21, 44, 38, 30, 23, 4, 3, 2, 22])
(81317, [18, 5])
(81318, [18, 44])
(81319, [18])
(81320, [18])
(81321, [18])
(81322, [18])
(81323, [18, 19])
(81324, [18])
(81325, [18, 0, 41, 12])
(81326, [18, 8, 43, 39, 23, 15])
(81327, [18])
(81328, [18, 19])
(81329, [18, 23, 3])
(81330, [18, 23])
(81331, [18])
(81332, [18])
(81333, [18, 29, 6])
(81334, [18, 6, 19, 21, 44, 38, 31, 39, 23, 4, 15, 14])
(81335, [18, 43])
(81336, [18])
(81337, [18])
(81338, [18])
(81339, [18, 9, 7, 6, 44, 2])
(81340, [18])
(81341, [18])
(81342, [18])
(81343, [18])
(81344, [18])
(81345, [18])
(81346, [18])
(81347, [18])
(81348, [18])
(81349, [18])
(81350, [18])
(81351, [18, 0, 28, 1, 19, 26, 43, 38, 23, 15, 40])
(81352, [18])
(81353, [18, 31, 15, 12])
(81354, [18, 42, 1, 21])
(81355, [18])
(81356, [18, 27, 9, 11, 1, 19, 26, 21, 30, 41, 23, 3, 12, 2, 14])
(81357, [18])
(81358, [18])
(81359, [18])
(81360, [18])
(81361, [18])
(81362, [18, 3])
(81363, [18])
(81364, [18])
(81365, [18])
(81366, [18])
(81367, [18])
(81368, [18])
(81369, [18])
(81370, [18])
(81371, [18])
(81372, [18, 23, 15, 3])
(81373, [18])
(81374, [18, 19])
(81375, [18])
(81376, [18])
(81377, [18, 1, 43, 23, 12])
(81378, [18])
(81379, [18])
(81380, [18])
(81381, [18, 11, 42, 17, 1, 19, 21, 38, 31, 30, 4, 3, 22])
(81382, [27, 0, 29, 17, 19, 26, 21, 3])
(81383, [27, 8, 43])
(81384, [27])
(81385, [27, 6, 36, 4, 2])
(81386, [27, 0, 16, 17, 19])
(81387, [27])
(81388, [27])
(81389, [27, 3])
(81390, [27, 36])
(81391, [27, 0, 1, 15, 3])
(81392, [27])
(81393, [9])
(81394, [9, 17, 19, 2])
(81395, [9])
(81396, [9, 1, 26, 38, 24, 15, 3, 22])
(81397, [9, 2])
(81398, [9, 26])
(81399, [9, 0, 1, 21, 23, 3, 2, 22])
(81400, [9, 0, 16, 1, 19, 26, 44, 24, 4, 3, 2])
(81401, [9])
(81402, [9])
(81403, [9])
(81404, [9, 0, 16, 42, 6, 1, 19, 23, 4, 3, 12, 40, 2])
(81405, [9, 23, 15])
(81406, [9])
(81407, [9])
(81408, [9])
(81409, [9, 0, 36, 3, 2, 22])
(81410, [9, 11, 16, 6, 17, 1, 10, 19, 8, 21, 38, 36, 39, 41, 24, 3, 12, 2])
(81411, [9, 0])
(81412, [9, 16, 12])
(81413, [9, 23, 2])
(81414, [9])
(81415, [9, 3])
(81416, [9])
(81417, [9])
(81418, [9, 0, 16, 24, 22])
(81419, [9])
(81420, [9, 40])
(81421, [9, 0, 12])
(81422, [9, 22])
(81423, [9, 7, 17, 1, 19, 23, 3, 12, 2, 13])
(81424, [9, 11, 6, 36, 30, 4, 2, 14])
(81425, [9])
(81426, [9, 0, 42, 1, 23, 3])
(81427, [9, 0, 42, 1, 15, 3, 12])
(81428, [9, 19, 21, 44, 3])
(81429, [9, 1, 26, 2])
(81430, [9, 17, 26, 43, 2])
(81431, [9])
(81432, [9])
(81433, [9])
(81434, [9, 36])
(81435, [9])
(81436, [9, 0, 1])
(81437, [9, 7, 43, 24, 14])
(81438, [9, 23, 12])
(81439, [9, 0, 26, 12])
(81440, [9])
(81441, [9, 0, 16, 28, 1, 19, 21, 23, 3])
(81442, [9, 0, 11, 7, 17, 19, 44, 38, 39, 23, 4, 3, 12])
(81443, [9, 3])
(81444, [9])
(81445, [9, 1, 8, 23, 15, 3, 12, 5])
(81446, [9])
(81447, [9])
(81448, [9])
(81449, [9])
(81450, [9])
(81451, [9, 23])
(81452, [9])
(81453, [9])
(81454, [9, 6, 17, 19, 26, 43, 30, 39, 41, 4, 15, 40, 2, 22, 25])
(81455, [9])
(81456, [9, 1, 19, 21, 31, 30, 23, 15, 3])
(81457, [9])
(81458, [9])
(81459, [9])
(81460, [0])
(81461, [0])
(81462, [0, 11, 7, 16, 1, 19, 44, 41, 3, 2])
(81463, [0])
(81464, [0])
(81465, [0])
(81466, [0, 11, 7, 28, 17, 1, 21, 44, 4, 3, 12, 2, 13])
(81467, [0, 19, 21, 39, 4, 14])
(81468, [0, 12])
(81469, [0])
(81470, [0])
(81471, [0, 16, 19, 23])
(81472, [0])
(81473, [0])
(81474, [0])
(81475, [0])
(81476, [0, 16, 43, 2])
(81477, [0])
(81478, [0])
(81479, [0])
(81480, [0])
(81481, [0, 43])
(81482, [0])
(81483, [0])
(81484, [0])
(81485, [0])
(81486, [0, 3, 12, 25])
(81487, [0])
(81488, [0])
(81489, [0, 17, 12])
(81490, [0])
(81491, [0])
(81492, [0])
(81493, [0])
(81494, [0])
(81495, [0])
(81496, [0, 12])
(81497, [0])
(81498, [0, 3])
(81499, [0])
(81500, [0])
(81501, [0])
(81502, [0])
(81503, [0])
(81504, [0, 1, 12])
(81505, [0])
(81506, [0])
(81507, [0])
(81508, [0, 44, 43, 3, 22])
(81509, [0, 12])
(81510, [0])
(81511, [0])
(81512, [0, 12])
(81513, [0, 16, 6, 1, 3, 12])
(81514, [0, 21])
(81515, [0])
(81516, [0])
(81517, [0])
(81518, [0, 1, 41, 15, 3, 12])
(81519, [0])
(81520, [0, 4, 40])
(81521, [0])
(81522, [0])
(81523, [0])
(81524, [0])
(81525, [0])
(81526, [0])
(81527, [0])
(81528, [0])
(81529, [0, 6, 19, 8, 44, 36, 37, 15, 12, 2])
(81530, [0])
(81531, [0])
(81532, [0])
(81533, [0])
(81534, [0])
(81535, [0])
(81536, [0, 3])
(81537, [0])
(81538, [0])
(81539, [0])
(81540, [0])
(81541, [0])
(81542, [0])
(81543, [0])
(81544, [0])
(81545, [0])
(81546, [0])
(81547, [0, 15])
(81548, [0])
(81549, [0])
(81550, [0])
(81551, [0])
(81552, [0])
(81553, [0, 2])
(81554, [0])
(81555, [0])
(81556, [0])
(81557, [0, 2])
(81558, [0])
(81559, [0, 11, 3])
(81560, [0, 12])
(81561, [0])
(81562, [0])
(81563, [0, 4])
(81564, [0])
(81565, [0])
(81566, [0])
(81567, [0, 2])
(81568, [0, 12])
(81569, [0, 12])
(81570, [0])
(81571, [0])
(81572, [0])
(81573, [0])
(81574, [0])
(81575, [0])
(81576, [0, 12])
(81577, [0])
(81578, [0])
(81579, [0])
(81580, [0])
(81581, [0])
(81582, [0])
(81583, [0])
(81584, [0])
(81585, [0])
(81586, [0])
(81587, [0])
(81588, [0])
(81589, [0, 7])
(81590, [0])
(81591, [0])
(81592, [0])
(81593, [0])
(81594, [0])
(81595, [0, 42, 1, 19, 24])
(81596, [0])
(81597, [0])
(81598, [0])
(81599, [0])
(81600, [0])
(81601, [0])
(81602, [0])
(81603, [0])
(81604, [0])
(81605, [0])
(81606, [0])
(81607, [0, 16, 15])
(81608, [0])
(81609, [0])
(81610, [0])
(81611, [0])
(81612, [0])
(81613, [0])
(81614, [0])
(81615, [0, 23])
(81616, [0, 2, 14])
(81617, [0])
(81618, [0])
(81619, [0])
(81620, [0])
(81621, [0])
(81622, [0])
(81623, [0])
(81624, [0])
(81625, [0])
(81626, [0])
(81627, [0])
(81628, [0])
(81629, [0])
(81630, [0])
(81631, [0])
(81632, [0])
(81633, [0])
(81634, [0])
(81635, [0])
(81636, [0])
(81637, [0])
(81638, [0])
(81639, [0])
(81640, [0])
(81641, [0])
(81642, [0])
(81643, [0])
(81644, [0, 19, 26, 43, 2])
(81645, [0, 11, 7, 1, 21, 44, 3, 12])
(81646, [0, 1, 3])
(81647, [0])
(81648, [0, 1])
(81649, [0])
(81650, [0])
(81651, [0])
(81652, [0])
(81653, [0])
(81654, [0])
(81655, [0])
(81656, [0])
(81657, [0])
(81658, [0])
(81659, [0])
(81660, [0])
(81661, [0])
(81662, [0])
(81663, [0])
(81664, [0])
(81665, [0])
(81666, [0])
(81667, [0])
(81668, [0])
(81669, [0])
(81670, [0])
(81671, [0])
(81672, [0])
(81673, [0])
(81674, [0])
(81675, [0, 1, 3])
(81676, [0])
(81677, [0])
(81678, [0, 26, 21, 36, 41, 24, 15, 2, 13, 14])
(81679, [0])
(81680, [0])
(81681, [0])
(81682, [0])
(81683, [0, 23])
(81684, [0])
(81685, [0])
(81686, [0])
(81687, [0])
(81688, [0])
(81689, [0])
(81690, [0])
(81691, [0, 11, 7, 19, 44, 36, 23, 4, 15, 3, 40, 5, 14, 25])
(81692, [0])
(81693, [0])
(81694, [0])
(81695, [0])
(81696, [0])
(81697, [0])
(81698, [0])
(81699, [0])
(81700, [0, 11, 1, 21, 3])
(81701, [0])
(81702, [0, 1, 8, 23])
(81703, [0, 10, 41])
(81704, [0])
(81705, [0])
(81706, [0, 12])
(81707, [0])
(81708, [0])
(81709, [0])
(81710, [0])
(81711, [0])
(81712, [0])
(81713, [0])
(81714, [0, 1])
(81715, [0])
(81716, [0])
(81717, [0, 44])
(81718, [0])
(81719, [0])
(81720, [0])
(81721, [0])
(81722, [0])
(81723, [0, 1, 3])
(81724, [0])
(81725, [0])
(81726, [0])
(81727, [0])
(81728, [0])
(81729, [11])
(81730, [11, 6, 1, 19, 8, 44, 43, 31, 41, 15, 3, 2])
(81731, [11, 7, 1, 21, 23, 3, 2])
(81732, [11, 1, 3])
(81733, [11, 1, 19, 21, 2, 22])
(81734, [11, 1, 15])
(81735, [11, 26, 15])
(81736, [11, 10, 43])
(81737, [11])
(81738, [11, 17])
(81739, [11])
(81740, [11])
(81741, [11])
(81742, [11])
(81743, [11])
(81744, [11, 1, 44, 12])
(81745, [11])
(81746, [11])
(81747, [11, 24, 14])
(81748, [11])
(81749, [11, 16, 6, 1, 43, 4, 3, 40])
(81750, [11, 43, 15, 3])
(81751, [11])
(81752, [11])
(81753, [11, 1, 31, 41, 4, 12])
(81754, [11, 23])
(81755, [7])
(81756, [7])
(81757, [7])
(81758, [7])
(81759, [7])
(81760, [7])
(81761, [7])
(81762, [7, 1, 44, 24, 15, 2])
(81763, [7])
(81764, [7, 14])
(81765, [7])
(81766, [7, 14])
(81767, [29])
(81768, [29, 8, 2])
(81769, [16])
(81770, [16])
(81771, [16])
(81772, [16])
(81773, [16])
(81774, [16, 38, 3])
(81775, [16])
(81776, [16])
(81777, [16, 21, 41])
(81778, [6])
(81779, [6, 3, 2])
(81780, [6])
(81781, [6])
(81782, [6])
(81783, [6])
(81784, [6])
(81785, [6, 17])
(81786, [6, 1, 21, 3, 2, 22])
(81787, [6, 1, 19, 23, 3])
(81788, [6])
(81789, [28, 43, 23, 3, 2])
(81790, [28])
(81791, [28])
(81792, [28, 10, 43, 41])
(81793, [28])
(81794, [28])
(81795, [17, 36, 4, 2, 14])
(81796, [17])
(81797, [17])
(81798, [17, 14])
(81799, [17])
(81800, [17, 3, 2])
(81801, [17])
(81802, [17, 44, 2])
(81803, [17, 23, 40, 2])
(81804, [17, 44, 24])
(81805, [17])
(81806, [17])
(81807, [17])
(81808, [17, 21])
(81809, [17])
(81810, [17, 15])
(81811, [1, 19])
(81812, [1, 23, 3])
(81813, [1])
(81814, [1, 19, 8, 2])
(81815, [1, 21, 44, 3])
(81816, [1, 26, 3, 2])
(81817, [1])
(81818, [1])
(81819, [1, 12, 2])
(81820, [1])
(81821, [1, 19, 43, 4, 2])
(81822, [1, 3])
(81823, [1])
(81824, [1, 21])
(81825, [1])
(81826, [1, 21])
(81827, [1])
(81828, [1])
(81829, [1, 3, 14])
(81830, [1, 31, 2])
(81831, [1, 19, 31, 23, 15, 3])
(81832, [1, 39, 41, 12])
(81833, [1, 38, 12])
(81834, [1, 2])
(81835, [1, 30, 2])
(81836, [1, 15])
(81837, [1])
(81838, [1])
(81839, [1])
(81840, [1])
(81841, [1])
(81842, [1])
(81843, [1])
(81844, [1])
(81845, [1, 44, 31])
(81846, [1])
(81847, [1])
(81848, [1, 21, 4, 12])
(81849, [1, 3])
(81850, [1])
(81851, [1])
(81852, [10])
(81853, [10])
(81854, [10])
(81855, [10])
(81856, [10])
(81857, [10, 26, 38, 41, 15])
(81858, [10])
(81859, [10])
(81860, [19])
(81861, [19, 31])
(81862, [19, 3])
(81863, [19, 26])
(81864, [19])
(81865, [19])
(81866, [19])
(81867, [19, 3])
(81868, [19])
(81869, [19])
(81870, [19, 3])
(81871, [19])
(81872, [19, 43, 31])
(81873, [19])
(81874, [19, 21, 3])
(81875, [19])
(81876, [19, 21, 44, 43, 2, 14])
(81877, [19])
(81878, [19, 15])
(81879, [19, 44, 23])
(81880, [19])
(81881, [19])
(81882, [19, 24, 2])
(81883, [19, 21, 22])
(81884, [19])
(81885, [19])
(81886, [26, 43, 24, 23, 3, 14])
(81887, [26, 2])
(81888, [26])
(81889, [26])
(81890, [26, 43, 41, 15])
(81891, [26, 2])
(81892, [26, 15, 2])
(81893, [26])
(81894, [26])
(81895, [26, 30])
(81896, [26])
(81897, [26, 12])
(81898, [26])
(81899, [26])
(81900, [26, 12])
(81901, [26])
(81902, [26])
(81903, [26])
(81904, [26, 43, 23, 2])
(81905, [8])
(81906, [8])
(81907, [8])
(81908, [8, 21])
(81909, [8])
(81910, [8])
(81911, [8, 23, 12])
(81912, [8])
(81913, [8, 21])
(81914, [8])
(81915, [8, 23])
(81916, [8])
(81917, [8])
(81918, [8])
(81919, [8])
(81920, [8])
(81921, [8])
(81922, [8])
(81923, [8])
(81924, [21])
(81925, [21])
(81926, [21])
(81927, [21])
(81928, [21])
(81929, [21])
(81930, [21, 3])
(81931, [21])
(81932, [21])
(81933, [21])
(81934, [21])
(81935, [21])
(81936, [21, 38, 3])
(81937, [21])
(81938, [21])
(81939, [21, 23, 3])
(81940, [21, 3])
(81941, [21, 3])
(81942, [21])
(81943, [21])
(81944, [21])
(81945, [21])
(81946, [21])
(81947, [21])
(81948, [21])
(81949, [21, 3])
(81950, [21])
(81951, [21])
(81952, [21, 15])
(81953, [21])
(81954, [21, 23])
(81955, [21])
(81956, [21])
(81957, [21])
(81958, [21])
(81959, [21])
(81960, [21])
(81961, [21])
(81962, [21])
(81963, [21])
(81964, [21])
(81965, [21, 12])
(81966, [21])
(81967, [21])
(81968, [44])
(81969, [44])
(81970, [44])
(81971, [44])
(81972, [44])
(81973, [44])
(81974, [44])
(81975, [44])
(81976, [44])
(81977, [44])
(81978, [44, 43, 12, 2])
(81979, [44, 40])
(81980, [44])
(81981, [44])
(81982, [44])
(81983, [44])
(81984, [44])
(81985, [44])
(81986, [44])
(81987, [44])
(81988, [44])
(81989, [44])
(81990, [44, 30])
(81991, [44])
(81992, [43])
(81993, [43])
(81994, [43])
(81995, [43])
(81996, [43])
(81997, [43])
(81998, [43])
(81999, [43])
(82000, [43])
(82001, [43])
(82002, [43])
(82003, [43])
(82004, [43])
(82005, [43])
(82006, [43])
(82007, [43])
(82008, [43])
(82009, [43])
(82010, [43])
(82011, [43])
(82012, [43])
(82013, [43])
(82014, [43])
(82015, [43])
(82016, [43])
(82017, [43])
(82018, [43])
(82019, [38])
(82020, [38])
(82021, [36])
(82022, [36])
(82023, [36, 14])
(82024, [36])
(82025, [36])
(82026, [36])
(82027, [36])
(82028, [36])
(82029, [36])
(82030, [36])
(82031, [36])
(82032, [36])
(82033, [36])
(82034, [36])
(82035, [36])
(82036, [36])
(82037, [36])
(82038, [36])
(82039, [36])
(82040, [36])
(82041, [36])
(82042, [36])
(82043, [36, 31])
(82044, [36])
(82045, [36, 15])
(82046, [36])
(82047, [36])
(82048, [36])
(82049, [36])
(82050, [36])
(82051, [31])
(82052, [31])
(82053, [31, 30])
(82054, [31])
(82055, [31, 24])
(82056, [31])
(82057, [31])
(82058, [31])
(82059, [30])
(82060, [30, 4, 40, 2])
(82061, [30])
(82062, [30, 3, 2, 22])
(82063, [30])
(82064, [30])
(82065, [30])
(82066, [30, 41])
(82067, [30])
(82068, [30])
(82069, [30])
(82070, [30])
(82071, [30])
(82072, [37])
(82073, [37])
(82074, [39])
(82075, [39])
(82076, [39, 14])
(82077, [39])
(82078, [39, 40])
(82079, [41])
(82080, [41])
(82081, [41])
(82082, [41])
(82083, [41])
(82084, [41])
(82085, [41])
(82086, [41])
(82087, [41])
(82088, [41])
(82089, [41])
(82090, [41])
(82091, [41])
(82092, [41])
(82093, [41])
(82094, [41, 24, 4, 2, 14])
(82095, [41])
(82096, [41])
(82097, [41, 40])
(82098, [41])
(82099, [41])
(82100, [41])
(82101, [41])
(82102, [41])
(82103, [41])
(82104, [41])
(82105, [41])
(82106, [41, 2])
(82107, [41, 2])
(82108, [24])
(82109, [24])
(82110, [24])
(82111, [24])
(82112, [24, 12])
(82113, [23])
(82114, [23])
(82115, [23])
(82116, [23, 2])
(82117, [23])
(82118, [23])
(82119, [23])
(82120, [23])
(82121, [23])
(82122, [23])
(82123, [23])
(82124, [23])
(82125, [23])
(82126, [23])
(82127, [23])
(82128, [23])
(82129, [23])
(82130, [23])
(82131, [23])
(82132, [23])
(82133, [23])
(82134, [23])
(82135, [23])
(82136, [23])
(82137, [23])
(82138, [23])
(82139, [23, 2])
(82140, [23])
(82141, [23])
(82142, [23])
(82143, [23])
(82144, [23])
(82145, [23])
(82146, [23])
(82147, [23])
(82148, [23])
(82149, [23])
(82150, [23])
(82151, [23])
(82152, [23])
(82153, [23])
(82154, [23])
(82155, [23])
(82156, [23])
(82157, [23])
(82158, [23])
(82159, [23])
(82160, [23])
(82161, [23])
(82162, [23])
(82163, [23])
(82164, [23])
(82165, [23])
(82166, [23])
(82167, [23])
(82168, [23])
(82169, [23])
(82170, [23])
(82171, [23])
(82172, [4])
(82173, [4])
(82174, [4])
(82175, [4])
(82176, [4])
(82177, [4, 15])
(82178, [4])
(82179, [4])
(82180, [4])
(82181, [4])
(82182, [4])
(82183, [4, 2])
(82184, [4])
(82185, [4])
(82186, [4])
(82187, [4])
(82188, [4])
(82189, [4])
(82190, [4])
(82191, [4])
(82192, [4])
(82193, [4])
(82194, [15])
(82195, [15])
(82196, [15])
(82197, [15])
(82198, [15])
(82199, [15])
(82200, [15])
(82201, [15])
(82202, [15])
(82203, [15])
(82204, [15])
(82205, [15])
(82206, [15])
(82207, [15])
(82208, [3, 12])
(82209, [3])
(82210, [3])
(82211, [3])
(82212, [3])
(82213, [3])
(82214, [3])
(82215, [3])
(82216, [3, 12])
(82217, [3])
(82218, [3])
(82219, [3])
(82220, [3])
(82221, [3])
(82222, [3])
(82223, [3, 12])
(82224, [3])
(82225, [3])
(82226, [3])
(82227, [3])
(82228, [3])
(82229, [3])
(82230, [3])
(82231, [3])
(82232, [3])
(82233, [3])
(82234, [3])
(82235, [3])
(82236, [3])
(82237, [3])
(82238, [3])
(82239, [3])
(82240, [12])
(82241, [12])
(82242, [12])
(82243, [12])
(82244, [12])
(82245, [12])
(82246, [12])
(82247, [12])
(82248, [12])
(82249, [12])
(82250, [12])
(82251, [12])
(82252, [12])
(82253, [12])
(82254, [12])
(82255, [12])
(82256, [12])
(82257, [12])
(82258, [12])
(82259, [12])
(82260, [12])
(82261, [12])
(82262, [12])
(82263, [12])
(82264, [12])
(82265, [12])
(82266, [12])
(82267, [12])
(82268, [12])
(82269, [12])
(82270, [12])
(82271, [12])
(82272, [12])
(82273, [12])
(82274, [12])
(82275, [12])
(82276, [12])
(82277, [12])
(82278, [12])
(82279, [12])
(82280, [12])
(82281, [12])
(82282, [12])
(82283, [12])
(82284, [12])
(82285, [12])
(82286, [12])
(82287, [12])
(82288, [12])
(82289, [12])
(82290, [12])
(82291, [12])
(82292, [12])
(82293, [12, 5])
(82294, [40])
(82295, [40])
(82296, [40])
(82297, [40])
(82298, [40])
(82299, [40])
(82300, [40, 14])
(82301, [40])
(82302, [40])
(82303, [2])
(82304, [2])
(82305, [2])
(82306, [2])
(82307, [2])
(82308, [2])
(82309, [2])
(82310, [2])
(82311, [2])
(82312, [2])
(82313, [2, 14])
(82314, [2])
(82315, [2])
(82316, [2])
(82317, [2])
(82318, [2])
(82319, [2])
(82320, [2])
(82321, [2])
(82322, [2])
(82323, [2])
(82324, [2])
(82325, [2])
(82326, [2])
(82327, [2])
(82328, [2])
(82329, [2])
(82330, [2])
(82331, [2])
(82332, [2])
(82333, [2])
(82334, [2])
(82335, [2])
(82336, [2])
(82337, [2])
(82338, [2])
(82339, [2])
(82340, [2])
(82341, [2])
(82342, [2])
(82343, [2])
(82344, [2])
(82345, [2])
(82346, [2])
(82347, [2])
(82348, [2])
(82349, [2])
(82350, [2])
(82351, [2])
(82352, [2])
(82353, [2])
(82354, [2])
(82355, [2])
(82356, [2, 14])
(82357, [2])
(82358, [2])
(82359, [2])
(82360, [2])
(82361, [2])
(82362, [2])
(82363, [2])
(82364, [2])
(82365, [2])
(82366, [2])
(82367, [2])
(82368, [2])
(82369, [13])
(82370, [13])
(82371, [13])
(82372, [13])
(82373, [13])
(82374, [13])
(82375, [5])
(82376, [5])
(82377, [5])
(82378, [5])
(82379, [5])
(82380, [5])
(82381, [5])
(82382, [5])
(82383, [5])
(82384, [5])
(82385, [5])
(82386, [5])
(82387, [14])
(82388, [14])
(82389, [14])
(82390, [14])
(82391, [14])
(82392, [14])
(82393, [14])
(82394, [14])
(82395, [14])
(82396, [14])
(82397, [14])
(82398, [14])
(82399, [14])
(82400, [14])
(82401, [14])
(82402, [14])
(82403, [22])
(82404, [22])
(82405, [22])
(82406, [22])
(82407, [22])
(82408, [22])
(82409, [22])
(82410, [22])
(82411, [22])
