(10937, [32])
(10938, [0, 1, 2, 3, 4, 5, 6, 7, 8, 9, 10, 11, 12, 13, 14, 15, 16, 17, 18, 19, 20, 21, 22, 23, 24, 25, 26, 27, 28, 29, 30, 31, 32, 33, 34, 35, 36, 37, 38, 39, 40, 41, 42, 43, 44])
(10939, [0, 1, 2, 3, 4, 5, 6, 7, 8, 9, 10, 11, 12, 13, 14, 15, 16, 17, 18, 19, 20, 21, 22, 23, 24, 25, 26, 27, 28, 29, 30, 31, 32, 33, 34, 35, 36, 37, 38, 39, 40, 41, 42, 43, 44])
(10940, [0, 1, 2, 3, 4, 5, 6, 7, 8, 9, 10, 11, 12, 13, 14, 15, 16, 17, 18, 19, 20, 21, 22, 23, 24, 25, 26, 27, 28, 29, 30, 31, 32, 33, 34, 35, 36, 37, 38, 39, 40, 41, 42, 43, 44])
(10941, [0, 1, 2, 3, 4, 5, 6, 7, 8, 9, 10, 11, 12, 13, 14, 15, 16, 17, 18, 19, 20, 21, 22, 23, 24, 25, 26, 27, 28, 29, 30, 31, 32, 33, 34, 35, 36, 37, 38, 39, 40, 41, 42, 43, 44])
(10942, [0, 1, 2, 3, 4, 5, 6, 7, 8, 9, 10, 11, 12, 13, 14, 15, 16, 17, 18, 19, 20, 21, 22, 23, 24, 25, 26, 27, 28, 29, 30, 31, 32, 33, 34, 35, 36, 37, 38, 39, 40, 41, 42, 43, 44])
(10943, [0, 1, 2, 3, 4, 5, 6, 7, 8, 9, 11, 12, 13, 15, 16, 17, 18, 19, 21, 22, 23, 24, 26, 27, 29, 30, 31, 32, 33, 34, 35, 36, 37, 38, 39, 40, 41, 42, 43, 44])
(10944, [0, 1, 2, 3, 4, 5, 6, 7, 8, 9, 11, 12, 13, 15, 16, 17, 19, 20, 21, 22, 23, 26, 27, 30, 31, 32, 33, 34, 38, 42, 44])
(10945, [0, 1, 2, 3, 4, 5, 6, 7, 8, 9, 10, 11, 12, 13, 14, 15, 16, 17, 18, 19, 20, 21, 22, 23, 24, 25, 26, 27, 28, 29, 30, 31, 32, 33, 34, 35, 36, 37, 39, 40, 41, 42, 43, 44])
(10946, [4, 6, 17, 32, 33, 34, 40, 41])
(10947, [0, 2, 6, 7, 9, 11, 13, 15, 16, 17, 18, 19, 26, 30, 31, 32, 33, 40, 41, 43, 44])
(10948, [0, 2, 4, 6, 9, 12, 13, 14, 15, 18, 19, 20, 24, 26, 31, 32, 33, 34, 40, 41, 43, 44])
(10949, [2, 4, 6, 8, 9, 11, 12, 13, 14, 15, 16, 18, 23, 26, 27, 30, 31, 32, 33, 40, 41, 43])
(10950, [1, 2, 4, 9, 11, 14, 19, 21, 30, 32, 34, 41, 44])
(10951, [1, 2, 3, 6, 7, 11, 13, 14, 17, 20, 26, 29, 30, 31, 32, 33, 34, 36, 40, 41, 43, 44])
(10952, [1, 3, 5, 6, 7, 8, 9, 11, 12, 15, 16, 17, 18, 19, 20, 23, 30, 31, 32, 33, 34, 37, 38, 42, 43, 44])
(10953, [1, 2, 3, 4, 6, 7, 8, 9, 11, 12, 13, 14, 15, 16, 17, 18, 19, 23, 24, 25, 26, 27, 28, 30, 31, 32, 33, 34, 35, 37, 39, 40, 41, 42, 43, 44])
(10954, [4, 32, 33])
(10955, [0, 1, 2, 3, 4, 6, 7, 8, 9, 11, 12, 13, 14, 15, 16, 17, 18, 19, 20, 21, 22, 23, 26, 29, 30, 31, 32, 33, 34, 38, 40, 41, 42, 43, 44])
(10956, [0, 1, 2, 3, 4, 6, 7, 8, 11, 12, 13, 15, 17, 20, 23, 24, 26, 28, 31, 32, 33, 41, 42, 43, 44])
(10957, [0, 1, 2, 3, 4, 6, 7, 9, 10, 11, 12, 15, 16, 17, 18, 19, 21, 22, 23, 26, 28, 29, 30, 31, 32, 33, 34, 35, 39, 41, 42, 43, 44])
(10958, [1, 3, 4, 18, 19, 32, 34, 43])
(10959, [1, 2, 3, 4, 9, 11, 14, 16, 19, 20, 24, 26, 27, 28, 31, 32, 41, 43])
(10960, [0, 7, 9, 15, 24, 30, 32, 42])
(10961, [1, 2, 3, 5, 6, 7, 9, 11, 18, 19, 20, 21, 29, 30, 32, 33, 34, 38, 39])
(10962, [0, 1, 2, 3, 4, 5, 6, 7, 9, 10, 11, 12, 13, 14, 15, 16, 17, 18, 19, 20, 21, 23, 24, 26, 27, 28, 30, 31, 32, 33, 34, 35, 36, 37, 38, 40, 41, 42, 43, 44])
(10963, [1, 2, 3, 4, 6, 7, 9, 11, 12, 14, 15, 16, 17, 18, 19, 21, 23, 24, 27, 30, 31, 32, 33, 34, 40, 41, 44])
(10964, [0, 2, 4, 6, 11, 14, 18, 24, 31, 32, 42, 44])
(10965, [0, 1, 2, 3, 4, 7, 8, 9, 11, 12, 13, 15, 16, 17, 21, 23, 25, 30, 31, 32, 33, 40, 42, 44])
(10966, [0, 1, 2, 3, 4, 6, 7, 8, 9, 11, 12, 15, 16, 17, 18, 19, 21, 22, 23, 24, 25, 26, 30, 31, 32, 33, 34, 38, 41, 42, 43, 44])
(10967, [1, 2, 3, 4, 5, 6, 8, 9, 11, 12, 16, 18, 19, 23, 26, 31, 32, 33, 37, 42, 43])
(10968, [0, 1, 2, 3, 4, 7, 9, 10, 11, 12, 13, 16, 17, 19, 20, 23, 26, 31, 32, 33, 34, 35, 36, 40, 41, 42, 43, 44])
(10969, [0, 1, 2, 10, 16, 19, 22, 23, 32, 41, 42])
(10970, [0, 1, 2, 3, 4, 5, 7, 8, 9, 10, 11, 12, 13, 15, 16, 17, 18, 19, 20, 21, 22, 23, 24, 25, 26, 28, 30, 31, 32, 34, 40, 41, 42, 43, 44])
(10971, [0, 1, 2, 3, 5, 9, 11, 12, 16, 17, 20, 23, 24, 26, 30, 31, 32, 34])
(10972, [1, 2, 3, 7, 9, 11, 12, 14, 16, 18, 19, 22, 23, 24, 29, 31, 32, 33, 36, 41, 42, 44])
(10973, [2, 6, 7, 17, 18, 32, 40, 41])
(10974, [1, 2, 3, 4, 5, 7, 8, 9, 11, 12, 13, 14, 15, 16, 17, 18, 19, 21, 22, 23, 24, 26, 27, 28, 29, 30, 31, 32, 33, 34, 35, 37, 38, 39, 40, 41, 42, 43, 44])
(10975, [10, 11, 32])
(10976, [32])
(10977, [0, 4, 24, 25, 31, 32, 35, 40, 43])
(10978, [0, 1, 2, 3, 4, 6, 7, 8, 9, 10, 11, 12, 13, 14, 15, 16, 17, 18, 19, 20, 21, 22, 23, 24, 25, 26, 30, 31, 32, 33, 34, 38, 40, 41, 42, 43, 44])
(10979, [1, 2, 3, 4, 6, 8, 9, 10, 11, 12, 15, 17, 18, 19, 20, 21, 22, 23, 24, 26, 29, 30, 31, 32, 33, 34, 35, 38, 39, 40, 41, 42, 43, 44])
(10980, [1, 2, 3, 4, 6, 9, 11, 12, 13, 14, 15, 16, 17, 18, 19, 23, 24, 26, 28, 30, 31, 32, 33, 34, 40, 41, 43, 44])
(10981, [0, 1, 2, 3, 4, 7, 9, 11, 12, 13, 16, 17, 19, 20, 21, 22, 23, 26, 30, 31, 32, 33, 34, 41, 42, 44])
(10982, [0, 1, 2, 3, 4, 5, 6, 7, 8, 9, 11, 12, 13, 14, 15, 16, 17, 18, 19, 20, 21, 22, 23, 25, 27, 28, 30, 31, 32, 33, 34, 37, 39, 40, 42, 43, 44])
(10983, [1, 3, 4, 6, 7, 8, 9, 12, 15, 17, 18, 19, 20, 21, 22, 23, 26, 29, 30, 31, 32, 33, 34, 35, 38, 40, 41])
(10984, [1, 21, 22, 30, 31, 32, 36])
(10985, [1, 3, 6, 9, 11, 13, 15, 17, 18, 19, 22, 23, 24, 30, 31, 32, 33, 34, 43, 44])
(10986, [2, 6, 12, 32])
(10987, [0, 1, 2, 3, 6, 9, 12, 13, 15, 16, 18, 22, 23, 27, 30, 31, 32, 33, 34, 35, 37, 41, 44])
(10988, [1, 4, 5, 6, 11, 12, 15, 18, 19, 23, 29, 30, 31, 32, 33, 40, 43, 44])
(10989, [0, 1, 3, 4, 9, 10, 12, 15, 16, 18, 24, 26, 30, 32, 33, 34, 38, 42, 43])
(10990, [0, 23, 32, 42])
(10991, [6, 23, 32, 41])
(10992, [2, 4, 6, 8, 9, 15, 17, 18, 19, 22, 23, 30, 31, 32, 33, 43, 44])
(10993, [1, 3, 6, 7, 9, 11, 14, 15, 16, 17, 18, 19, 23, 24, 30, 31, 32, 33, 43, 44])
(10994, [3, 18, 32])
(10995, [32])
(10996, [6, 32])
(10997, [32])
(10998, [9, 11, 12, 15, 23, 26, 32])
(10999, [32])
(11000, [0, 1, 2, 3, 4, 9, 10, 11, 12, 15, 16, 17, 19, 23, 26, 28, 31, 32, 33, 34, 40, 42])
(11001, [0, 1, 2, 3, 4, 5, 6, 7, 8, 9, 11, 12, 14, 15, 16, 17, 18, 19, 20, 21, 22, 23, 26, 29, 30, 31, 32, 33, 34, 35, 37, 38, 40, 42, 43, 44])
(11002, [0, 1, 2, 3, 6, 7, 8, 10, 12, 13, 14, 15, 16, 18, 20, 23, 24, 26, 30, 31, 32, 33, 34, 41, 42, 43, 44])
(11003, [0, 1, 2, 3, 4, 8, 9, 11, 12, 13, 15, 16, 17, 18, 19, 21, 23, 24, 30, 31, 32, 33, 34, 38, 41, 43])
(11004, [0, 1, 2, 3, 4, 5, 6, 7, 8, 9, 11, 12, 15, 16, 17, 18, 19, 20, 21, 22, 23, 26, 27, 28, 29, 30, 32, 33, 34, 35, 36, 37, 38, 39, 40, 42, 44])
(11005, [0, 1, 2, 3, 6, 9, 12, 15, 24, 27, 31, 32, 33, 34, 43, 44])
(11006, [3, 4, 6, 7, 14, 18, 21, 23, 28, 32, 34, 36])
(11007, [1, 2, 3, 4, 6, 7, 9, 11, 12, 13, 15, 16, 18, 19, 20, 21, 22, 23, 24, 26, 29, 30, 31, 32, 33, 34, 35, 38, 41, 42, 43, 44])
(11008, [1, 2, 7, 32])
(11009, [1, 9, 19, 23, 32, 33, 34, 35])
(11010, [0, 1, 2, 3, 4, 5, 6, 7, 9, 10, 11, 12, 14, 15, 16, 17, 19, 20, 22, 23, 31, 32, 33, 34, 35, 36, 42])
(11011, [1, 2, 3, 4, 5, 6, 7, 9, 11, 18, 19, 22, 23, 26, 30, 31, 32, 33, 34, 38, 40, 44])
(11012, [0, 1, 2, 3, 4, 5, 6, 7, 8, 9, 10, 11, 12, 13, 14, 16, 18, 19, 20, 21, 22, 23, 24, 25, 26, 27, 28, 29, 30, 31, 32, 33, 34, 35, 36, 37, 38, 39, 40, 41, 42, 43, 44])
(11013, [0, 2, 3, 6, 12, 15, 26, 30, 31, 32, 33, 43])
(11014, [32])
(11015, [0, 2, 5, 8, 9, 10, 11, 12, 17, 18, 22, 27, 30, 31, 32, 33, 34, 41, 44])
(11016, [0, 2, 3, 7, 12, 18, 21, 31, 32, 33, 35])
(11017, [1, 32])
(11018, [32])
(11019, [6, 9, 18, 19, 23, 30, 31, 32, 33, 39, 43])
(11020, [1, 2, 3, 6, 7, 8, 9, 12, 13, 14, 15, 17, 18, 19, 21, 23, 30, 31, 32, 33, 34, 35, 40, 43, 44])
(11021, [1, 3, 4, 6, 7, 9, 12, 13, 15, 18, 19, 30, 31, 32, 33, 39, 41, 42, 44])
(11022, [1, 3, 4, 5, 8, 9, 12, 15, 17, 18, 19, 30, 31, 32, 33, 41, 44])
(11023, [32])
(11024, [0, 1, 2, 3, 6, 7, 9, 11, 12, 13, 14, 15, 16, 17, 19, 22, 24, 26, 32, 33, 34, 36, 40, 41, 42, 43, 44])
(11025, [0, 2, 4, 14, 15, 18, 23, 32, 35, 43])
(11026, [0, 2, 7, 10, 11, 12, 19, 22, 29, 31, 32, 33, 34, 38, 42, 44])
(11027, [11, 16, 32])
(11028, [11, 12, 13, 17, 32, 35, 43])
(11029, [0, 1, 2, 3, 4, 6, 7, 9, 11, 12, 13, 14, 15, 16, 17, 18, 19, 20, 21, 22, 23, 24, 25, 26, 30, 31, 32, 33, 34, 36, 38, 39, 40, 41, 42, 43, 44])
(11030, [1, 2, 3, 7, 11, 12, 19, 26, 32, 34, 43, 44])
(11031, [0, 1, 2, 3, 7, 9, 10, 12, 15, 17, 19, 20, 23, 24, 30, 31, 32, 33, 35])
(11032, [3, 7, 12, 13, 14, 17, 30, 31, 32, 33])
(11033, [0, 1, 2, 3, 4, 6, 8, 9, 11, 16, 18, 19, 21, 22, 23, 32, 34, 38, 39, 42, 44])
(11034, [1, 2, 3, 11, 17, 32, 43])
(11035, [32])
(11036, [14, 32])
(11037, [32])
(11038, [1, 3, 6, 7, 9, 11, 12, 16, 18, 20, 23, 24, 26, 32, 33, 40])
(11039, [32])
(11040, [0, 1, 2, 3, 4, 5, 6, 7, 8, 9, 10, 11, 12, 13, 14, 15, 16, 17, 18, 19, 20, 21, 22, 23, 24, 25, 26, 27, 28, 29, 30, 31, 33, 34, 35, 36, 37, 38, 39, 40, 41, 42, 43, 44])
(11041, [35, 43])
(11042, [1, 2, 3, 4, 5, 8, 9, 10, 11, 12, 13, 15, 16, 17, 18, 21, 22, 23, 24, 26, 27, 29, 30, 31, 33, 34, 35, 39, 41, 44])
(11043, [35])
(11044, [23, 35])
(11045, [1, 9, 23, 35])
(11046, [3, 8, 15, 18, 23, 35])
(11047, [1, 2, 3, 8, 18, 35])
(11048, [2, 23, 35])
(11049, [35])
(11050, [10, 11, 16, 21, 35])
(11051, [35])
(11052, [1, 2, 3, 5, 6, 8, 9, 11, 12, 17, 18, 19, 20, 21, 26, 29, 31, 33, 35, 36, 39, 40, 43, 44])
(11053, [21, 35, 37])
(11054, [0, 2, 9, 11, 12, 13, 19, 20, 23, 24, 26, 30, 34, 35, 37, 41, 42, 43])
(11055, [0, 35])
(11056, [8, 35])
(11057, [0, 1, 2, 3, 4, 6, 9, 10, 11, 12, 14, 15, 16, 17, 18, 19, 20, 21, 26, 27, 28, 29, 30, 31, 33, 34, 35, 38, 40, 42, 43, 44])
(11058, [35])
(11059, [35])
(11060, [35])
(11061, [0, 1, 3, 6, 9, 11, 15, 19, 26, 27, 28, 30, 31, 34, 35, 41, 43, 44])
(11062, [1, 2, 3, 4, 9, 10, 12, 14, 16, 18, 21, 23, 24, 35, 36])
(11063, [35])
(11064, [0, 2, 9, 10, 12, 16, 20, 23, 24, 26, 35, 41])
(11065, [0, 1, 9, 12, 23, 26, 28, 31, 34, 35, 41])
(11066, [35])
(11067, [9, 35])
(11068, [1, 15, 19, 21, 35, 40])
(11069, [0, 1, 3, 10, 18, 24, 35])
(11070, [35])
(11071, [35])
(11072, [0, 1, 3, 4, 14, 15, 16, 18, 19, 20, 21, 26, 35, 38, 43])
(11073, [1, 2, 3, 8, 9, 12, 15, 16, 18, 19, 21, 22, 31, 33, 35, 43])
(11074, [0, 10, 12, 16, 21, 35])
(11075, [0, 1, 2, 3, 6, 9, 12, 18, 19, 20, 23, 30, 34, 35, 41, 42, 43, 44])
(11076, [1, 2, 3, 6, 8, 9, 11, 12, 16, 18, 21, 22, 33, 35, 43])
(11077, [0, 1, 3, 7, 9, 10, 12, 15, 16, 18, 20, 22, 28, 30, 35, 43])
(11078, [35])
(11079, [3, 10, 21, 35])
(11080, [0, 2, 3, 4, 6, 9, 11, 12, 13, 14, 15, 17, 18, 26, 30, 33, 34, 35, 40, 41, 43, 44])
(11081, [35])
(11082, [0, 35, 36])
(11083, [0, 2, 3, 4, 5, 6, 15, 16, 18, 23, 35, 43])
(11084, [35])
(11085, [34])
(11086, [6, 9, 15, 21, 30, 33, 34, 40, 41, 43])
(11087, [0, 1, 2, 3, 4, 6, 31, 33, 34, 39, 43, 44])
(11088, [1, 2, 3, 16, 30, 31, 34])
(11089, [5, 8, 23, 34])
(11090, [34])
(11091, [7, 34])
(11092, [1, 3, 11, 12, 19, 20, 22, 26, 29, 34, 41, 43, 44])
(11093, [1, 2, 3, 4, 6, 9, 11, 15, 16, 17, 19, 21, 22, 26, 34, 40, 41, 43, 44])
(11094, [0, 2, 6, 7, 9, 11, 12, 14, 16, 17, 18, 26, 27, 30, 31, 33, 34, 40, 41, 44])
(11095, [17, 26, 34, 36])
(11096, [30, 34])
(11097, [0, 2, 12, 21, 31, 34, 42])
(11098, [0, 1, 2, 3, 6, 9, 10, 11, 12, 14, 19, 20, 23, 24, 26, 33, 34, 38, 43])
(11099, [34])
(11100, [34])
(11101, [34])
(11102, [34])
(11103, [2, 14, 17, 34, 36])
(11104, [1, 2, 3, 4, 9, 15, 16, 17, 22, 30, 33, 34, 41, 44])
(11105, [34])
(11106, [33, 34])
(11107, [3, 9, 13, 15, 18, 25, 33, 34, 41])
(11108, [0, 2, 3, 7, 9, 11, 14, 15, 17, 19, 22, 34, 42])
(11109, [2, 4, 6, 7, 9, 11, 16, 20, 34, 42])
(11110, [0, 2, 5, 8, 9, 12, 15, 18, 20, 23, 30, 31, 33, 34, 41, 43])
(11111, [0, 1, 3, 8, 19, 30, 31, 33, 34])
(11112, [0, 1, 2, 3, 6, 7, 9, 11, 15, 17, 18, 21, 31, 33, 34, 38, 44])
(11113, [0, 1, 2, 3, 5, 6, 7, 8, 12, 13, 14, 15, 18, 19, 20, 21, 22, 23, 26, 31, 33, 34, 38])
(11114, [10, 23, 30, 31, 33, 34])
(11115, [23, 27, 33, 34, 44])
(11116, [2, 6, 15, 18, 23, 34])
(11117, [1, 2, 22, 34, 44])
(11118, [34, 44])
(11119, [0, 1, 2, 3, 4, 6, 7, 8, 9, 11, 12, 16, 18, 20, 23, 25, 28, 31, 34, 40, 43])
(11120, [0, 12, 34])
(11121, [0, 2, 5, 6, 9, 11, 12, 18, 23, 30, 31, 34, 43])
(11122, [0, 2, 9, 10, 11, 12, 15, 18, 20, 24, 26, 28, 34, 40, 41, 43, 44])
(11123, [0, 1, 2, 12, 16, 23, 34, 41])
(11124, [11, 34])
(11125, [21, 34])
(11126, [34])
(11127, [0, 3, 6, 12, 16, 20, 23, 34, 43])
(11128, [12, 34, 41])
(11129, [0, 1, 10, 20, 25, 34])
(11130, [0, 10, 11, 20, 31, 33, 34])
(11131, [3, 24, 31, 34])
(11132, [31, 34])
(11133, [0, 1, 3, 7, 12, 34])
(11134, [34])
(11135, [34])
(11136, [0, 2, 6, 10, 12, 13, 15, 16, 19, 20, 23, 26, 30, 31, 33, 34, 36, 41, 43])
(11137, [0, 3, 12, 34])
(11138, [34])
(11139, [1, 3, 7, 15, 18, 31, 34, 43])
(11140, [34])
(11141, [0, 2, 3, 4, 15, 18, 23, 26, 34, 36, 41, 43])
(11142, [1, 2, 3, 4, 6, 7, 9, 19, 26, 28, 34, 41, 44])
(11143, [1, 2, 9, 17, 19, 24, 26, 31, 34])
(11144, [12, 33])
(11145, [33])
(11146, [18, 33])
(11147, [31, 33])
(11148, [14, 33])
(11149, [2, 9, 15, 19, 24, 26, 33, 44])
(11150, [33])
(11151, [1, 2, 3, 7, 11, 12, 13, 14, 17, 18, 19, 20, 26, 33, 39, 41, 43, 44])
(11152, [33])
(11153, [0, 2, 3, 6, 15, 26, 33])
(11154, [0, 12, 17, 33])
(11155, [33])
(11156, [16, 18, 33, 38])
(11157, [27, 33, 43])
(11158, [1, 3, 7, 12, 15, 17, 19, 20, 21, 22, 23, 33, 38, 44])
(11159, [0, 12, 33])
(11160, [2, 14, 18, 21, 33])
(11161, [33])
(11162, [33])
(11163, [2, 19, 29, 33])
(11164, [0, 9, 23, 33])
(11165, [0, 1, 3, 19, 21, 22, 23, 33, 42])
(11166, [33])
(11167, [3, 19, 24, 33, 39])
(11168, [33])
(11169, [33])
(11170, [21, 24, 33])
(11171, [0, 1, 3, 4, 6, 14, 17, 18, 33, 36, 41, 43])
(11172, [2, 4, 11, 12, 17, 20, 33, 41, 44])
(11173, [33])
(11174, [1, 3, 4, 11, 12, 15, 18, 19, 21, 27, 33, 40, 44])
(11175, [33])
(11176, [2, 11, 14, 15, 17, 26, 28, 33])
(11177, [3, 29, 31, 33, 42])
(11178, [2, 3, 11, 20, 33])
(11179, [1, 3, 12, 15, 18, 22, 23, 30, 31, 33, 38, 42])
(11180, [31, 33])
(11181, [0, 30, 33, 36])
(11182, [1, 3, 5, 9, 10, 11, 12, 19, 20, 23, 42])
(11183, [20])
(11184, [1, 3, 11, 20, 21, 42])
(11185, [0, 9, 12, 20, 22, 24, 40])
(11186, [3, 10, 12, 20])
(11187, [20])
(11188, [12, 20])
(11189, [1, 12, 18, 20, 23])
(11190, [0, 1, 2, 3, 20, 23, 24, 26, 41])
(11191, [20, 42, 43])
(11192, [3, 20])
(11193, [6, 13, 20, 26])
(11194, [20])
(11195, [0, 2, 4, 11, 12, 14, 15, 17, 19, 20, 42, 44])
(11196, [0, 1, 3, 16, 19, 20, 21, 39])
(11197, [0, 11, 12, 20])
(11198, [0, 1, 3, 12, 20])
(11199, [20])
(11200, [0, 1, 20, 21])
(11201, [20])
(11202, [20])
(11203, [12, 20, 21])
(11204, [1, 3, 20, 30])
(11205, [0, 2, 16, 20, 23])
(11206, [1, 2, 4, 12, 20, 23, 29, 44])
(11207, [18])
(11208, [18])
(11209, [18])
(11210, [18])
(11211, [1, 6, 11, 15, 18, 21, 29])
(11212, [18])
(11213, [1, 5, 12, 15, 18, 30])
(11214, [12, 18, 24, 30])
(11215, [18])
(11216, [0, 6, 7, 18, 42, 43])
(11217, [18])
(11218, [1, 3, 8, 11, 18, 21, 22])
(11219, [18, 23])
(11220, [18])
(11221, [1, 2, 3, 18, 19, 21, 22, 25, 26])
(11222, [1, 4, 18, 21])
(11223, [18])
(11224, [18, 23])
(11225, [1, 2, 3, 6, 8, 9, 10, 12, 18, 39, 42, 43, 44])
(11226, [18])
(11227, [18])
(11228, [1, 3, 11, 12, 18, 23])
(11229, [18])
(11230, [5, 6, 8, 11, 12, 15, 18, 23, 24])
(11231, [0, 1, 3, 11, 12, 15, 18, 21, 28])
(11232, [18])
(11233, [7, 18, 22])
(11234, [18])
(11235, [18])
(11236, [18, 43])
(11237, [18])
(11238, [18])
(11239, [1, 3, 18, 30, 43])
(11240, [18, 39])
(11241, [18])
(11242, [18])
(11243, [18, 21])
(11244, [18])
(11245, [18])
(11246, [18, 23])
(11247, [18])
(11248, [18])
(11249, [18])
(11250, [11, 18])
(11251, [18, 29])
(11252, [18, 23, 29])
(11253, [18])
(11254, [18])
(11255, [18])
(11256, [18])
(11257, [18])
(11258, [2, 6, 11, 14, 18, 26])
(11259, [1, 3, 6, 7, 11, 18, 41])
(11260, [18])
(11261, [6, 18, 23, 31])
(11262, [18])
(11263, [18])
(11264, [6, 18])
(11265, [18])
(11266, [18, 36])
(11267, [18])
(11268, [18])
(11269, [9, 18, 44])
(11270, [18])
(11271, [18])
(11272, [1, 3, 18, 31])
(11273, [2, 18, 26, 43])
(11274, [1, 11, 18, 19, 22, 30])
(11275, [15, 18])
(11276, [9, 18, 19])
(11277, [18])
(11278, [18])
(11279, [18])
(11280, [18])
(11281, [18])
(11282, [15, 18, 23, 31, 40])
(11283, [0, 4, 18, 19])
(11284, [18])
(11285, [18])
(11286, [18])
(11287, [4, 12, 18])
(11288, [3, 18, 23, 41])
(11289, [4, 6, 9, 12, 14, 16, 18, 38])
(11290, [6, 7, 18, 39])
(11291, [0, 1, 2, 3, 6, 8, 9, 15, 18, 21, 22, 24, 41, 44])
(11292, [9, 18, 30])
(11293, [18])
(11294, [18])
(11295, [1, 6, 8, 11, 15, 23, 27, 28, 43])
(11296, [27])
(11297, [0, 4, 6, 8, 9, 10, 15, 19, 23, 27, 40, 42, 43])
(11298, [1, 2, 13, 27])
(11299, [27])
(11300, [23, 27, 41, 43, 44])
(11301, [27])
(11302, [27])
(11303, [27])
(11304, [27])
(11305, [1, 21, 24, 27])
(11306, [9])
(11307, [9])
(11308, [8, 9, 11, 12, 22, 42])
(11309, [9])
(11310, [1, 2, 3, 7, 8, 9, 11, 12, 16, 21, 22, 23, 24, 31])
(11311, [9])
(11312, [9])
(11313, [6, 9, 17, 26, 43])
(11314, [1, 3, 9, 12, 23])
(11315, [0, 9, 11, 12])
(11316, [9])
(11317, [1, 9, 16])
(11318, [9])
(11319, [0, 9])
(11320, [9])
(11321, [0, 9, 12])
(11322, [9])
(11323, [2, 4, 9])
(11324, [9])
(11325, [9])
(11326, [9])
(11327, [9])
(11328, [8, 9, 12, 16, 23])
(11329, [9, 17])
(11330, [0, 6, 9, 19, 23, 24, 26])
(11331, [9])
(11332, [9])
(11333, [9])
(11334, [1, 2, 3, 6, 9, 11, 12, 15, 19, 23, 38, 44])
(11335, [9])
(11336, [9])
(11337, [9])
(11338, [9])
(11339, [2, 9])
(11340, [9, 19, 23])
(11341, [9])
(11342, [9, 14, 31])
(11343, [9, 12])
(11344, [9])
(11345, [9])
(11346, [9])
(11347, [9])
(11348, [0, 9, 22, 43])
(11349, [1, 9, 13, 15, 19, 23, 41])
(11350, [9, 19])
(11351, [2, 9])
(11352, [1, 4, 9, 41])
(11353, [9, 26, 41])
(11354, [9])
(11355, [9])
(11356, [9])
(11357, [1, 2, 3, 5, 6, 9, 43])
(11358, [9])
(11359, [9])
(11360, [9, 12])
(11361, [2, 7, 9, 14, 44])
(11362, [9])
(11363, [0, 1, 2, 3, 6, 9, 11, 21, 23, 26, 44])
(11364, [9])
(11365, [9])
(11366, [9])
(11367, [9, 44])
(11368, [0])
(11369, [0, 7, 26, 44])
(11370, [0, 3])
(11371, [0, 1, 2, 3, 4, 7, 11, 13, 15, 23, 28, 42, 44])
(11372, [0])
(11373, [0])
(11374, [0])
(11375, [0])
(11376, [0])
(11377, [0])
(11378, [0, 12])
(11379, [0])
(11380, [0])
(11381, [0])
(11382, [0, 1])
(11383, [0])
(11384, [0])
(11385, [0, 14, 15, 31, 41])
(11386, [0])
(11387, [0])
(11388, [0])
(11389, [0])
(11390, [0])
(11391, [0])
(11392, [0])
(11393, [0])
(11394, [0])
(11395, [0])
(11396, [0])
(11397, [0])
(11398, [0])
(11399, [0])
(11400, [0])
(11401, [0])
(11402, [0])
(11403, [0, 2, 4])
(11404, [0])
(11405, [0])
(11406, [0])
(11407, [0])
(11408, [0])
(11409, [0])
(11410, [0, 2, 14])
(11411, [0])
(11412, [0])
(11413, [0])
(11414, [0])
(11415, [0])
(11416, [0])
(11417, [0])
(11418, [0])
(11419, [0, 12, 37, 42, 43])
(11420, [0])
(11421, [0])
(11422, [0])
(11423, [0])
(11424, [0])
(11425, [0])
(11426, [0])
(11427, [0])
(11428, [0])
(11429, [0])
(11430, [0])
(11431, [0])
(11432, [0])
(11433, [0])
(11434, [0])
(11435, [0])
(11436, [0, 21])
(11437, [0])
(11438, [0])
(11439, [0, 19])
(11440, [0])
(11441, [0, 2, 31])
(11442, [0])
(11443, [0])
(11444, [0])
(11445, [0, 1, 15, 17, 31])
(11446, [0])
(11447, [0])
(11448, [0])
(11449, [0])
(11450, [0])
(11451, [0])
(11452, [0])
(11453, [0])
(11454, [0])
(11455, [0, 30])
(11456, [0])
(11457, [0])
(11458, [0, 12])
(11459, [0])
(11460, [0])
(11461, [0, 2, 3, 6, 10, 11, 14, 16, 17, 22])
(11462, [0])
(11463, [0])
(11464, [0])
(11465, [0, 1, 12, 17, 26, 31, 41])
(11466, [0, 14, 39])
(11467, [0])
(11468, [0, 3, 11, 21, 31])
(11469, [0])
(11470, [0])
(11471, [0])
(11472, [0, 3, 7, 22, 38, 42])
(11473, [0])
(11474, [0])
(11475, [0])
(11476, [0])
(11477, [0])
(11478, [0])
(11479, [0, 1, 2, 3, 16, 19, 21])
(11480, [0, 12])
(11481, [0])
(11482, [0])
(11483, [0])
(11484, [0])
(11485, [0])
(11486, [0])
(11487, [0])
(11488, [0])
(11489, [0, 11, 16, 39, 44])
(11490, [0])
(11491, [0])
(11492, [0, 12])
(11493, [0])
(11494, [0, 23])
(11495, [0])
(11496, [0, 16])
(11497, [0])
(11498, [0])
(11499, [0])
(11500, [0, 23])
(11501, [0])
(11502, [0])
(11503, [0])
(11504, [0])
(11505, [0, 7])
(11506, [0])
(11507, [0])
(11508, [0])
(11509, [0])
(11510, [0])
(11511, [0])
(11512, [0])
(11513, [0])
(11514, [0])
(11515, [0])
(11516, [0])
(11517, [0])
(11518, [0])
(11519, [0])
(11520, [0])
(11521, [0])
(11522, [0, 42])
(11523, [0])
(11524, [0])
(11525, [0])
(11526, [0, 3, 24, 36])
(11527, [0])
(11528, [0, 12])
(11529, [0])
(11530, [0])
(11531, [0, 1, 4, 26, 41])
(11532, [0])
(11533, [0])
(11534, [0])
(11535, [0, 30])
(11536, [0])
(11537, [0])
(11538, [0])
(11539, [0, 3, 12])
(11540, [0])
(11541, [0, 15])
(11542, [0])
(11543, [0])
(11544, [0])
(11545, [0])
(11546, [0])
(11547, [0])
(11548, [0, 1, 11, 12])
(11549, [0])
(11550, [0, 6, 43])
(11551, [0])
(11552, [0])
(11553, [0])
(11554, [0])
(11555, [0])
(11556, [0])
(11557, [0, 39])
(11558, [0])
(11559, [0])
(11560, [0])
(11561, [0])
(11562, [0])
(11563, [0])
(11564, [0, 2, 26])
(11565, [0])
(11566, [0])
(11567, [0])
(11568, [0])
(11569, [0])
(11570, [0])
(11571, [0])
(11572, [0])
(11573, [0])
(11574, [0])
(11575, [0])
(11576, [0])
(11577, [0])
(11578, [0, 26, 31, 41])
(11579, [0])
(11580, [0, 10, 17, 36, 44])
(11581, [0])
(11582, [0])
(11583, [0, 12])
(11584, [0, 1, 2, 3, 6, 16, 17, 21, 22, 26, 43])
(11585, [0])
(11586, [0])
(11587, [0, 2])
(11588, [0])
(11589, [0])
(11590, [0])
(11591, [0])
(11592, [0])
(11593, [0])
(11594, [0])
(11595, [0])
(11596, [0])
(11597, [0])
(11598, [0])
(11599, [0])
(11600, [0])
(11601, [0])
(11602, [0])
(11603, [0])
(11604, [0])
(11605, [0])
(11606, [0])
(11607, [0])
(11608, [0])
(11609, [0])
(11610, [0, 10, 12])
(11611, [0])
(11612, [0])
(11613, [0])
(11614, [0])
(11615, [0])
(11616, [0, 12])
(11617, [0])
(11618, [0, 1, 3, 15])
(11619, [0])
(11620, [0])
(11621, [0])
(11622, [0])
(11623, [0])
(11624, [0])
(11625, [0])
(11626, [0])
(11627, [0])
(11628, [0])
(11629, [0])
(11630, [0])
(11631, [0])
(11632, [0])
(11633, [0, 1, 3, 17, 19, 41, 42, 44])
(11634, [0])
(11635, [0])
(11636, [0])
(11637, [0])
(11638, [0])
(11639, [0])
(11640, [0])
(11641, [0])
(11642, [0])
(11643, [0])
(11644, [0])
(11645, [1, 2, 10, 11, 21])
(11646, [1, 3, 7, 11, 38, 43])
(11647, [11])
(11648, [1, 11, 16, 26, 30, 36, 39])
(11649, [11])
(11650, [1, 2, 11, 21])
(11651, [3, 11])
(11652, [11])
(11653, [2, 11, 41])
(11654, [11, 12, 22])
(11655, [11])
(11656, [11])
(11657, [11])
(11658, [11])
(11659, [2, 4, 6, 11, 21, 43])
(11660, [11])
(11661, [11])
(11662, [11, 31])
(11663, [3, 11, 17, 19, 23, 43])
(11664, [11])
(11665, [11, 23])
(11666, [2, 11])
(11667, [2, 3, 11, 12, 19, 29, 39, 40, 44])
(11668, [11, 19])
(11669, [11, 24])
(11670, [4, 11])
(11671, [1, 11, 42])
(11672, [11])
(11673, [11])
(11674, [11])
(11675, [11, 12, 13])
(11676, [11])
(11677, [11])
(11678, [2, 11, 15, 16, 36, 41, 44])
(11679, [11])
(11680, [11])
(11681, [11])
(11682, [11])
(11683, [2, 11])
(11684, [11])
(11685, [11])
(11686, [7])
(11687, [7])
(11688, [7])
(11689, [7, 31])
(11690, [7])
(11691, [7, 17])
(11692, [1, 3, 5, 7, 12, 24, 29, 30, 39])
(11693, [7])
(11694, [7])
(11695, [7])
(11696, [7])
(11697, [3, 7])
(11698, [7])
(11699, [7])
(11700, [16])
(11701, [16, 19])
(11702, [8, 12, 16, 23, 37, 42])
(11703, [16])
(11704, [16])
(11705, [16, 37, 43, 44])
(11706, [16])
(11707, [2, 3, 8, 12, 16, 23])
(11708, [1, 2, 16, 42])
(11709, [1, 3, 10, 12, 16, 19, 24, 42])
(11710, [15, 16, 36])
(11711, [16, 39])
(11712, [16])
(11713, [3, 4, 16, 44])
(11714, [16])
(11715, [16])
(11716, [16])
(11717, [2, 16])
(11718, [16])
(11719, [2, 16])
(11720, [2, 12, 15, 16, 21, 23, 24])
(11721, [16])
(11722, [16])
(11723, [4, 16, 24])
(11724, [16])
(11725, [3, 21, 42])
(11726, [42])
(11727, [6])
(11728, [6])
(11729, [6])
(11730, [6, 36])
(11731, [6, 26])
(11732, [6])
(11733, [2, 6])
(11734, [1, 3, 4, 6, 23, 24])
(11735, [3, 6, 26])
(11736, [6])
(11737, [6, 15])
(11738, [2, 6, 15, 41, 43])
(11739, [6])
(11740, [6])
(11741, [2, 6])
(11742, [28])
(11743, [14, 15, 26, 28])
(11744, [17])
(11745, [17])
(11746, [3, 17, 37])
(11747, [17])
(11748, [2, 4, 14, 17])
(11749, [17])
(11750, [17])
(11751, [2, 13, 17, 40, 41])
(11752, [17])
(11753, [17, 43, 44])
(11754, [17])
(11755, [17])
(11756, [15, 17, 31])
(11757, [17])
(11758, [17])
(11759, [17])
(11760, [17])
(11761, [17])
(11762, [2, 17])
(11763, [2, 17])
(11764, [17])
(11765, [17])
(11766, [3, 4, 17, 22])
(11767, [4, 17])
(11768, [1])
(11769, [1, 14, 30, 31])
(11770, [1, 3, 19, 39, 44])
(11771, [1, 3])
(11772, [1])
(11773, [1])
(11774, [1])
(11775, [1])
(11776, [1, 3])
(11777, [1, 3])
(11778, [1])
(11779, [1])
(11780, [1])
(11781, [1, 12])
(11782, [1])
(11783, [1, 19, 21])
(11784, [1, 4, 8, 22, 26])
(11785, [1])
(11786, [1, 3, 30])
(11787, [1, 3, 21])
(11788, [1, 30])
(11789, [1, 3, 12, 15])
(11790, [1])
(11791, [1])
(11792, [1, 3])
(11793, [1])
(11794, [1, 3])
(11795, [1, 26, 30, 31])
(11796, [1])
(11797, [1, 3, 21])
(11798, [1])
(11799, [1, 2, 3])
(11800, [1])
(11801, [1])
(11802, [1])
(11803, [1, 19])
(11804, [1, 22])
(11805, [1])
(11806, [1, 8, 12])
(11807, [1, 26])
(11808, [1, 3])
(11809, [1, 2, 12])
(11810, [1])
(11811, [10])
(11812, [10])
(11813, [10])
(11814, [10])
(11815, [10])
(11816, [10])
(11817, [10])
(11818, [4, 10, 24, 44])
(11819, [10])
(11820, [10])
(11821, [15, 19, 24, 36])
(11822, [19])
(11823, [4, 19, 21, 22, 36])
(11824, [4, 19, 22])
(11825, [19])
(11826, [19])
(11827, [19])
(11828, [15, 19, 22, 38, 44])
(11829, [19])
(11830, [19])
(11831, [2, 19])
(11832, [19])
(11833, [19])
(11834, [19])
(11835, [19, 31])
(11836, [19])
(11837, [19])
(11838, [12, 19])
(11839, [19])
(11840, [19])
(11841, [19])
(11842, [19])
(11843, [3, 4, 13, 19, 24, 30])
(11844, [19])
(11845, [19])
(11846, [19, 21, 39])
(11847, [19])
(11848, [19, 26, 31, 41, 43])
(11849, [2, 19])
(11850, [19])
(11851, [19])
(11852, [19])
(11853, [19])
(11854, [19])
(11855, [26])
(11856, [26])
(11857, [26])
(11858, [26])
(11859, [2, 3, 14, 26, 30, 44])
(11860, [26])
(11861, [26])
(11862, [26])
(11863, [26])
(11864, [12, 21, 26])
(11865, [26])
(11866, [26])
(11867, [12, 26])
(11868, [24, 26])
(11869, [26])
(11870, [26])
(11871, [26])
(11872, [2, 26])
(11873, [8])
(11874, [8])
(11875, [8])
(11876, [8, 43])
(11877, [8])
(11878, [8])
(11879, [8])
(11880, [5, 8])
(11881, [8])
(11882, [8])
(11883, [21])
(11884, [21])
(11885, [21])
(11886, [21])
(11887, [21, 41])
(11888, [21])
(11889, [21])
(11890, [21])
(11891, [21])
(11892, [3, 21])
(11893, [21])
(11894, [3, 21])
(11895, [21])
(11896, [21])
(11897, [21])
(11898, [3, 21])
(11899, [21])
(11900, [21])
(11901, [12, 21])
(11902, [21])
(11903, [3, 21])
(11904, [21])
(11905, [21])
(11906, [21])
(11907, [21])
(11908, [21])
(11909, [21])
(11910, [21])
(11911, [21])
(11912, [21])
(11913, [21])
(11914, [21])
(11915, [21])
(11916, [21])
(11917, [21])
(11918, [21])
(11919, [21])
(11920, [44])
(11921, [44])
(11922, [44])
(11923, [44])
(11924, [44])
(11925, [44])
(11926, [23, 44])
(11927, [44])
(11928, [44])
(11929, [44])
(11930, [44])
(11931, [44])
(11932, [44])
(11933, [43])
(11934, [43])
(11935, [43])
(11936, [43])
(11937, [43])
(11938, [43])
(11939, [43])
(11940, [43])
(11941, [43])
(11942, [15, 23, 31, 40, 43])
(11943, [23, 43])
(11944, [43])
(11945, [43])
(11946, [43])
(11947, [43])
(11948, [43])
(11949, [43])
(11950, [43])
(11951, [43])
(11952, [43])
(11953, [43])
(11954, [43])
(11955, [4, 43])
(11956, [43])
(11957, [43])
(11958, [43])
(11959, [38])
(11960, [36])
(11961, [36])
(11962, [36])
(11963, [36])
(11964, [36])
(11965, [36])
(11966, [36])
(11967, [36])
(11968, [36])
(11969, [36])
(11970, [36])
(11971, [36])
(11972, [36])
(11973, [36])
(11974, [36])
(11975, [36])
(11976, [36])
(11977, [36])
(11978, [36])
(11979, [36])
(11980, [36])
(11981, [36])
(11982, [36])
(11983, [36])
(11984, [36])
(11985, [36])
(11986, [36])
(11987, [2, 4, 15, 31, 36])
(11988, [36])
(11989, [3, 31])
(11990, [31])
(11991, [31])
(11992, [31])
(11993, [31])
(11994, [31])
(11995, [31])
(11996, [31])
(11997, [3, 31])
(11998, [31])
(11999, [31])
(12000, [31])
(12001, [31])
(12002, [31])
(12003, [30])
(12004, [30])
(12005, [30])
(12006, [30])
(12007, [30])
(12008, [30])
(12009, [30])
(12010, [30])
(12011, [30])
(12012, [30])
(12013, [4, 30, 40])
(12014, [30])
(12015, [30])
(12016, [30])
(12017, [30])
(12018, [14, 30, 41])
(12019, [39])
(12020, [39])
(12021, [39])
(12022, [39])
(12023, [39])
(12024, [39])
(12025, [3, 39])
(12026, [39])
(12027, [41])
(12028, [41])
(12029, [41])
(12030, [41])
(12031, [41])
(12032, [41])
(12033, [3, 41])
(12034, [41])
(12035, [41])
(12036, [41])
(12037, [41])
(12038, [41])
(12039, [5, 41])
(12040, [41])
(12041, [41])
(12042, [41])
(12043, [41])
(12044, [41])
(12045, [41])
(12046, [12, 24])
(12047, [24])
(12048, [24])
(12049, [24])
(12050, [2, 24])
(12051, [24])
(12052, [15, 24])
(12053, [24])
(12054, [24])
(12055, [24])
(12056, [24])
(12057, [23])
(12058, [23])
(12059, [23])
(12060, [23])
(12061, [23])
(12062, [23])
(12063, [23])
(12064, [23])
(12065, [23])
(12066, [23])
(12067, [23])
(12068, [23])
(12069, [23])
(12070, [23])
(12071, [23])
(12072, [23])
(12073, [23])
(12074, [23])
(12075, [23])
(12076, [23])
(12077, [23])
(12078, [23])
(12079, [23])
(12080, [23])
(12081, [23])
(12082, [23])
(12083, [23])
(12084, [23])
(12085, [23])
(12086, [23])
(12087, [23])
(12088, [23])
(12089, [23])
(12090, [23])
(12091, [23])
(12092, [23])
(12093, [23])
(12094, [23])
(12095, [23])
(12096, [23])
(12097, [23])
(12098, [23])
(12099, [23])
(12100, [23])
(12101, [23])
(12102, [23])
(12103, [3, 23])
(12104, [23])
(12105, [23])
(12106, [23])
(12107, [23])
(12108, [23])
(12109, [23])
(12110, [23])
(12111, [23])
(12112, [12, 23])
(12113, [23])
(12114, [4])
(12115, [4])
(12116, [4])
(12117, [4, 14])
(12118, [4])
(12119, [4])
(12120, [4])
(12121, [4])
(12122, [4])
(12123, [4])
(12124, [4])
(12125, [4, 15])
(12126, [4])
(12127, [4])
(12128, [4])
(12129, [4])
(12130, [4])
(12131, [4, 15])
(12132, [4])
(12133, [4])
(12134, [4])
(12135, [15])
(12136, [15])
(12137, [15])
(12138, [15])
(12139, [2, 15])
(12140, [15])
(12141, [15])
(12142, [15])
(12143, [3])
(12144, [3])
(12145, [2, 3])
(12146, [3])
(12147, [3])
(12148, [3])
(12149, [3])
(12150, [3])
(12151, [3])
(12152, [3])
(12153, [3])
(12154, [3])
(12155, [3])
(12156, [3])
(12157, [3, 40])
(12158, [3])
(12159, [3])
(12160, [3])
(12161, [3])
(12162, [3])
(12163, [3])
(12164, [12])
(12165, [12])
(12166, [12])
(12167, [12])
(12168, [12])
(12169, [12])
(12170, [12])
(12171, [12])
(12172, [12])
(12173, [12])
(12174, [12])
(12175, [12])
(12176, [12])
(12177, [12])
(12178, [12])
(12179, [12])
(12180, [12])
(12181, [12])
(12182, [12])
(12183, [12])
(12184, [12])
(12185, [12])
(12186, [12])
(12187, [12])
(12188, [12])
(12189, [12])
(12190, [12])
(12191, [12])
(12192, [12])
(12193, [12])
(12194, [12])
(12195, [12])
(12196, [12])
(12197, [12])
(12198, [12])
(12199, [12])
(12200, [12])
(12201, [12])
(12202, [12])
(12203, [12])
(12204, [12])
(12205, [12])
(12206, [12])
(12207, [12])
(12208, [12])
(12209, [12])
(12210, [12])
(12211, [12])
(12212, [12])
(12213, [12])
(12214, [12])
(12215, [12])
(12216, [12])
(12217, [12])
(12218, [12])
(12219, [12])
(12220, [12])
(12221, [12])
(12222, [12])
(12223, [12])
(12224, [12])
(12225, [12])
(12226, [12])
(12227, [12])
(12228, [12])
(12229, [12])
(12230, [12])
(12231, [12])
(12232, [2, 12])
(12233, [12])
(12234, [12])
(12235, [12])
(12236, [12])
(12237, [12])
(12238, [40])
(12239, [40])
(12240, [40])
(12241, [40])
(12242, [40])
(12243, [40])
(12244, [40])
(12245, [40])
(12246, [40])
(12247, [40])
(12248, [2])
(12249, [2])
(12250, [2])
(12251, [2])
(12252, [2])
(12253, [2])
(12254, [2])
(12255, [2])
(12256, [2])
(12257, [2])
(12258, [2])
(12259, [2])
(12260, [2])
(12261, [2])
(12262, [2])
(12263, [2])
(12264, [2])
(12265, [2])
(12266, [2])
(12267, [2])
(12268, [2])
(12269, [2])
(12270, [2, 14])
(12271, [2])
(12272, [2])
(12273, [2])
(12274, [2])
(12275, [2])
(12276, [2])
(12277, [2])
(12278, [2])
(12279, [2])
(12280, [2])
(12281, [2])
(12282, [2])
(12283, [2])
(12284, [2])
(12285, [2])
(12286, [2])
(12287, [2])
(12288, [2])
(12289, [2])
(12290, [2])
(12291, [2])
(12292, [2])
(12293, [2])
(12294, [2])
(12295, [2])
(12296, [2])
(12297, [2])
(12298, [2])
(12299, [2])
(12300, [2])
(12301, [2])
(12302, [2])
(12303, [2])
(12304, [2])
(12305, [2])
(12306, [2])
(12307, [2])
(12308, [2])
(12309, [2])
(12310, [2])
(12311, [2])
(12312, [2])
(12313, [2])
(12314, [2])
(12315, [2])
(12316, [2])
(12317, [2])
(12318, [2])
(12319, [2])
(12320, [2])
(12321, [2])
(12322, [2])
(12323, [2])
(12324, [2])
(12325, [2])
(12326, [2])
(12327, [2])
(12328, [13])
(12329, [13])
(12330, [13])
(12331, [13])
(12332, [13])
(12333, [13])
(12334, [13])
(12335, [5])
(12336, [5])
(12337, [5])
(12338, [5])
(12339, [5])
(12340, [5])
(12341, [5])
(12342, [5])
(12343, [5])
(12344, [14])
(12345, [14])
(12346, [14])
(12347, [14])
(12348, [14])
(12349, [14])
(12350, [14])
(12351, [14])
(12352, [14])
(12353, [14])
(12354, [14])
(12355, [14])
(12356, [14])
(12357, [14])
(12358, [14])
(12359, [14])
(12360, [14])
(12361, [22])
(12362, [22])
(12363, [22])
(12364, [22])
(12365, [22])
(12366, [22])
(12367, [22])
(12368, [25])
