(71315, [32, 35, 34, 33, 20, 18, 27, 9, 0, 11, 7, 29, 16, 42, 6, 28, 1, 10, 19, 26, 8, 21, 44, 43, 38, 36, 31, 30, 37, 39, 41, 24, 23, 4, 15, 3, 12, 40, 2, 13, 5, 14, 22, 25])
(71316, [32, 35, 34, 33, 20, 18, 27, 9, 0, 11, 7, 29, 16, 42, 6, 28, 17, 1, 10, 19, 26, 8, 21, 44, 43, 38, 36, 31, 30, 37, 39, 41, 24, 23, 4, 15, 3, 12, 40, 2, 13, 5, 14, 22, 25])
(71317, [32, 35, 34, 33, 20, 18, 27, 9, 0, 11, 7, 29, 16, 42, 6, 28, 17, 1, 10, 19, 26, 8, 21, 44, 43, 38, 36, 31, 30, 37, 39, 41, 24, 23, 4, 3, 12, 40, 2, 13, 5, 14, 22, 25])
(71318, [32, 35, 34, 33, 20, 18, 27, 9, 0, 11, 7, 29, 16, 42, 6, 28, 17, 1, 10, 19, 26, 8, 21, 44, 43, 38, 36, 31, 30, 37, 39, 41, 24, 23, 4, 15, 3, 12, 40, 2, 13, 5, 14, 22, 25])
(71319, [32, 35, 34, 33, 20, 18, 27, 9, 0, 11, 7, 29, 16, 42, 6, 28, 17, 1, 10, 19, 26, 8, 21, 44, 43, 38, 36, 31, 30, 37, 39, 41, 24, 23, 4, 15, 3, 12, 40, 2, 13, 5, 14, 22, 25])
(71320, [32, 34, 33, 18, 27, 11, 7, 16, 42, 6, 17, 1, 19, 26, 21, 44, 43, 31, 30, 37, 24, 23, 4, 15, 3, 12, 40, 2, 13, 14, 22, 25])
(71321, [32, 34, 33, 20, 18, 9, 0, 11, 16, 42, 6, 17, 1, 19, 26, 8, 21, 44, 43, 36, 31, 30, 37, 39, 41, 24, 23, 4, 15, 3, 12, 40, 2, 5, 14, 22])
(71322, [32, 34, 20, 18, 27, 29, 16, 28, 17, 1, 19, 26, 21, 44, 43, 30, 39, 24, 4, 15, 3, 12, 2, 5, 14, 22])
(71323, [32, 35, 33, 20, 18, 27, 9, 0, 11, 7, 16, 42, 6, 28, 17, 1, 19, 26, 8, 21, 44, 43, 38, 36, 31, 30, 37, 41, 24, 23, 4, 15, 3, 12, 40, 2, 13, 5, 14, 22])
(71324, [32, 35, 34, 33, 18, 27, 9, 11, 7, 29, 16, 42, 6, 28, 17, 1, 19, 26, 8, 21, 44, 43, 38, 36, 31, 30, 37, 39, 41, 24, 23, 4, 15, 3, 12, 40, 2, 13, 5, 14, 22, 25])
(71325, [32, 35, 34, 33, 20, 18, 9, 0, 11, 7, 29, 16, 42, 6, 28, 17, 1, 19, 26, 8, 21, 44, 43, 31, 30, 37, 39, 41, 23, 4, 15, 3, 12, 40, 2, 5, 14, 22])
(71326, [32, 35, 34, 33, 20, 18, 9, 0, 11, 7, 29, 16, 42, 6, 28, 17, 1, 10, 19, 26, 8, 21, 44, 43, 38, 31, 30, 37, 39, 41, 24, 23, 4, 15, 3, 12, 40, 2, 13, 5, 14, 22])
(71327, [32, 35, 33, 20, 18, 9, 0, 11, 7, 6, 17, 1, 10, 19, 26, 8, 44, 43, 36, 31, 30, 41, 24, 23, 4, 15, 3, 12, 2, 13, 5])
(71328, [32, 35, 34, 20, 18, 9, 0, 11, 16, 6, 17, 1, 26, 44, 43, 31, 30, 39, 41, 24, 23, 4, 15, 3, 12, 2, 14])
(71329, [32, 33, 11, 16, 6, 26, 30, 41, 12, 2, 13])
(71330, [32, 35, 34, 33, 20, 18, 27, 9, 0, 11, 7, 16, 42, 28, 17, 1, 10, 19, 26, 21, 44, 43, 31, 30, 39, 41, 23, 4, 15, 3, 12, 40, 2, 13, 22, 25])
(71331, [32, 35, 34, 33, 20, 18, 27, 9, 0, 11, 7, 29, 16, 42, 6, 28, 17, 1, 10, 19, 26, 8, 21, 44, 43, 38, 36, 31, 30, 37, 39, 41, 24, 23, 4, 15, 3, 12, 40, 2, 13, 5, 14, 22, 25])
(71332, [32, 35, 34, 33, 18, 27, 9, 0, 11, 42, 6, 28, 17, 1, 10, 19, 26, 21, 44, 43, 31, 30, 41, 24, 23, 4, 15, 3, 12, 40, 2, 13])
(71333, [32, 35, 34, 33, 18, 27, 9, 0, 11, 7, 16, 6, 28, 17, 1, 19, 26, 8, 21, 44, 36, 31, 30, 41, 24, 23, 4, 15, 3, 12, 40, 2, 13, 14])
(71334, [32, 34, 33, 9, 6, 19, 43, 31, 30, 24, 15])
(71335, [32, 33, 9, 19, 31, 41, 24, 15, 3, 12])
(71336, [32, 20, 18, 0, 26, 30, 24, 23])
(71337, [32, 35, 34, 33, 20, 18, 27, 9, 0, 11, 7, 29, 16, 42, 6, 28, 17, 1, 10, 19, 26, 8, 21, 44, 43, 38, 36, 31, 30, 37, 39, 41, 24, 23, 4, 15, 3, 12, 40, 2, 13, 5, 14, 22, 25])
(71338, [32, 18, 17, 1, 19, 21, 30, 37, 24, 4, 15, 3])
(71339, [32, 18, 9, 19, 26, 44, 24])
(71340, [32, 34, 18, 0, 29, 19, 26, 8, 43, 31, 30, 23, 3])
(71341, [32, 9, 16, 42, 6, 1, 26, 21, 44, 41, 24, 23, 3, 12, 2, 22])
(71342, [32, 34, 33, 9, 11, 26, 44, 31, 30, 4, 15, 2])
(71343, [32, 34, 33, 18, 9, 0, 11, 29, 16, 42, 17, 1, 19, 26, 8, 21, 44, 43, 38, 31, 30, 41, 24, 23, 4, 15, 3, 12, 40, 2, 5, 22])
(71344, [32, 34, 20, 18, 7, 1, 8, 38, 30, 24, 3, 12])
(71345, [32, 20, 0, 11, 42, 6, 19, 26, 44, 43, 31, 30, 41, 24, 23, 3, 12, 2, 13, 14])
(71346, [32, 35, 34, 33, 20, 18, 27, 9, 0, 11, 7, 29, 16, 42, 6, 28, 17, 1, 19, 26, 8, 21, 44, 43, 31, 30, 37, 39, 41, 24, 23, 4, 15, 3, 12, 40, 2, 13, 5, 14, 22])
(71347, [32, 1, 30, 41, 3])
(71348, [32, 33, 18, 9, 17, 1, 19, 44, 31, 23, 4, 15, 3, 12, 22])
(71349, [32, 34, 33, 20, 27, 9, 0, 11, 16, 1, 19, 43, 31, 37, 39, 23, 3, 12, 40, 2])
(71350, [32, 35, 34, 33, 20, 18, 27, 9, 0, 11, 7, 16, 42, 6, 28, 17, 1, 10, 19, 26, 8, 21, 44, 43, 38, 36, 31, 30, 37, 39, 41, 24, 23, 4, 15, 3, 12, 40, 2, 13, 5, 14, 22, 25])
(71351, [32, 43])
(71352, [32, 34, 0, 11, 1, 44, 43, 30, 4, 15, 3, 40, 2])
(71353, [32, 0, 19, 44, 23, 4, 40, 14])
(71354, [32, 35, 34, 18, 9, 0, 11, 16, 17, 1, 19, 8, 21, 44, 43, 36, 31, 37, 23, 2, 5, 22])
(71355, [32, 17, 2])
(71356, [32, 11, 16, 42, 6, 28, 17, 8, 43, 41, 23, 4, 3])
(71357, [32, 34, 33, 20, 9, 0, 7, 19, 26, 43, 36, 31, 41, 24, 23, 4, 15, 3, 12, 2])
(71358, [32, 35, 34, 33, 18, 9, 11, 7, 16, 6, 17, 1, 19, 26, 8, 21, 44, 43, 36, 31, 30, 37, 39, 24, 23, 4, 15, 3, 12, 40, 2, 13, 14, 22])
(71359, [32, 11, 1, 19, 21, 23, 15, 3, 22])
(71360, [32, 9, 4, 2])
(71361, [32, 33, 43, 30, 4, 15, 2, 14])
(71362, [32, 33, 18, 6, 26, 43, 31, 30, 24, 15, 14])
(71363, [32, 4, 14])
(71364, [32, 9, 0, 6, 26, 43, 30, 23, 4, 15, 12, 40, 2, 14])
(71365, [32, 34, 20, 18, 11, 17, 1, 19, 26, 43, 31, 30, 41, 24, 4, 15, 3, 12, 2, 13, 14])
(71366, [32, 35, 34, 33, 18, 27, 9, 0, 11, 7, 16, 6, 17, 1, 26, 44, 43, 31, 30, 41, 23, 4, 15, 3, 12, 40, 2, 13, 5, 14])
(71367, [32, 35, 33, 18, 9, 7, 16, 6, 17, 1, 19, 26, 8, 21, 44, 43, 38, 31, 30, 39, 41, 23, 4, 15, 3, 12, 40, 2, 13, 5, 22])
(71368, [32, 34, 20, 0, 11, 17, 1, 8, 21, 44, 43, 41, 23, 3, 12, 2])
(71369, [32, 34, 33, 18, 9, 0, 11, 6, 17, 26, 31, 30, 41, 23, 4, 12, 40, 2, 14])
(71370, [32, 35, 34, 33, 20, 27, 9, 0, 11, 7, 16, 42, 6, 28, 1, 10, 26, 21, 44, 38, 36, 31, 30, 37, 39, 41, 24, 4, 15, 3, 12, 40, 2, 13, 14])
(71371, [32, 34, 33, 20, 18, 9, 0, 11, 16, 42, 17, 1, 19, 26, 21, 44, 43, 36, 31, 30, 37, 41, 23, 4, 15, 3, 40, 2, 13, 14])
(71372, [32, 34, 33, 20, 9, 11, 16, 6, 28, 17, 1, 26, 21, 44, 43, 31, 30, 41, 23, 4, 15, 3, 12, 40, 2, 13, 14])
(71373, [32, 35, 34, 33, 20, 18, 9, 0, 11, 7, 29, 16, 42, 6, 28, 1, 10, 19, 26, 21, 44, 43, 38, 36, 31, 30, 37, 39, 41, 24, 23, 4, 15, 3, 12, 40, 2, 13, 5, 14])
(71374, [32, 34, 33, 20, 18, 9, 0, 11, 7, 16, 6, 17, 1, 10, 19, 8, 21, 44, 43, 38, 31, 41, 24, 23, 15, 3, 12, 2, 22])
(71375, [32, 31, 41])
(71376, [32, 19, 26, 44, 43, 31, 4, 2, 22])
(71377, [32, 34, 33, 20, 18, 9, 11, 42, 6, 1, 10, 44, 31, 30, 24, 23, 4, 15, 3, 2])
(71378, [32, 33, 16, 17, 43, 31, 41, 4, 2, 14])
(71379, [32, 35, 27, 9, 0, 6, 43, 30, 23, 4, 15, 3, 14])
(71380, [32, 18, 7, 3])
(71381, [32, 34, 33, 18, 16, 1, 8, 31, 30, 23, 3, 22])
(71382, [32, 1, 19, 3])
(71383, [32])
(71384, [32, 35, 18, 29, 1, 19, 8, 21, 43, 23, 4, 15, 3, 22])
(71385, [32, 18, 16, 8, 23, 3, 12])
(71386, [32, 34, 33, 20, 18, 9, 11, 16, 6, 28, 17, 1, 19, 26, 44, 38, 31, 30, 41, 24, 4, 3, 12, 40, 2, 13, 14, 22])
(71387, [32, 18])
(71388, [32, 35, 33, 20, 9, 0, 11, 16, 42, 6, 1, 43, 31, 15, 3, 12, 2, 5, 14])
(71389, [32, 4, 14])
(71390, [32])
(71391, [32, 35, 33, 18, 0, 11, 42, 6, 1, 19, 26, 21, 44, 43, 31, 23, 15, 3, 12, 2, 5, 22])
(71392, [32, 11, 17, 1, 19, 21, 44, 3, 12])
(71393, [32, 35, 31, 41])
(71394, [32, 34, 33, 6, 43, 36, 31, 24, 4, 2])
(71395, [32, 19, 2, 5])
(71396, [32, 9, 0, 16, 1, 23, 15, 3])
(71397, [32])
(71398, [32])
(71399, [32, 34, 33, 20, 9, 42, 1, 10, 26, 44, 43, 36, 30, 39, 41, 24, 3])
(71400, [32, 34, 33, 20, 27, 9, 0, 11, 7, 16, 1, 19, 8, 21, 44, 43, 31, 30, 41, 24, 4, 15, 3, 12, 2, 14, 22])
(71401, [32, 34, 33, 20, 18, 9, 11, 7, 16, 1, 19, 26, 21, 44, 31, 30, 39, 4, 15, 3, 12, 40, 2, 14])
(71402, [32, 35, 34, 18, 9, 0, 11, 16, 28, 1, 8, 44, 43, 31, 23, 3, 12, 5, 14, 22])
(71403, [32, 34, 33, 9, 0, 11, 16, 42, 6, 1, 26, 8, 31, 41, 23, 4, 15, 3, 12, 2, 5])
(71404, [32, 33, 18, 29, 42, 1, 19, 21, 44, 38, 31, 23, 4, 3, 22])
(71405, [32, 34, 20, 18, 42, 6, 19, 31, 23, 3, 12, 40, 2])
(71406, [32, 1, 41])
(71407, [32, 1])
(71408, [32, 35, 18, 9, 0, 6, 1, 19, 30, 41, 23, 4, 15, 3, 12, 2, 22])
(71409, [32, 19, 24, 4])
(71410, [32, 0, 6, 19, 44, 43, 30, 15, 12, 2])
(71411, [32, 35, 34, 33, 18, 0, 1, 19, 31, 24, 12])
(71412, [32, 35, 34, 33, 20, 18, 9, 0, 7, 16, 42, 6, 1, 19, 8, 43, 36, 31, 30, 37, 41, 23, 4, 15, 3, 12, 2, 5])
(71413, [32, 34, 18, 9, 6, 21, 44, 43, 3, 2])
(71414, [32, 35, 34, 20, 27, 9, 6, 10, 26, 8, 43, 31, 41, 24, 23, 4, 15, 3, 12, 2, 5, 14])
(71415, [32])
(71416, [32, 0, 42, 21])
(71417, [32, 33, 20, 9, 0, 11, 7, 16, 6, 1, 19, 26, 8, 44, 43, 31, 23, 4, 15, 3, 12, 40, 2, 22])
(71418, [32, 35, 11, 16, 1, 10, 31, 23, 15, 3, 12])
(71419, [32, 18, 0, 6, 23, 4, 2])
(71420, [35, 34, 33, 20, 18, 27, 9, 0, 11, 7, 29, 16, 42, 6, 28, 1, 10, 19, 26, 8, 21, 44, 43, 38, 36, 31, 30, 37, 39, 41, 24, 23, 4, 15, 3, 12, 40, 2, 13, 5, 14, 22, 25])
(71421, [35, 34, 33, 20, 18, 27, 9, 0, 11, 7, 29, 16, 42, 6, 28, 17, 1, 10, 19, 26, 8, 21, 44, 43, 38, 36, 31, 30, 37, 39, 41, 24, 23, 4, 3, 12, 40, 2, 13, 5, 14, 22, 25])
(71422, [35, 34, 33, 20, 18, 27, 9, 0, 11, 7, 29, 16, 42, 6, 28, 1, 10, 19, 26, 8, 21, 44, 43, 38, 36, 31, 30, 37, 39, 41, 24, 23, 4, 15, 3, 12, 40, 2, 13, 5, 14, 22, 25])
(71423, [35])
(71424, [35])
(71425, [35])
(71426, [35, 21])
(71427, [35])
(71428, [35, 43, 31, 23])
(71429, [35, 33, 18, 9, 0, 11, 16, 6, 17, 1, 21, 44, 43, 31, 30, 41, 23, 4, 15, 3, 2, 5])
(71430, [35, 18, 8, 43, 23])
(71431, [35])
(71432, [35, 34, 20, 18, 27, 9, 11, 42, 6, 17, 1, 43, 31, 39, 41, 23, 4, 15])
(71433, [35, 18, 19, 26, 44, 38, 31, 30, 23, 4, 2, 5, 22])
(71434, [35])
(71435, [35, 20, 18, 0, 11, 7, 16, 42, 6, 17, 1, 19, 26, 44, 43, 31, 30, 24, 23, 4, 15, 3, 12, 5])
(71436, [35])
(71437, [35, 34, 33, 20, 18, 27, 9, 0, 11, 7, 16, 6, 28, 17, 1, 19, 26, 8, 44, 43, 38, 36, 31, 30, 39, 41, 24, 4, 15, 3, 40, 2, 13, 14])
(71438, [35])
(71439, [35, 18, 11, 44, 23, 2])
(71440, [35])
(71441, [35, 18, 9, 11, 6, 28, 10, 19, 26, 8, 21, 44, 43, 36, 39, 24, 23, 4, 15, 12, 2, 13, 22])
(71442, [35, 20, 18, 11, 7, 16, 10, 26, 8, 44, 43, 30, 37, 41, 24, 3, 12, 2, 5, 25])
(71443, [35])
(71444, [35, 33, 18, 9, 11, 16, 28, 1, 10, 19, 26, 8, 21, 44, 43, 36, 24, 23, 4, 15, 3, 12, 2, 13, 5])
(71445, [35])
(71446, [35, 9, 1, 36, 39, 24, 3, 2])
(71447, [35])
(71448, [35])
(71449, [35])
(71450, [35])
(71451, [35])
(71452, [35, 34, 33, 18, 0, 7, 29, 1, 26, 8, 21, 44, 36, 31, 30, 37, 24, 23, 4, 15, 3, 12, 40, 13])
(71453, [35])
(71454, [35])
(71455, [35])
(71456, [35, 11, 28, 44, 37, 12])
(71457, [35, 18, 11, 19, 44, 43, 36, 23, 4, 13])
(71458, [35, 18, 44, 15, 12, 2])
(71459, [35, 34, 9, 11, 16, 42, 17, 1, 44, 43, 31, 37, 41, 4, 15, 3, 12, 40, 2, 13])
(71460, [35])
(71461, [35])
(71462, [35])
(71463, [35])
(71464, [35, 20, 18, 0, 6, 28, 43, 41, 23, 4, 15, 2, 5])
(71465, [35])
(71466, [34])
(71467, [34, 33, 18, 31, 30, 41, 3, 2])
(71468, [34, 20, 19, 43, 23, 3])
(71469, [34])
(71470, [34])
(71471, [34, 33, 20, 9, 0, 11, 7, 16, 28, 17, 1, 10, 26, 44, 43, 31, 41, 24, 15, 3, 12, 40, 2, 13])
(71472, [34, 33, 19, 31, 23])
(71473, [34, 33, 31, 30])
(71474, [34, 27, 2])
(71475, [34, 33, 9, 11, 1, 43, 31, 37, 24, 4, 3, 2, 13])
(71476, [34, 16, 6, 17, 1, 24, 3, 2])
(71477, [34, 18, 11, 7, 1, 26, 44, 4, 3, 12, 22])
(71478, [34, 9, 11, 1, 44, 3, 22])
(71479, [34])
(71480, [34, 0, 6, 26, 43, 4, 2, 14])
(71481, [34])
(71482, [34, 20, 18, 7, 42, 1, 19, 8, 44, 31, 30, 39, 24, 4, 3])
(71483, [34, 31, 22])
(71484, [34, 11, 7, 17, 26, 31, 41, 15, 40, 2, 13, 14])
(71485, [34])
(71486, [34])
(71487, [34])
(71488, [34])
(71489, [34, 0, 10, 41, 3, 40, 22])
(71490, [34])
(71491, [34])
(71492, [34, 22])
(71493, [34, 2])
(71494, [34, 33, 6, 1, 26, 23, 3, 12, 2])
(71495, [34, 0, 24, 12, 2, 14])
(71496, [34, 0, 11, 42, 1, 10, 37, 23, 2])
(71497, [34, 33, 9, 0, 11, 17, 1, 19, 26, 8, 43, 36, 31, 30, 24, 3, 12, 2])
(71498, [34, 9, 0, 16, 26, 43, 31, 41, 12, 2])
(71499, [34, 19, 26, 44])
(71500, [34, 9, 1, 43])
(71501, [34])
(71502, [34])
(71503, [34, 7, 1, 19, 44, 3, 12])
(71504, [34, 9, 0, 28, 17, 1, 31, 39, 24, 15, 3, 12, 2, 13])
(71505, [34, 33, 20, 0, 6, 26, 36, 3, 12, 2])
(71506, [34, 33, 20, 0, 11, 6, 28, 17, 19, 26, 44, 36, 31, 24, 4, 15, 12, 40, 2, 14, 25])
(71507, [34])
(71508, [34, 18, 0, 6, 17, 19, 21, 44, 36, 31, 30, 39, 41, 15, 12, 2, 22, 25])
(71509, [34])
(71510, [34])
(71511, [34])
(71512, [34, 6, 26, 43, 30, 23, 4])
(71513, [34, 26, 12])
(71514, [34])
(71515, [34, 20, 0, 7, 36, 24, 12, 2, 14])
(71516, [34, 20, 9, 0, 11, 6, 1, 43, 31, 30, 41, 2])
(71517, [33])
(71518, [33, 30])
(71519, [33])
(71520, [33])
(71521, [33, 2])
(71522, [33])
(71523, [33, 6, 14])
(71524, [33, 1, 19, 31, 3])
(71525, [33])
(71526, [33])
(71527, [33, 43, 4])
(71528, [33, 9, 0, 11, 17, 19, 26, 38, 4, 15, 12, 2])
(71529, [33, 0, 11, 1, 19, 43, 41, 4, 3, 12])
(71530, [33, 20, 18, 9, 0, 11, 7, 16, 17, 1, 26, 21, 44, 38, 24, 23, 4, 15, 3, 40, 22])
(71531, [33, 0, 11, 1, 31, 3, 12])
(71532, [33, 1, 44, 38, 3, 12])
(71533, [33, 26, 44, 24, 12, 40])
(71534, [33])
(71535, [33, 20, 18, 0, 16, 1, 4, 12, 25])
(71536, [33])
(71537, [33, 18, 9, 29, 1, 19, 44, 30, 3, 12, 2])
(71538, [33, 1])
(71539, [33])
(71540, [33])
(71541, [33, 18, 9, 0, 16, 17, 1, 44, 43, 31, 30, 4, 15, 12, 40, 2, 13])
(71542, [33, 30, 23])
(71543, [33, 9, 0, 19, 31, 15, 3])
(71544, [33])
(71545, [33, 29, 21])
(71546, [33, 9, 11, 16, 28, 17, 1, 19, 26, 44, 31, 41, 24, 15, 3, 40, 2, 13, 25])
(71547, [33, 18, 0, 11, 7, 1, 43, 31, 30, 3, 5])
(71548, [33, 1, 36, 41, 4, 40])
(71549, [33])
(71550, [33, 26])
(71551, [33])
(71552, [33, 20, 9, 0, 16, 43, 31, 30, 24, 4, 3, 2])
(71553, [33, 11, 16, 6, 1, 19, 21, 44, 43, 4, 3, 40, 2, 22])
(71554, [33])
(71555, [33, 19, 31, 30, 41, 12, 40])
(71556, [33])
(71557, [33, 20, 0, 11, 1, 19, 21, 44, 3])
(71558, [33, 1, 31, 3])
(71559, [33, 18, 0, 11, 1, 26, 21, 44, 31, 30, 37, 24, 23, 3, 12, 5])
(71560, [33, 9, 6])
(71561, [33])
(71562, [33, 3])
(71563, [33, 11, 6, 17, 19, 26, 8, 38, 4, 15, 2, 22])
(71564, [33])
(71565, [33, 20, 0, 1, 10, 26, 12])
(71566, [33, 26, 31, 22])
(71567, [33, 12])
(71568, [20, 0, 10, 36, 31, 24, 12, 2])
(71569, [20, 18, 11, 1, 19, 31, 3, 2])
(71570, [20, 18, 42, 8, 43, 31, 39, 24, 23, 15, 3, 2])
(71571, [20, 21])
(71572, [20])
(71573, [20])
(71574, [20, 0, 11, 44, 41, 12])
(71575, [20, 19, 26, 31, 12])
(71576, [20])
(71577, [20, 0, 15, 3])
(71578, [20, 9, 0, 11, 7, 6, 17, 1, 19, 44, 31, 4, 3, 12])
(71579, [20, 9, 0, 7, 6, 1, 31, 23, 3, 12, 2])
(71580, [20, 11, 1, 44, 4, 3, 12, 40, 2])
(71581, [20, 9, 16, 6, 17, 10, 19, 21, 31, 30, 24, 23, 15, 3, 2])
(71582, [20, 0, 11, 1, 19, 44, 31, 39, 4, 3, 12, 2])
(71583, [20, 2])
(71584, [20])
(71585, [20, 1, 21, 3, 2])
(71586, [20, 9, 0, 29, 16, 44, 39, 23, 15, 2])
(71587, [20, 9, 0, 7, 6, 17, 1, 43, 36, 31, 24, 4, 12, 2, 14])
(71588, [20, 0, 7, 44, 41, 3, 2])
(71589, [20, 9, 0, 7, 41, 12, 2, 13])
(71590, [20, 18, 6, 1, 44])
(71591, [20, 3])
(71592, [20])
(71593, [20])
(71594, [20])
(71595, [20, 19, 26, 24, 23])
(71596, [20])
(71597, [20, 1, 19, 3])
(71598, [20, 18, 0, 11, 7, 16, 6, 19, 44, 41, 4, 3, 12, 2, 13])
(71599, [20])
(71600, [20, 9, 0, 11, 1, 30, 39, 15, 3, 12, 40, 2, 14])
(71601, [20, 18, 0, 17, 31, 15, 3, 12, 2])
(71602, [20, 0])
(71603, [20, 0, 2])
(71604, [18, 0, 1, 8, 21])
(71605, [18])
(71606, [18])
(71607, [18])
(71608, [18])
(71609, [18, 17, 41, 2])
(71610, [18])
(71611, [18])
(71612, [18, 7, 42, 1, 3, 12, 22])
(71613, [18, 15])
(71614, [18, 43, 15])
(71615, [18])
(71616, [18, 0, 21, 30, 3, 12])
(71617, [18, 9, 7, 16, 10, 19, 8, 21, 44, 43, 38, 37, 41, 23, 4, 15, 12, 2, 13])
(71618, [18])
(71619, [18])
(71620, [18])
(71621, [18])
(71622, [18])
(71623, [18])
(71624, [18, 19])
(71625, [18])
(71626, [18, 0, 11, 1, 19, 26, 21, 43, 31, 12, 40, 2, 13])
(71627, [18, 6, 17, 26, 36, 41, 15, 2, 14])
(71628, [18, 15, 2])
(71629, [18, 19, 39])
(71630, [18, 27, 0, 6, 43, 40, 14])
(71631, [18, 23])
(71632, [18, 8, 12])
(71633, [18])
(71634, [18, 43])
(71635, [18])
(71636, [18])
(71637, [18, 1, 19, 26, 44, 31, 3, 14])
(71638, [18, 19, 43])
(71639, [18])
(71640, [18])
(71641, [18])
(71642, [18])
(71643, [18])
(71644, [18, 6, 26, 30, 40])
(71645, [18, 0])
(71646, [18])
(71647, [18, 12])
(71648, [18])
(71649, [18, 12])
(71650, [18])
(71651, [18])
(71652, [18])
(71653, [18])
(71654, [18])
(71655, [18])
(71656, [18])
(71657, [18])
(71658, [18])
(71659, [18])
(71660, [18, 11, 16, 44, 43, 3, 12, 2])
(71661, [18])
(71662, [18])
(71663, [18])
(71664, [18])
(71665, [18, 11, 16, 6, 28, 26, 8, 44, 24, 15, 3, 14])
(71666, [18, 9, 0, 11, 7, 6, 28, 17, 1, 19, 26, 44, 43, 36, 30, 41, 4, 15, 3, 2])
(71667, [18, 26])
(71668, [18, 19, 39])
(71669, [18, 7, 17, 3])
(71670, [18])
(71671, [18])
(71672, [18])
(71673, [18])
(71674, [18])
(71675, [18])
(71676, [18])
(71677, [18])
(71678, [18])
(71679, [18])
(71680, [18, 27, 0, 16, 6, 44, 23, 4, 13, 14])
(71681, [18])
(71682, [18])
(71683, [18, 27, 6])
(71684, [18, 31, 41])
(71685, [18])
(71686, [18])
(71687, [18])
(71688, [18])
(71689, [18, 6, 43, 2])
(71690, [18, 19, 23])
(71691, [18])
(71692, [18])
(71693, [18, 0, 11, 1, 19, 21, 3, 14])
(71694, [18])
(71695, [18])
(71696, [27])
(71697, [27, 9, 1, 26, 8, 39, 23, 4, 3, 12, 5, 22])
(71698, [27])
(71699, [27, 43, 23])
(71700, [27, 9, 11, 7, 16, 1, 26, 44, 41, 4, 15, 12, 2, 14])
(71701, [27])
(71702, [27])
(71703, [27])
(71704, [27])
(71705, [27])
(71706, [9, 1])
(71707, [9, 19, 31, 23, 12, 5])
(71708, [9])
(71709, [9, 28, 4, 3, 12, 2])
(71710, [9, 37])
(71711, [9, 11, 41, 24, 15])
(71712, [9])
(71713, [9, 0, 42, 1, 4, 3, 2, 22])
(71714, [9])
(71715, [9])
(71716, [9])
(71717, [9])
(71718, [9, 11, 6, 44, 43, 38, 30, 4, 3, 12, 2])
(71719, [9, 0, 17, 10, 26, 43, 36, 41, 23, 4, 2, 14])
(71720, [9])
(71721, [9])
(71722, [9, 10, 43])
(71723, [9])
(71724, [9, 2])
(71725, [9])
(71726, [9, 19, 2])
(71727, [9, 0, 43])
(71728, [9])
(71729, [9, 0, 1, 43, 31, 15])
(71730, [9, 26, 43, 41, 23, 15, 2, 13])
(71731, [9])
(71732, [9])
(71733, [9, 0, 16, 1, 22])
(71734, [9])
(71735, [9, 24, 4, 2])
(71736, [9])
(71737, [9])
(71738, [9])
(71739, [9])
(71740, [9, 24])
(71741, [9])
(71742, [9])
(71743, [9])
(71744, [9, 11, 19])
(71745, [9])
(71746, [9])
(71747, [9])
(71748, [9, 0, 10, 12])
(71749, [9, 0])
(71750, [9, 2, 13])
(71751, [9])
(71752, [9, 11, 17, 26, 44, 43, 36, 3, 40, 2, 14])
(71753, [9])
(71754, [9])
(71755, [9, 19, 43, 31, 15, 13])
(71756, [9])
(71757, [9])
(71758, [9, 0, 11, 16, 42, 6, 1, 19, 26, 21, 43, 37, 4, 15, 3])
(71759, [9, 0, 7, 16, 42, 1, 26, 44, 4, 15, 3, 2, 14])
(71760, [9, 0, 8, 12])
(71761, [0])
(71762, [0])
(71763, [0])
(71764, [0])
(71765, [0])
(71766, [0])
(71767, [0])
(71768, [0, 2])
(71769, [0, 24, 4])
(71770, [0])
(71771, [0])
(71772, [0, 7, 17, 1, 44, 3])
(71773, [0])
(71774, [0])
(71775, [0])
(71776, [0])
(71777, [0])
(71778, [0])
(71779, [0])
(71780, [0])
(71781, [0])
(71782, [0])
(71783, [0])
(71784, [0])
(71785, [0])
(71786, [0])
(71787, [0])
(71788, [0])
(71789, [0, 11, 12])
(71790, [0])
(71791, [0])
(71792, [0])
(71793, [0])
(71794, [0])
(71795, [0])
(71796, [0])
(71797, [0])
(71798, [0])
(71799, [0])
(71800, [0])
(71801, [0])
(71802, [0])
(71803, [0, 42, 17, 30, 37, 3, 12, 2])
(71804, [0])
(71805, [0])
(71806, [0])
(71807, [0])
(71808, [0, 26])
(71809, [0, 1, 21, 40, 2])
(71810, [0, 11, 12])
(71811, [0])
(71812, [0])
(71813, [0])
(71814, [0])
(71815, [0, 19, 12])
(71816, [0])
(71817, [0])
(71818, [0])
(71819, [0])
(71820, [0])
(71821, [0])
(71822, [0])
(71823, [0])
(71824, [0])
(71825, [0])
(71826, [0, 26])
(71827, [0])
(71828, [0])
(71829, [0])
(71830, [0])
(71831, [0])
(71832, [0, 42, 1, 19, 4, 15, 3])
(71833, [0])
(71834, [0])
(71835, [0])
(71836, [0])
(71837, [0, 11, 16, 1, 44, 43, 41, 23, 15, 3, 12, 2])
(71838, [0])
(71839, [0])
(71840, [0])
(71841, [0])
(71842, [0])
(71843, [0])
(71844, [0])
(71845, [0])
(71846, [0])
(71847, [0])
(71848, [0])
(71849, [0, 6, 24, 15])
(71850, [0])
(71851, [0, 12])
(71852, [0])
(71853, [0, 12])
(71854, [0])
(71855, [0])
(71856, [0])
(71857, [0, 12])
(71858, [0])
(71859, [0])
(71860, [0])
(71861, [0])
(71862, [0])
(71863, [0])
(71864, [0])
(71865, [0])
(71866, [0])
(71867, [0])
(71868, [0])
(71869, [0, 12])
(71870, [0])
(71871, [0, 21])
(71872, [0])
(71873, [0])
(71874, [0])
(71875, [0])
(71876, [0])
(71877, [0])
(71878, [0])
(71879, [0])
(71880, [0])
(71881, [0])
(71882, [0])
(71883, [0])
(71884, [0])
(71885, [0])
(71886, [0])
(71887, [0])
(71888, [0])
(71889, [0, 11, 7, 1, 26, 21, 36, 31, 41, 4, 15, 3, 12, 13, 22])
(71890, [0])
(71891, [0])
(71892, [0, 44])
(71893, [0])
(71894, [0])
(71895, [0, 3])
(71896, [0])
(71897, [0])
(71898, [0])
(71899, [0])
(71900, [0])
(71901, [0])
(71902, [0])
(71903, [0])
(71904, [0, 16, 19, 31, 30, 41, 12, 2, 5])
(71905, [0])
(71906, [0])
(71907, [0])
(71908, [0])
(71909, [0])
(71910, [0])
(71911, [0])
(71912, [0])
(71913, [0, 28, 43, 13])
(71914, [0])
(71915, [0])
(71916, [0, 6])
(71917, [0])
(71918, [0, 1])
(71919, [0])
(71920, [0])
(71921, [0])
(71922, [0])
(71923, [0])
(71924, [0])
(71925, [0])
(71926, [0])
(71927, [0])
(71928, [0, 11, 7, 26, 2])
(71929, [0])
(71930, [0])
(71931, [0, 12])
(71932, [0])
(71933, [0, 12])
(71934, [0])
(71935, [0])
(71936, [0, 3])
(71937, [0])
(71938, [0])
(71939, [0])
(71940, [0])
(71941, [0, 1, 3])
(71942, [0])
(71943, [0])
(71944, [0])
(71945, [0])
(71946, [0])
(71947, [0])
(71948, [0])
(71949, [0])
(71950, [0])
(71951, [0, 1, 19])
(71952, [0])
(71953, [0])
(71954, [0, 11, 1, 44, 3])
(71955, [0])
(71956, [0])
(71957, [0])
(71958, [0])
(71959, [0])
(71960, [0])
(71961, [0])
(71962, [0])
(71963, [0])
(71964, [0])
(71965, [0])
(71966, [0])
(71967, [0])
(71968, [0, 19, 21, 4, 3, 12])
(71969, [0])
(71970, [0])
(71971, [0])
(71972, [0])
(71973, [0])
(71974, [0])
(71975, [0])
(71976, [0])
(71977, [0])
(71978, [0, 19])
(71979, [0])
(71980, [0])
(71981, [0])
(71982, [0])
(71983, [0])
(71984, [0])
(71985, [0])
(71986, [0])
(71987, [0])
(71988, [0, 12])
(71989, [0])
(71990, [0, 12])
(71991, [0])
(71992, [0])
(71993, [0, 39, 23, 3, 14])
(71994, [0])
(71995, [0])
(71996, [0])
(71997, [0])
(71998, [0])
(71999, [0])
(72000, [0])
(72001, [0])
(72002, [0])
(72003, [0, 41])
(72004, [0])
(72005, [0])
(72006, [11])
(72007, [11])
(72008, [11, 1, 44, 3])
(72009, [11, 30])
(72010, [11, 19, 15, 40, 2])
(72011, [11])
(72012, [11])
(72013, [11, 26, 24, 2])
(72014, [11, 3])
(72015, [11, 7, 17, 1, 19, 26, 44, 43, 30, 24, 3, 12, 40, 2, 14, 22])
(72016, [11])
(72017, [11])
(72018, [11])
(72019, [11])
(72020, [11])
(72021, [11])
(72022, [11])
(72023, [11, 17, 1])
(72024, [11])
(72025, [11, 16, 42, 26, 44, 43, 38, 30, 41, 23, 4, 15, 3, 12, 2])
(72026, [11, 44, 43, 41, 24, 3])
(72027, [11])
(72028, [11, 19, 15, 22])
(72029, [11])
(72030, [11, 12, 22])
(72031, [11])
(72032, [11])
(72033, [11, 17, 26, 43, 41, 24, 40, 2, 13])
(72034, [11, 41])
(72035, [11, 2])
(72036, [11, 29])
(72037, [7])
(72038, [7])
(72039, [7])
(72040, [7])
(72041, [7])
(72042, [7, 3])
(72043, [7])
(72044, [7, 12])
(72045, [7])
(72046, [7, 2, 13])
(72047, [7])
(72048, [7])
(72049, [29])
(72050, [29])
(72051, [29, 19])
(72052, [16])
(72053, [16])
(72054, [16, 23])
(72055, [16])
(72056, [16, 1, 19, 21, 44, 23, 15, 3, 40, 2])
(72057, [16])
(72058, [16, 1])
(72059, [16])
(72060, [16, 6, 17, 19, 44, 30, 24, 3, 12, 2])
(72061, [16])
(72062, [16])
(72063, [16])
(72064, [16])
(72065, [16, 2])
(72066, [16])
(72067, [16, 41])
(72068, [16])
(72069, [16, 12])
(72070, [16])
(72071, [16, 12])
(72072, [16, 19, 40])
(72073, [42])
(72074, [42])
(72075, [6, 1])
(72076, [6])
(72077, [6])
(72078, [6])
(72079, [6, 31, 30])
(72080, [6])
(72081, [6, 12])
(72082, [6, 43, 41])
(72083, [6])
(72084, [6])
(72085, [6, 4, 15])
(72086, [6])
(72087, [6, 10])
(72088, [6, 3, 2])
(72089, [6])
(72090, [28])
(72091, [28, 1, 19, 37, 24, 3, 40])
(72092, [28, 17, 19])
(72093, [28])
(72094, [28])
(72095, [28, 24, 23])
(72096, [17, 19, 24, 3, 40, 2])
(72097, [17])
(72098, [17, 26, 43, 12, 40, 2])
(72099, [17, 30, 23])
(72100, [17, 1, 24, 2])
(72101, [17])
(72102, [17, 30, 2])
(72103, [17, 19, 44, 41])
(72104, [17, 1, 19, 3])
(72105, [17, 2])
(72106, [17])
(72107, [17])
(72108, [17])
(72109, [17, 26])
(72110, [17, 26, 43, 41, 24, 15, 12, 2, 13, 14])
(72111, [17])
(72112, [17])
(72113, [17, 26, 44, 43, 37, 4, 15, 12, 22])
(72114, [17])
(72115, [17])
(72116, [17, 31, 14])
(72117, [1])
(72118, [1, 3])
(72119, [1])
(72120, [1, 19, 21, 23, 4, 3])
(72121, [1])
(72122, [1])
(72123, [1])
(72124, [1, 21, 44, 3, 22])
(72125, [1])
(72126, [1, 44])
(72127, [1, 3])
(72128, [1])
(72129, [1])
(72130, [1])
(72131, [1, 44, 41, 3])
(72132, [1])
(72133, [1])
(72134, [1])
(72135, [1])
(72136, [1])
(72137, [1])
(72138, [1])
(72139, [1, 21, 3])
(72140, [1])
(72141, [1, 41, 23, 3, 2])
(72142, [1])
(72143, [1, 44])
(72144, [1, 2])
(72145, [1, 3, 22])
(72146, [1])
(72147, [1])
(72148, [1, 44, 40])
(72149, [1, 2])
(72150, [1])
(72151, [1, 44, 22])
(72152, [1, 12])
(72153, [1])
(72154, [1])
(72155, [1])
(72156, [1])
(72157, [1])
(72158, [1, 12])
(72159, [1, 3])
(72160, [10])
(72161, [10, 24])
(72162, [10])
(72163, [10])
(72164, [10])
(72165, [19, 43])
(72166, [19])
(72167, [19])
(72168, [19])
(72169, [19, 3, 12])
(72170, [19])
(72171, [19, 21, 30, 23, 12])
(72172, [19])
(72173, [19])
(72174, [19, 3])
(72175, [19, 44])
(72176, [19])
(72177, [19, 22])
(72178, [19])
(72179, [19, 30, 3])
(72180, [19, 26, 21])
(72181, [19, 21, 3])
(72182, [19, 26, 21, 24, 12])
(72183, [19])
(72184, [19])
(72185, [19])
(72186, [19])
(72187, [19])
(72188, [19, 26])
(72189, [26])
(72190, [26, 43, 41, 2, 25])
(72191, [26])
(72192, [26])
(72193, [26])
(72194, [26, 3])
(72195, [26])
(72196, [26])
(72197, [26])
(72198, [26, 41])
(72199, [26, 31])
(72200, [26])
(72201, [26])
(72202, [26, 21])
(72203, [26])
(72204, [26])
(72205, [26])
(72206, [26])
(72207, [26])
(72208, [26, 12])
(72209, [26])
(72210, [26])
(72211, [26])
(72212, [8, 43, 23, 15])
(72213, [8])
(72214, [8])
(72215, [8])
(72216, [8])
(72217, [8])
(72218, [8])
(72219, [8])
(72220, [8])
(72221, [8, 31, 30, 13])
(72222, [8, 36, 3, 12])
(72223, [8])
(72224, [8, 3, 12])
(72225, [8, 23])
(72226, [8])
(72227, [8])
(72228, [8, 23, 5])
(72229, [8])
(72230, [8])
(72231, [8])
(72232, [8, 5])
(72233, [21])
(72234, [21, 4, 14])
(72235, [21])
(72236, [21])
(72237, [21, 37, 15])
(72238, [21, 31, 22])
(72239, [21])
(72240, [21, 24])
(72241, [21, 3])
(72242, [21])
(72243, [21])
(72244, [21])
(72245, [21])
(72246, [21])
(72247, [21, 43, 24])
(72248, [21])
(72249, [21])
(72250, [21, 23])
(72251, [21])
(72252, [21])
(72253, [21])
(72254, [21])
(72255, [21])
(72256, [21])
(72257, [21])
(72258, [21, 3])
(72259, [21])
(72260, [21])
(72261, [21, 3])
(72262, [21])
(72263, [21])
(72264, [21])
(72265, [21])
(72266, [21])
(72267, [21])
(72268, [21])
(72269, [21, 3])
(72270, [21])
(72271, [21, 41])
(72272, [21])
(72273, [21])
(72274, [21])
(72275, [21])
(72276, [44])
(72277, [44])
(72278, [44])
(72279, [44])
(72280, [44])
(72281, [44])
(72282, [44, 4])
(72283, [44])
(72284, [44])
(72285, [44])
(72286, [44])
(72287, [44])
(72288, [44])
(72289, [44, 39, 15])
(72290, [44])
(72291, [44, 3])
(72292, [44])
(72293, [44])
(72294, [44])
(72295, [44])
(72296, [44])
(72297, [44])
(72298, [44])
(72299, [44])
(72300, [43, 24, 23, 15])
(72301, [43])
(72302, [43, 39, 2, 13])
(72303, [43])
(72304, [43])
(72305, [43])
(72306, [43])
(72307, [43])
(72308, [43])
(72309, [43])
(72310, [43])
(72311, [43])
(72312, [43])
(72313, [43])
(72314, [43, 2])
(72315, [43])
(72316, [43])
(72317, [43])
(72318, [43])
(72319, [38])
(72320, [38])
(72321, [36])
(72322, [36])
(72323, [36, 14])
(72324, [36, 2, 14])
(72325, [36])
(72326, [36])
(72327, [36])
(72328, [36])
(72329, [36])
(72330, [36])
(72331, [36])
(72332, [36, 23])
(72333, [36])
(72334, [36])
(72335, [36])
(72336, [36])
(72337, [36])
(72338, [36])
(72339, [36])
(72340, [36])
(72341, [36])
(72342, [36, 2])
(72343, [36, 23, 12])
(72344, [36])
(72345, [36])
(72346, [36, 40])
(72347, [36])
(72348, [36])
(72349, [36])
(72350, [36])
(72351, [36])
(72352, [36])
(72353, [36])
(72354, [31, 12])
(72355, [31])
(72356, [31])
(72357, [31])
(72358, [31, 12])
(72359, [31])
(72360, [31])
(72361, [31])
(72362, [31])
(72363, [31, 22])
(72364, [31])
(72365, [31])
(72366, [31])
(72367, [31])
(72368, [31])
(72369, [31])
(72370, [30])
(72371, [30, 22])
(72372, [30])
(72373, [30, 3, 12, 40])
(72374, [30])
(72375, [30])
(72376, [30, 41])
(72377, [30])
(72378, [37])
(72379, [37])
(72380, [37])
(72381, [37])
(72382, [39])
(72383, [39])
(72384, [39])
(72385, [39])
(72386, [39])
(72387, [39])
(72388, [39, 4, 14])
(72389, [39])
(72390, [39])
(72391, [39])
(72392, [39])
(72393, [39, 3])
(72394, [39])
(72395, [41])
(72396, [41])
(72397, [41])
(72398, [41])
(72399, [41])
(72400, [41])
(72401, [41])
(72402, [41])
(72403, [41, 4])
(72404, [41])
(72405, [41])
(72406, [41])
(72407, [41])
(72408, [41])
(72409, [41])
(72410, [41])
(72411, [41])
(72412, [41])
(72413, [41])
(72414, [41])
(72415, [24])
(72416, [23])
(72417, [23])
(72418, [23])
(72419, [23])
(72420, [23])
(72421, [23])
(72422, [23])
(72423, [23, 40])
(72424, [23])
(72425, [23])
(72426, [23])
(72427, [23])
(72428, [23])
(72429, [23])
(72430, [23])
(72431, [23])
(72432, [23])
(72433, [23])
(72434, [23])
(72435, [23])
(72436, [23])
(72437, [23])
(72438, [23])
(72439, [23])
(72440, [23])
(72441, [23])
(72442, [23])
(72443, [23])
(72444, [23])
(72445, [23])
(72446, [23])
(72447, [23])
(72448, [23])
(72449, [23])
(72450, [23])
(72451, [23])
(72452, [23])
(72453, [23])
(72454, [23])
(72455, [23])
(72456, [23])
(72457, [23])
(72458, [23])
(72459, [23])
(72460, [23])
(72461, [23])
(72462, [23])
(72463, [4, 14])
(72464, [4, 14])
(72465, [4])
(72466, [4])
(72467, [4])
(72468, [4, 40])
(72469, [4])
(72470, [4])
(72471, [4])
(72472, [4])
(72473, [4])
(72474, [4])
(72475, [4, 14])
(72476, [4])
(72477, [4])
(72478, [4])
(72479, [4])
(72480, [4])
(72481, [4, 14])
(72482, [4])
(72483, [4])
(72484, [4])
(72485, [4])
(72486, [4])
(72487, [4])
(72488, [15])
(72489, [15])
(72490, [15])
(72491, [15])
(72492, [15])
(72493, [15])
(72494, [15])
(72495, [15])
(72496, [15])
(72497, [3])
(72498, [3])
(72499, [3])
(72500, [3])
(72501, [3])
(72502, [3])
(72503, [3])
(72504, [3])
(72505, [3])
(72506, [3])
(72507, [3])
(72508, [3])
(72509, [3])
(72510, [3])
(72511, [3])
(72512, [3])
(72513, [3])
(72514, [3])
(72515, [3])
(72516, [3])
(72517, [3])
(72518, [3])
(72519, [3])
(72520, [3])
(72521, [3])
(72522, [3])
(72523, [3, 12])
(72524, [3])
(72525, [3, 12])
(72526, [3])
(72527, [3])
(72528, [3])
(72529, [3])
(72530, [3])
(72531, [3])
(72532, [3])
(72533, [3])
(72534, [3])
(72535, [3])
(72536, [12])
(72537, [12, 2])
(72538, [12])
(72539, [12])
(72540, [12])
(72541, [12])
(72542, [12])
(72543, [12])
(72544, [12])
(72545, [12])
(72546, [12])
(72547, [12])
(72548, [12])
(72549, [12])
(72550, [12])
(72551, [12])
(72552, [12])
(72553, [12])
(72554, [12])
(72555, [12])
(72556, [12])
(72557, [12])
(72558, [12])
(72559, [12])
(72560, [12])
(72561, [12])
(72562, [12])
(72563, [12])
(72564, [12])
(72565, [12])
(72566, [12])
(72567, [12])
(72568, [12])
(72569, [12])
(72570, [12])
(72571, [12])
(72572, [12])
(72573, [12])
(72574, [12])
(72575, [12])
(72576, [12])
(72577, [12])
(72578, [12])
(72579, [12])
(72580, [12])
(72581, [12])
(72582, [12])
(72583, [12])
(72584, [12])
(72585, [12])
(72586, [12])
(72587, [12])
(72588, [12])
(72589, [12])
(72590, [12])
(72591, [12])
(72592, [12])
(72593, [12])
(72594, [12])
(72595, [12])
(72596, [12])
(72597, [12])
(72598, [12, 22])
(72599, [12])
(72600, [12])
(72601, [12])
(72602, [12])
(72603, [12])
(72604, [40])
(72605, [40])
(72606, [40])
(72607, [40, 5])
(72608, [40])
(72609, [40])
(72610, [2])
(72611, [2])
(72612, [2])
(72613, [2])
(72614, [2])
(72615, [2])
(72616, [2])
(72617, [2])
(72618, [2])
(72619, [2])
(72620, [2])
(72621, [2])
(72622, [2])
(72623, [2])
(72624, [2])
(72625, [2])
(72626, [2])
(72627, [2])
(72628, [2])
(72629, [2])
(72630, [2])
(72631, [2])
(72632, [2])
(72633, [2])
(72634, [2])
(72635, [2])
(72636, [2])
(72637, [2])
(72638, [2])
(72639, [2])
(72640, [2])
(72641, [2])
(72642, [2])
(72643, [2])
(72644, [2])
(72645, [2])
(72646, [2])
(72647, [2])
(72648, [2])
(72649, [2])
(72650, [2])
(72651, [2])
(72652, [2])
(72653, [2])
(72654, [2])
(72655, [2])
(72656, [2])
(72657, [2])
(72658, [2])
(72659, [2])
(72660, [2])
(72661, [2])
(72662, [2])
(72663, [2])
(72664, [2])
(72665, [2])
(72666, [2])
(72667, [2])
(72668, [2])
(72669, [2])
(72670, [2])
(72671, [2])
(72672, [2])
(72673, [2])
(72674, [2])
(72675, [2])
(72676, [2])
(72677, [2])
(72678, [2])
(72679, [2])
(72680, [2])
(72681, [2])
(72682, [2])
(72683, [2])
(72684, [2])
(72685, [2])
(72686, [2, 14])
(72687, [2])
(72688, [2])
(72689, [2])
(72690, [2])
(72691, [2])
(72692, [2])
(72693, [2])
(72694, [2])
(72695, [5])
(72696, [5])
(72697, [5])
(72698, [5])
(72699, [5])
(72700, [5])
(72701, [5])
(72702, [5])
(72703, [14])
(72704, [14])
(72705, [14])
(72706, [14])
(72707, [14])
(72708, [14])
(72709, [14])
(72710, [14])
(72711, [14])
(72712, [14])
(72713, [14])
(72714, [14])
(72715, [14])
(72716, [14])
(72717, [14])
(72718, [14])
(72719, [14])
(72720, [14])
(72721, [14])
(72722, [14])
(72723, [14])
(72724, [14])
(72725, [14])
(72726, [14])
(72727, [14])
(72728, [14])
(72729, [22])
(72730, [22])
(72731, [22])
(72732, [22])
(72733, [22])
(72734, [22])
(72735, [22])
(72736, [22])
(72737, [22])
(72738, [22])
