(43875, [32, 35, 34, 33, 20, 18, 27, 9, 0, 11, 7, 29, 16, 42, 6, 28, 17, 1, 10, 19, 26, 8, 21, 44, 43, 38, 36, 31, 30, 37, 39, 41, 24, 23, 4, 15, 3, 12, 40, 2, 13, 5, 14, 22, 25])
(43876, [32, 35, 34, 33, 20, 18, 27, 9, 0, 11, 7, 29, 16, 42, 6, 28, 17, 1, 10, 19, 26, 8, 21, 44, 43, 38, 36, 31, 30, 37, 39, 41, 24, 23, 4, 15, 3, 12, 40, 2, 13, 5, 14, 22, 25])
(43877, [32, 11, 29, 17, 1, 8, 44, 5])
(43878, [32, 35, 34, 33, 20, 27, 9, 0, 11, 7, 16, 42, 6, 28, 1, 10, 19, 26, 8, 21, 44, 43, 38, 36, 31, 30, 37, 39, 41, 24, 23, 4, 3, 12, 40, 2, 13, 5, 14, 22, 25])
(43879, [32, 35, 34, 33, 20, 18, 27, 9, 0, 11, 7, 29, 16, 42, 6, 28, 1, 10, 19, 26, 8, 21, 44, 43, 38, 36, 31, 30, 37, 39, 41, 24, 23, 4, 15, 3, 12, 40, 2, 13, 5, 14, 22, 25])
(43880, [32, 35, 34, 33, 20, 18, 27, 9, 0, 11, 7, 29, 16, 42, 6, 28, 17, 1, 10, 19, 26, 8, 21, 44, 43, 38, 36, 31, 30, 37, 39, 41, 24, 23, 4, 15, 3, 12, 40, 2, 13, 5, 14, 22, 25])
(43881, [32, 35, 34, 33, 20, 18, 27, 9, 0, 11, 7, 29, 16, 42, 6, 28, 17, 1, 10, 19, 26, 8, 21, 44, 43, 38, 36, 31, 30, 37, 39, 41, 24, 23, 4, 15, 3, 12, 40, 2, 13, 5, 14, 22, 25])
(43882, [32, 35, 34, 33, 20, 18, 27, 9, 0, 11, 7, 29, 16, 42, 6, 28, 17, 1, 10, 19, 26, 8, 21, 44, 43, 38, 36, 31, 30, 37, 39, 41, 24, 23, 4, 15, 3, 12, 40, 2, 13, 5, 14, 22, 25])
(43883, [32, 35, 34, 33, 20, 18, 27, 9, 0, 11, 7, 29, 16, 42, 6, 28, 17, 1, 10, 19, 26, 8, 21, 44, 43, 38, 36, 31, 30, 37, 39, 41, 24, 23, 4, 15, 3, 12, 40, 2, 13, 5, 14, 22, 25])
(43884, [32, 34, 18, 9, 11, 29, 6, 1, 10, 19, 26, 21, 44, 43, 38, 31, 37, 39, 41, 23, 15, 3, 12, 2, 22])
(43885, [32, 35, 34, 33, 9, 0, 11, 7, 16, 42, 6, 17, 1, 19, 26, 21, 44, 43, 31, 30, 39, 41, 24, 23, 4, 15, 3, 12, 40, 2, 13, 14, 22])
(43886, [32, 34, 33, 20, 6, 1, 26, 43, 31, 30, 41, 24, 2])
(43887, [32, 34, 33, 20, 18, 9, 0, 11, 16, 6, 17, 1, 10, 19, 26, 44, 43, 36, 31, 30, 41, 24, 23, 4, 15, 12, 40, 2, 13, 14])
(43888, [32, 1, 3])
(43889, [32, 35, 34, 33, 20, 18, 27, 9, 0, 11, 7, 16, 28, 1, 26, 8, 21, 44, 31, 30, 41, 24, 23, 4, 15, 3, 12, 2, 5, 22])
(43890, [32, 33, 20, 9, 0, 11, 6, 17, 26, 43, 31, 30, 41, 24, 4, 15, 3, 12, 40, 2, 13, 5, 14, 25])
(43891, [32, 42, 41, 13])
(43892, [32, 27, 17, 19, 43, 31, 30, 12, 2])
(43893, [32, 35, 34, 18, 27, 9, 11, 7, 16, 42, 6, 28, 17, 1, 10, 19, 26, 8, 21, 44, 43, 36, 31, 30, 41, 24, 23, 4, 15, 3, 12, 40, 2, 13, 22, 25])
(43894, [32, 35, 34, 33, 18, 27, 7, 6, 1, 19, 21, 44, 31, 30, 23, 15, 3, 2])
(43895, [32, 35, 33, 18, 27, 9, 16, 28, 1, 19, 26, 8, 44, 43, 38, 41, 24, 23, 4, 15, 3, 12, 2, 14])
(43896, [32, 33, 20, 17, 31, 30])
(43897, [32, 34, 33, 20, 27, 9, 0, 11, 7, 6, 1, 44, 43, 31, 30, 37, 23, 4, 15, 3, 12, 40, 2, 5, 14, 22])
(43898, [32, 34, 33, 18, 9, 11, 1, 44, 31, 15, 3, 40, 2, 13])
(43899, [32, 35, 34, 33, 20, 18, 9, 0, 11, 16, 6, 28, 17, 1, 19, 26, 8, 21, 44, 43, 31, 30, 41, 24, 23, 4, 15, 3, 12, 40, 2, 5, 22])
(43900, [32, 34, 33, 20, 9, 0, 7, 16, 1, 10, 19, 8, 21, 44, 31, 37, 41, 15, 3, 14])
(43901, [32, 35, 34, 33, 20, 18, 27, 9, 11, 7, 29, 16, 42, 6, 28, 17, 1, 10, 19, 26, 8, 21, 44, 43, 38, 36, 31, 30, 37, 39, 41, 24, 23, 4, 15, 3, 12, 40, 2, 13, 5, 14, 22, 25])
(43902, [32, 33, 0, 6, 1, 26, 21, 31, 30, 41, 23, 15, 13, 22])
(43903, [32, 9, 6, 17, 10, 44, 36, 31, 30, 41, 23, 15, 3, 12, 40, 2])
(43904, [32, 34, 18, 9, 11, 7, 29, 16, 1, 19, 26, 21, 44, 43, 31, 30, 41, 24, 23, 4, 15, 3, 40, 2, 13])
(43905, [32, 34, 33, 18, 11, 7, 42, 6, 17, 1, 44, 43, 30, 23, 4, 15, 3, 12, 2])
(43906, [32, 35, 18, 6, 30])
(43907, [32, 34, 33, 20, 9, 7, 17, 19, 44, 31, 30, 4, 15, 3, 12, 2, 13, 14])
(43908, [32, 35, 33, 18, 9, 0, 11, 16, 42, 6, 28, 1, 26, 8, 21, 43, 38, 36, 31, 41, 4, 15, 3, 12, 2, 13, 14])
(43909, [32, 35, 9, 11, 16, 42, 6, 1, 8, 21, 44, 30, 39, 41, 23, 4, 15, 3, 12, 2, 22])
(43910, [32, 18, 17, 44, 15, 2])
(43911, [32, 0, 1, 19, 21, 44, 4, 3, 40])
(43912, [32, 35, 34, 20, 18, 27, 6, 1, 19, 26, 21, 43, 31, 30, 41, 15, 3, 12, 40, 2])
(43913, [32, 33, 18, 27, 7, 6, 17, 19, 26, 44, 43, 36, 30, 41, 23, 4, 15, 3, 40, 2, 14])
(43914, [32])
(43915, [32, 35, 34, 33, 20, 18, 27, 9, 16, 42, 17, 1, 10, 19, 26, 44, 43, 31, 30, 41, 24, 23, 4, 15, 3, 12, 2, 13, 14, 22])
(43916, [32, 35, 34, 18, 9, 0, 11, 7, 29, 16, 42, 6, 17, 1, 19, 8, 21, 44, 43, 38, 30, 41, 24, 23, 15, 3, 12, 40, 2, 14, 22])
(43917, [32, 34, 33, 9, 0, 7, 42, 6, 17, 19, 26, 44, 43, 38, 30, 41, 23, 4, 15, 3, 12, 40, 2, 13])
(43918, [32, 35, 34, 33, 20, 18, 27, 9, 0, 11, 7, 42, 6, 28, 17, 1, 19, 26, 8, 21, 44, 43, 38, 36, 31, 30, 37, 39, 41, 24, 23, 4, 15, 3, 12, 40, 2, 13, 5, 14, 22, 25])
(43919, [32, 33, 9, 11, 7, 17, 1, 19, 26, 21, 44, 43, 31, 41, 15, 3, 22])
(43920, [32, 35, 34, 33, 18, 9, 0, 11, 16, 6, 17, 26, 44, 43, 31, 30, 41, 4, 3, 12, 2, 14])
(43921, [32, 35, 34, 33, 20, 18, 27, 9, 0, 11, 7, 16, 42, 6, 28, 17, 1, 10, 19, 26, 21, 44, 43, 36, 31, 30, 41, 24, 23, 4, 15, 3, 12, 40, 2, 13, 14, 25])
(43922, [32, 35, 9, 0, 10, 31, 40])
(43923, [32, 35, 18, 0, 29, 6, 41, 12, 40])
(43924, [32, 33, 9, 31, 2])
(43925, [32, 34, 33, 18, 27, 9, 0, 11, 6, 17, 1, 19, 26, 44, 43, 31, 39, 41, 24, 23, 4, 15, 3, 12, 40, 2, 13, 14])
(43926, [32, 35, 33, 18, 27, 16, 17, 1, 19, 26, 8, 21, 43, 31, 30, 39, 41, 23, 4, 15, 12, 22])
(43927, [32, 33, 20, 18, 27, 9, 0, 11, 16, 6, 28, 1, 19, 8, 21, 44, 43, 38, 36, 30, 39, 41, 23, 4, 15, 3, 12, 2, 5, 14, 22])
(43928, [32, 6])
(43929, [32, 18, 11, 7, 1, 8, 21, 43, 39, 23, 4, 15, 3, 2, 14, 22])
(43930, [32, 20, 27, 0, 1, 19, 21, 44, 43, 36, 31, 4, 15, 3, 12, 2, 14])
(43931, [32, 35, 34, 33, 20, 18, 27, 9, 0, 11, 7, 29, 16, 42, 6, 28, 17, 1, 10, 19, 26, 8, 21, 44, 43, 38, 36, 31, 30, 37, 39, 41, 24, 23, 4, 15, 3, 12, 40, 2, 13, 5, 14, 22, 25])
(43932, [32, 11, 6, 1, 10, 19, 44, 36, 30, 41, 15, 3, 12])
(43933, [32, 34, 33, 18, 17, 8, 44, 38, 31, 30, 41, 23, 15, 40])
(43934, [32, 18, 6, 26, 43, 41, 24, 4, 15, 12])
(43935, [32, 35, 34, 33, 20, 18, 27, 9, 0, 11, 7, 16, 42, 6, 28, 17, 1, 10, 19, 26, 8, 21, 44, 43, 38, 36, 31, 30, 41, 24, 23, 4, 15, 3, 12, 40, 2, 13, 22])
(43936, [32])
(43937, [32, 29, 1, 43, 31, 23, 15])
(43938, [32, 1, 4, 40])
(43939, [32, 34, 33, 20, 18, 9, 0, 11, 17, 1, 19, 26, 44, 31, 30, 41, 24, 4, 3, 12, 2, 14])
(43940, [32, 34, 33, 18, 29, 17, 43, 36, 31, 39, 41, 24, 23, 4, 15, 3, 5, 22])
(43941, [32, 18, 0, 19, 44, 31])
(43942, [32, 34, 33, 20, 16, 1, 19, 4, 3])
(43943, [32, 16, 1, 23, 3, 2])
(43944, [32])
(43945, [32, 35, 18, 9, 11, 7, 29, 16, 6, 1, 8, 21, 43, 31, 23, 15, 3, 2, 22])
(43946, [32, 35, 18, 6, 26, 43, 41, 23, 12])
(43947, [32, 34, 33, 18, 9, 0, 11, 16, 42, 6, 1, 19, 26, 21, 44, 43, 31, 30, 39, 4, 3, 12, 2, 22])
(43948, [32, 35, 34, 33, 20, 18, 27, 9, 0, 11, 16, 6, 28, 17, 1, 26, 44, 43, 36, 31, 30, 41, 24, 23, 4, 15, 3, 12, 40, 2, 14])
(43949, [32, 33, 9, 11, 6, 1, 19, 43, 31, 39, 41, 24, 23, 4, 15])
(43950, [32, 33, 1, 3])
(43951, [32, 34, 33, 20, 18, 9, 11, 7, 16, 42, 6, 17, 1, 10, 19, 26, 44, 43, 36, 31, 30, 37, 41, 24, 23, 4, 15, 3, 12, 40, 2, 13, 22])
(43952, [32, 18, 27, 19, 26, 21, 43, 24, 23, 4, 12, 22])
(43953, [32, 33, 31])
(43954, [32])
(43955, [32, 34, 33, 18, 9, 0, 16, 6, 28, 17, 1, 19, 8, 44, 31, 23, 4, 3, 12, 2, 5])
(43956, [32, 34, 33, 17, 1, 26, 31, 24, 2, 14])
(43957, [32, 18, 3, 2])
(43958, [32, 34, 33, 18, 0, 11, 31, 30, 24, 23, 12])
(43959, [32, 0])
(43960, [32, 34, 33, 20, 18, 27, 9, 0, 11, 7, 16, 42, 28, 17, 1, 19, 26, 8, 44, 43, 31, 30, 41, 23, 4, 15, 3, 2, 13, 14, 22])
(43961, [32, 7, 16, 19, 31, 3])
(43962, [32, 34, 19, 8, 44, 31])
(43963, [32, 33, 43, 31, 30, 24, 23])
(43964, [32])
(43965, [32, 34, 33, 18, 9, 1, 31, 30, 37, 4, 3, 22])
(43966, [32, 34, 20, 18, 16, 31, 39, 23, 12, 2, 5])
(43967, [32, 34, 9, 0, 11, 1, 21, 43, 31, 3])
(43968, [32, 34, 33, 27, 0, 11, 6, 17, 1, 19, 26, 31, 4, 40, 2])
(43969, [32, 33, 18, 6, 1, 31, 30, 4, 22])
(43970, [32])
(43971, [32, 20, 11, 1, 19, 3, 2])
(43972, [32])
(43973, [32])
(43974, [32, 20, 11, 7, 16, 1, 19, 21, 43, 31, 41, 15, 3, 40, 2, 22])
(43975, [32, 11, 26, 41, 3, 12, 14])
(43976, [32, 34, 33, 20, 9, 0, 11, 7, 42, 6, 17, 1, 19, 26, 44, 38, 36, 31, 30, 41, 24, 4, 15, 3, 12, 2, 13, 14, 25])
(43977, [32, 7, 16, 30])
(43978, [32, 31])
(43979, [32, 30])
(43980, [35, 34, 33, 20, 18, 27, 9, 0, 11, 7, 29, 16, 42, 6, 28, 1, 10, 19, 26, 8, 21, 44, 43, 38, 36, 31, 30, 37, 39, 41, 24, 23, 4, 15, 3, 12, 40, 2, 13, 5, 14, 22, 25])
(43981, [35, 34, 33, 20, 18, 27, 9, 0, 11, 7, 29, 16, 42, 6, 28, 1, 19, 8, 44, 43, 38, 36, 31, 30, 37, 39, 41, 24, 23, 4, 3, 12, 40, 2, 13, 5, 14, 22, 25])
(43982, [35, 2])
(43983, [35])
(43984, [35])
(43985, [35, 44])
(43986, [35, 34, 33, 9, 0, 11, 6, 28, 17, 1, 19, 8, 21, 44, 38, 36, 31, 30, 37, 39, 41, 23, 3, 12, 2])
(43987, [35, 34, 1, 26, 21, 39])
(43988, [35])
(43989, [35])
(43990, [35, 18, 9, 11, 6, 1, 19, 8, 21, 44, 43, 39, 41, 23, 4, 15, 3, 12, 40, 2, 5])
(43991, [35, 18, 8, 23, 2])
(43992, [35])
(43993, [35, 34, 27, 9, 11, 16, 6, 1, 21, 43, 37, 23, 4, 15, 3, 12, 2, 14])
(43994, [35, 18, 26, 37])
(43995, [35, 9])
(43996, [35, 33, 9, 1, 21, 31, 30, 4, 3])
(43997, [35, 9, 43, 31, 37, 3])
(43998, [35, 2])
(43999, [35, 10])
(44000, [35, 18, 23, 15])
(44001, [35, 6, 12, 2])
(44002, [35, 0, 11, 7, 28, 1, 19, 26, 21, 43, 39, 15, 3, 2, 22])
(44003, [35])
(44004, [35, 16, 12])
(44005, [35, 34, 33, 18, 9, 0, 11, 7, 29, 16, 42, 1, 19, 26, 8, 21, 44, 43, 31, 30, 41, 23, 4, 15, 3, 12, 40, 2, 22])
(44006, [35, 33, 20, 18, 9, 11, 7, 16, 42, 1, 19, 26, 21, 44, 43, 31, 23, 4, 15, 3, 12, 2, 13, 14, 22])
(44007, [35, 1, 21, 3])
(44008, [35, 23, 12, 5])
(44009, [35, 1, 3, 12])
(44010, [35, 0])
(44011, [35])
(44012, [35, 34, 33, 20, 18, 9, 0, 11, 7, 16, 42, 6, 17, 1, 10, 19, 26, 21, 44, 31, 30, 37, 39, 41, 23, 4, 15, 3, 12, 40, 2, 22])
(44013, [35])
(44014, [35])
(44015, [35])
(44016, [35])
(44017, [35])
(44018, [35])
(44019, [34])
(44020, [34, 7])
(44021, [34, 23])
(44022, [34])
(44023, [34])
(44024, [34, 33, 9, 0, 26, 31, 15])
(44025, [34, 0, 16])
(44026, [34, 16, 1, 24])
(44027, [34, 2])
(44028, [34, 1, 41])
(44029, [34, 33, 9, 11, 17, 1, 19, 26, 44, 43, 36, 15, 2, 14])
(44030, [34, 20, 18, 9, 0, 16, 1, 26, 21, 44, 23, 3, 12, 2])
(44031, [34, 9, 6, 10, 26, 43, 41, 24, 23, 4, 15, 12, 2])
(44032, [34])
(44033, [34, 18, 11, 1, 19, 21, 43, 38, 31, 4, 3, 2, 22])
(44034, [34, 33, 9, 6, 19, 38, 31, 30, 4, 15, 2])
(44035, [34])
(44036, [34, 18, 9, 11, 1, 19, 21, 39, 15, 3])
(44037, [34, 33, 6, 37, 15, 2])
(44038, [34, 18, 16, 1, 8, 31, 30, 24, 23, 3, 2])
(44039, [34, 11, 3])
(44040, [34, 21])
(44041, [34])
(44042, [34])
(44043, [34, 33, 0, 11, 7, 16, 42, 6, 17, 1, 19, 26, 21, 44, 31, 30, 39, 41, 24, 23, 4, 15, 3, 12, 2, 22])
(44044, [34, 11, 6, 17, 19, 26, 8, 44, 43, 4, 15, 3, 2, 14])
(44045, [34, 17, 19, 26, 43, 4])
(44046, [34])
(44047, [34, 16, 19])
(44048, [34, 27, 9, 0, 43, 31, 41, 24, 23, 4, 15, 2])
(44049, [34, 33, 20, 27, 0, 16, 1, 19, 8, 21, 44, 23, 4, 3, 12, 2, 13, 22])
(44050, [34, 31])
(44051, [34, 0, 28, 1, 26, 43, 24])
(44052, [34, 0, 12])
(44053, [34, 20, 0, 11, 7, 28, 1, 44, 31, 3, 12, 40, 2])
(44054, [34])
(44055, [34, 11, 28, 26, 31, 30, 24, 5])
(44056, [34, 28, 43, 24])
(44057, [34, 0, 3, 12])
(44058, [34])
(44059, [34, 33, 20, 18, 11, 7, 10, 44, 31, 24, 3, 12, 22])
(44060, [34])
(44061, [34, 33, 20, 18, 11, 6, 17, 1, 19, 30, 4, 3, 12, 40])
(44062, [34, 0, 11, 17, 1, 15, 3, 12])
(44063, [34, 27, 0, 11, 1, 10, 3, 2])
(44064, [34, 33, 18, 11, 16, 17, 1, 19, 21, 44, 43, 31, 30, 23, 4, 3, 2, 13, 22])
(44065, [34, 1, 31, 30])
(44066, [34, 20, 9, 0, 6, 17, 1, 19, 26, 44, 43, 41, 15, 2, 13])
(44067, [34])
(44068, [34, 0, 2])
(44069, [34, 3])
(44070, [34, 33, 20, 18, 27, 9, 0, 11, 7, 16, 42, 28, 17, 1, 19, 26, 21, 44, 43, 38, 31, 37, 41, 24, 23, 4, 3, 12, 40, 2, 14])
(44071, [34, 27, 19, 38, 31, 30, 23, 15, 40, 14])
(44072, [34])
(44073, [34, 0, 12])
(44074, [34, 33, 11, 29, 16, 17, 1, 19, 26, 43, 31, 24, 23, 3, 12, 2, 22])
(44075, [34, 0, 2])
(44076, [33])
(44077, [33])
(44078, [33, 20, 0, 6, 1, 19, 26, 44, 43, 41, 23, 3, 12, 22])
(44079, [33, 21, 23, 12])
(44080, [33, 18, 9, 0, 19, 26, 23, 4, 15, 3])
(44081, [33, 20, 18, 0, 11, 42, 17, 1, 26, 21, 44, 23, 15, 3, 12, 2])
(44082, [33, 1, 31, 15, 3])
(44083, [33, 1, 3])
(44084, [33, 20, 6, 1, 43, 3])
(44085, [33, 18, 1, 19])
(44086, [33, 26, 36, 41, 2])
(44087, [33])
(44088, [33])
(44089, [33, 7, 6, 19, 12, 2])
(44090, [33])
(44091, [33, 0, 1, 44, 3])
(44092, [33])
(44093, [33])
(44094, [33, 1, 43, 24, 2])
(44095, [33, 0, 31, 30])
(44096, [33])
(44097, [33, 42, 41, 2])
(44098, [33])
(44099, [33, 1, 30, 3])
(44100, [33, 36, 30, 12, 2])
(44101, [33, 38, 23, 3, 2])
(44102, [33, 20, 7, 1, 4, 12])
(44103, [33, 0])
(44104, [33, 7, 16, 1, 30, 41, 23, 3, 12])
(44105, [33, 26, 30, 15, 2])
(44106, [33, 9, 11, 16, 6, 1, 31, 3, 12, 2])
(44107, [33, 9, 0, 42, 19, 26, 43, 30, 12, 2])
(44108, [33, 20, 18, 9, 42, 6, 10, 19, 26, 21, 44, 43, 31, 30, 39, 41, 23, 15, 3, 12, 2, 13, 14])
(44109, [33, 7, 1, 3])
(44110, [33])
(44111, [20, 19, 21, 3])
(44112, [20, 17, 1, 19, 3, 2])
(44113, [20])
(44114, [20, 18, 11, 3])
(44115, [20, 0, 6, 1, 10, 38, 3])
(44116, [20, 11, 7, 1, 3])
(44117, [20, 16, 43, 37, 3])
(44118, [20, 18, 11, 7, 6, 1, 10, 38, 31, 23, 3])
(44119, [20, 26, 2])
(44120, [20, 18, 1, 19, 23, 3])
(44121, [20, 16, 1, 31, 41, 3, 2, 22])
(44122, [20, 18, 9, 0, 11, 42, 1, 19, 26, 36, 23, 3, 12, 40, 2, 14])
(44123, [20, 0, 28, 1, 19, 26, 15, 3, 12, 2, 22])
(44124, [20, 0, 17, 10, 15, 3, 2, 14])
(44125, [20, 42, 1, 26, 12, 2])
(44126, [20])
(44127, [20, 0, 42, 3, 12])
(44128, [20])
(44129, [20, 0, 1, 19, 39, 3, 12])
(44130, [20, 0, 11, 16, 44, 3, 12, 2])
(44131, [20, 0, 1])
(44132, [20])
(44133, [18])
(44134, [18])
(44135, [18])
(44136, [18, 1, 23, 4])
(44137, [18])
(44138, [18])
(44139, [18])
(44140, [18])
(44141, [18, 9, 6, 26, 43, 41, 24, 23, 15, 12, 2])
(44142, [18, 43, 15, 14, 25])
(44143, [18, 0, 42, 17, 26])
(44144, [18])
(44145, [18, 43])
(44146, [18])
(44147, [18, 26, 31])
(44148, [18])
(44149, [18])
(44150, [18])
(44151, [18])
(44152, [18, 23])
(44153, [18])
(44154, [18])
(44155, [18, 7, 1, 19, 21, 44, 43, 30, 24, 4, 3, 2])
(44156, [18, 11, 16, 1, 26, 44, 3, 40])
(44157, [18])
(44158, [18])
(44159, [18])
(44160, [18, 9, 6, 1, 19, 8, 43, 37, 23, 12, 2, 5])
(44161, [18, 43, 31, 23])
(44162, [18, 1, 19, 3])
(44163, [18])
(44164, [18, 21])
(44165, [18])
(44166, [18])
(44167, [18, 4])
(44168, [18])
(44169, [18])
(44170, [18, 15])
(44171, [18])
(44172, [18, 12])
(44173, [18])
(44174, [18])
(44175, [18, 9])
(44176, [18])
(44177, [18])
(44178, [18])
(44179, [18])
(44180, [18])
(44181, [18])
(44182, [18])
(44183, [18])
(44184, [18])
(44185, [18])
(44186, [18, 0])
(44187, [18])
(44188, [18, 0, 19, 43, 41, 23, 4, 12, 2, 14])
(44189, [18])
(44190, [18])
(44191, [18])
(44192, [18])
(44193, [18, 0])
(44194, [18, 43])
(44195, [18])
(44196, [18])
(44197, [18])
(44198, [18, 11, 19, 44, 24, 12, 2])
(44199, [18, 21, 30])
(44200, [18, 0])
(44201, [18])
(44202, [18])
(44203, [18])
(44204, [18])
(44205, [18])
(44206, [18])
(44207, [18])
(44208, [18, 1, 4, 15, 3])
(44209, [18])
(44210, [18])
(44211, [18])
(44212, [18])
(44213, [18, 31])
(44214, [18, 11, 6, 19, 24, 4, 3, 22])
(44215, [18])
(44216, [18, 3])
(44217, [18])
(44218, [18])
(44219, [27])
(44220, [27])
(44221, [27, 0, 6, 19, 43, 31, 4, 2])
(44222, [27, 19, 3, 5])
(44223, [27])
(44224, [27])
(44225, [27, 43, 41, 15, 12])
(44226, [27, 9, 6, 17, 19, 8, 31, 30, 24, 4, 15, 40, 2, 14, 22])
(44227, [27])
(44228, [9, 0, 11, 1, 41, 15, 12])
(44229, [9, 1])
(44230, [9, 6, 17, 31, 41, 24, 13])
(44231, [9, 16, 44, 2])
(44232, [9, 11, 7, 1, 19, 26, 21, 44, 3, 2])
(44233, [9, 23])
(44234, [9])
(44235, [9])
(44236, [9, 10, 3])
(44237, [9, 0, 28, 17, 26, 43, 41])
(44238, [9])
(44239, [9])
(44240, [9, 0, 6, 31])
(44241, [9, 0, 21])
(44242, [9, 21, 23])
(44243, [9])
(44244, [9, 17, 1, 19, 3, 2])
(44245, [9, 0])
(44246, [9, 0, 6, 30, 12])
(44247, [9, 0, 1, 19, 21, 44, 23, 3, 12])
(44248, [9])
(44249, [9])
(44250, [9])
(44251, [9])
(44252, [9])
(44253, [9])
(44254, [9, 43])
(44255, [9])
(44256, [9])
(44257, [9, 19, 26, 43, 24, 23, 15, 40, 2])
(44258, [9, 11, 41])
(44259, [9, 19, 43, 41, 4, 15, 2, 14])
(44260, [9, 43, 14])
(44261, [9, 8, 43, 12, 2])
(44262, [9])
(44263, [9, 0, 1, 19, 30, 15, 22])
(44264, [9, 26, 23, 3, 2])
(44265, [9, 2, 22])
(44266, [9])
(44267, [9])
(44268, [9])
(44269, [9, 0, 16, 1, 10, 19, 26, 8, 44, 43, 31, 41, 24, 12])
(44270, [9])
(44271, [9, 11, 44, 4, 15, 2])
(44272, [9])
(44273, [9])
(44274, [9, 14])
(44275, [9, 10, 30, 12])
(44276, [9])
(44277, [9])
(44278, [9, 11, 26, 31, 2])
(44279, [9])
(44280, [9, 0, 7, 1, 19, 26, 21, 31, 24, 23])
(44281, [9])
(44282, [9])
(44283, [9, 17, 2])
(44284, [9, 11, 1, 15])
(44285, [9])
(44286, [9, 28])
(44287, [9])
(44288, [9])
(44289, [9, 0, 17, 2, 14])
(44290, [9, 24, 2])
(44291, [9, 21])
(44292, [9, 43])
(44293, [9, 11, 17, 44, 43, 40, 2])
(44294, [9, 0, 11, 17, 1, 26, 21, 44, 41, 3, 12, 2])
(44295, [9])
(44296, [9])
(44297, [0])
(44298, [0])
(44299, [0])
(44300, [0])
(44301, [0])
(44302, [0, 11, 7, 1, 44, 3])
(44303, [0, 16, 3])
(44304, [0])
(44305, [0])
(44306, [0])
(44307, [0])
(44308, [0, 17, 14])
(44309, [0])
(44310, [0])
(44311, [0])
(44312, [0, 12])
(44313, [0])
(44314, [0])
(44315, [0])
(44316, [0])
(44317, [0, 31])
(44318, [0])
(44319, [0])
(44320, [0, 12, 2])
(44321, [0])
(44322, [0])
(44323, [0, 12])
(44324, [0])
(44325, [0, 8, 37])
(44326, [0])
(44327, [0])
(44328, [0])
(44329, [0])
(44330, [0])
(44331, [0, 24, 15, 2])
(44332, [0])
(44333, [0])
(44334, [0, 28, 2])
(44335, [0])
(44336, [0, 11, 16, 1, 19, 31, 3, 2])
(44337, [0])
(44338, [0])
(44339, [0])
(44340, [0])
(44341, [0])
(44342, [0])
(44343, [0])
(44344, [0])
(44345, [0])
(44346, [0])
(44347, [0])
(44348, [0])
(44349, [0])
(44350, [0])
(44351, [0])
(44352, [0])
(44353, [0])
(44354, [0])
(44355, [0])
(44356, [0])
(44357, [0])
(44358, [0, 7, 1, 40])
(44359, [0])
(44360, [0])
(44361, [0])
(44362, [0])
(44363, [0])
(44364, [0])
(44365, [0])
(44366, [0, 12])
(44367, [0])
(44368, [0])
(44369, [0])
(44370, [0, 10, 12])
(44371, [0])
(44372, [0])
(44373, [0])
(44374, [0])
(44375, [0])
(44376, [0])
(44377, [0])
(44378, [0])
(44379, [0])
(44380, [0])
(44381, [0, 17, 12])
(44382, [0])
(44383, [0])
(44384, [0])
(44385, [0, 12])
(44386, [0])
(44387, [0])
(44388, [0])
(44389, [0, 11, 28, 1, 21, 3, 22])
(44390, [0])
(44391, [0, 17])
(44392, [0])
(44393, [0])
(44394, [0, 1, 31])
(44395, [0])
(44396, [0])
(44397, [0])
(44398, [0])
(44399, [0, 16, 12])
(44400, [0])
(44401, [0])
(44402, [0])
(44403, [0, 4])
(44404, [0])
(44405, [0])
(44406, [0])
(44407, [0])
(44408, [0])
(44409, [0])
(44410, [0])
(44411, [0])
(44412, [0])
(44413, [0])
(44414, [0])
(44415, [0])
(44416, [0])
(44417, [0])
(44418, [0])
(44419, [0, 30, 2])
(44420, [0])
(44421, [0])
(44422, [0])
(44423, [0])
(44424, [0])
(44425, [0, 36, 41, 2])
(44426, [0])
(44427, [0])
(44428, [0, 1, 26, 2])
(44429, [0])
(44430, [0])
(44431, [0])
(44432, [0, 16, 42, 8, 15])
(44433, [0])
(44434, [0])
(44435, [0])
(44436, [0])
(44437, [0])
(44438, [0, 16])
(44439, [0])
(44440, [0])
(44441, [0])
(44442, [0])
(44443, [0])
(44444, [0])
(44445, [0, 11, 26])
(44446, [0])
(44447, [0, 1])
(44448, [0])
(44449, [0])
(44450, [0, 11, 41])
(44451, [0, 12])
(44452, [0])
(44453, [0])
(44454, [0])
(44455, [0, 7, 12])
(44456, [0])
(44457, [0])
(44458, [0])
(44459, [0])
(44460, [0, 8, 23])
(44461, [0])
(44462, [0])
(44463, [0])
(44464, [0])
(44465, [0])
(44466, [0])
(44467, [0])
(44468, [0])
(44469, [0])
(44470, [0])
(44471, [0])
(44472, [0])
(44473, [0])
(44474, [0])
(44475, [0, 11, 26, 23, 4, 12])
(44476, [0])
(44477, [0, 12])
(44478, [0])
(44479, [0])
(44480, [0])
(44481, [0])
(44482, [0])
(44483, [0])
(44484, [0])
(44485, [0])
(44486, [0])
(44487, [0])
(44488, [0])
(44489, [0])
(44490, [0])
(44491, [0])
(44492, [0])
(44493, [0])
(44494, [0])
(44495, [0])
(44496, [0])
(44497, [0])
(44498, [0, 11, 2])
(44499, [0])
(44500, [0])
(44501, [0, 37, 23])
(44502, [0])
(44503, [0, 16, 1, 36, 41, 4])
(44504, [0])
(44505, [0, 21, 23, 12])
(44506, [0, 7, 43, 37, 12])
(44507, [0])
(44508, [0])
(44509, [0])
(44510, [0])
(44511, [0])
(44512, [0])
(44513, [0])
(44514, [0])
(44515, [0])
(44516, [0])
(44517, [0])
(44518, [0])
(44519, [0])
(44520, [0])
(44521, [0])
(44522, [0])
(44523, [0])
(44524, [0])
(44525, [0])
(44526, [0])
(44527, [0])
(44528, [0])
(44529, [0])
(44530, [0])
(44531, [0])
(44532, [0, 12])
(44533, [0])
(44534, [0])
(44535, [0])
(44536, [0])
(44537, [0])
(44538, [0])
(44539, [0])
(44540, [0])
(44541, [0])
(44542, [0])
(44543, [0])
(44544, [0])
(44545, [0])
(44546, [0])
(44547, [0])
(44548, [0])
(44549, [0])
(44550, [0])
(44551, [0])
(44552, [0, 17, 8, 43, 36, 41, 4, 3])
(44553, [0, 8, 12, 5])
(44554, [0])
(44555, [0])
(44556, [0, 12, 22])
(44557, [11, 16, 2])
(44558, [11, 44, 23])
(44559, [11, 40])
(44560, [11, 21, 44, 3])
(44561, [11, 15])
(44562, [11, 17, 1, 19, 44, 3])
(44563, [11, 7, 16, 6, 19, 41, 12, 2, 14])
(44564, [11])
(44565, [11])
(44566, [11, 15])
(44567, [11, 6, 43, 15])
(44568, [11, 16, 12])
(44569, [11])
(44570, [11, 6, 1, 19, 44])
(44571, [11])
(44572, [11])
(44573, [11, 15])
(44574, [11, 1, 44, 3])
(44575, [11])
(44576, [11, 12])
(44577, [11])
(44578, [11, 3])
(44579, [11, 1, 21, 23, 3, 12])
(44580, [11])
(44581, [11, 38, 12])
(44582, [11])
(44583, [11])
(44584, [11, 36, 24, 2, 14])
(44585, [11])
(44586, [11, 31])
(44587, [11])
(44588, [11, 1])
(44589, [11, 1, 26, 24, 3, 12, 13])
(44590, [11, 1, 41])
(44591, [11, 2])
(44592, [7])
(44593, [7, 16, 19, 44, 43, 41, 3, 2])
(44594, [7, 30])
(44595, [7])
(44596, [7, 12])
(44597, [7, 1, 43, 15])
(44598, [7, 1, 23])
(44599, [7])
(44600, [7])
(44601, [7])
(44602, [7, 19, 15, 40, 22])
(44603, [7])
(44604, [7, 1, 21])
(44605, [7])
(44606, [7])
(44607, [7, 31, 30, 4, 3, 12, 14])
(44608, [29, 6, 44, 43, 15])
(44609, [29, 12])
(44610, [29, 16, 6, 8, 41, 5])
(44611, [16])
(44612, [16, 19, 26, 39, 2])
(44613, [16, 1, 3, 2])
(44614, [16, 17, 23, 15, 2])
(44615, [16, 13])
(44616, [16])
(44617, [16, 6, 1, 19, 26, 8, 43, 15, 12, 2])
(44618, [16, 21])
(44619, [16])
(44620, [16])
(44621, [16])
(44622, [16])
(44623, [16, 21])
(44624, [16])
(44625, [16, 1, 12])
(44626, [16])
(44627, [16])
(44628, [16])
(44629, [16])
(44630, [16])
(44631, [16])
(44632, [16, 4])
(44633, [16, 1, 43, 23, 4, 15])
(44634, [42])
(44635, [6, 12])
(44636, [6])
(44637, [6])
(44638, [6, 19, 21, 41, 3, 2, 14])
(44639, [6])
(44640, [6, 15])
(44641, [6])
(44642, [6, 1, 44, 2])
(44643, [28])
(44644, [28, 36, 15])
(44645, [28])
(44646, [28])
(44647, [17, 26, 12, 2])
(44648, [17])
(44649, [17])
(44650, [17])
(44651, [17])
(44652, [17, 1, 19, 2])
(44653, [17])
(44654, [17])
(44655, [17])
(44656, [17])
(44657, [17])
(44658, [17, 19, 26])
(44659, [17])
(44660, [17])
(44661, [17])
(44662, [17])
(44663, [17])
(44664, [17])
(44665, [17, 26, 44, 4, 2])
(44666, [17, 40])
(44667, [17, 2])
(44668, [17])
(44669, [17, 1, 19, 8, 21, 39, 3, 14, 22])
(44670, [17])
(44671, [1])
(44672, [1])
(44673, [1])
(44674, [1, 3])
(44675, [1, 21, 3])
(44676, [1])
(44677, [1, 19, 21, 43, 23, 12, 22])
(44678, [1])
(44679, [1, 3])
(44680, [1, 19])
(44681, [1, 21, 3])
(44682, [1, 21, 3])
(44683, [1, 26, 44, 3])
(44684, [1, 3])
(44685, [1])
(44686, [1, 4, 3, 2, 22])
(44687, [1, 19, 39])
(44688, [1])
(44689, [1, 2])
(44690, [1, 43, 36, 41, 24])
(44691, [1, 43])
(44692, [1])
(44693, [1, 3])
(44694, [1])
(44695, [1])
(44696, [1])
(44697, [1])
(44698, [1, 3, 2, 14])
(44699, [1])
(44700, [1])
(44701, [1])
(44702, [1, 19, 21, 3, 12, 2])
(44703, [1, 40])
(44704, [1])
(44705, [1])
(44706, [1])
(44707, [1])
(44708, [1, 2])
(44709, [1, 4, 15])
(44710, [1])
(44711, [1])
(44712, [1, 21])
(44713, [1, 21, 3])
(44714, [10])
(44715, [10])
(44716, [10])
(44717, [10])
(44718, [10])
(44719, [10, 12])
(44720, [10])
(44721, [10])
(44722, [10])
(44723, [10])
(44724, [19])
(44725, [19])
(44726, [19, 23, 2])
(44727, [19, 21, 44, 3])
(44728, [19, 26, 30, 41, 24, 2, 22])
(44729, [19])
(44730, [19, 22])
(44731, [19])
(44732, [19])
(44733, [19])
(44734, [19, 24, 4, 2, 14])
(44735, [19])
(44736, [19, 23, 4, 3, 2, 14])
(44737, [19])
(44738, [19, 3])
(44739, [19])
(44740, [19])
(44741, [19])
(44742, [26])
(44743, [26])
(44744, [26, 23, 2])
(44745, [26, 44, 2])
(44746, [26])
(44747, [26])
(44748, [26, 3])
(44749, [26])
(44750, [26])
(44751, [26])
(44752, [26])
(44753, [26])
(44754, [26])
(44755, [26])
(44756, [26])
(44757, [26])
(44758, [26])
(44759, [26])
(44760, [8])
(44761, [8])
(44762, [8])
(44763, [8, 3, 14])
(44764, [8, 38, 41, 3, 5])
(44765, [8])
(44766, [8])
(44767, [8])
(44768, [8])
(44769, [8])
(44770, [8])
(44771, [8])
(44772, [8])
(44773, [8, 23])
(44774, [21])
(44775, [21, 3])
(44776, [21])
(44777, [21])
(44778, [21, 3])
(44779, [21])
(44780, [21])
(44781, [21, 44])
(44782, [21])
(44783, [21])
(44784, [21])
(44785, [21])
(44786, [21])
(44787, [21])
(44788, [21])
(44789, [21])
(44790, [21])
(44791, [21])
(44792, [21])
(44793, [21])
(44794, [21, 3])
(44795, [21])
(44796, [21])
(44797, [21])
(44798, [21])
(44799, [21])
(44800, [21, 12])
(44801, [21])
(44802, [21])
(44803, [21])
(44804, [21])
(44805, [21])
(44806, [21, 44])
(44807, [21])
(44808, [21])
(44809, [21])
(44810, [21])
(44811, [21])
(44812, [21])
(44813, [21])
(44814, [21])
(44815, [21])
(44816, [21])
(44817, [44])
(44818, [44])
(44819, [44])
(44820, [44])
(44821, [44])
(44822, [44])
(44823, [44, 43])
(44824, [44])
(44825, [44])
(44826, [44, 43, 36, 23, 4, 3, 2, 5, 14])
(44827, [44])
(44828, [44])
(44829, [44])
(44830, [44])
(44831, [44, 3])
(44832, [44])
(44833, [43])
(44834, [43])
(44835, [43])
(44836, [43])
(44837, [43])
(44838, [43])
(44839, [43])
(44840, [43])
(44841, [43])
(44842, [43])
(44843, [43])
(44844, [43])
(44845, [43])
(44846, [43])
(44847, [43])
(44848, [43])
(44849, [43])
(44850, [43])
(44851, [43])
(44852, [43, 36, 2, 14])
(44853, [43])
(44854, [43])
(44855, [43])
(44856, [43])
(44857, [43])
(44858, [43, 36, 2])
(44859, [38])
(44860, [36, 2])
(44861, [36])
(44862, [36])
(44863, [36])
(44864, [36])
(44865, [36])
(44866, [36, 2, 14])
(44867, [36])
(44868, [36])
(44869, [36])
(44870, [36])
(44871, [36])
(44872, [36])
(44873, [36])
(44874, [36])
(44875, [36])
(44876, [36])
(44877, [36])
(44878, [36, 2])
(44879, [36])
(44880, [36])
(44881, [36])
(44882, [36])
(44883, [36])
(44884, [31, 30, 3])
(44885, [31])
(44886, [31])
(44887, [31, 41])
(44888, [31])
(44889, [31, 3])
(44890, [31])
(44891, [31])
(44892, [31, 23, 40])
(44893, [31, 12])
(44894, [31])
(44895, [31, 2])
(44896, [31])
(44897, [31])
(44898, [30, 3])
(44899, [30])
(44900, [30])
(44901, [30])
(44902, [30])
(44903, [30])
(44904, [30])
(44905, [30])
(44906, [30, 15, 22])
(44907, [37])
(44908, [37])
(44909, [39, 2])
(44910, [39])
(44911, [39])
(44912, [39])
(44913, [39])
(44914, [41, 2])
(44915, [41])
(44916, [41])
(44917, [41])
(44918, [41])
(44919, [41])
(44920, [41])
(44921, [41])
(44922, [41, 2])
(44923, [41])
(44924, [41, 2])
(44925, [41])
(44926, [41])
(44927, [41])
(44928, [24, 12])
(44929, [24])
(44930, [24])
(44931, [24])
(44932, [24])
(44933, [24])
(44934, [24, 15])
(44935, [23, 5])
(44936, [23])
(44937, [23, 4])
(44938, [23])
(44939, [23, 4])
(44940, [23])
(44941, [23])
(44942, [23])
(44943, [23])
(44944, [23])
(44945, [23])
(44946, [23])
(44947, [23])
(44948, [23])
(44949, [23, 4])
(44950, [23])
(44951, [23])
(44952, [23])
(44953, [23])
(44954, [23])
(44955, [23])
(44956, [23])
(44957, [23])
(44958, [23])
(44959, [23])
(44960, [23])
(44961, [23])
(44962, [23])
(44963, [23, 2])
(44964, [23])
(44965, [23])
(44966, [23])
(44967, [23])
(44968, [23])
(44969, [23])
(44970, [23])
(44971, [23])
(44972, [23])
(44973, [23])
(44974, [23])
(44975, [23])
(44976, [23])
(44977, [23])
(44978, [23])
(44979, [23])
(44980, [23])
(44981, [23, 2])
(44982, [23])
(44983, [23, 12])
(44984, [23])
(44985, [23, 22])
(44986, [23])
(44987, [23])
(44988, [23])
(44989, [23])
(44990, [23])
(44991, [23])
(44992, [23])
(44993, [23])
(44994, [23])
(44995, [23])
(44996, [23])
(44997, [23])
(44998, [4])
(44999, [4])
(45000, [4])
(45001, [4])
(45002, [4])
(45003, [4])
(45004, [4, 12])
(45005, [4])
(45006, [4])
(45007, [4, 3])
(45008, [4])
(45009, [4])
(45010, [4])
(45011, [4])
(45012, [4])
(45013, [4])
(45014, [4])
(45015, [4, 14])
(45016, [4])
(45017, [4])
(45018, [4])
(45019, [4])
(45020, [4])
(45021, [4])
(45022, [4])
(45023, [4])
(45024, [4])
(45025, [4])
(45026, [15])
(45027, [15])
(45028, [15])
(45029, [15])
(45030, [15])
(45031, [15])
(45032, [15])
(45033, [3])
(45034, [3])
(45035, [3, 5])
(45036, [3])
(45037, [3])
(45038, [3])
(45039, [3])
(45040, [3])
(45041, [3])
(45042, [3])
(45043, [3])
(45044, [3])
(45045, [3])
(45046, [3])
(45047, [3])
(45048, [3, 12])
(45049, [3])
(45050, [3])
(45051, [3])
(45052, [3])
(45053, [3])
(45054, [3])
(45055, [3])
(45056, [3])
(45057, [3, 14])
(45058, [3])
(45059, [3])
(45060, [3])
(45061, [3])
(45062, [3])
(45063, [3])
(45064, [3])
(45065, [3])
(45066, [12])
(45067, [12])
(45068, [12])
(45069, [12])
(45070, [12])
(45071, [12])
(45072, [12])
(45073, [12])
(45074, [12, 2])
(45075, [12])
(45076, [12])
(45077, [12])
(45078, [12])
(45079, [12])
(45080, [12])
(45081, [12])
(45082, [12])
(45083, [12])
(45084, [12])
(45085, [12])
(45086, [12])
(45087, [12])
(45088, [12])
(45089, [12, 14])
(45090, [12])
(45091, [12])
(45092, [12])
(45093, [12])
(45094, [12])
(45095, [12])
(45096, [12])
(45097, [12])
(45098, [12])
(45099, [12])
(45100, [12])
(45101, [12])
(45102, [12])
(45103, [12])
(45104, [12])
(45105, [12])
(45106, [12])
(45107, [12])
(45108, [12])
(45109, [12])
(45110, [12])
(45111, [12])
(45112, [12])
(45113, [12])
(45114, [12])
(45115, [12])
(45116, [12])
(45117, [12])
(45118, [12])
(45119, [12])
(45120, [12])
(45121, [12])
(45122, [12])
(45123, [12])
(45124, [40])
(45125, [40])
(45126, [40, 2])
(45127, [40])
(45128, [40])
(45129, [40])
(45130, [40])
(45131, [40])
(45132, [40])
(45133, [2])
(45134, [2])
(45135, [2])
(45136, [2])
(45137, [2])
(45138, [2])
(45139, [2])
(45140, [2])
(45141, [2])
(45142, [2])
(45143, [2])
(45144, [2, 14])
(45145, [2])
(45146, [2])
(45147, [2])
(45148, [2])
(45149, [2])
(45150, [2])
(45151, [2])
(45152, [2])
(45153, [2])
(45154, [2])
(45155, [2])
(45156, [2])
(45157, [2])
(45158, [2])
(45159, [2])
(45160, [2])
(45161, [2])
(45162, [2])
(45163, [2])
(45164, [2])
(45165, [2])
(45166, [2])
(45167, [2])
(45168, [2])
(45169, [2])
(45170, [2])
(45171, [2])
(45172, [2])
(45173, [2])
(45174, [2])
(45175, [2])
(45176, [2])
(45177, [2])
(45178, [2])
(45179, [2])
(45180, [2])
(45181, [2])
(45182, [2])
(45183, [2])
(45184, [2])
(45185, [2])
(45186, [2])
(45187, [2])
(45188, [2])
(45189, [2])
(45190, [2])
(45191, [2])
(45192, [2])
(45193, [2])
(45194, [2])
(45195, [2])
(45196, [2])
(45197, [2])
(45198, [2])
(45199, [13])
(45200, [13])
(45201, [5])
(45202, [5])
(45203, [5])
(45204, [5])
(45205, [5])
(45206, [5])
(45207, [5])
(45208, [5])
(45209, [5])
(45210, [5])
(45211, [5])
(45212, [14])
(45213, [14])
(45214, [14])
(45215, [14])
(45216, [14])
(45217, [14])
(45218, [14])
(45219, [14])
(45220, [14])
(45221, [14])
(45222, [14])
(45223, [14])
(45224, [14])
(45225, [14])
(45226, [14])
(45227, [14])
(45228, [22])
(45229, [22])
(45230, [22])
(45231, [22])
(45232, [22])
(45233, [22])
(45234, [22])
(45235, [22])
(45236, [22])
(45237, [22])
(45238, [22])
(45239, [25])
