(34277, [0, 1, 2, 3, 4, 5, 6, 7, 8, 9, 10, 11, 12, 13, 14, 15, 16, 17, 18, 19, 20, 21, 22, 23, 24, 25, 26, 27, 28, 29, 30, 31, 32, 33, 34, 35, 36, 37, 38, 39, 40, 41, 42, 43, 44])
(34278, [0, 1, 2, 3, 4, 5, 6, 7, 8, 9, 10, 11, 12, 13, 14, 15, 16, 17, 18, 19, 20, 21, 22, 23, 24, 25, 26, 27, 28, 29, 30, 31, 32, 33, 34, 35, 36, 37, 38, 39, 40, 41, 42, 43, 44])
(34279, [0, 1, 2, 3, 4, 5, 6, 7, 8, 9, 10, 11, 12, 13, 14, 15, 16, 17, 18, 19, 20, 21, 22, 23, 24, 25, 26, 27, 28, 29, 30, 31, 32, 33, 34, 35, 36, 37, 38, 39, 40, 41, 42, 43, 44])
(34280, [0, 1, 2, 3, 4, 6, 7, 8, 9, 10, 11, 12, 13, 14, 15, 16, 17, 18, 19, 20, 21, 22, 23, 24, 25, 26, 27, 28, 29, 30, 31, 32, 33, 34, 35, 36, 37, 38, 39, 40, 41, 42, 43, 44])
(34281, [1, 2, 3, 4, 6, 7, 8, 11, 12, 16, 17, 19, 21, 23, 24, 28, 30, 31, 32, 33, 34, 36, 38, 39, 42, 43, 44])
(34282, [0, 1, 2, 3, 4, 5, 6, 7, 8, 9, 10, 11, 12, 14, 15, 16, 17, 18, 19, 21, 22, 23, 24, 25, 26, 27, 28, 30, 31, 32, 33, 34, 35, 37, 40, 42, 43, 44])
(34283, [17, 32])
(34284, [0, 1, 2, 3, 4, 5, 6, 7, 8, 9, 10, 11, 12, 13, 14, 15, 16, 17, 18, 19, 20, 21, 22, 23, 24, 25, 26, 27, 28, 29, 30, 31, 32, 33, 34, 35, 36, 37, 38, 39, 40, 41, 42, 43, 44])
(34285, [0, 1, 2, 3, 4, 5, 6, 7, 8, 9, 10, 11, 12, 13, 14, 15, 16, 17, 18, 19, 20, 21, 22, 23, 24, 25, 26, 27, 28, 29, 30, 31, 32, 33, 34, 35, 36, 37, 38, 39, 40, 41, 42, 43, 44])
(34286, [0, 1, 2, 3, 4, 5, 6, 7, 8, 9, 10, 11, 12, 13, 14, 15, 16, 17, 18, 19, 20, 21, 22, 23, 24, 25, 26, 27, 28, 29, 30, 31, 32, 33, 34, 35, 36, 37, 38, 39, 40, 41, 42, 43, 44])
(34287, [0, 1, 2, 3, 4, 5, 6, 7, 8, 9, 10, 11, 12, 13, 14, 15, 16, 17, 18, 19, 20, 21, 22, 23, 24, 25, 26, 27, 28, 29, 30, 31, 32, 33, 34, 35, 36, 37, 38, 39, 40, 41, 42, 43, 44])
(34288, [2, 3, 9, 21, 31, 32])
(34289, [8, 12, 22, 32, 42])
(34290, [0, 1, 2, 3, 4, 7, 8, 9, 11, 12, 13, 15, 17, 18, 19, 20, 21, 22, 23, 24, 26, 29, 31, 32, 33, 34, 35, 36, 38, 39, 41, 42, 43, 44])
(34291, [0, 1, 2, 3, 4, 5, 6, 7, 8, 9, 11, 12, 13, 14, 15, 16, 17, 18, 19, 20, 21, 22, 23, 24, 25, 26, 27, 28, 29, 30, 31, 32, 33, 34, 35, 36, 38, 39, 40, 41, 42, 43, 44])
(34292, [1, 2, 3, 4, 6, 9, 14, 15, 16, 18, 19, 20, 23, 24, 26, 31, 32, 35, 40, 41, 42, 43])
(34293, [0, 1, 2, 3, 4, 6, 7, 9, 10, 11, 12, 13, 15, 16, 17, 18, 19, 20, 21, 22, 23, 26, 30, 31, 32, 33, 34, 35, 36, 37, 39, 41, 42, 43, 44])
(34294, [0, 1, 2, 3, 4, 6, 7, 11, 12, 14, 15, 16, 17, 19, 22, 24, 26, 27, 28, 30, 31, 32, 33, 34, 36, 40, 41, 43, 44])
(34295, [1, 2, 3, 4, 5, 6, 8, 9, 11, 12, 15, 18, 19, 20, 21, 22, 23, 32, 33, 34, 42, 44])
(34296, [1, 2, 3, 9, 13, 14, 15, 31, 32, 33, 34, 41])
(34297, [0, 2, 4, 6, 8, 9, 11, 12, 16, 23, 30, 31, 32, 36, 39, 40, 41, 42, 43, 44])
(34298, [0, 1, 2, 3, 4, 6, 7, 9, 11, 12, 14, 15, 16, 17, 18, 19, 20, 23, 24, 25, 26, 27, 30, 31, 32, 33, 34, 40, 41, 42, 43, 44])
(34299, [0, 1, 3, 6, 11, 15, 16, 17, 19, 21, 23, 30, 31, 32, 33, 40, 43, 44])
(34300, [0, 1, 2, 3, 4, 6, 7, 8, 9, 11, 12, 13, 14, 15, 16, 17, 18, 19, 21, 22, 24, 25, 26, 27, 30, 31, 32, 33, 40, 41, 42, 44])
(34301, [0, 1, 2, 4, 7, 9, 11, 12, 13, 14, 15, 16, 17, 18, 19, 24, 26, 31, 32, 33, 34, 41])
(34302, [0, 1, 2, 3, 4, 6, 8, 9, 11, 12, 13, 14, 15, 16, 17, 18, 19, 20, 21, 23, 24, 26, 30, 31, 32, 33, 34, 35, 36, 37, 39, 40, 41, 42, 43, 44])
(34303, [0, 1, 2, 3, 4, 5, 6, 7, 8, 9, 11, 12, 13, 14, 15, 16, 17, 18, 19, 20, 21, 22, 23, 24, 26, 27, 29, 30, 31, 32, 33, 34, 35, 36, 37, 38, 41, 42, 43, 44])
(34304, [1, 2, 3, 4, 6, 7, 9, 10, 11, 12, 13, 15, 16, 17, 18, 19, 20, 21, 22, 23, 24, 26, 30, 31, 32, 33, 34, 37, 38, 39, 40, 41, 43, 44])
(34305, [1, 3, 4, 11, 12, 15, 16, 21, 22, 23, 26, 30, 31, 32, 33, 36, 37, 42, 43, 44])
(34306, [0, 2, 6, 8, 10, 11, 12, 14, 15, 17, 19, 24, 25, 26, 27, 28, 30, 31, 32, 34, 39, 40, 43, 44])
(34307, [1, 3, 13, 21, 32, 44])
(34308, [1, 3, 7, 9, 10, 16, 19, 23, 30, 32, 34, 41, 43])
(34309, [0, 1, 2, 3, 7, 9, 10, 11, 12, 13, 14, 15, 16, 19, 20, 21, 22, 23, 26, 30, 31, 32, 33, 34, 41, 42, 43, 44])
(34310, [0, 2, 4, 9, 11, 12, 14, 15, 18, 23, 26, 27, 30, 32, 34, 36, 40, 41, 43, 44])
(34311, [0, 1, 2, 3, 4, 6, 7, 8, 9, 11, 12, 13, 15, 16, 17, 18, 19, 20, 21, 22, 23, 24, 26, 28, 30, 31, 32, 33, 34, 40, 41, 42, 43, 44])
(34312, [0, 1, 2, 3, 4, 5, 6, 7, 8, 9, 11, 12, 13, 15, 18, 19, 20, 21, 22, 23, 26, 27, 29, 30, 31, 32, 33, 34, 35, 38, 40, 41, 43, 44])
(34313, [0, 1, 2, 3, 4, 6, 9, 10, 11, 12, 14, 15, 16, 17, 18, 19, 21, 23, 24, 25, 26, 28, 30, 31, 32, 33, 34, 35, 40, 41, 42, 44])
(34314, [32])
(34315, [0, 1, 2, 3, 4, 5, 6, 7, 8, 9, 10, 11, 12, 13, 14, 15, 16, 17, 18, 19, 20, 21, 22, 23, 24, 26, 27, 28, 29, 30, 31, 32, 33, 34, 35, 36, 37, 38, 39, 40, 41, 42, 43, 44])
(34316, [0, 1, 2, 3, 4, 6, 8, 9, 11, 12, 15, 16, 17, 18, 19, 20, 21, 22, 23, 24, 26, 27, 29, 30, 31, 32, 33, 34, 35, 38, 40, 41, 43, 44])
(34317, [0, 1, 2, 3, 12, 21, 22, 32, 43])
(34318, [0, 1, 2, 3, 4, 6, 7, 9, 11, 13, 15, 16, 17, 18, 19, 21, 23, 26, 29, 30, 31, 32, 33, 35, 40, 42, 43, 44])
(34319, [1, 2, 3, 4, 9, 11, 12, 13, 21, 22, 26, 32])
(34320, [8, 12, 16, 18, 21, 23, 31, 32, 35])
(34321, [1, 2, 3, 4, 5, 6, 8, 9, 11, 12, 15, 16, 17, 18, 19, 21, 22, 23, 26, 30, 31, 32, 33, 34, 36, 39, 40, 42, 44])
(34322, [0, 2, 4, 6, 13, 14, 26, 32, 42])
(34323, [0, 1, 3, 4, 5, 9, 11, 12, 15, 18, 20, 21, 22, 23, 30, 31, 32, 33, 34, 35, 36, 38, 39, 41, 42])
(34324, [1, 2, 3, 4, 6, 12, 15, 22, 23, 29, 30, 31, 32, 33, 34, 43, 44])
(34325, [0, 1, 2, 3, 4, 5, 6, 9, 12, 13, 16, 18, 19, 20, 21, 22, 23, 29, 30, 31, 32, 33, 34, 35, 37, 38, 39, 40, 41, 42, 43, 44])
(34326, [1, 2, 3, 4, 5, 6, 7, 9, 11, 12, 15, 16, 17, 18, 19, 20, 21, 23, 24, 26, 32, 33, 35, 36, 38, 40, 43, 44])
(34327, [1, 4, 7, 9, 11, 12, 15, 16, 19, 22, 26, 30, 32, 34, 43, 44])
(34328, [1, 2, 3, 11, 12, 15, 17, 18, 19, 21, 22, 24, 26, 30, 31, 32, 44])
(34329, [2, 3, 4, 6, 8, 9, 11, 12, 14, 15, 22, 23, 25, 27, 31, 32, 41, 44])
(34330, [0, 1, 9, 12, 15, 17, 26, 27, 30, 31, 32, 33, 36, 40, 44])
(34331, [1, 2, 3, 4, 5, 7, 8, 9, 11, 12, 15, 18, 19, 21, 22, 23, 26, 30, 31, 32, 34, 35, 37, 43, 44])
(34332, [0, 1, 2, 3, 4, 5, 6, 9, 11, 12, 14, 15, 16, 17, 18, 19, 20, 21, 22, 23, 24, 26, 27, 28, 30, 31, 32, 33, 35, 38, 40, 41, 42, 43, 44])
(34333, [1, 2, 3, 4, 5, 6, 9, 11, 13, 14, 15, 16, 18, 19, 21, 23, 24, 26, 27, 28, 31, 32, 33, 35, 37, 40, 41, 43, 44])
(34334, [4, 6, 22, 30, 31, 32, 33, 34])
(34335, [1, 2, 3, 4, 6, 7, 8, 9, 11, 12, 13, 15, 17, 18, 19, 21, 22, 23, 24, 26, 27, 30, 31, 32, 33, 34, 36, 39, 41, 43, 44])
(34336, [0, 2, 4, 9, 14, 15, 24, 32, 43])
(34337, [2, 11, 15, 17, 22, 30, 31, 32, 33, 34, 36])
(34338, [0, 1, 2, 3, 4, 6, 11, 24, 32, 35])
(34339, [1, 18, 19, 21, 29, 30, 32])
(34340, [1, 2, 3, 5, 6, 8, 9, 11, 12, 13, 15, 16, 17, 18, 19, 21, 22, 23, 24, 25, 27, 30, 32, 34, 35, 38, 41, 43])
(34341, [1, 3, 6, 7, 13, 15, 19, 23, 24, 26, 31, 32, 33, 34, 38, 40, 43, 44])
(34342, [15, 18, 19, 23, 30, 32])
(34343, [2, 4, 32, 43])
(34344, [1, 4, 6, 7, 15, 16, 22, 23, 26, 31, 32, 33, 34, 44])
(34345, [26, 32, 43])
(34346, [1, 8, 9, 12, 23, 26, 32, 33, 34, 35, 43])
(34347, [3, 8, 12, 15, 16, 17, 18, 19, 21, 22, 26, 29, 30, 31, 32, 33, 37, 39, 40, 44])
(34348, [0, 1, 3, 6, 7, 8, 9, 11, 12, 15, 16, 18, 19, 20, 21, 22, 23, 24, 26, 30, 31, 32, 33, 35, 37, 40, 41, 43, 44])
(34349, [2, 6, 14, 15, 32, 41])
(34350, [0, 1, 2, 3, 4, 6, 10, 12, 14, 15, 16, 18, 19, 20, 23, 24, 27, 32, 34, 35, 36, 37, 42, 43])
(34351, [1, 32])
(34352, [1, 15, 18, 19, 32])
(34353, [0, 1, 2, 3, 4, 7, 9, 11, 12, 13, 14, 15, 17, 18, 19, 22, 25, 26, 31, 32, 33, 34, 36, 41, 43, 44])
(34354, [0, 1, 2, 3, 7, 9, 11, 15, 17, 19, 21, 26, 30, 32, 33, 34, 43])
(34355, [0, 1, 2, 3, 4, 5, 6, 8, 9, 11, 12, 15, 16, 18, 19, 21, 22, 23, 26, 30, 31, 32, 33, 34, 35, 40, 43])
(34356, [0, 1, 2, 3, 4, 6, 9, 11, 12, 13, 14, 16, 17, 19, 20, 22, 24, 25, 26, 30, 31, 32, 33, 34, 35, 40, 41, 42, 43, 44])
(34357, [0, 1, 2, 3, 4, 6, 7, 8, 9, 11, 12, 14, 16, 18, 19, 20, 22, 23, 24, 26, 30, 31, 32, 33, 34, 35, 40, 41, 42, 43, 44])
(34358, [12, 32, 34, 44])
(34359, [0, 1, 2, 3, 4, 6, 8, 9, 11, 12, 13, 15, 16, 17, 18, 19, 20, 21, 23, 26, 31, 32, 33, 34, 36, 41, 43])
(34360, [0, 1, 4, 6, 7, 8, 9, 11, 12, 18, 19, 20, 21, 22, 31, 32, 33, 34, 40, 42, 43])
(34361, [0, 1, 2, 3, 4, 6, 7, 8, 9, 11, 12, 13, 15, 17, 18, 19, 21, 23, 24, 25, 26, 27, 29, 30, 31, 32, 33, 34, 36, 39, 40, 41, 42, 43, 44])
(34362, [0, 3, 18, 32])
(34363, [1, 3, 6, 11, 22, 24, 31, 32, 33, 34, 40, 41, 43])
(34364, [1, 3, 4, 5, 6, 8, 9, 11, 12, 13, 14, 15, 19, 21, 23, 24, 26, 28, 31, 32, 33, 34, 36, 37])
(34365, [1, 5, 8, 9, 12, 15, 16, 22, 23, 30, 31, 32, 34])
(34366, [1, 2, 3, 6, 9, 14, 16, 17, 21, 25, 26, 30, 31, 32, 34, 41, 43, 44])
(34367, [0, 1, 2, 3, 4, 6, 7, 9, 10, 11, 12, 13, 14, 15, 16, 17, 18, 19, 20, 21, 22, 23, 24, 26, 27, 28, 30, 31, 32, 33, 34, 35, 36, 37, 39, 41, 42, 43, 44])
(34368, [2, 14, 31, 32])
(34369, [1, 3, 6, 9, 11, 18, 19, 22, 30, 31, 32, 33, 39, 44])
(34370, [0, 1, 8, 15, 30, 32])
(34371, [26, 32, 34])
(34372, [0, 2, 6, 9, 11, 14, 15, 19, 22, 24, 26, 27, 30, 31, 32, 33, 34, 40, 41, 43])
(34373, [1, 2, 9, 11, 12, 13, 16, 20, 21, 32, 40])
(34374, [24, 32])
(34375, [32, 33])
(34376, [1, 2, 3, 4, 5, 6, 8, 9, 12, 13, 18, 19, 21, 23, 30, 31, 32, 33, 44])
(34377, [32])
(34378, [32])
(34379, [32])
(34380, [19, 32, 33, 44])
(34381, [32])
(34382, [0, 1, 2, 3, 4, 5, 6, 7, 8, 9, 10, 11, 12, 13, 14, 15, 16, 18, 19, 20, 21, 22, 23, 24, 25, 26, 27, 28, 29, 30, 31, 33, 34, 35, 36, 37, 38, 39, 40, 41, 42, 43, 44])
(34383, [2, 16, 19, 21, 24, 35])
(34384, [1, 3, 7, 8, 11, 18, 19, 23, 30, 33, 35, 37, 39])
(34385, [35])
(34386, [1, 3, 4, 5, 8, 9, 11, 12, 15, 18, 19, 20, 21, 23, 26, 30, 34, 35, 37, 38, 41, 42, 43, 44])
(34387, [4, 12, 23, 35])
(34388, [8, 18, 23, 35])
(34389, [1, 3, 8, 18, 21, 22, 35, 41])
(34390, [35])
(34391, [35])
(34392, [0, 2, 3, 6, 9, 11, 15, 18, 23, 26, 30, 31, 33, 34, 35, 41, 43, 44])
(34393, [1, 2, 4, 9, 21, 30, 34, 35, 44])
(34394, [9, 12, 35])
(34395, [23, 35])
(34396, [1, 3, 8, 12, 16, 20, 21, 24, 31, 35])
(34397, [17, 18, 19, 22, 23, 35])
(34398, [35])
(34399, [35])
(34400, [35])
(34401, [0, 1, 2, 3, 4, 7, 8, 9, 11, 12, 15, 16, 18, 19, 20, 21, 23, 24, 26, 29, 31, 33, 34, 35, 39, 42, 43, 44])
(34402, [2, 4, 8, 9, 12, 15, 19, 21, 34, 35, 41, 43, 44])
(34403, [35])
(34404, [35])
(34405, [9, 35])
(34406, [2, 9, 19, 34, 35, 44])
(34407, [0, 1, 2, 3, 4, 6, 7, 9, 11, 12, 15, 17, 18, 21, 23, 24, 26, 29, 31, 33, 34, 35, 39])
(34408, [35])
(34409, [4, 8, 11, 13, 15, 18, 19, 21, 23, 28, 35, 36, 43, 44])
(34410, [35])
(34411, [1, 2, 3, 9, 11, 13, 15, 16, 17, 18, 19, 21, 26, 33, 35, 38, 39, 42, 43, 44])
(34412, [35])
(34413, [35])
(34414, [35])
(34415, [0, 2, 3, 9, 11, 18, 19, 22, 30, 31, 35, 41, 43])
(34416, [35])
(34417, [0, 1, 2, 3, 4, 5, 6, 7, 8, 9, 10, 12, 13, 15, 16, 17, 18, 19, 20, 23, 26, 28, 29, 31, 33, 34, 41, 43, 44])
(34418, [0, 1, 2, 3, 4, 6, 7, 8, 9, 11, 12, 13, 14, 15, 17, 18, 19, 20, 21, 22, 23, 24, 26, 30, 31, 33, 34, 36, 41, 43, 44])
(34419, [2, 4, 6, 7, 9, 15, 18, 26, 30, 34])
(34420, [2, 19, 23, 34, 43])
(34421, [12, 18, 34])
(34422, [34])
(34423, [9, 23, 34])
(34424, [3, 34, 39])
(34425, [34])
(34426, [0, 2, 11, 12, 17, 34, 41])
(34427, [33, 34])
(34428, [0, 1, 3, 4, 5, 11, 12, 15, 16, 18, 19, 20, 21, 23, 26, 27, 31, 34, 41])
(34429, [0, 2, 4, 9, 11, 12, 15, 18, 24, 26, 28, 33, 34, 39, 40, 41, 43, 44])
(34430, [2, 18, 30, 34, 36])
(34431, [34, 41])
(34432, [1, 2, 9, 11, 17, 19, 21, 22, 23, 24, 26, 33, 34])
(34433, [3, 12, 34])
(34434, [1, 3, 4, 6, 7, 11, 15, 19, 21, 29, 30, 34])
(34435, [1, 3, 21, 34, 44])
(34436, [1, 2, 3, 6, 11, 20, 21, 22, 33, 34, 38])
(34437, [1, 3, 5, 19, 21, 26, 34, 43])
(34438, [1, 2, 3, 4, 7, 11, 12, 14, 17, 19, 20, 23, 26, 31, 33, 34, 36, 42, 44])
(34439, [3, 31, 33, 34])
(34440, [2, 4, 9, 12, 14, 15, 17, 19, 23, 25, 26, 30, 31, 34, 40, 41, 43])
(34441, [1, 3, 4, 6, 9, 11, 15, 16, 17, 18, 19, 21, 22, 23, 29, 30, 31, 33, 34])
(34442, [1, 2, 13, 14, 15, 17, 19, 24, 26, 30, 31, 33, 34, 41, 43, 44])
(34443, [0, 1, 2, 3, 4, 5, 6, 7, 9, 11, 12, 13, 15, 16, 17, 18, 19, 20, 23, 24, 26, 29, 30, 31, 33, 34, 37, 38, 41, 42, 43, 44])
(34444, [0, 2, 33, 34])
(34445, [2, 3, 4, 6, 9, 12, 14, 17, 20, 24, 26, 28, 34, 40, 41, 43])
(34446, [12, 19, 24, 31, 34])
(34447, [34])
(34448, [34])
(34449, [18, 34])
(34450, [34])
(34451, [0, 2, 3, 4, 9, 11, 12, 13, 14, 15, 17, 24, 25, 26, 27, 31, 34, 36, 41, 43, 44])
(34452, [1, 15, 16, 34])
(34453, [0, 1, 3, 7, 18, 19, 21, 23, 31, 34])
(34454, [0, 2, 3, 4, 7, 9, 11, 13, 14, 15, 16, 20, 24, 26, 30, 31, 33, 34, 41, 42, 43, 44])
(34455, [34])
(34456, [8, 34])
(34457, [0, 1, 3, 11, 19, 34, 41])
(34458, [0, 1, 2, 3, 4, 7, 10, 11, 12, 17, 19, 20, 23, 26, 30, 34, 37, 39, 44])
(34459, [34, 41])
(34460, [23, 34])
(34461, [34])
(34462, [0, 13, 34])
(34463, [2, 3, 9, 14, 15, 17, 24, 26, 30, 31, 33, 34, 41])
(34464, [34])
(34465, [20, 34])
(34466, [1, 3, 34])
(34467, [3, 33])
(34468, [33])
(34469, [0, 1, 2, 3, 4, 11, 14, 15, 17, 19, 21, 26, 31, 33, 38, 44])
(34470, [33])
(34471, [0, 30, 31, 33])
(34472, [1, 15, 23, 33, 40, 43])
(34473, [2, 3, 33])
(34474, [0, 1, 2, 3, 8, 9, 12, 16, 19, 26, 28, 30, 33, 39])
(34475, [21, 31, 33])
(34476, [33])
(34477, [33])
(34478, [2, 6, 9, 10, 11, 12, 13, 14, 17, 24, 26, 27, 30, 33, 40, 41, 44])
(34479, [0, 1, 3, 4, 11, 19, 23, 33])
(34480, [2, 8, 15, 17, 19, 27, 33, 44])
(34481, [1, 3, 5, 6, 11, 19, 21, 26, 31, 33])
(34482, [0, 2, 3, 9, 11, 17, 18, 21, 22, 24, 30, 31, 33, 38, 41, 42, 43, 44])
(34483, [33])
(34484, [23, 33])
(34485, [33])
(34486, [0, 1, 3, 21, 33])
(34487, [1, 15, 16, 31, 33])
(34488, [19, 29, 30, 31, 33])
(34489, [1, 2, 3, 4, 6, 15, 18, 24, 26, 27, 30, 33, 43, 44])
(34490, [33])
(34491, [1, 17, 33])
(34492, [2, 12, 15, 33])
(34493, [6, 9, 17, 30, 31, 33, 40, 41, 44])
(34494, [2, 5, 6, 8, 12, 23, 33])
(34495, [0, 4, 5, 7, 9, 15, 19, 23, 33, 40, 43])
(34496, [33])
(34497, [30, 33])
(34498, [0, 1, 3, 11, 21, 31, 33])
(34499, [1, 4, 33])
(34500, [31, 33])
(34501, [33])
(34502, [33])
(34503, [33, 36])
(34504, [4, 6, 26, 33])
(34505, [2, 11, 26, 33])
(34506, [33])
(34507, [33])
(34508, [33])
(34509, [0, 1, 31, 33, 41])
(34510, [1, 3, 7, 18, 23, 30, 33, 41])
(34511, [0, 2, 3, 10, 11, 12, 17, 19, 21, 23, 30, 31, 33, 44])
(34512, [31, 33])
(34513, [20])
(34514, [2, 4, 12, 14, 15, 19, 20, 24, 43])
(34515, [0, 3, 6, 9, 10, 12, 14, 16, 18, 20])
(34516, [20])
(34517, [1, 2, 6, 8, 12, 18, 20])
(34518, [3, 20])
(34519, [0, 1, 3, 7, 12, 20, 30, 31, 40, 44])
(34520, [0, 3, 20])
(34521, [20])
(34522, [20])
(34523, [20])
(34524, [0, 14, 18, 19, 20, 22])
(34525, [20])
(34526, [20])
(34527, [20])
(34528, [2, 20])
(34529, [0, 2, 3, 11, 16, 17, 19, 20, 30, 44])
(34530, [3, 20])
(34531, [1, 3, 20])
(34532, [2, 20])
(34533, [2, 20, 30])
(34534, [0, 1, 2, 3, 12, 16, 20, 40, 43, 44])
(34535, [1, 2, 3, 7, 17, 19, 20, 26, 30])
(34536, [20])
(34537, [0, 1, 4, 9, 11, 12, 14, 15, 19, 20, 30, 37])
(34538, [20])
(34539, [18])
(34540, [18])
(34541, [18])
(34542, [18])
(34543, [18])
(34544, [18])
(34545, [18])
(34546, [18])
(34547, [5, 8, 18, 19, 21, 22, 24, 31, 36, 40, 44])
(34548, [1, 4, 6, 18, 21])
(34549, [18])
(34550, [18])
(34551, [18])
(34552, [0, 1, 3, 4, 12, 15, 18, 19, 21, 23])
(34553, [0, 4, 6, 11, 12, 15, 18, 23, 27, 36, 44])
(34554, [18])
(34555, [0, 1, 3, 15, 18])
(34556, [18])
(34557, [18])
(34558, [1, 18, 21])
(34559, [15, 18])
(34560, [1, 3, 4, 5, 15, 18, 21, 22, 26])
(34561, [8, 9, 18])
(34562, [6, 18, 19, 24, 41, 43])
(34563, [18])
(34564, [12, 18])
(34565, [0, 6, 15, 16, 18, 30, 42])
(34566, [0, 7, 18])
(34567, [18])
(34568, [18])
(34569, [12, 18, 21, 30])
(34570, [18])
(34571, [18])
(34572, [18])
(34573, [18])
(34574, [0, 12, 18])
(34575, [1, 9, 18, 26])
(34576, [18, 23])
(34577, [18])
(34578, [6, 11, 18])
(34579, [18])
(34580, [18])
(34581, [18])
(34582, [0, 3, 12, 18, 44])
(34583, [18])
(34584, [2, 4, 9, 18, 26, 30, 41])
(34585, [18])
(34586, [18, 44])
(34587, [18])
(34588, [15, 18, 23])
(34589, [18])
(34590, [18])
(34591, [2, 4, 6, 12, 18, 19, 23, 36])
(34592, [18])
(34593, [6, 12, 17, 18, 23])
(34594, [1, 15, 18, 23, 24, 26])
(34595, [1, 18])
(34596, [18])
(34597, [2, 3, 6, 7, 11, 12, 15, 18, 28])
(34598, [18])
(34599, [18])
(34600, [2, 6, 9, 13, 18, 30])
(34601, [18])
(34602, [18])
(34603, [18])
(34604, [18])
(34605, [0, 3, 12, 18])
(34606, [18])
(34607, [18, 23])
(34608, [2, 4, 6, 11, 14, 15, 17, 18, 23, 40, 41])
(34609, [15, 18, 44])
(34610, [12, 18, 19, 30])
(34611, [2, 8, 14, 18])
(34612, [18])
(34613, [18])
(34614, [2, 15, 27])
(34615, [27])
(34616, [27])
(34617, [27])
(34618, [27])
(34619, [27])
(34620, [0, 8, 9, 14, 19, 23])
(34621, [9])
(34622, [0, 2, 3, 9, 11, 14, 15, 16, 26, 42, 43])
(34623, [3, 4, 9, 17, 21, 31])
(34624, [9, 41])
(34625, [1, 3, 7, 9, 23])
(34626, [3, 9])
(34627, [9])
(34628, [3, 4, 7, 9, 11, 13, 17, 36, 43])
(34629, [2, 9, 22])
(34630, [3, 9, 11])
(34631, [6, 9])
(34632, [2, 4, 9, 11, 14, 19, 41])
(34633, [6, 9, 23, 43])
(34634, [9])
(34635, [5, 8, 9, 11, 12, 19, 22, 23, 38])
(34636, [9])
(34637, [9])
(34638, [2, 9, 19])
(34639, [9, 12, 16, 23, 26])
(34640, [4, 9, 15, 30, 39])
(34641, [0, 2, 6, 9, 14, 17, 19, 24, 26])
(34642, [9])
(34643, [9, 15, 19])
(34644, [2, 9, 11])
(34645, [9])
(34646, [9])
(34647, [9])
(34648, [0, 7, 9, 26])
(34649, [9, 11, 15, 29])
(34650, [9])
(34651, [0, 1, 2, 3, 9, 12, 16, 19, 23])
(34652, [9])
(34653, [9, 22])
(34654, [0, 9, 12, 23, 44])
(34655, [9])
(34656, [9])
(34657, [9])
(34658, [9])
(34659, [9, 13, 14, 15, 40, 41])
(34660, [9])
(34661, [0, 1, 9, 44])
(34662, [9])
(34663, [9])
(34664, [9])
(34665, [9])
(34666, [9])
(34667, [5, 9, 41])
(34668, [0, 9, 22])
(34669, [9])
(34670, [9])
(34671, [9])
(34672, [9])
(34673, [0, 3, 4, 9, 12, 36, 40])
(34674, [9])
(34675, [0, 2, 3, 4, 5, 8, 9, 12, 13, 15, 22, 23, 24, 43])
(34676, [9])
(34677, [0, 1, 2, 3, 6, 7, 12, 17, 19, 24, 41, 43, 44])
(34678, [0])
(34679, [0])
(34680, [0])
(34681, [0])
(34682, [0, 17])
(34683, [0])
(34684, [0])
(34685, [0])
(34686, [0])
(34687, [0])
(34688, [0, 12])
(34689, [0])
(34690, [0, 3, 12])
(34691, [0])
(34692, [0])
(34693, [0])
(34694, [0])
(34695, [0])
(34696, [0])
(34697, [0])
(34698, [0])
(34699, [0])
(34700, [0])
(34701, [0])
(34702, [0])
(34703, [0])
(34704, [0])
(34705, [0])
(34706, [0, 12])
(34707, [0])
(34708, [0])
(34709, [0, 12])
(34710, [0])
(34711, [0])
(34712, [0, 1, 31])
(34713, [0])
(34714, [0])
(34715, [0])
(34716, [0, 12])
(34717, [0])
(34718, [0, 1, 6, 7, 12, 13, 16, 21, 38, 41, 43])
(34719, [0, 1, 2])
(34720, [0, 2])
(34721, [0])
(34722, [0])
(34723, [0])
(34724, [0])
(34725, [0])
(34726, [0])
(34727, [0])
(34728, [0])
(34729, [0])
(34730, [0])
(34731, [0])
(34732, [0])
(34733, [0])
(34734, [0, 1, 2, 3])
(34735, [0])
(34736, [0])
(34737, [0, 22])
(34738, [0])
(34739, [0])
(34740, [0])
(34741, [0])
(34742, [0])
(34743, [0])
(34744, [0])
(34745, [0, 2, 12])
(34746, [0])
(34747, [0, 1, 11, 12, 19, 23, 30, 31])
(34748, [0])
(34749, [0])
(34750, [0])
(34751, [0, 14])
(34752, [0])
(34753, [0])
(34754, [0, 3, 12])
(34755, [0])
(34756, [0])
(34757, [0])
(34758, [0])
(34759, [0])
(34760, [0])
(34761, [0])
(34762, [0])
(34763, [0])
(34764, [0])
(34765, [0])
(34766, [0])
(34767, [0])
(34768, [0])
(34769, [0])
(34770, [0, 26])
(34771, [0])
(34772, [0])
(34773, [0])
(34774, [0])
(34775, [0])
(34776, [0, 11])
(34777, [0])
(34778, [0, 12])
(34779, [0])
(34780, [0, 21])
(34781, [0])
(34782, [0])
(34783, [0])
(34784, [0])
(34785, [0])
(34786, [0])
(34787, [0])
(34788, [0])
(34789, [0, 12])
(34790, [0])
(34791, [0])
(34792, [0])
(34793, [0])
(34794, [0])
(34795, [0])
(34796, [0])
(34797, [0])
(34798, [0])
(34799, [0])
(34800, [0])
(34801, [0])
(34802, [0])
(34803, [0])
(34804, [0, 2, 14])
(34805, [0])
(34806, [0])
(34807, [0])
(34808, [0])
(34809, [0])
(34810, [0])
(34811, [0])
(34812, [0])
(34813, [0])
(34814, [0])
(34815, [0])
(34816, [0])
(34817, [0])
(34818, [0])
(34819, [0, 3, 7, 12, 17])
(34820, [0])
(34821, [0])
(34822, [0])
(34823, [0])
(34824, [0])
(34825, [0])
(34826, [0])
(34827, [0])
(34828, [0])
(34829, [0])
(34830, [0])
(34831, [0, 37])
(34832, [0])
(34833, [0])
(34834, [0])
(34835, [0, 12, 23])
(34836, [0])
(34837, [0])
(34838, [0, 1, 12, 17, 21, 24, 28])
(34839, [0])
(34840, [0])
(34841, [0])
(34842, [0])
(34843, [0])
(34844, [0, 1, 44])
(34845, [0, 2, 5, 12, 15, 23])
(34846, [0])
(34847, [0, 3, 15, 21, 26, 28])
(34848, [0])
(34849, [0, 11])
(34850, [0])
(34851, [0, 12])
(34852, [0])
(34853, [0])
(34854, [0])
(34855, [0])
(34856, [0])
(34857, [0])
(34858, [0])
(34859, [0, 5])
(34860, [0])
(34861, [0])
(34862, [0])
(34863, [0])
(34864, [0])
(34865, [0, 1])
(34866, [0])
(34867, [0])
(34868, [0])
(34869, [0])
(34870, [0])
(34871, [0])
(34872, [0])
(34873, [0])
(34874, [0])
(34875, [0])
(34876, [0])
(34877, [0])
(34878, [0, 12])
(34879, [0])
(34880, [0])
(34881, [0])
(34882, [0, 12, 36, 41])
(34883, [0, 19, 40])
(34884, [0])
(34885, [0])
(34886, [0])
(34887, [0])
(34888, [0])
(34889, [0])
(34890, [0])
(34891, [0])
(34892, [0])
(34893, [0])
(34894, [0])
(34895, [0])
(34896, [0])
(34897, [0])
(34898, [0, 12])
(34899, [0])
(34900, [0])
(34901, [0])
(34902, [0])
(34903, [0])
(34904, [0])
(34905, [0])
(34906, [0])
(34907, [0])
(34908, [0])
(34909, [0])
(34910, [0])
(34911, [0, 19])
(34912, [0])
(34913, [0])
(34914, [0])
(34915, [0])
(34916, [0])
(34917, [0])
(34918, [0])
(34919, [0])
(34920, [0, 41])
(34921, [0])
(34922, [0])
(34923, [0])
(34924, [0])
(34925, [0])
(34926, [0, 8, 16, 23])
(34927, [0])
(34928, [0])
(34929, [0, 15, 23])
(34930, [0, 15])
(34931, [0])
(34932, [0])
(34933, [0])
(34934, [0])
(34935, [0, 22])
(34936, [1, 2, 3, 11, 16, 21, 22, 36, 43])
(34937, [1, 2, 3, 4, 11, 19, 21, 26, 38, 44])
(34938, [11])
(34939, [11])
(34940, [11, 12, 19])
(34941, [4, 11, 14, 23, 24, 26, 43])
(34942, [7, 11])
(34943, [11, 44])
(34944, [7, 11, 16, 21, 43, 44])
(34945, [1, 3, 11, 15, 16, 41])
(34946, [2, 11, 36, 43])
(34947, [1, 3, 5, 11, 12, 37])
(34948, [11])
(34949, [1, 3, 7, 11])
(34950, [1, 11, 22, 31, 40])
(34951, [2, 11, 13, 30])
(34952, [5, 7, 12, 26])
(34953, [2, 3, 4, 7, 16, 44])
(34954, [7, 19])
(34955, [7])
(34956, [7])
(34957, [7])
(34958, [2, 4, 7, 17, 24, 40])
(34959, [1, 3, 7, 26, 39, 41, 42])
(34960, [3, 7])
(34961, [7, 42])
(34962, [7])
(34963, [7])
(34964, [29])
(34965, [29])
(34966, [4, 16])
(34967, [16, 41])
(34968, [16, 23, 43])
(34969, [16, 41])
(34970, [1, 12, 16, 31])
(34971, [3, 6, 14, 16, 26, 43])
(34972, [16])
(34973, [16])
(34974, [16])
(34975, [15, 16, 42])
(34976, [16])
(34977, [16])
(34978, [16])
(34979, [16])
(34980, [16])
(34981, [2, 15, 16, 31, 44])
(34982, [16])
(34983, [16])
(34984, [23, 41, 42])
(34985, [3, 22, 42])
(34986, [42])
(34987, [1, 6, 19, 42, 43])
(34988, [42])
(34989, [6, 12, 26, 42])
(34990, [1, 3, 42])
(34991, [42])
(34992, [6])
(34993, [6])
(34994, [6])
(34995, [6])
(34996, [2, 6])
(34997, [2, 3, 6, 21, 30])
(34998, [6])
(34999, [4, 6, 41])
(35000, [6])
(35001, [6])
(35002, [6])
(35003, [2, 6, 10, 22])
(35004, [6])
(35005, [6, 17, 26, 43])
(35006, [2, 6, 22, 24])
(35007, [28])
(35008, [28])
(35009, [28])
(35010, [15, 24, 26, 28, 43, 44])
(35011, [28])
(35012, [28])
(35013, [28])
(35014, [28])
(35015, [1, 3, 17, 38, 39])
(35016, [17])
(35017, [17])
(35018, [17, 19, 21, 31])
(35019, [17])
(35020, [17])
(35021, [2, 13, 14, 17, 24, 26, 31, 39, 40, 44])
(35022, [17])
(35023, [17])
(35024, [17])
(35025, [17])
(35026, [17])
(35027, [17])
(35028, [17])
(35029, [17])
(35030, [17])
(35031, [17])
(35032, [1, 3, 17, 19, 21, 26, 38, 44])
(35033, [17])
(35034, [17])
(35035, [17])
(35036, [1, 19])
(35037, [1])
(35038, [1, 3, 12, 21])
(35039, [1, 2, 12, 15, 23])
(35040, [1])
(35041, [1, 2, 22, 41])
(35042, [1, 12, 26, 41])
(35043, [1])
(35044, [1, 3])
(35045, [1])
(35046, [1, 3])
(35047, [1, 3, 22])
(35048, [1, 3, 4, 15])
(35049, [1])
(35050, [1])
(35051, [1])
(35052, [1])
(35053, [1])
(35054, [1])
(35055, [1, 3, 21, 26])
(35056, [1])
(35057, [1])
(35058, [1, 3, 22])
(35059, [1])
(35060, [1, 15])
(35061, [1, 26, 30, 39, 44])
(35062, [1, 3, 30, 39])
(35063, [1, 4, 21, 24])
(35064, [1, 3, 43])
(35065, [1, 12, 19, 21])
(35066, [1])
(35067, [1])
(35068, [1, 3, 10, 19, 40, 44])
(35069, [1])
(35070, [1, 3, 12])
(35071, [1])
(35072, [1, 3])
(35073, [10])
(35074, [10])
(35075, [10])
(35076, [10])
(35077, [10])
(35078, [10])
(35079, [10])
(35080, [10])
(35081, [10, 41])
(35082, [10])
(35083, [10])
(35084, [10])
(35085, [10, 30, 43])
(35086, [10])
(35087, [10])
(35088, [10])
(35089, [19])
(35090, [19])
(35091, [19])
(35092, [19])
(35093, [19])
(35094, [19])
(35095, [19])
(35096, [19])
(35097, [19])
(35098, [15, 19, 26, 41, 43, 44])
(35099, [3, 19])
(35100, [19])
(35101, [19])
(35102, [3, 19])
(35103, [19])
(35104, [2, 19])
(35105, [19, 24])
(35106, [19])
(35107, [19])
(35108, [19])
(35109, [19])
(35110, [19])
(35111, [19])
(35112, [19])
(35113, [19, 23])
(35114, [19, 44])
(35115, [2, 12, 26, 44])
(35116, [4, 12, 26])
(35117, [26])
(35118, [26])
(35119, [2, 26])
(35120, [2, 26])
(35121, [12, 26, 30])
(35122, [26])
(35123, [26])
(35124, [26])
(35125, [26])
(35126, [2, 4, 13, 14, 26, 41])
(35127, [3, 26])
(35128, [26])
(35129, [26])
(35130, [26])
(35131, [8])
(35132, [8])
(35133, [8, 30])
(35134, [8])
(35135, [8])
(35136, [5, 8, 23])
(35137, [5, 8])
(35138, [8])
(35139, [8])
(35140, [5, 8, 23])
(35141, [8])
(35142, [21])
(35143, [3, 21, 22])
(35144, [3, 21])
(35145, [21, 31])
(35146, [21])
(35147, [21])
(35148, [21])
(35149, [21])
(35150, [21])
(35151, [21])
(35152, [21])
(35153, [21])
(35154, [21])
(35155, [21])
(35156, [21])
(35157, [21])
(35158, [21])
(35159, [21])
(35160, [21])
(35161, [21])
(35162, [21])
(35163, [21])
(35164, [21, 23])
(35165, [21])
(35166, [21])
(35167, [21])
(35168, [21])
(35169, [21])
(35170, [21])
(35171, [21, 30, 43, 44])
(35172, [12, 21])
(35173, [21])
(35174, [21])
(35175, [21])
(35176, [21])
(35177, [3, 21])
(35178, [21])
(35179, [21])
(35180, [21])
(35181, [21])
(35182, [44])
(35183, [44])
(35184, [3, 31, 44])
(35185, [44])
(35186, [2, 15, 41, 44])
(35187, [44])
(35188, [2, 13, 41, 44])
(35189, [44])
(35190, [44])
(35191, [44])
(35192, [44])
(35193, [44])
(35194, [44])
(35195, [44])
(35196, [44])
(35197, [3, 44])
(35198, [2, 44])
(35199, [44])
(35200, [44])
(35201, [44])
(35202, [2, 44])
(35203, [44])
(35204, [24, 40, 44])
(35205, [14, 43])
(35206, [43])
(35207, [43])
(35208, [43])
(35209, [43])
(35210, [43])
(35211, [43])
(35212, [43])
(35213, [2, 15, 43])
(35214, [43])
(35215, [43])
(35216, [43])
(35217, [43])
(35218, [43])
(35219, [41, 43])
(35220, [43])
(35221, [43])
(35222, [43])
(35223, [43])
(35224, [43])
(35225, [3, 24, 43])
(35226, [38])
(35227, [38])
(35228, [36])
(35229, [36])
(35230, [36])
(35231, [36])
(35232, [36])
(35233, [36])
(35234, [36])
(35235, [14, 36])
(35236, [2, 36])
(35237, [30, 36])
(35238, [36])
(35239, [36])
(35240, [36])
(35241, [36])
(35242, [36])
(35243, [36])
(35244, [36])
(35245, [36])
(35246, [36])
(35247, [36])
(35248, [36])
(35249, [14, 36])
(35250, [36])
(35251, [36])
(35252, [31])
(35253, [31])
(35254, [3, 31])
(35255, [31])
(35256, [31])
(35257, [31])
(35258, [31])
(35259, [31])
(35260, [31])
(35261, [30])
(35262, [2, 30])
(35263, [3, 30])
(35264, [30])
(35265, [30])
(35266, [30])
(35267, [30])
(35268, [30])
(35269, [30])
(35270, [30])
(35271, [22, 30])
(35272, [37])
(35273, [2, 37])
(35274, [39])
(35275, [3, 39])
(35276, [39])
(35277, [39])
(35278, [39])
(35279, [39])
(35280, [39])
(35281, [41])
(35282, [41])
(35283, [41])
(35284, [41])
(35285, [41])
(35286, [12, 41])
(35287, [41])
(35288, [41])
(35289, [41])
(35290, [41])
(35291, [41])
(35292, [41])
(35293, [2, 15, 40, 41])
(35294, [24, 41])
(35295, [41])
(35296, [41])
(35297, [41])
(35298, [41])
(35299, [41])
(35300, [41])
(35301, [41])
(35302, [24])
(35303, [24])
(35304, [24])
(35305, [24])
(35306, [24])
(35307, [24])
(35308, [23, 24])
(35309, [24])
(35310, [23])
(35311, [23])
(35312, [23])
(35313, [23])
(35314, [23])
(35315, [23])
(35316, [23])
(35317, [23])
(35318, [23])
(35319, [23])
(35320, [23])
(35321, [23])
(35322, [23])
(35323, [23])
(35324, [23])
(35325, [23])
(35326, [23])
(35327, [23])
(35328, [23])
(35329, [23])
(35330, [23])
(35331, [23])
(35332, [23])
(35333, [12, 23])
(35334, [23])
(35335, [23])
(35336, [23])
(35337, [23])
(35338, [23])
(35339, [23])
(35340, [23])
(35341, [23])
(35342, [23])
(35343, [23])
(35344, [23])
(35345, [12, 23])
(35346, [23])
(35347, [23])
(35348, [23])
(35349, [23])
(35350, [23])
(35351, [23])
(35352, [23])
(35353, [23])
(35354, [23])
(35355, [23])
(35356, [23])
(35357, [23])
(35358, [23])
(35359, [23])
(35360, [23])
(35361, [23])
(35362, [23])
(35363, [23])
(35364, [23])
(35365, [2, 4])
(35366, [4])
(35367, [4])
(35368, [4])
(35369, [4])
(35370, [4])
(35371, [4])
(35372, [4])
(35373, [4])
(35374, [4])
(35375, [4])
(35376, [4])
(35377, [4])
(35378, [4])
(35379, [4])
(35380, [4])
(35381, [4])
(35382, [4])
(35383, [2, 15])
(35384, [15])
(35385, [15])
(35386, [15])
(35387, [15])
(35388, [15])
(35389, [15])
(35390, [15])
(35391, [15])
(35392, [15])
(35393, [15])
(35394, [3])
(35395, [3])
(35396, [3])
(35397, [3])
(35398, [3])
(35399, [3])
(35400, [3])
(35401, [3])
(35402, [3])
(35403, [3])
(35404, [3])
(35405, [3, 14])
(35406, [3])
(35407, [3, 12])
(35408, [3])
(35409, [3])
(35410, [3, 22])
(35411, [3])
(35412, [3])
(35413, [3])
(35414, [3, 12])
(35415, [3])
(35416, [3])
(35417, [3])
(35418, [3])
(35419, [3])
(35420, [3])
(35421, [3])
(35422, [3])
(35423, [3])
(35424, [3])
(35425, [3])
(35426, [3])
(35427, [3])
(35428, [3])
(35429, [3])
(35430, [3])
(35431, [12])
(35432, [12])
(35433, [12])
(35434, [12])
(35435, [12])
(35436, [12])
(35437, [12])
(35438, [12])
(35439, [12])
(35440, [12])
(35441, [12])
(35442, [12])
(35443, [12])
(35444, [12])
(35445, [12])
(35446, [12])
(35447, [12])
(35448, [12])
(35449, [12])
(35450, [12])
(35451, [12])
(35452, [12])
(35453, [12])
(35454, [12])
(35455, [12])
(35456, [12])
(35457, [12])
(35458, [12])
(35459, [12])
(35460, [12])
(35461, [12])
(35462, [12])
(35463, [12])
(35464, [12])
(35465, [12])
(35466, [12])
(35467, [12])
(35468, [12])
(35469, [12])
(35470, [12])
(35471, [12])
(35472, [12])
(35473, [12])
(35474, [12])
(35475, [12])
(35476, [12])
(35477, [12])
(35478, [12])
(35479, [12])
(35480, [12])
(35481, [12])
(35482, [12])
(35483, [12])
(35484, [12])
(35485, [12])
(35486, [12])
(35487, [12])
(35488, [12])
(35489, [12])
(35490, [12])
(35491, [12])
(35492, [12])
(35493, [12])
(35494, [12])
(35495, [12])
(35496, [12])
(35497, [12])
(35498, [12])
(35499, [12])
(35500, [12])
(35501, [12])
(35502, [12])
(35503, [12])
(35504, [40])
(35505, [40])
(35506, [2, 40])
(35507, [2])
(35508, [2])
(35509, [2])
(35510, [2])
(35511, [2])
(35512, [2])
(35513, [2])
(35514, [2])
(35515, [2])
(35516, [2])
(35517, [2])
(35518, [2])
(35519, [2])
(35520, [2])
(35521, [2])
(35522, [2])
(35523, [2])
(35524, [2])
(35525, [2])
(35526, [2])
(35527, [2])
(35528, [2])
(35529, [2])
(35530, [2])
(35531, [2])
(35532, [2])
(35533, [2])
(35534, [2])
(35535, [2])
(35536, [2])
(35537, [2])
(35538, [2])
(35539, [2])
(35540, [2])
(35541, [2])
(35542, [2])
(35543, [2])
(35544, [2])
(35545, [2])
(35546, [2])
(35547, [2])
(35548, [2])
(35549, [2])
(35550, [2])
(35551, [2])
(35552, [2])
(35553, [2])
(35554, [2])
(35555, [2])
(35556, [2])
(35557, [2])
(35558, [2])
(35559, [2])
(35560, [2])
(35561, [2])
(35562, [2])
(35563, [2])
(35564, [2])
(35565, [2])
(35566, [2, 14])
(35567, [2])
(35568, [2])
(35569, [2])
(35570, [2])
(35571, [2])
(35572, [2])
(35573, [2])
(35574, [2])
(35575, [2])
(35576, [2])
(35577, [2])
(35578, [2])
(35579, [2])
(35580, [2])
(35581, [2])
(35582, [2])
(35583, [2])
(35584, [2])
(35585, [2])
(35586, [2])
(35587, [2])
(35588, [2])
(35589, [2])
(35590, [13])
(35591, [13])
(35592, [5])
(35593, [5])
(35594, [5])
(35595, [5])
(35596, [5])
(35597, [14])
(35598, [14])
(35599, [14])
(35600, [14])
(35601, [14])
(35602, [14])
(35603, [14])
(35604, [14])
(35605, [14])
(35606, [14])
(35607, [14])
(35608, [14])
(35609, [14])
(35610, [14])
(35611, [14])
(35612, [14])
(35613, [14])
(35614, [22])
(35615, [22])
(35616, [22])
(35617, [22])
(35618, [22])
(35619, [22])
(35620, [22])
(35621, [22])
(35622, [22])
(35623, [22])
(35624, [22])
(35625, [22])
