(86481, [32, 34, 33, 0, 26, 31, 30])
(86482, [32, 35, 34, 33, 20, 18, 27, 9, 0, 11, 7, 29, 16, 42, 6, 28, 17, 1, 10, 19, 26, 8, 21, 44, 43, 38, 36, 31, 30, 37, 39, 41, 24, 23, 4, 15, 3, 12, 40, 2, 13, 5, 14, 22, 25])
(86483, [32, 35, 34, 33, 20, 18, 27, 9, 0, 11, 7, 29, 16, 42, 6, 28, 17, 1, 10, 19, 26, 8, 21, 44, 43, 38, 36, 31, 30, 37, 39, 41, 24, 23, 4, 15, 3, 12, 40, 2, 13, 5, 14, 22, 25])
(86484, [32, 35, 34, 33, 20, 18, 27, 9, 0, 11, 7, 29, 16, 42, 6, 28, 17, 1, 10, 19, 26, 8, 21, 44, 43, 38, 36, 31, 30, 37, 39, 41, 24, 23, 4, 15, 3, 12, 40, 2, 13, 5, 14, 22, 25])
(86485, [32, 35, 34, 33, 20, 18, 27, 9, 0, 11, 7, 29, 16, 42, 6, 28, 17, 1, 10, 19, 26, 8, 21, 44, 43, 38, 36, 31, 30, 37, 39, 41, 24, 23, 4, 15, 3, 12, 40, 2, 13, 5, 14, 22, 25])
(86486, [32, 35, 18, 17, 8, 43, 23, 15, 3])
(86487, [32, 17])
(86488, [32, 35, 34, 33, 20, 18, 27, 9, 0, 11, 7, 29, 16, 42, 6, 28, 17, 1, 10, 19, 26, 8, 21, 44, 43, 38, 36, 31, 30, 37, 39, 41, 24, 23, 4, 15, 3, 12, 40, 2, 13, 5, 14, 22, 25])
(86489, [32, 35, 34, 33, 20, 18, 27, 9, 0, 11, 7, 29, 16, 42, 6, 28, 17, 1, 10, 19, 26, 8, 21, 44, 43, 38, 36, 31, 30, 37, 39, 41, 24, 23, 4, 15, 3, 12, 40, 2, 13, 5, 14, 22, 25])
(86490, [32, 35, 34, 33, 20, 18, 27, 9, 0, 11, 7, 29, 16, 42, 6, 28, 17, 1, 10, 19, 26, 8, 21, 44, 43, 38, 36, 31, 30, 37, 39, 41, 24, 23, 4, 15, 3, 12, 40, 2, 13, 5, 14, 22, 25])
(86491, [32, 35, 34, 33, 20, 18, 27, 9, 0, 11, 7, 16, 6, 28, 17, 1, 10, 19, 26, 8, 21, 44, 43, 36, 31, 30, 39, 41, 24, 23, 4, 15, 3, 12, 40, 2, 5, 14, 22])
(86492, [32, 35, 34, 33, 20, 18, 27, 9, 0, 11, 7, 29, 16, 42, 6, 28, 17, 1, 10, 19, 26, 8, 21, 44, 43, 38, 36, 31, 30, 37, 39, 41, 24, 23, 4, 15, 3, 12, 40, 2, 13, 5, 14, 22, 25])
(86493, [32, 35, 34, 33, 20, 18, 27, 9, 0, 11, 7, 29, 16, 42, 6, 28, 17, 1, 10, 19, 26, 8, 21, 44, 43, 38, 36, 31, 30, 37, 39, 41, 24, 23, 4, 15, 3, 12, 40, 2, 13, 5, 14, 22, 25])
(86494, [32, 35, 34, 33, 20, 18, 27, 9, 0, 11, 7, 29, 16, 42, 6, 28, 17, 1, 10, 19, 26, 8, 21, 44, 43, 38, 36, 31, 30, 37, 39, 41, 24, 23, 4, 15, 3, 12, 40, 2, 13, 5, 14, 22, 25])
(86495, [32, 35, 34, 33, 20, 18, 27, 9, 0, 11, 7, 29, 16, 42, 6, 28, 17, 1, 10, 19, 26, 8, 21, 44, 43, 38, 36, 31, 30, 37, 39, 41, 24, 23, 4, 15, 3, 12, 40, 2, 13, 5, 14, 22, 25])
(86496, [32, 35, 34, 33, 20, 18, 27, 9, 0, 11, 7, 29, 16, 42, 6, 28, 17, 1, 10, 19, 26, 8, 21, 44, 43, 38, 36, 31, 30, 37, 39, 41, 24, 23, 4, 15, 3, 12, 40, 2, 13, 5, 14, 22, 25])
(86497, [32, 35, 34, 33, 20, 18, 27, 9, 0, 11, 7, 29, 16, 42, 6, 28, 17, 1, 10, 19, 26, 8, 21, 44, 43, 38, 36, 31, 30, 37, 39, 41, 24, 23, 4, 15, 3, 12, 40, 2, 13, 5, 14, 22, 25])
(86498, [32, 35, 34, 33, 18, 9, 0, 11, 7, 6, 1, 10, 19, 26, 44, 43, 38, 31, 30, 41, 24, 23, 4, 15, 3, 12, 40, 5, 22])
(86499, [32, 34, 33, 18, 11, 7, 1, 19, 44, 38, 36, 31, 30, 3, 2, 14])
(86500, [32, 34, 18, 29, 1, 21, 30, 4, 3])
(86501, [32, 34, 33, 20, 18, 9, 0, 11, 29, 16, 6, 17, 1, 19, 26, 8, 21, 44, 43, 36, 31, 30, 37, 41, 24, 4, 15, 3, 12, 40, 2, 13, 5, 14, 22])
(86502, [32, 33, 20, 27, 9, 0, 11, 7, 16, 42, 6, 17, 1, 19, 26, 21, 44, 43, 36, 31, 30, 39, 24, 23, 4, 15, 3, 12, 2, 13, 14])
(86503, [32, 1])
(86504, [32, 6, 1, 23, 4, 15])
(86505, [32, 35, 34, 33, 20, 18, 9, 0, 11, 7, 16, 42, 6, 28, 17, 1, 10, 19, 26, 8, 21, 44, 43, 38, 36, 31, 30, 39, 41, 24, 23, 15, 3, 12, 40, 2, 13, 14])
(86506, [32, 35, 34, 33, 20, 18, 27, 9, 0, 11, 7, 29, 16, 42, 6, 28, 17, 1, 19, 26, 8, 21, 44, 43, 36, 31, 30, 37, 39, 41, 24, 23, 4, 15, 3, 12, 40, 2, 13, 5, 14, 22, 25])
(86507, [32, 35, 34, 33, 20, 18, 27, 9, 0, 11, 7, 29, 16, 42, 6, 28, 17, 1, 10, 19, 26, 8, 21, 44, 43, 38, 36, 31, 30, 37, 39, 41, 24, 23, 4, 15, 3, 12, 40, 2, 13, 5, 14, 22, 25])
(86508, [32, 30])
(86509, [32, 34, 33, 0, 42, 17, 1, 10, 26, 43, 31, 41, 24, 3, 12, 2])
(86510, [32, 34, 33, 18, 11, 1, 19, 21, 44, 31, 23, 4, 3, 40])
(86511, [32, 34, 9, 0, 26, 8, 36, 31, 30, 41, 24, 23, 4, 15, 12, 2, 14])
(86512, [32, 35, 34, 33, 18, 9, 0, 11, 7, 6, 17, 1, 19, 26, 21, 44, 43, 31, 41, 24, 23, 4, 15, 3, 12, 40, 2, 14])
(86513, [32, 34, 33, 9, 11, 16, 1, 26, 8, 21, 44, 43, 38, 31, 30, 23, 4, 15, 3, 12, 40, 2, 13, 5, 22])
(86514, [32, 33, 20, 18, 9, 7, 16, 42, 6, 1, 19, 8, 21, 44, 43, 38, 31, 4, 3, 40, 22])
(86515, [32, 8])
(86516, [32, 35, 34, 33, 20, 18, 27, 9, 0, 11, 7, 16, 6, 17, 1, 19, 26, 8, 21, 44, 43, 31, 30, 39, 41, 24, 23, 4, 15, 3, 12, 40, 2, 14, 22])
(86517, [32, 35, 34, 33, 18, 27, 9, 11, 7, 16, 42, 6, 1, 19, 8, 21, 44, 43, 38, 36, 31, 30, 39, 41, 23, 4, 15, 3, 12, 40, 2, 5, 22])
(86518, [32, 33, 9, 0, 17, 43, 30, 41, 4, 40, 2, 22])
(86519, [32, 35, 34, 33, 20, 18, 27, 9, 0, 11, 7, 29, 16, 42, 6, 28, 17, 1, 10, 19, 26, 8, 21, 44, 43, 38, 36, 31, 30, 37, 39, 41, 24, 23, 4, 15, 3, 12, 40, 2, 13, 5, 14, 22, 25])
(86520, [32, 34, 18, 0, 7, 42, 1, 19, 21, 44, 31, 30, 23, 15, 3, 40])
(86521, [32, 35, 34, 33, 20, 18, 27, 9, 0, 11, 7, 16, 42, 6, 28, 17, 1, 19, 26, 8, 21, 44, 43, 36, 31, 30, 41, 24, 23, 4, 15, 3, 12, 40, 2, 13, 5, 14, 22])
(86522, [32, 35, 34, 33, 20, 18, 27, 9, 0, 11, 7, 29, 16, 42, 6, 28, 17, 1, 19, 26, 8, 44, 43, 36, 31, 30, 37, 39, 41, 24, 23, 4, 15, 3, 12, 40, 2, 13, 14])
(86523, [32, 35, 34, 33, 20, 18, 27, 9, 0, 11, 29, 16, 42, 6, 17, 1, 10, 19, 26, 8, 21, 44, 43, 36, 31, 30, 41, 24, 23, 4, 15, 3, 12, 40, 2, 13, 5, 14])
(86524, [32, 34, 33, 18, 9, 0, 11, 16, 42, 6, 17, 1, 19, 26, 21, 44, 43, 38, 36, 31, 30, 39, 41, 24, 23, 4, 15, 3, 12, 40, 2, 13, 14])
(86525, [32, 34, 33, 6, 26, 44, 4, 12, 2, 13])
(86526, [32, 6, 19])
(86527, [32, 34, 33, 20, 18, 9, 0, 11, 7, 16, 42, 6, 17, 1, 10, 19, 26, 8, 21, 44, 38, 36, 31, 30, 39, 41, 24, 15, 3, 12, 2, 25])
(86528, [32, 34, 33, 18, 27, 9, 0, 11, 7, 16, 6, 28, 17, 1, 10, 19, 26, 44, 43, 36, 31, 30, 41, 24, 23, 4, 15, 3, 12, 40, 2, 14, 22])
(86529, [32, 35, 34, 20, 18, 9, 0, 16, 28, 17, 1, 19, 26, 8, 21, 44, 43, 38, 31, 30, 23, 4, 15, 3, 12, 2, 13, 14, 22])
(86530, [32, 35, 33, 20, 18, 27, 9, 11, 7, 16, 42, 6, 17, 1, 10, 19, 26, 8, 21, 44, 43, 31, 30, 39, 41, 24, 23, 4, 15, 3, 12, 40, 2, 13, 5, 14, 22])
(86531, [32, 35, 34, 43, 23, 12])
(86532, [32, 35, 33, 9, 0, 29, 6, 1, 19, 43, 30, 24, 23, 4, 15, 3, 12, 2, 14, 22])
(86533, [32, 1, 3, 40, 2])
(86534, [32])
(86535, [32, 34, 33, 9, 11, 1, 19, 26, 31, 41, 3])
(86536, [32, 33, 0, 11, 7, 6, 17, 1, 19, 26, 21, 44, 43, 38, 30, 23, 4, 15, 12, 22])
(86537, [32, 9, 11, 6, 17, 1, 10, 44, 36, 31, 30, 41, 24, 15, 3, 2])
(86538, [32, 35, 18, 27, 21, 30, 24, 4, 15, 22])
(86539, [32, 35, 34, 33, 9, 6, 1, 19, 44, 43, 36, 31, 30, 41, 24, 4, 15, 3, 12, 5, 14])
(86540, [32, 1, 4, 22])
(86541, [32, 34, 11, 1, 43, 31, 30, 23, 3, 12, 2])
(86542, [32, 34, 18, 9, 0, 6, 1, 19, 8, 21, 31, 30, 41, 23, 4, 15, 3, 12, 40, 2, 14])
(86543, [32, 33, 26, 31, 30, 14])
(86544, [32, 33, 44, 31])
(86545, [32, 35, 34, 33, 18, 27, 9, 29, 6, 17, 1, 19, 26, 8, 21, 44, 43, 31, 30, 39, 41, 24, 23, 3, 40, 2, 22, 25])
(86546, [32, 35, 34, 33, 20, 9, 0, 11, 7, 29, 16, 17, 1, 19, 26, 21, 44, 43, 38, 31, 30, 41, 4, 15, 3, 2, 13, 22, 25])
(86547, [32, 34, 33, 20, 18, 9, 0, 11, 16, 1, 10, 19, 26, 8, 44, 43, 31, 30, 41, 24, 23, 4, 15, 3, 12, 40, 2, 13, 5])
(86548, [32, 34, 33, 20, 9, 0, 42, 17, 26, 44, 43, 36, 31, 30, 37, 41, 4, 15, 3, 12, 40, 2, 13, 5, 14, 25])
(86549, [32, 34, 33, 18, 9, 0, 11, 6, 17, 19, 26, 8, 44, 43, 36, 31, 30, 41, 24, 4, 15, 3, 12, 2, 13, 14, 22])
(86550, [32, 34, 9, 11, 7, 16, 42, 17, 19, 8, 44, 43, 39, 41, 24, 4, 15, 3, 12, 2, 13, 14])
(86551, [32, 34, 20, 0, 11, 7, 42, 6, 1, 10, 19, 21, 44, 43, 38, 36, 23, 15, 3, 12, 40, 2, 14])
(86552, [32, 19, 26, 43, 36, 41, 23, 4, 12])
(86553, [32, 18, 27, 9, 16, 17, 1, 19, 21, 43, 30, 41, 24, 23, 4, 15, 3, 12, 2])
(86554, [32, 18, 16, 6, 28, 10, 26, 44, 43, 31, 30, 41, 24, 4, 15, 2, 14])
(86555, [32, 34, 20, 9, 0, 11, 7, 16, 6, 17, 19, 26, 44, 43, 38, 39, 41, 24, 23, 4, 15, 3, 12, 40, 2, 13, 14])
(86556, [32, 35, 18, 6, 8, 23, 15])
(86557, [32, 34, 33, 18, 9, 0, 11, 7, 42, 6, 1, 19, 43, 31, 41, 24, 23, 4, 3, 12, 2, 13])
(86558, [32, 1, 21])
(86559, [32, 6, 43, 3])
(86560, [32, 35, 34, 33, 20, 18, 27, 9, 0, 11, 7, 16, 42, 6, 28, 17, 1, 19, 26, 8, 44, 43, 36, 31, 30, 37, 39, 41, 24, 23, 4, 15, 3, 12, 40, 2, 14])
(86561, [32, 34, 33, 11, 6, 31, 30, 23, 15, 3])
(86562, [32])
(86563, [32, 20, 18, 42, 6, 1, 19, 43, 31, 23, 4, 15, 3, 12])
(86564, [32, 33, 20, 18, 9, 11, 7, 16, 42, 6, 17, 1, 19, 26, 8, 21, 44, 43, 38, 36, 31, 37, 23, 4, 15, 3, 12, 40, 2, 13, 14, 22])
(86565, [32, 34, 33, 20, 18, 9, 11, 16, 6, 17, 1, 10, 19, 8, 21, 44, 43, 38, 36, 31, 30, 41, 23, 4, 15, 3, 12, 2, 14, 22])
(86566, [32, 35, 18, 16, 8, 21, 43, 23, 12, 5, 14])
(86567, [32, 35, 34, 20, 18, 27, 9, 0, 11, 16, 42, 6, 28, 1, 10, 26, 8, 21, 44, 43, 39, 41, 24, 23, 4, 15, 3, 12, 40, 2, 5, 22])
(86568, [32])
(86569, [32, 33, 0, 4, 2])
(86570, [32, 18, 6, 4])
(86571, [32, 35, 18, 9, 0, 6, 17, 1, 26, 8, 43, 30, 37, 4, 3, 12, 14, 25])
(86572, [32, 43, 31, 41, 4, 15, 3])
(86573, [32, 35, 34, 33, 18, 27, 9, 11, 16, 6, 1, 19, 26, 8, 44, 43, 31, 37, 41, 24, 23, 4, 15, 3, 12, 40, 2, 13, 14])
(86574, [32, 35, 34, 33, 18, 7, 16, 6, 1, 19, 26, 21, 43, 31, 30, 23, 3, 12])
(86575, [32, 34, 20, 18, 9, 0, 11, 16, 6, 28, 17, 1, 19, 26, 44, 43, 36, 31, 39, 41, 24, 23, 4, 15, 3, 12, 40, 2, 13, 5, 14])
(86576, [32, 35, 34, 33, 18, 27, 9, 0, 11, 16, 42, 6, 17, 1, 19, 26, 21, 44, 43, 38, 36, 31, 30, 37, 39, 41, 24, 23, 4, 15, 3, 12, 40, 2, 13, 14, 22])
(86577, [32, 34, 33, 27, 1, 31, 41])
(86578, [32, 35, 34, 33, 20, 18, 9, 0, 11, 7, 29, 16, 42, 17, 1, 19, 26, 8, 21, 44, 38, 31, 30, 37, 39, 23, 4, 15, 3, 12, 2, 5, 14, 22])
(86579, [32, 9, 1, 8, 21, 43, 3, 12, 2])
(86580, [32, 34, 0, 16, 1, 10, 44, 30, 4, 15, 3, 2])
(86581, [32, 35, 34, 27, 9, 0, 7, 17, 1, 19, 26, 21, 44, 30, 41, 24, 4, 15, 3, 12, 40, 2, 14])
(86582, [32])
(86583, [32])
(86584, [32, 30])
(86585, [32, 33, 18, 9, 1, 19, 8, 21, 31, 39, 41, 24, 40, 22])
(86586, [32, 35, 34, 33, 20, 18, 9, 11, 7, 29, 16, 1, 19, 26, 21, 44, 43, 36, 31, 30, 37, 24, 23, 4, 3, 12, 40, 2, 13, 14, 22])
(86587, [32, 33, 18, 11, 29, 1, 19, 31, 30, 24, 2, 22])
(86588, [32, 35, 8, 31, 23])
(86589, [32, 35, 9, 4])
(86590, [32, 35, 34, 20, 9, 0, 11, 7, 16, 6, 28, 1, 19, 26, 8, 44, 43, 36, 31, 30, 39, 41, 24, 23, 3, 12, 2, 14])
(86591, [32, 33, 9, 7, 6, 17, 31, 41, 24, 4, 14])
(86592, [32, 34, 33, 11, 6, 19, 44, 31, 3, 13])
(86593, [32, 35, 34, 33, 20, 18, 0, 7, 16, 6, 17, 1, 26, 21, 43, 31, 30, 41, 23, 4, 3, 2, 13, 14, 22])
(86594, [32, 34, 33, 20, 18, 0, 11, 6, 1, 10, 21, 44, 43, 41, 23, 15, 3, 40, 2])
(86595, [32, 17, 1, 26, 2, 14])
(86596, [32, 43])
(86597, [32, 34, 18, 17, 1, 21, 44, 41, 3, 40, 13])
(86598, [32, 0, 11, 6, 1, 19, 43, 30, 24, 12, 2])
(86599, [32, 20, 18, 9, 17, 1, 10, 19, 8, 21, 44, 43, 30, 37, 23, 4, 15, 3, 2, 22])
(86600, [32, 11, 42, 1, 21, 44, 41, 15, 3])
(86601, [32, 33, 43])
(86602, [32, 9, 0, 11, 7, 42, 6, 17, 1, 19, 44, 43, 41, 12, 2, 14])
(86603, [32, 35, 34, 20, 18, 27, 9, 0, 11, 7, 16, 42, 6, 28, 17, 1, 10, 19, 26, 21, 44, 43, 36, 41, 24, 23, 4, 15, 3, 12, 2, 13, 14])
(86604, [32, 34, 33, 20, 27, 9, 0, 11, 7, 16, 42, 17, 1, 19, 26, 44, 31, 30, 24, 23, 4, 15, 3, 2, 13, 25])
(86605, [32, 20, 0, 7, 1, 19, 44, 15, 3, 40, 2])
(86606, [32, 33, 0, 6, 28, 1, 8, 31, 3, 12, 2, 5])
(86607, [32, 6, 17, 26, 4, 2])
(86608, [32, 18, 6, 43, 41, 24, 15])
(86609, [32, 35, 34, 33, 18, 11, 29, 6, 17, 1, 26, 8, 44, 43, 38, 37, 39, 23, 15, 3, 12, 2, 5, 14, 22])
(86610, [32, 33, 20, 0, 1, 19, 21, 44, 38, 4, 3, 12, 2, 22])
(86611, [32, 36])
(86612, [32, 35, 33, 18, 9, 0, 11, 7, 16, 42, 6, 28, 1, 19, 26, 44, 43, 38, 36, 31, 41, 23, 4, 3, 12, 40, 2, 13, 14])
(86613, [32, 34, 33, 18, 9, 11, 7, 16, 42, 28, 17, 1, 19, 26, 21, 44, 43, 23, 15, 3, 12, 2, 13, 14, 22])
(86614, [32, 42, 21, 3])
(86615, [32, 20, 18, 0, 6, 26, 30, 41, 23, 3, 2, 13, 22])
(86616, [35, 34, 33, 20, 18, 27, 9, 0, 11, 7, 29, 16, 42, 6, 28, 1, 10, 19, 26, 8, 21, 44, 43, 38, 36, 31, 30, 37, 39, 41, 24, 23, 4, 15, 3, 12, 40, 2, 13, 5, 14, 22, 25])
(86617, [35, 34, 33, 20, 18, 27, 9, 0, 11, 7, 29, 16, 42, 6, 28, 1, 10, 19, 26, 8, 21, 44, 43, 38, 36, 31, 30, 37, 39, 41, 24, 23, 4, 15, 3, 12, 40, 2, 13, 5, 14, 22, 25])
(86618, [35, 18, 9, 7, 16, 1, 19, 8, 21, 44, 43, 31, 23, 4, 15, 3, 12, 40, 2, 5])
(86619, [35, 33, 20, 18, 9, 0, 11, 7, 29, 6, 17, 1, 19, 8, 21, 44, 43, 31, 23, 15, 3, 12, 2, 22])
(86620, [35, 34, 33, 20, 18, 27, 9, 0, 11, 7, 16, 42, 6, 28, 17, 1, 19, 26, 44, 36, 31, 41, 24, 23, 4, 15, 3, 12, 40, 2, 13, 14, 22])
(86621, [35, 33, 9, 11, 7, 16, 1, 19, 26, 21, 44, 15, 3, 12, 22])
(86622, [35])
(86623, [35])
(86624, [35])
(86625, [35, 6, 30, 4])
(86626, [35])
(86627, [35, 20, 18, 8, 21, 23, 15])
(86628, [35, 9, 6, 17, 1, 19, 21, 44, 30, 37, 4, 15, 3, 5, 14])
(86629, [35, 34, 33, 9, 11, 7, 16, 6, 17, 1, 19, 26, 21, 44, 43, 38, 41, 24, 23, 4, 15, 3, 40, 2, 13, 14])
(86630, [35])
(86631, [35])
(86632, [35, 20, 18, 0, 16, 42, 1, 8, 21, 38, 24, 4, 15, 3, 12, 2, 13])
(86633, [35, 20, 18, 9, 0, 42, 6, 1, 26, 43, 23, 4, 3, 40, 2])
(86634, [35, 33, 20, 9, 0, 11, 42, 17, 1, 8, 21, 36, 31, 24, 4, 15, 3, 12, 40, 13])
(86635, [35, 37])
(86636, [35, 33, 20, 10, 2])
(86637, [35])
(86638, [35])
(86639, [35, 34, 33, 18, 9, 7, 1, 10, 19, 8, 21, 44, 43, 31, 37, 3, 12, 5])
(86640, [35, 18, 1, 23, 3])
(86641, [35, 18, 6, 43, 31, 41, 24, 23, 15, 12, 2])
(86642, [35])
(86643, [35, 4])
(86644, [35])
(86645, [35, 18, 8, 23, 14])
(86646, [35])
(86647, [35])
(86648, [35, 9, 0, 42, 43, 30, 4, 3])
(86649, [35])
(86650, [35, 34, 20, 0, 7, 16, 28, 17, 1, 10, 19, 26, 8, 21, 44, 38, 30, 39, 41, 3, 12, 2, 13, 5, 14])
(86651, [35])
(86652, [35, 34, 18, 17, 1, 44, 43, 41, 4, 15, 3, 12, 2, 5])
(86653, [35])
(86654, [35, 18, 8, 30, 3])
(86655, [35, 20, 9, 11, 17, 1, 19, 26, 8, 21, 38, 15, 3, 12, 2, 13, 5, 14, 22])
(86656, [35, 18, 43, 23, 3])
(86657, [35])
(86658, [35, 33, 1, 26, 3, 2])
(86659, [35])
(86660, [35, 33, 9, 11, 7, 28, 17, 1, 26, 44, 43, 37, 4, 15, 3, 2, 22])
(86661, [35, 18, 9, 1, 19, 22])
(86662, [35, 11, 44])
(86663, [34, 20, 0, 7, 16, 10, 26, 8, 36, 30, 4, 3, 2])
(86664, [34, 3])
(86665, [34, 42, 6, 28, 1])
(86666, [34, 18, 0, 7, 6, 1, 19, 43, 31, 30, 23, 15, 3, 13, 22])
(86667, [34, 33, 18, 16, 6, 28, 17, 1, 37, 23, 12, 2, 5])
(86668, [34, 33, 16, 1, 38, 4, 3])
(86669, [34])
(86670, [34])
(86671, [34, 33, 20, 9, 0, 11, 7, 1, 21, 44, 39, 41, 23, 3, 12, 2])
(86672, [34, 33, 20, 18, 9, 0, 17, 1, 21, 23, 15, 3, 12, 2, 13, 5, 14])
(86673, [34, 6, 17, 1, 19, 8, 21, 44, 37, 39, 41, 24, 23, 15, 3, 2, 13, 22])
(86674, [34, 20, 18, 42, 6, 1, 8, 43, 4, 2])
(86675, [34])
(86676, [34])
(86677, [34])
(86678, [34, 11, 31, 12, 40])
(86679, [34, 27, 9, 0, 11, 16, 28, 17, 1, 10, 44, 31, 30, 39, 41, 15, 12, 40, 2, 13, 22])
(86680, [34, 0])
(86681, [34, 33, 18, 7, 17, 1, 26, 44, 43, 41, 3, 2])
(86682, [34, 2])
(86683, [34])
(86684, [34, 9, 11, 7, 16, 1, 19, 8, 44, 23])
(86685, [34, 33, 9, 8, 23])
(86686, [34, 18])
(86687, [34])
(86688, [34, 33, 18, 9, 6, 17, 21, 44, 43, 31, 30, 37, 41, 23, 4, 15, 40])
(86689, [34, 33, 0, 6, 12])
(86690, [34, 33, 18, 9, 11, 17, 1, 19, 26, 8, 21, 44, 43, 31, 41, 23, 4, 15, 3, 40, 2, 13])
(86691, [34, 33, 20, 18, 9, 11, 7, 16, 6, 17, 1, 10, 19, 26, 44, 30, 41, 24, 23, 15, 3, 12, 2])
(86692, [34, 33, 20, 9, 0, 17, 43, 36, 31, 12, 2])
(86693, [34, 0, 6, 31, 30, 15, 3])
(86694, [34, 18, 0, 11, 7, 42, 1, 19, 44, 30, 15, 3, 12])
(86695, [34])
(86696, [34, 0, 12])
(86697, [34])
(86698, [34, 20, 1, 3])
(86699, [34, 0, 11, 16, 42, 44, 12])
(86700, [34, 33, 18, 6, 1, 43, 38, 3])
(86701, [34, 20, 11, 7, 6, 10, 26, 30, 12, 2])
(86702, [34])
(86703, [34])
(86704, [34, 16, 17, 19, 31])
(86705, [34, 33, 11, 26, 31, 40, 14])
(86706, [34])
(86707, [34, 18])
(86708, [34, 33, 18, 9, 11, 29, 6, 17, 1, 10, 19, 21, 44, 36, 39, 23, 3, 12, 22])
(86709, [34, 18, 19, 26, 43, 30, 24, 4, 2])
(86710, [34])
(86711, [34])
(86712, [34, 33, 18, 9, 0, 11, 26, 12, 2])
(86713, [34, 0, 11, 7, 17, 19, 26, 12, 2])
(86714, [34, 1, 4, 12])
(86715, [34, 0])
(86716, [34, 18, 21])
(86717, [34])
(86718, [34, 20, 0, 11, 1, 10, 41, 12, 2])
(86719, [34, 0])
(86720, [34])
(86721, [34, 9, 16, 1, 19, 21, 30, 24, 23, 3, 12, 5])
(86722, [34])
(86723, [34, 18, 0, 11, 16, 6, 19, 8, 44, 5])
(86724, [33, 9, 26])
(86725, [33, 30])
(86726, [33, 18, 11, 7, 19, 21])
(86727, [33, 18, 0, 11, 29, 42, 43, 41, 22])
(86728, [33, 10, 26, 8, 31, 41, 24, 23, 15, 3, 2])
(86729, [33, 20, 0, 11, 16, 6, 28, 17, 1, 26, 44, 43, 31, 41, 24, 4, 15, 3, 12, 40, 2, 13, 14])
(86730, [33, 31, 30])
(86731, [33, 24])
(86732, [33, 27, 42, 1, 19, 26, 15])
(86733, [33])
(86734, [33, 44, 36])
(86735, [33, 15])
(86736, [33, 16, 19, 2])
(86737, [33, 1, 3])
(86738, [33, 9, 11, 7, 17, 19, 26, 44, 43, 36, 24, 4, 12, 2, 13])
(86739, [33, 20, 18, 9, 0, 11, 29, 16, 42, 6, 17, 1, 10, 26, 44, 43, 36, 31, 30, 39, 23, 4, 15, 3, 12, 2, 22])
(86740, [33])
(86741, [33, 9, 11, 16, 17, 26, 44, 37, 41, 23, 3, 12, 2, 13])
(86742, [33, 31, 30])
(86743, [33])
(86744, [33, 19])
(86745, [33, 9])
(86746, [33, 0, 11, 17, 44])
(86747, [33, 13])
(86748, [33, 0, 1, 44])
(86749, [33, 11, 17, 1, 19, 21, 44, 43, 4, 15, 3, 12, 2, 22, 25])
(86750, [33, 11, 30])
(86751, [33])
(86752, [33, 18, 0, 11, 1, 10, 19, 26, 8, 44, 36, 37, 24, 23, 3, 12, 2, 5, 14])
(86753, [33, 18, 7, 29, 16, 6, 17, 1, 19, 44, 31, 15, 3, 12, 2, 14])
(86754, [33, 7, 29, 19, 31, 2])
(86755, [33, 18, 0, 7, 16, 42, 6, 19, 31, 30, 23, 3, 2])
(86756, [33])
(86757, [33, 16, 1, 5])
(86758, [33])
(86759, [33, 21, 44, 30, 23])
(86760, [20, 19, 30])
(86761, [20, 0, 16, 28, 1, 43, 15, 12, 22])
(86762, [20, 16, 17, 1, 44, 15])
(86763, [20, 0, 16, 42, 17, 19, 37, 41, 23, 15, 3, 40, 2, 14])
(86764, [20, 7, 19, 43, 41])
(86765, [20, 9, 10])
(86766, [20, 18, 0, 16, 1, 10, 19, 4, 12, 2, 14])
(86767, [20, 19, 26, 21, 30, 3])
(86768, [20, 0, 42, 28, 1, 44, 43, 36, 3, 12, 2, 14])
(86769, [20])
(86770, [20])
(86771, [20])
(86772, [20, 18, 27, 0, 17, 1, 26, 44, 31, 37, 41, 3, 12])
(86773, [20])
(86774, [20, 1])
(86775, [20, 18, 0, 6, 26, 12])
(86776, [20, 0, 41, 3, 12])
(86777, [20, 43])
(86778, [20])
(86779, [20, 9, 0, 11, 16, 42, 1, 26, 21, 43, 41, 4, 3, 12])
(86780, [20])
(86781, [20, 7, 4, 3])
(86782, [20, 0, 42, 17, 39, 41, 23])
(86783, [20, 16, 6, 43, 23, 15, 3, 40, 2, 22])
(86784, [20])
(86785, [20, 9, 19, 8, 23])
(86786, [20])
(86787, [20, 16, 1, 26, 31, 41, 4, 2])
(86788, [20, 10, 19, 44, 31, 12, 2])
(86789, [20, 18, 0, 1, 19, 26, 21, 30, 39, 41, 23, 4, 3, 2, 13])
(86790, [20])
(86791, [20])
(86792, [20, 1, 19, 21, 44, 30, 3, 12, 2])
(86793, [20, 0, 7, 6, 17, 1, 36, 3, 2])
(86794, [20, 18, 0])
(86795, [18])
(86796, [18])
(86797, [18])
(86798, [18])
(86799, [18])
(86800, [18])
(86801, [18])
(86802, [18, 21, 13])
(86803, [18])
(86804, [18])
(86805, [18])
(86806, [18, 43, 31])
(86807, [18, 0, 11, 7, 16, 1, 10, 19, 26, 44, 31, 30, 3, 12, 2])
(86808, [18, 8, 23, 3])
(86809, [18, 1, 19, 21, 44, 41, 15, 22])
(86810, [18, 29])
(86811, [18])
(86812, [18])
(86813, [18])
(86814, [18, 11, 7, 16, 42, 17, 1, 21, 37, 23, 3, 12, 2, 5, 14])
(86815, [18, 0, 26, 44, 23, 5])
(86816, [18, 9, 11, 1, 21, 43, 30, 23, 4, 3, 2, 22])
(86817, [18])
(86818, [18, 9, 6, 19, 30, 41, 15, 40, 2, 14])
(86819, [18, 0, 11, 29, 16, 17, 1, 10, 26, 24, 23, 14])
(86820, [18])
(86821, [18, 0, 1, 19, 26, 43, 36, 30, 24, 23, 4, 2])
(86822, [18, 11, 1, 30, 3])
(86823, [18, 23])
(86824, [18, 6, 1, 3])
(86825, [18, 3])
(86826, [18, 29])
(86827, [18])
(86828, [18])
(86829, [18])
(86830, [18])
(86831, [18])
(86832, [18])
(86833, [18])
(86834, [18])
(86835, [18, 27, 0, 19, 21, 31, 41, 15, 3, 2, 14])
(86836, [18])
(86837, [18, 6, 40])
(86838, [18])
(86839, [18])
(86840, [18, 16, 1, 21, 23, 3])
(86841, [18])
(86842, [18, 16, 1, 26, 3, 2])
(86843, [18, 0, 7])
(86844, [18])
(86845, [18])
(86846, [18])
(86847, [18])
(86848, [18, 1, 15, 2])
(86849, [18])
(86850, [18, 43, 31])
(86851, [18, 41, 13])
(86852, [18])
(86853, [18])
(86854, [18])
(86855, [18])
(86856, [18, 23])
(86857, [18, 9, 6, 43, 41, 13])
(86858, [18, 23])
(86859, [18])
(86860, [18, 7, 6, 1, 43, 3])
(86861, [18])
(86862, [18, 8, 5])
(86863, [18, 23, 14])
(86864, [18, 26])
(86865, [18])
(86866, [18, 26, 24, 23, 15])
(86867, [18])
(86868, [18])
(86869, [18, 9, 19, 23, 22])
(86870, [18])
(86871, [18])
(86872, [18])
(86873, [18])
(86874, [18])
(86875, [18])
(86876, [18])
(86877, [18])
(86878, [18, 2])
(86879, [18])
(86880, [18])
(86881, [18, 23])
(86882, [18])
(86883, [18, 30])
(86884, [18])
(86885, [18])
(86886, [27, 43, 23, 15, 13])
(86887, [27, 9, 38, 36, 15, 40, 2, 22])
(86888, [27, 12])
(86889, [27, 9, 0, 16, 1, 43, 23, 12, 2])
(86890, [27])
(86891, [27])
(86892, [27])
(86893, [27])
(86894, [9])
(86895, [9, 0, 11, 16, 1, 26, 43, 36, 4, 15, 3, 12, 2, 14])
(86896, [9])
(86897, [9])
(86898, [9])
(86899, [9])
(86900, [9, 0, 11, 7, 16, 42, 1, 10, 19, 21, 36, 24, 23, 4, 15, 3, 12, 2, 5])
(86901, [9, 12])
(86902, [9])
(86903, [9, 10, 26, 43, 23, 2])
(86904, [9, 2])
(86905, [9, 1, 43])
(86906, [9])
(86907, [9])
(86908, [9])
(86909, [9, 0, 39, 23, 3, 12])
(86910, [9])
(86911, [9])
(86912, [9])
(86913, [9, 0, 1, 43, 41, 4])
(86914, [9, 26, 21, 15])
(86915, [9])
(86916, [9, 11, 1, 19, 26, 41, 24, 4, 3, 12, 2])
(86917, [9, 1, 43, 36, 31, 37, 39, 41, 4, 3, 2])
(86918, [9])
(86919, [9])
(86920, [9, 1, 19, 38, 23, 3, 2, 22])
(86921, [9, 0, 1, 19, 26, 21, 44, 3, 40, 2, 22])
(86922, [9])
(86923, [9])
(86924, [9, 0])
(86925, [9])
(86926, [9])
(86927, [9])
(86928, [9])
(86929, [9, 16, 17, 10, 19, 44, 43, 24, 12, 2, 22])
(86930, [9, 1, 2])
(86931, [9, 6, 1, 4])
(86932, [9, 39])
(86933, [9])
(86934, [9])
(86935, [9, 22])
(86936, [9, 0, 37, 24, 3])
(86937, [0])
(86938, [0])
(86939, [0, 12])
(86940, [0])
(86941, [0])
(86942, [0])
(86943, [0, 1, 3])
(86944, [0])
(86945, [0])
(86946, [0])
(86947, [0, 11])
(86948, [0])
(86949, [0])
(86950, [0])
(86951, [0])
(86952, [0, 11, 4, 2])
(86953, [0])
(86954, [0])
(86955, [0, 3])
(86956, [0])
(86957, [0])
(86958, [0])
(86959, [0])
(86960, [0])
(86961, [0])
(86962, [0, 12])
(86963, [0])
(86964, [0, 12])
(86965, [0])
(86966, [0])
(86967, [0])
(86968, [0, 36, 3])
(86969, [0, 1, 10, 4, 12, 2])
(86970, [0, 11, 42, 28, 1, 37, 41, 3, 12])
(86971, [0, 12])
(86972, [0])
(86973, [0])
(86974, [0])
(86975, [0])
(86976, [0])
(86977, [0])
(86978, [0])
(86979, [0])
(86980, [0])
(86981, [0])
(86982, [0, 11, 1, 3, 12, 2])
(86983, [0])
(86984, [0])
(86985, [0])
(86986, [0])
(86987, [0])
(86988, [0, 11, 44, 30, 24])
(86989, [0, 17])
(86990, [0])
(86991, [0])
(86992, [0])
(86993, [0, 16, 1, 26, 44, 4, 3, 12])
(86994, [0])
(86995, [0])
(86996, [0, 19, 30, 3, 12, 2])
(86997, [0])
(86998, [0])
(86999, [0])
(87000, [0])
(87001, [0, 12])
(87002, [0, 12])
(87003, [0])
(87004, [0])
(87005, [0])
(87006, [0, 1])
(87007, [0])
(87008, [0])
(87009, [0])
(87010, [0])
(87011, [0])
(87012, [0])
(87013, [0])
(87014, [0])
(87015, [0, 2])
(87016, [0])
(87017, [0])
(87018, [0])
(87019, [0])
(87020, [0])
(87021, [0])
(87022, [0])
(87023, [0])
(87024, [0])
(87025, [0, 1, 8])
(87026, [0])
(87027, [0])
(87028, [0])
(87029, [0])
(87030, [0, 44, 41, 3])
(87031, [0])
(87032, [0])
(87033, [0])
(87034, [0])
(87035, [0])
(87036, [0, 26, 8, 36])
(87037, [0])
(87038, [0])
(87039, [0])
(87040, [0, 12])
(87041, [0])
(87042, [0])
(87043, [0])
(87044, [0])
(87045, [0])
(87046, [0])
(87047, [0])
(87048, [0])
(87049, [0, 17, 19, 12, 2])
(87050, [0])
(87051, [0])
(87052, [0])
(87053, [0])
(87054, [0])
(87055, [0])
(87056, [0])
(87057, [0])
(87058, [0, 1, 21, 44, 3, 14])
(87059, [0])
(87060, [0])
(87061, [0])
(87062, [0])
(87063, [0])
(87064, [0])
(87065, [0, 2])
(87066, [0])
(87067, [0])
(87068, [0])
(87069, [0])
(87070, [0])
(87071, [0])
(87072, [0])
(87073, [0])
(87074, [0])
(87075, [0])
(87076, [0, 31, 23])
(87077, [0])
(87078, [0])
(87079, [0, 11])
(87080, [0, 1, 3, 12, 14])
(87081, [0])
(87082, [0])
(87083, [0])
(87084, [0])
(87085, [0])
(87086, [0])
(87087, [0])
(87088, [0, 12])
(87089, [0])
(87090, [0])
(87091, [0, 1, 31, 3])
(87092, [0])
(87093, [0])
(87094, [0])
(87095, [0])
(87096, [0, 11, 19, 3])
(87097, [0])
(87098, [0])
(87099, [0, 1])
(87100, [0, 23, 3, 12])
(87101, [0])
(87102, [0, 36, 14])
(87103, [0])
(87104, [0])
(87105, [0])
(87106, [0])
(87107, [0])
(87108, [0])
(87109, [0])
(87110, [0])
(87111, [0])
(87112, [0])
(87113, [0])
(87114, [0, 16, 17, 1, 2])
(87115, [0])
(87116, [0, 11, 7, 1, 19, 44, 3])
(87117, [0])
(87118, [0])
(87119, [0])
(87120, [0])
(87121, [0])
(87122, [0])
(87123, [0])
(87124, [0])
(87125, [0])
(87126, [0])
(87127, [0, 12])
(87128, [0])
(87129, [0])
(87130, [0])
(87131, [0])
(87132, [0])
(87133, [0, 17, 12, 2])
(87134, [0])
(87135, [0])
(87136, [0])
(87137, [0])
(87138, [0])
(87139, [0])
(87140, [0, 12])
(87141, [0])
(87142, [0])
(87143, [0])
(87144, [0])
(87145, [0])
(87146, [0])
(87147, [0])
(87148, [0])
(87149, [0])
(87150, [0])
(87151, [0])
(87152, [0])
(87153, [0])
(87154, [0])
(87155, [0])
(87156, [0])
(87157, [0])
(87158, [0])
(87159, [0])
(87160, [0])
(87161, [0])
(87162, [0])
(87163, [0])
(87164, [0])
(87165, [0])
(87166, [0])
(87167, [0, 42, 43, 39, 4, 15, 12, 2])
(87168, [0])
(87169, [0])
(87170, [0])
(87171, [0])
(87172, [0, 10])
(87173, [0, 14])
(87174, [0])
(87175, [0])
(87176, [0])
(87177, [0])
(87178, [0])
(87179, [0])
(87180, [0])
(87181, [0])
(87182, [0])
(87183, [0])
(87184, [0, 12])
(87185, [0])
(87186, [0])
(87187, [0])
(87188, [0])
(87189, [0])
(87190, [0, 6, 3, 2])
(87191, [0])
(87192, [0])
(87193, [0])
(87194, [0, 12])
(87195, [0])
(87196, [0])
(87197, [0])
(87198, [11])
(87199, [11])
(87200, [11])
(87201, [11])
(87202, [11])
(87203, [11])
(87204, [11, 1, 19, 43, 30, 15, 12, 2])
(87205, [11, 6, 2])
(87206, [11, 30])
(87207, [11, 17, 1, 26, 21, 31, 4, 15, 3, 2])
(87208, [11, 1, 44, 22])
(87209, [11, 43])
(87210, [11, 7, 15, 2])
(87211, [11, 6, 1])
(87212, [11])
(87213, [11])
(87214, [11, 16, 43, 5])
(87215, [11, 26])
(87216, [11])
(87217, [11, 2])
(87218, [11, 43, 2])
(87219, [11, 16, 3])
(87220, [11, 40, 2])
(87221, [11])
(87222, [11, 42, 21, 41])
(87223, [11, 1, 21, 23, 3, 22])
(87224, [11, 16])
(87225, [7, 3])
(87226, [7, 6])
(87227, [7, 2])
(87228, [7, 16, 1])
(87229, [7])
(87230, [7])
(87231, [7, 1, 44])
(87232, [7])
(87233, [7, 6, 3])
(87234, [7, 1, 21, 24, 12])
(87235, [7])
(87236, [7])
(87237, [7, 1])
(87238, [7, 19])
(87239, [7])
(87240, [7])
(87241, [7])
(87242, [7, 1, 15, 3])
(87243, [7])
(87244, [7, 1])
(87245, [16])
(87246, [16, 12])
(87247, [16, 26, 24, 13])
(87248, [16, 2])
(87249, [16, 19])
(87250, [16, 31])
(87251, [16, 44, 15, 13])
(87252, [16, 6])
(87253, [16])
(87254, [16])
(87255, [16])
(87256, [16])
(87257, [16])
(87258, [16, 1])
(87259, [16, 15])
(87260, [16])
(87261, [42, 43, 3])
(87262, [42])
(87263, [42])
(87264, [42, 23])
(87265, [6])
(87266, [6, 28, 43])
(87267, [6])
(87268, [6])
(87269, [6])
(87270, [6, 44, 2, 14])
(87271, [6, 19, 26, 31])
(87272, [6])
(87273, [6])
(87274, [6])
(87275, [6])
(87276, [6, 17])
(87277, [6, 26, 44, 30, 2, 13])
(87278, [6, 17, 43])
(87279, [28, 31])
(87280, [17, 26, 15])
(87281, [17])
(87282, [17])
(87283, [17, 43, 36, 41, 14])
(87284, [17])
(87285, [17, 31])
(87286, [17])
(87287, [17, 1])
(87288, [17, 31, 41, 2, 13])
(87289, [17, 2])
(87290, [17, 41])
(87291, [17])
(87292, [17])
(87293, [17])
(87294, [17, 2, 14])
(87295, [1, 19])
(87296, [1, 2])
(87297, [1, 21, 31, 30, 3])
(87298, [1, 19, 44, 31, 30, 41, 3, 2])
(87299, [1, 19, 21, 38, 31, 24, 23, 3, 2])
(87300, [1, 3])
(87301, [1, 21, 37, 3])
(87302, [1, 21, 3])
(87303, [1, 37, 41, 23, 3])
(87304, [1])
(87305, [1])
(87306, [1, 12])
(87307, [1, 21, 3])
(87308, [1, 21, 3])
(87309, [1, 23])
(87310, [1])
(87311, [1, 3, 12])
(87312, [1])
(87313, [1])
(87314, [1, 26, 21, 3])
(87315, [1])
(87316, [1])
(87317, [1])
(87318, [1, 19, 26, 43, 3])
(87319, [1, 19])
(87320, [1, 3])
(87321, [1, 3])
(87322, [1])
(87323, [1, 3])
(87324, [1])
(87325, [1])
(87326, [1, 3])
(87327, [1])
(87328, [1])
(87329, [1, 44, 31, 3])
(87330, [1, 2])
(87331, [1, 19, 26, 21, 41, 3, 40, 2])
(87332, [1])
(87333, [1])
(87334, [1])
(87335, [1, 19, 3])
(87336, [1])
(87337, [1])
(87338, [1, 24, 2, 14])
(87339, [1, 3])
(87340, [10])
(87341, [10])
(87342, [10])
(87343, [10])
(87344, [10])
(87345, [10, 44, 3])
(87346, [10])
(87347, [10])
(87348, [10])
(87349, [10])
(87350, [10])
(87351, [19])
(87352, [19])
(87353, [19, 36])
(87354, [19, 3])
(87355, [19, 3, 2])
(87356, [19, 2])
(87357, [19])
(87358, [19])
(87359, [19, 3])
(87360, [19])
(87361, [19, 2, 14])
(87362, [19])
(87363, [19])
(87364, [19])
(87365, [19])
(87366, [19, 44])
(87367, [19])
(87368, [19])
(87369, [19])
(87370, [19, 15, 2])
(87371, [19])
(87372, [19])
(87373, [19])
(87374, [19, 40])
(87375, [19])
(87376, [26, 41])
(87377, [26])
(87378, [26])
(87379, [26])
(87380, [26])
(87381, [26, 43, 31, 41, 24, 23, 15, 2])
(87382, [26])
(87383, [26, 43])
(87384, [26])
(87385, [26])
(87386, [26])
(87387, [26])
(87388, [26])
(87389, [8, 23])
(87390, [8])
(87391, [8])
(87392, [8])
(87393, [8, 43])
(87394, [8, 5])
(87395, [8])
(87396, [8, 5])
(87397, [8])
(87398, [8])
(87399, [8])
(87400, [8])
(87401, [8])
(87402, [8, 23])
(87403, [8])
(87404, [21])
(87405, [21])
(87406, [21])
(87407, [21])
(87408, [21])
(87409, [21])
(87410, [21, 40])
(87411, [21])
(87412, [21, 3])
(87413, [21])
(87414, [21])
(87415, [21])
(87416, [21])
(87417, [21])
(87418, [21])
(87419, [21])
(87420, [21])
(87421, [21])
(87422, [21])
(87423, [21])
(87424, [21])
(87425, [21])
(87426, [21])
(87427, [21])
(87428, [21])
(87429, [21])
(87430, [21])
(87431, [21])
(87432, [21])
(87433, [21, 5])
(87434, [21])
(87435, [21])
(87436, [21])
(87437, [21])
(87438, [21])
(87439, [21])
(87440, [21])
(87441, [44])
(87442, [44])
(87443, [44])
(87444, [44, 2])
(87445, [44])
(87446, [44])
(87447, [44])
(87448, [44])
(87449, [44, 30, 2])
(87450, [44])
(87451, [44, 4, 15])
(87452, [44])
(87453, [44])
(87454, [44])
(87455, [44])
(87456, [44])
(87457, [43, 3])
(87458, [43])
(87459, [43])
(87460, [43])
(87461, [43])
(87462, [43])
(87463, [43])
(87464, [43])
(87465, [43])
(87466, [43])
(87467, [43])
(87468, [43, 41])
(87469, [43])
(87470, [43])
(87471, [43])
(87472, [43])
(87473, [43])
(87474, [43])
(87475, [43])
(87476, [43])
(87477, [43])
(87478, [43])
(87479, [43])
(87480, [43])
(87481, [43])
(87482, [43])
(87483, [43])
(87484, [43])
(87485, [43])
(87486, [43])
(87487, [38])
(87488, [36])
(87489, [36])
(87490, [36])
(87491, [36])
(87492, [36])
(87493, [36])
(87494, [36])
(87495, [36])
(87496, [36])
(87497, [36])
(87498, [36])
(87499, [36])
(87500, [36, 2, 14])
(87501, [36, 14])
(87502, [36])
(87503, [36])
(87504, [36])
(87505, [36])
(87506, [36])
(87507, [36])
(87508, [36])
(87509, [36])
(87510, [36])
(87511, [36, 41, 12])
(87512, [36])
(87513, [31, 41, 23])
(87514, [31])
(87515, [31, 41])
(87516, [31])
(87517, [31])
(87518, [31])
(87519, [31])
(87520, [31, 41])
(87521, [30])
(87522, [30])
(87523, [30])
(87524, [30, 41, 3])
(87525, [30, 15])
(87526, [37])
(87527, [37])
(87528, [39])
(87529, [39])
(87530, [39])
(87531, [39])
(87532, [39])
(87533, [41])
(87534, [41])
(87535, [41, 4, 13])
(87536, [41])
(87537, [41])
(87538, [41])
(87539, [41])
(87540, [41])
(87541, [41])
(87542, [41])
(87543, [41])
(87544, [41])
(87545, [41])
(87546, [24])
(87547, [24])
(87548, [24])
(87549, [24])
(87550, [24])
(87551, [24])
(87552, [24])
(87553, [24])
(87554, [24])
(87555, [24])
(87556, [23])
(87557, [23])
(87558, [23])
(87559, [23])
(87560, [23])
(87561, [23])
(87562, [23])
(87563, [23])
(87564, [23])
(87565, [23])
(87566, [23])
(87567, [23])
(87568, [23])
(87569, [23])
(87570, [23])
(87571, [23])
(87572, [23])
(87573, [23])
(87574, [23])
(87575, [23])
(87576, [23])
(87577, [23])
(87578, [23])
(87579, [23])
(87580, [23])
(87581, [23])
(87582, [23])
(87583, [23])
(87584, [23])
(87585, [23])
(87586, [23])
(87587, [23])
(87588, [23])
(87589, [23])
(87590, [23])
(87591, [23])
(87592, [23])
(87593, [23])
(87594, [23])
(87595, [23])
(87596, [23])
(87597, [23])
(87598, [23])
(87599, [23])
(87600, [23])
(87601, [23])
(87602, [23, 12])
(87603, [23])
(87604, [23])
(87605, [23])
(87606, [23])
(87607, [23])
(87608, [23])
(87609, [23])
(87610, [23])
(87611, [23, 40])
(87612, [23])
(87613, [23, 12])
(87614, [23])
(87615, [23])
(87616, [23])
(87617, [23])
(87618, [23])
(87619, [4])
(87620, [4])
(87621, [4])
(87622, [4, 22])
(87623, [4])
(87624, [4, 15])
(87625, [4])
(87626, [4])
(87627, [4])
(87628, [4])
(87629, [4])
(87630, [4])
(87631, [4])
(87632, [4])
(87633, [4])
(87634, [4])
(87635, [4])
(87636, [4])
(87637, [4])
(87638, [4])
(87639, [4])
(87640, [4])
(87641, [4])
(87642, [4, 3])
(87643, [15])
(87644, [15])
(87645, [15])
(87646, [15])
(87647, [15])
(87648, [15])
(87649, [15])
(87650, [15])
(87651, [15])
(87652, [15])
(87653, [15, 2])
(87654, [15])
(87655, [3])
(87656, [3])
(87657, [3])
(87658, [3, 12])
(87659, [3])
(87660, [3])
(87661, [3])
(87662, [3, 12])
(87663, [3])
(87664, [3])
(87665, [3])
(87666, [3])
(87667, [3])
(87668, [3])
(87669, [3])
(87670, [3, 2])
(87671, [3])
(87672, [3])
(87673, [3])
(87674, [3])
(87675, [3])
(87676, [3])
(87677, [3])
(87678, [3])
(87679, [3])
(87680, [3])
(87681, [3])
(87682, [3])
(87683, [3])
(87684, [3])
(87685, [3])
(87686, [12])
(87687, [12])
(87688, [12])
(87689, [12])
(87690, [12])
(87691, [12])
(87692, [12])
(87693, [12])
(87694, [12])
(87695, [12])
(87696, [12])
(87697, [12])
(87698, [12])
(87699, [12])
(87700, [12])
(87701, [12])
(87702, [12])
(87703, [12])
(87704, [12])
(87705, [12])
(87706, [12])
(87707, [12])
(87708, [12])
(87709, [12])
(87710, [12])
(87711, [12])
(87712, [12, 2])
(87713, [12])
(87714, [12])
(87715, [12])
(87716, [12])
(87717, [12])
(87718, [12])
(87719, [12])
(87720, [12])
(87721, [12])
(87722, [12])
(87723, [12, 2])
(87724, [12])
(87725, [12])
(87726, [12])
(87727, [12])
(87728, [12])
(87729, [12])
(87730, [12])
(87731, [12])
(87732, [12])
(87733, [12])
(87734, [12])
(87735, [12])
(87736, [12])
(87737, [12])
(87738, [12])
(87739, [12])
(87740, [12])
(87741, [12])
(87742, [12])
(87743, [12])
(87744, [12])
(87745, [12])
(87746, [12])
(87747, [12])
(87748, [12])
(87749, [12])
(87750, [12])
(87751, [12])
(87752, [12])
(87753, [12])
(87754, [12])
(87755, [12])
(87756, [12])
(87757, [12])
(87758, [12])
(87759, [12])
(87760, [12])
(87761, [12])
(87762, [12])
(87763, [12])
(87764, [12])
(87765, [12])
(87766, [12])
(87767, [12])
(87768, [12])
(87769, [12])
(87770, [12])
(87771, [12])
(87772, [40])
(87773, [40])
(87774, [40])
(87775, [40])
(87776, [40])
(87777, [2])
(87778, [2])
(87779, [2])
(87780, [2])
(87781, [2])
(87782, [2])
(87783, [2])
(87784, [2])
(87785, [2])
(87786, [2])
(87787, [2])
(87788, [2])
(87789, [2])
(87790, [2])
(87791, [2])
(87792, [2])
(87793, [2])
(87794, [2])
(87795, [2])
(87796, [2])
(87797, [2])
(87798, [2])
(87799, [2])
(87800, [2])
(87801, [2])
(87802, [2])
(87803, [2])
(87804, [2])
(87805, [2])
(87806, [2])
(87807, [2])
(87808, [2])
(87809, [2])
(87810, [2])
(87811, [2])
(87812, [2])
(87813, [2])
(87814, [2])
(87815, [2])
(87816, [2])
(87817, [2])
(87818, [2])
(87819, [2])
(87820, [2])
(87821, [2])
(87822, [2])
(87823, [2])
(87824, [2])
(87825, [2])
(87826, [2])
(87827, [2])
(87828, [2])
(87829, [2])
(87830, [2])
(87831, [2])
(87832, [2])
(87833, [2])
(87834, [2])
(87835, [2])
(87836, [2, 14])
(87837, [2, 14])
(87838, [2])
(87839, [2])
(87840, [2])
(87841, [2])
(87842, [2])
(87843, [2])
(87844, [2])
(87845, [2])
(87846, [2])
(87847, [2])
(87848, [2])
(87849, [2])
(87850, [2])
(87851, [2])
(87852, [2])
(87853, [13])
(87854, [13])
(87855, [13])
(87856, [5])
(87857, [5])
(87858, [5])
(87859, [5])
(87860, [5])
(87861, [5])
(87862, [5])
(87863, [5])
(87864, [5])
(87865, [5])
(87866, [5])
(87867, [14])
(87868, [14])
(87869, [14])
(87870, [14])
(87871, [14])
(87872, [14])
(87873, [14])
(87874, [14])
(87875, [14])
(87876, [14])
(87877, [14])
(87878, [14])
(87879, [14])
(87880, [14])
(87881, [14])
(87882, [22])
(87883, [22])
(87884, [22])
(87885, [22])
(87886, [22])
(87887, [22])
(87888, [22])
(87889, [22])
(87890, [22])
(87891, [22])
(87892, [22])
(87893, [22])
(87894, [22])
(87895, [22])
(87896, [22])
(87897, [22])
(87898, [22])
(87899, [22])
(87900, [22])
(87901, [22])
(87902, [25])
