(116526, [0, 1, 2, 3, 4, 5, 6, 7, 8, 9, 10, 11, 12, 13, 14, 15, 16, 18, 19, 20, 21, 22, 23, 24, 25, 26, 27, 28, 29, 30, 31, 32, 33, 34, 35, 36, 37, 38, 39, 40, 41, 42, 43, 44])
(116527, [4, 17, 32, 33])
(116528, [0, 1, 2, 3, 4, 5, 6, 7, 8, 9, 10, 11, 12, 13, 14, 15, 16, 17, 18, 19, 20, 21, 22, 23, 24, 25, 26, 27, 28, 29, 30, 31, 32, 33, 34, 35, 36, 37, 38, 39, 40, 41, 42, 43, 44])
(116529, [2, 8, 12, 13, 15, 18, 23, 25, 27, 32, 35, 43, 44])
(116530, [0, 1, 2, 3, 4, 5, 6, 7, 8, 9, 10, 11, 12, 13, 14, 15, 16, 17, 18, 19, 20, 21, 22, 23, 24, 25, 26, 27, 28, 29, 30, 31, 32, 33, 34, 35, 36, 37, 38, 39, 40, 41, 42, 43, 44])
(116531, [0, 1, 2, 3, 4, 6, 7, 8, 9, 11, 12, 13, 15, 16, 17, 18, 19, 20, 21, 22, 23, 26, 27, 28, 30, 31, 32, 33, 34, 35, 37, 38, 40, 41, 42, 43, 44])
(116532, [0, 1, 2, 3, 4, 6, 7, 11, 12, 13, 14, 15, 16, 17, 19, 20, 23, 24, 25, 26, 28, 30, 31, 32, 33, 34, 36, 37, 39, 40, 41, 43, 44])
(116533, [0, 1, 2, 3, 4, 5, 6, 7, 8, 9, 10, 11, 12, 13, 14, 15, 16, 17, 18, 19, 20, 21, 22, 23, 24, 25, 26, 27, 28, 29, 30, 31, 32, 33, 34, 35, 36, 37, 38, 39, 40, 41, 42, 43, 44])
(116534, [0, 1, 2, 3, 4, 5, 6, 7, 8, 9, 10, 11, 12, 13, 14, 15, 16, 17, 18, 19, 20, 21, 22, 23, 24, 25, 26, 27, 28, 29, 30, 31, 32, 33, 34, 35, 36, 37, 38, 39, 40, 41, 42, 43, 44])
(116535, [0, 1, 2, 3, 4, 5, 6, 7, 8, 9, 10, 11, 12, 13, 14, 15, 16, 17, 18, 19, 20, 21, 22, 23, 24, 25, 26, 27, 28, 29, 30, 31, 32, 33, 34, 35, 36, 37, 38, 39, 40, 41, 42, 43, 44])
(116536, [0, 1, 2, 3, 4, 5, 8, 9, 11, 12, 14, 15, 16, 17, 18, 19, 21, 22, 23, 24, 26, 30, 31, 32, 34, 35, 38, 39, 40, 41, 42, 43, 44])
(116537, [1, 2, 3, 4, 6, 7, 8, 9, 11, 12, 13, 16, 18, 20, 22, 23, 24, 26, 27, 29, 30, 32, 33, 34, 37, 41, 42, 43])
(116538, [0, 1, 2, 4, 6, 9, 17, 19, 21, 22, 26, 30, 31, 32, 34, 35, 43, 44])
(116539, [0, 1, 2, 3, 4, 5, 6, 7, 8, 9, 11, 12, 13, 14, 15, 16, 17, 18, 19, 20, 21, 22, 23, 24, 25, 26, 28, 30, 31, 32, 33, 34, 35, 36, 38, 39, 40, 41, 42, 43, 44])
(116540, [0, 1, 2, 3, 4, 6, 7, 8, 11, 12, 13, 14, 15, 16, 17, 19, 20, 23, 24, 25, 26, 27, 28, 30, 31, 32, 34, 37, 38, 39, 40, 41, 43, 44])
(116541, [0, 1, 2, 3, 4, 5, 6, 7, 8, 9, 10, 11, 12, 13, 14, 15, 16, 17, 18, 19, 20, 21, 22, 23, 24, 25, 26, 27, 28, 29, 30, 31, 32, 33, 34, 35, 36, 37, 38, 39, 40, 41, 42, 43, 44])
(116542, [0, 1, 2, 3, 4, 5, 6, 7, 8, 9, 11, 12, 14, 15, 16, 17, 18, 19, 20, 21, 22, 23, 24, 25, 26, 27, 28, 29, 30, 31, 32, 33, 34, 35, 36, 37, 39, 40, 41, 42, 43, 44])
(116543, [0, 1, 2, 3, 4, 6, 7, 9, 11, 12, 13, 14, 15, 16, 17, 18, 19, 20, 23, 24, 25, 26, 30, 31, 32, 33, 34, 35, 40, 41, 42, 43, 44])
(116544, [0, 1, 2, 3, 4, 5, 6, 7, 8, 9, 10, 11, 12, 13, 15, 16, 17, 18, 19, 20, 21, 23, 24, 25, 26, 27, 29, 30, 31, 32, 33, 34, 35, 38, 39, 40, 41, 42, 43, 44])
(116545, [2, 9, 15, 19, 24, 30, 31, 32])
(116546, [1, 2, 3, 4, 5, 6, 7, 8, 11, 12, 13, 14, 15, 16, 17, 18, 19, 21, 22, 23, 24, 26, 27, 28, 30, 31, 32, 33, 34, 35, 36, 37, 38, 39, 40, 41, 42, 43, 44])
(116547, [1, 2, 3, 4, 5, 6, 9, 11, 12, 13, 14, 16, 18, 19, 20, 21, 22, 23, 24, 29, 30, 31, 32, 33, 34, 38, 39, 40, 41, 42, 43, 44])
(116548, [1, 2, 4, 6, 9, 11, 12, 13, 15, 18, 23, 27, 30, 31, 32, 33, 34, 39, 40, 41, 43])
(116549, [1, 2, 3, 4, 5, 6, 7, 8, 9, 11, 12, 13, 14, 15, 16, 17, 18, 19, 20, 21, 22, 23, 24, 26, 27, 29, 30, 31, 32, 33, 34, 35, 37, 38, 40, 41, 43, 44])
(116550, [1, 2, 3, 4, 6, 7, 11, 12, 13, 14, 16, 18, 19, 20, 21, 23, 24, 26, 30, 31, 32, 33, 40, 41, 43, 44])
(116551, [0, 1, 2, 3, 4, 9, 10, 12, 14, 16, 21, 23, 26, 30, 31, 32, 34, 35, 40, 44])
(116552, [0, 1, 2, 3, 4, 5, 6, 7, 8, 9, 11, 12, 13, 14, 16, 17, 19, 20, 22, 23, 24, 25, 26, 27, 28, 30, 31, 32, 33, 34, 36, 37, 39, 40, 41, 42, 43, 44])
(116553, [1, 3, 4, 6, 7, 9, 11, 15, 16, 17, 18, 21, 22, 23, 24, 26, 27, 29, 30, 31, 32, 33, 34, 44])
(116554, [2, 3, 7, 9, 11, 12, 13, 14, 15, 19, 23, 26, 30, 32, 40, 41, 44])
(116555, [0, 1, 2, 3, 4, 6, 8, 9, 11, 12, 13, 15, 16, 17, 18, 19, 20, 21, 22, 23, 24, 25, 26, 27, 30, 31, 32, 33, 34, 35, 37, 38, 40, 41, 42, 43, 44])
(116556, [0, 1, 3, 4, 6, 7, 8, 9, 10, 11, 12, 15, 16, 17, 18, 19, 20, 21, 22, 23, 26, 30, 31, 32, 33, 34, 40, 42, 43, 44])
(116557, [0, 1, 2, 3, 9, 12, 13, 16, 21, 30, 31, 32, 42])
(116558, [1, 11, 32])
(116559, [1, 2, 3, 4, 5, 6, 7, 8, 9, 10, 11, 12, 13, 14, 15, 16, 18, 19, 20, 23, 24, 26, 28, 30, 31, 32, 33, 34, 35, 36, 37, 41, 42, 43, 44])
(116560, [0, 1, 2, 3, 4, 7, 8, 9, 10, 11, 12, 15, 16, 17, 18, 19, 20, 21, 22, 23, 24, 25, 26, 27, 29, 30, 32, 33, 35, 36, 37, 39, 40, 42, 43, 44])
(116561, [4, 9, 15, 30, 31, 32])
(116562, [0, 1, 2, 3, 4, 5, 6, 8, 9, 11, 12, 15, 18, 19, 20, 21, 22, 23, 26, 28, 29, 30, 31, 32, 33, 34, 36, 38, 41, 42, 44])
(116563, [0, 2, 4, 8, 9, 10, 12, 15, 16, 17, 18, 19, 21, 22, 23, 24, 26, 29, 30, 31, 32, 33, 34, 35, 38, 43, 44])
(116564, [19, 20, 32])
(116565, [1, 3, 4, 9, 14, 15, 23, 24, 27, 30, 32, 33, 35, 42, 43])
(116566, [0, 1, 2, 3, 4, 6, 7, 11, 12, 14, 15, 16, 17, 19, 20, 23, 24, 26, 27, 28, 31, 32, 33, 34, 36, 40, 41, 42, 43, 44])
(116567, [32])
(116568, [0, 1, 2, 3, 6, 8, 9, 11, 12, 15, 17, 18, 19, 21, 22, 23, 24, 26, 30, 31, 32, 34, 38, 41, 43, 44])
(116569, [0, 1, 2, 3, 4, 6, 9, 12, 14, 15, 18, 20, 23, 24, 26, 30, 31, 32, 34, 36, 41, 42, 43, 44])
(116570, [1, 3, 4, 6, 15, 18, 19, 22, 23, 32, 33, 43])
(116571, [0, 1, 2, 3, 4, 6, 9, 11, 12, 14, 15, 16, 17, 18, 19, 20, 23, 24, 26, 27, 30, 31, 32, 33, 35, 36, 41, 42, 43, 44])
(116572, [0, 1, 2, 3, 5, 8, 9, 11, 12, 15, 16, 18, 19, 21, 22, 23, 24, 26, 28, 30, 31, 32, 33, 34, 35, 36, 43, 44])
(116573, [1, 2, 4, 12, 14, 18, 23, 26, 27, 32, 43])
(116574, [1, 2, 3, 4, 5, 6, 7, 8, 9, 11, 12, 13, 15, 16, 17, 18, 19, 20, 21, 22, 23, 24, 26, 29, 30, 31, 32, 33, 34, 35, 37, 39, 40, 41, 42, 43, 44])
(116575, [0, 1, 2, 3, 6, 7, 9, 11, 15, 18, 21, 23, 27, 30, 31, 32, 33, 41, 42, 43, 44])
(116576, [1, 2, 3, 9, 11, 13, 15, 17, 20, 21, 24, 26, 31, 32, 33, 34, 36, 40, 41, 43])
(116577, [0, 1, 2, 3, 4, 5, 6, 7, 8, 9, 10, 11, 12, 13, 14, 15, 16, 17, 18, 19, 20, 21, 22, 23, 24, 25, 26, 27, 28, 29, 30, 31, 32, 33, 34, 35, 36, 37, 38, 39, 40, 41, 42, 43, 44])
(116578, [1, 2, 3, 6, 9, 11, 12, 15, 16, 17, 19, 20, 23, 31, 32, 33, 34, 39, 41, 42])
(116579, [2, 18, 19, 26, 30, 31, 32])
(116580, [0, 1, 2, 3, 4, 7, 9, 11, 12, 13, 14, 15, 16, 17, 18, 19, 20, 21, 22, 23, 26, 29, 32, 33, 34, 36, 40, 41, 42, 43, 44])
(116581, [0, 1, 2, 3, 4, 6, 9, 12, 14, 15, 16, 17, 18, 20, 24, 26, 31, 32, 34, 36, 41, 43])
(116582, [1, 3, 9, 17, 19, 22, 23, 31, 32, 33])
(116583, [0, 1, 2, 3, 6, 8, 9, 11, 12, 13, 16, 18, 19, 21, 22, 23, 24, 25, 26, 30, 31, 32, 33, 34, 35, 37, 42, 43, 44])
(116584, [0, 1, 3, 6, 7, 12, 15, 17, 24, 32, 34, 35, 43])
(116585, [16, 32])
(116586, [3, 5, 8, 12, 15, 16, 18, 21, 23, 27, 32, 35, 43])
(116587, [32])
(116588, [15, 32])
(116589, [0, 1, 3, 4, 6, 7, 11, 12, 14, 15, 17, 18, 23, 26, 28, 32, 36, 41, 44])
(116590, [3, 7, 9, 11, 12, 17, 19, 28, 32, 34, 40, 41, 42, 44])
(116591, [1, 2, 3, 4, 5, 6, 7, 8, 9, 10, 11, 12, 13, 14, 15, 17, 18, 19, 20, 21, 22, 23, 25, 28, 29, 30, 31, 32, 33, 34, 35, 37, 40, 41, 43, 44])
(116592, [2, 3, 4, 6, 15, 17, 18, 19, 23, 26, 27, 31, 32, 41, 43])
(116593, [2, 3, 8, 12, 16, 18, 23, 32])
(116594, [15, 18, 23, 26, 31, 32, 33, 34])
(116595, [0, 1, 3, 4, 5, 6, 9, 11, 12, 13, 14, 15, 17, 22, 23, 24, 26, 27, 30, 31, 32, 36, 41, 42, 43, 44])
(116596, [0, 1, 3, 5, 7, 10, 12, 18, 19, 21, 22, 23, 27, 28, 30, 31, 32, 33, 34, 43, 44])
(116597, [0, 1, 2, 3, 4, 5, 7, 9, 10, 11, 12, 13, 15, 16, 17, 18, 19, 20, 21, 23, 24, 30, 31, 32, 35, 36, 38, 39, 40, 41, 42, 44])
(116598, [2, 4, 9, 12, 17, 18, 24, 32, 33, 40, 41, 44])
(116599, [0, 1, 3, 11, 18, 24, 26, 30, 31, 32, 43])
(116600, [1, 2, 3, 16, 21, 22, 30, 31, 32, 33])
(116601, [1, 5, 6, 8, 13, 15, 19, 20, 23, 24, 26, 27, 30, 31, 32, 33, 34, 35, 37, 39, 41, 43, 44])
(116602, [18, 32])
(116603, [0, 1, 2, 3, 6, 8, 9, 11, 21, 32, 33, 35, 42, 43])
(116604, [1, 2, 3, 4, 6, 7, 8, 9, 11, 12, 13, 15, 16, 17, 18, 19, 20, 21, 22, 23, 24, 29, 30, 31, 32, 34, 35, 38, 39, 40, 41, 42, 43, 44])
(116605, [1, 3, 4, 6, 8, 9, 12, 15, 20, 21, 22, 24, 31, 32, 44])
(116606, [0, 6, 9, 11, 14, 16, 23, 24, 32])
(116607, [2, 19, 20, 31, 32, 33, 34, 41, 43, 44])
(116608, [2, 3, 6, 7, 9, 10, 15, 17, 18, 23, 27, 31, 32, 34, 35, 39])
(116609, [0, 1, 2, 3, 4, 5, 6, 7, 8, 9, 10, 11, 12, 13, 14, 15, 16, 17, 18, 19, 20, 21, 22, 23, 24, 27, 28, 30, 31, 32, 33, 34, 35, 41, 42, 44])
(116610, [1, 2, 3, 7, 8, 9, 11, 12, 15, 16, 17, 18, 19, 20, 21, 22, 23, 26, 30, 31, 32, 34, 37, 38, 42, 43, 44])
(116611, [4, 6, 9, 19, 24, 30, 31, 32, 34])
(116612, [3, 7, 11, 17, 18, 32, 34, 42])
(116613, [2, 9, 20, 31, 32, 33, 34, 39, 41])
(116614, [2, 3, 9, 23, 30, 31, 32, 33, 40, 43])
(116615, [1, 3, 6, 18, 19, 23, 30, 32, 34])
(116616, [1, 2, 9, 19, 20, 23, 31, 32])
(116617, [1, 2, 3, 4, 7, 9, 10, 11, 12, 15, 16, 17, 19, 20, 21, 22, 23, 30, 31, 32, 34, 38, 41, 42, 43, 44])
(116618, [1, 22, 32])
(116619, [3, 6, 8, 9, 16, 18, 22, 31, 32, 40, 41, 43])
(116620, [1, 3, 4, 11, 13, 15, 16, 28, 30, 31, 32, 44])
(116621, [1, 2, 3, 4, 6, 9, 14, 15, 17, 18, 21, 32, 34, 44])
(116622, [24, 32])
(116623, [32])
(116624, [0, 1, 9, 19, 31, 32])
(116625, [0, 1, 2, 3, 4, 5, 7, 11, 12, 14, 15, 16, 18, 20, 21, 23, 24, 26, 30, 32, 34, 35, 36, 37, 41, 44])
(116626, [1, 2, 3, 6, 7, 9, 11, 12, 13, 15, 16, 17, 18, 19, 21, 22, 23, 26, 32, 33, 34, 35, 39, 40, 41, 42, 43, 44])
(116627, [2, 3, 7, 10, 11, 12, 13, 16, 19, 20, 21, 24, 26, 31, 32, 33, 34, 44])
(116628, [31, 32, 33, 34, 40, 44])
(116629, [1, 26, 32, 34, 44])
(116630, [30, 32, 33, 38, 39, 43])
(116631, [0, 1, 3, 4, 5, 6, 16, 18, 20, 22, 23, 24, 30, 32, 34, 42, 43])
(116632, [1, 2, 3, 4, 6, 8, 9, 11, 12, 15, 16, 17, 18, 19, 21, 22, 23, 25, 26, 30, 31, 32, 33, 34, 36, 37, 38, 39, 40, 41, 42, 44])
(116633, [3, 6, 9, 13, 24, 26, 30, 31, 32, 34, 40, 41, 43])
(116634, [1, 2, 3, 7, 15, 17, 19, 20, 26, 30, 32, 34, 43, 44])
(116635, [1, 2, 4, 11, 15, 26, 30, 32, 41, 44])
(116636, [32])
(116637, [1, 2, 3, 8, 9, 17, 21, 23, 24, 32, 34, 41])
(116638, [0, 2, 3, 11, 12, 15, 16, 21, 29, 30, 32, 34, 42, 44])
(116639, [1, 2, 3, 6, 9, 15, 17, 26, 31, 32, 33, 34])
(116640, [0, 6, 10, 27, 32, 41, 44])
(116641, [0, 12, 32])
(116642, [0, 1, 2, 3, 4, 15, 16, 19, 20, 21, 22, 23, 32, 33, 39, 40, 42])
(116643, [0, 1, 19, 32, 33])
(116644, [2, 13, 17, 32, 40])
(116645, [0, 2, 17, 32, 36, 43])
(116646, [32])
(116647, [0, 2, 3, 5, 12, 20, 24, 31, 32, 33, 43, 44])
(116648, [0, 1, 2, 3, 4, 5, 6, 7, 8, 9, 10, 11, 12, 13, 14, 16, 17, 18, 19, 20, 21, 22, 23, 24, 25, 26, 27, 28, 29, 30, 31, 33, 34, 35, 36, 37, 38, 39, 40, 41, 42, 43, 44])
(116649, [35])
(116650, [30, 35])
(116651, [1, 2, 3, 8, 9, 14, 15, 16, 18, 20, 21, 22, 23, 24, 26, 30, 31, 33, 34, 35, 40, 41, 43, 44])
(116652, [0, 7, 11, 14, 18, 20, 28, 35, 41])
(116653, [35])
(116654, [0, 1, 2, 3, 5, 8, 9, 10, 12, 15, 18, 19, 20, 21, 23, 29, 30, 31, 33, 34, 35, 37, 39, 41, 42, 43, 44])
(116655, [2, 23, 31, 33, 35, 41])
(116656, [35])
(116657, [35])
(116658, [35])
(116659, [35])
(116660, [23, 35])
(116661, [35])
(116662, [2, 5, 8, 11, 19, 23, 30, 35, 43])
(116663, [35])
(116664, [2, 3, 4, 9, 10, 14, 19, 24, 26, 35, 41])
(116665, [0, 2, 7, 14, 19, 20, 26, 30, 34, 35, 38, 40, 43, 44])
(116666, [35])
(116667, [35])
(116668, [35])
(116669, [1, 3, 7, 9, 11, 12, 14, 18, 19, 20, 21, 23, 24, 26, 31, 33, 34, 35, 37, 44])
(116670, [2, 16, 18, 23, 30, 31, 35, 40, 41, 44])
(116671, [35])
(116672, [35])
(116673, [34])
(116674, [0, 2, 3, 4, 6, 14, 18, 23, 26, 34, 43, 44])
(116675, [34, 41])
(116676, [1, 3, 4, 16, 21, 34])
(116677, [3, 34])
(116678, [0, 1, 3, 6, 9, 10, 15, 16, 18, 20, 21, 23, 34, 43])
(116679, [0, 2, 12, 34])
(116680, [4, 14, 19, 21, 27, 30, 31, 33, 34, 40])
(116681, [0, 3, 8, 9, 18, 23, 30, 31, 33, 34])
(116682, [0, 2, 3, 11, 18, 19, 22, 24, 30, 33, 34, 44])
(116683, [30, 34])
(116684, [34])
(116685, [2, 6, 9, 15, 31, 33, 34, 40])
(116686, [2, 9, 11, 14, 15, 17, 19, 24, 31, 34, 41])
(116687, [34])
(116688, [31, 33, 34])
(116689, [0, 1, 2, 12, 13, 26, 28, 34, 41, 43])
(116690, [34])
(116691, [0, 2, 3, 6, 13, 14, 17, 18, 20, 26, 30, 33, 34, 36, 41])
(116692, [3, 34])
(116693, [3, 11, 21, 31, 34, 44])
(116694, [18, 19, 23, 30, 33, 34, 43])
(116695, [34])
(116696, [34])
(116697, [2, 3, 4, 6, 9, 16, 23, 24, 34, 41])
(116698, [1, 3, 8, 11, 16, 19, 21, 23, 29, 33, 34, 36, 39, 44])
(116699, [33, 34])
(116700, [3, 12, 21, 30, 33, 34])
(116701, [1, 34])
(116702, [0, 1, 2, 3, 4, 5, 6, 7, 8, 11, 12, 13, 14, 15, 16, 17, 18, 19, 20, 21, 22, 23, 31, 33, 34, 38, 40, 41, 43, 44])
(116703, [0, 1, 2, 3, 6, 9, 18, 30, 31, 34])
(116704, [0, 3, 6, 17, 18, 31, 34])
(116705, [11, 12, 34])
(116706, [1, 3, 4, 11, 12, 19, 23, 30, 34, 39, 43, 44])
(116707, [3, 4, 6, 9, 12, 13, 15, 17, 18, 19, 23, 24, 25, 26, 34, 36, 37, 39])
(116708, [34])
(116709, [30, 34])
(116710, [1, 3, 4, 9, 11, 12, 13, 17, 18, 19, 23, 31, 33, 34, 39, 40, 41, 42, 43])
(116711, [0, 1, 2, 3, 4, 6, 7, 11, 12, 14, 16, 18, 19, 20, 21, 26, 34, 40, 42, 43, 44])
(116712, [2, 9, 14, 17, 25, 26, 28, 34, 40, 44])
(116713, [1, 2, 9, 30, 34, 36])
(116714, [9, 34])
(116715, [2, 34])
(116716, [1, 2, 3, 7, 9, 11, 17, 19, 21, 30, 33, 34, 44])
(116717, [0, 2, 34])
(116718, [1, 2, 9, 13, 14, 18, 30, 31, 34, 41])
(116719, [0, 2, 17, 19, 34, 44])
(116720, [0, 1, 17, 34, 37])
(116721, [0, 16, 17, 30, 33, 34, 43, 44])
(116722, [0, 2, 4, 11, 12, 15, 16, 17, 24, 30, 31, 33, 34, 41])
(116723, [0, 2, 5, 11, 16, 19, 26, 31, 33, 34, 44])
(116724, [34])
(116725, [0, 2, 3, 9, 12, 14, 18, 19, 20, 23, 24, 26, 34, 41, 43])
(116726, [21, 34])
(116727, [23, 26, 34, 41])
(116728, [34])
(116729, [0, 12, 16, 19, 22, 30, 31, 33, 34, 41])
(116730, [16, 34])
(116731, [12, 20, 34])
(116732, [0, 33])
(116733, [33])
(116734, [1, 3, 12, 15, 18, 19, 20, 23, 29, 33])
(116735, [0, 1, 2, 6, 9, 11, 18, 20, 23, 26, 28, 29, 30, 31, 33, 36, 43])
(116736, [33])
(116737, [33])
(116738, [8, 9, 11, 18, 19, 33])
(116739, [33])
(116740, [33])
(116741, [33])
(116742, [1, 3, 7, 12, 15, 19, 30, 31, 33])
(116743, [0, 1, 3, 31, 33])
(116744, [6, 9, 14, 19, 23, 33, 44])
(116745, [1, 18, 33])
(116746, [33])
(116747, [33])
(116748, [22, 24, 33])
(116749, [0, 1, 6, 8, 9, 10, 12, 21, 33, 38])
(116750, [33])
(116751, [2, 4, 9, 13, 15, 26, 30, 31, 33, 41, 44])
(116752, [2, 6, 15, 33])
(116753, [33, 44])
(116754, [33])
(116755, [33, 43])
(116756, [4, 12, 33, 36, 41, 44])
(116757, [33])
(116758, [0, 1, 12, 15, 23, 33, 43])
(116759, [11, 15, 33, 41])
(116760, [0, 1, 2, 3, 6, 8, 9, 16, 17, 19, 24, 30, 33, 43])
(116761, [1, 11, 19, 31, 33, 40, 44])
(116762, [2, 13, 14, 15, 16, 21, 33, 41])
(116763, [4, 6, 17, 23, 33, 36, 41])
(116764, [17, 18, 33])
(116765, [2, 11, 12, 15, 19, 23, 33, 41])
(116766, [1, 2, 6, 18, 21, 23, 30, 33])
(116767, [1, 2, 3, 9, 11, 14, 16, 19, 21, 22, 23, 24, 25, 26, 33, 40, 41, 44])
(116768, [33])
(116769, [2, 18, 24, 33, 41, 43])
(116770, [2, 9, 11, 15, 19, 24, 26, 33, 43])
(116771, [4, 6, 9, 19, 24, 31, 33, 41])
(116772, [0, 2, 4, 6, 20, 26, 27, 33, 44])
(116773, [33])
(116774, [1, 3, 9, 11, 15, 16, 20, 30, 33, 44])
(116775, [2, 3, 4, 9, 11, 24, 26, 33, 43])
(116776, [33])
(116777, [33])
(116778, [33])
(116779, [1, 2, 3, 8, 18, 21, 22, 23, 33, 43])
(116780, [33])
(116781, [31, 33])
(116782, [3, 20, 21])
(116783, [3, 20])
(116784, [3, 15, 20, 30, 42, 43])
(116785, [2, 7, 14, 19, 20, 26, 30, 31, 42, 43, 44])
(116786, [19, 20, 21, 23])
(116787, [20])
(116788, [20])
(116789, [20, 23, 41])
(116790, [20])
(116791, [0, 1, 20, 22])
(116792, [1, 2, 3, 8, 9, 11, 13, 15, 18, 20, 21, 24, 26])
(116793, [20])
(116794, [20])
(116795, [1, 2, 3, 9, 17, 19, 20, 31, 36, 39])
(116796, [0, 1, 3, 11, 12, 17, 18, 20, 21, 28, 31, 40])
(116797, [2, 3, 4, 12, 15, 20, 24, 26, 27, 31, 36, 40, 43])
(116798, [20])
(116799, [20])
(116800, [1, 3, 16, 17, 19, 20, 26, 42])
(116801, [1, 3, 20])
(116802, [0, 1, 12, 15, 17, 19, 20, 21, 22, 23, 26])
(116803, [3, 20])
(116804, [20])
(116805, [3, 20, 26])
(116806, [20])
(116807, [20])
(116808, [3, 20])
(116809, [0, 1, 3, 7, 11, 12, 16, 17, 20, 42, 43, 44])
(116810, [0, 6, 15, 20, 31])
(116811, [0, 3, 4, 7, 12, 15, 20, 41, 43, 44])
(116812, [20])
(116813, [2, 4, 13, 14, 17, 20, 24, 26, 31, 40, 41])
(116814, [8, 20])
(116815, [20])
(116816, [20])
(116817, [0, 3, 12, 16, 20])
(116818, [18, 29])
(116819, [18, 23, 37])
(116820, [12, 18, 19, 23, 30, 31, 40, 43])
(116821, [12, 18])
(116822, [18])
(116823, [18])
(116824, [18])
(116825, [18])
(116826, [18])
(116827, [18])
(116828, [18])
(116829, [0, 18])
(116830, [0, 1, 3, 4, 6, 8, 9, 15, 16, 18, 23, 26, 28, 29, 31, 39, 43])
(116831, [18])
(116832, [18])
(116833, [1, 3, 18, 21])
(116834, [6, 18, 41, 43])
(116835, [1, 13, 18, 19, 43, 44])
(116836, [18])
(116837, [2, 15, 18, 23, 30])
(116838, [18, 38])
(116839, [18])
(116840, [18])
(116841, [1, 9, 15, 18])
(116842, [1, 2, 3, 5, 11, 13, 16, 18, 21, 23, 26, 41, 43, 44])
(116843, [1, 3, 15, 18])
(116844, [18])
(116845, [18])
(116846, [18])
(116847, [0, 1, 6, 9, 15, 18, 26, 27, 30, 41])
(116848, [18, 26])
(116849, [18])
(116850, [18])
(116851, [18])
(116852, [18])
(116853, [18])
(116854, [18])
(116855, [18])
(116856, [3, 9, 18, 23, 26, 28, 43])
(116857, [18])
(116858, [18])
(116859, [1, 3, 4, 18, 23, 26, 29, 40, 42])
(116860, [18])
(116861, [12, 18])
(116862, [18])
(116863, [18])
(116864, [18, 21, 40])
(116865, [18])
(116866, [15, 18, 23])
(116867, [18])
(116868, [18])
(116869, [18])
(116870, [18])
(116871, [6, 18, 44])
(116872, [18])
(116873, [18])
(116874, [18])
(116875, [2, 6, 8, 14, 18, 28, 31, 41])
(116876, [8, 18, 21])
(116877, [18])
(116878, [18])
(116879, [18])
(116880, [18, 30])
(116881, [18])
(116882, [18])
(116883, [18])
(116884, [18])
(116885, [18])
(116886, [18])
(116887, [18])
(116888, [18])
(116889, [0, 1, 3, 9, 12, 15, 18, 23])
(116890, [18])
(116891, [18])
(116892, [2, 14, 18])
(116893, [18])
(116894, [14, 18])
(116895, [1, 18])
(116896, [18])
(116897, [18])
(116898, [18])
(116899, [1, 2, 3, 4, 6, 14, 18, 23, 24, 31, 36, 41, 44])
(116900, [18])
(116901, [18])
(116902, [18])
(116903, [12, 18])
(116904, [1, 18])
(116905, [15, 18])
(116906, [5, 18, 21])
(116907, [18])
(116908, [18])
(116909, [27])
(116910, [27])
(116911, [26, 27, 41, 43])
(116912, [27])
(116913, [27])
(116914, [0, 2, 27, 30, 31, 36])
(116915, [27])
(116916, [27])
(116917, [27])
(116918, [27])
(116919, [27])
(116920, [9])
(116921, [0, 1, 2, 4, 9, 12, 13, 14, 15, 19, 26])
(116922, [0, 9, 12])
(116923, [3, 9, 23])
(116924, [9])
(116925, [9])
(116926, [9, 26])
(116927, [9])
(116928, [9])
(116929, [2, 4, 9, 24, 41, 42])
(116930, [9])
(116931, [9])
(116932, [9])
(116933, [9])
(116934, [9])
(116935, [9])
(116936, [9])
(116937, [9])
(116938, [9])
(116939, [9])
(116940, [1, 4, 9, 30, 31, 43])
(116941, [2, 4, 9, 11, 14, 15, 19, 24, 31, 43])
(116942, [9, 12])
(116943, [9])
(116944, [2, 4, 9, 14])
(116945, [9])
(116946, [9])
(116947, [1, 9, 11, 21])
(116948, [9])
(116949, [1, 2, 3, 9, 13, 21, 31, 44])
(116950, [9])
(116951, [9])
(116952, [9])
(116953, [9])
(116954, [9])
(116955, [2, 9])
(116956, [9, 12])
(116957, [2, 9, 16, 44])
(116958, [9])
(116959, [0, 9, 17, 24, 26, 31, 36, 41])
(116960, [9, 24])
(116961, [9])
(116962, [9])
(116963, [9])
(116964, [9])
(116965, [3, 9, 12, 23])
(116966, [9])
(116967, [9])
(116968, [9])
(116969, [9, 30, 43])
(116970, [3, 4, 9, 26])
(116971, [9, 44])
(116972, [9])
(116973, [9])
(116974, [9])
(116975, [9])
(116976, [9, 13, 24])
(116977, [0])
(116978, [0])
(116979, [0])
(116980, [0, 11, 30])
(116981, [0, 12])
(116982, [0])
(116983, [0])
(116984, [0])
(116985, [0])
(116986, [0])
(116987, [0, 12, 31])
(116988, [0])
(116989, [0, 1, 2, 3, 11, 12, 19, 26, 38, 40, 41, 43])
(116990, [0])
(116991, [0])
(116992, [0, 2, 3, 12])
(116993, [0])
(116994, [0])
(116995, [0])
(116996, [0, 26, 31])
(116997, [0, 3, 44])
(116998, [0])
(116999, [0])
(117000, [0])
(117001, [0])
(117002, [0, 12])
(117003, [0])
(117004, [0])
(117005, [0])
(117006, [0])
(117007, [0])
(117008, [0])
(117009, [0])
(117010, [0])
(117011, [0])
(117012, [0, 12])
(117013, [0])
(117014, [0, 2])
(117015, [0, 3, 26])
(117016, [0, 12])
(117017, [0])
(117018, [0])
(117019, [0, 22])
(117020, [0])
(117021, [0])
(117022, [0, 2, 12, 37, 41])
(117023, [0, 12])
(117024, [0])
(117025, [0, 3])
(117026, [0])
(117027, [0])
(117028, [0, 1, 2, 3, 7, 11, 12, 17, 19, 22, 23, 28, 38, 40, 44])
(117029, [0, 2])
(117030, [0])
(117031, [0])
(117032, [0, 12])
(117033, [0])
(117034, [0, 2, 3, 11, 43])
(117035, [0])
(117036, [0])
(117037, [0])
(117038, [0])
(117039, [0])
(117040, [0, 12])
(117041, [0])
(117042, [0])
(117043, [0])
(117044, [0])
(117045, [0])
(117046, [0, 43])
(117047, [0])
(117048, [0])
(117049, [0])
(117050, [0, 12, 44])
(117051, [0])
(117052, [0])
(117053, [0])
(117054, [0])
(117055, [0])
(117056, [0])
(117057, [0])
(117058, [0])
(117059, [0])
(117060, [0])
(117061, [0, 2])
(117062, [0])
(117063, [0])
(117064, [0])
(117065, [0])
(117066, [0])
(117067, [0])
(117068, [0])
(117069, [0])
(117070, [0])
(117071, [0])
(117072, [0])
(117073, [0])
(117074, [0, 2, 11, 26])
(117075, [0])
(117076, [0])
(117077, [0])
(117078, [0])
(117079, [0])
(117080, [0])
(117081, [0, 3, 4])
(117082, [0])
(117083, [0, 12])
(117084, [0])
(117085, [0])
(117086, [0])
(117087, [0])
(117088, [0, 12])
(117089, [0, 17, 41])
(117090, [0])
(117091, [0])
(117092, [0])
(117093, [0])
(117094, [0])
(117095, [0])
(117096, [0])
(117097, [0])
(117098, [0, 2])
(117099, [0])
(117100, [0])
(117101, [0])
(117102, [0])
(117103, [0])
(117104, [0])
(117105, [0])
(117106, [0])
(117107, [0])
(117108, [0])
(117109, [0])
(117110, [0])
(117111, [0, 2, 3, 15, 19, 43])
(117112, [0])
(117113, [0])
(117114, [0])
(117115, [0])
(117116, [0])
(117117, [0])
(117118, [0])
(117119, [0])
(117120, [0, 2])
(117121, [0])
(117122, [0])
(117123, [0])
(117124, [0])
(117125, [0])
(117126, [0, 1, 12, 21, 29, 44])
(117127, [0])
(117128, [0])
(117129, [0])
(117130, [0, 12])
(117131, [0])
(117132, [0])
(117133, [0])
(117134, [0])
(117135, [0])
(117136, [0])
(117137, [0])
(117138, [0])
(117139, [0])
(117140, [0])
(117141, [0])
(117142, [0, 1, 2, 14, 17])
(117143, [0])
(117144, [0])
(117145, [0])
(117146, [0])
(117147, [0])
(117148, [0])
(117149, [0])
(117150, [0])
(117151, [0])
(117152, [0])
(117153, [0])
(117154, [0, 3])
(117155, [0, 4, 12])
(117156, [0])
(117157, [0])
(117158, [0])
(117159, [0])
(117160, [0])
(117161, [0, 23])
(117162, [0])
(117163, [0])
(117164, [0])
(117165, [0])
(117166, [0])
(117167, [0])
(117168, [0])
(117169, [0])
(117170, [0])
(117171, [0])
(117172, [0])
(117173, [0])
(117174, [0])
(117175, [0, 19, 21, 43])
(117176, [0, 1, 3, 4, 12, 19, 28, 41, 42])
(117177, [0])
(117178, [0, 41])
(117179, [0])
(117180, [0])
(117181, [0])
(117182, [0])
(117183, [0])
(117184, [0])
(117185, [0])
(117186, [0])
(117187, [0])
(117188, [0])
(117189, [0])
(117190, [0])
(117191, [0])
(117192, [0])
(117193, [0])
(117194, [0])
(117195, [0, 12, 39])
(117196, [0])
(117197, [0])
(117198, [0])
(117199, [0])
(117200, [0])
(117201, [0])
(117202, [0])
(117203, [0])
(117204, [0])
(117205, [0])
(117206, [0])
(117207, [0, 10, 12, 41])
(117208, [0])
(117209, [0])
(117210, [0])
(117211, [0])
(117212, [0])
(117213, [0])
(117214, [0])
(117215, [0, 37])
(117216, [0])
(117217, [0])
(117218, [0])
(117219, [0, 17])
(117220, [0, 1, 3, 21])
(117221, [0])
(117222, [0])
(117223, [0])
(117224, [0])
(117225, [0])
(117226, [0])
(117227, [0])
(117228, [0])
(117229, [0])
(117230, [0])
(117231, [0])
(117232, [0])
(117233, [0])
(117234, [0])
(117235, [0])
(117236, [0])
(117237, [0])
(117238, [0, 12, 16, 31, 41])
(117239, [0])
(117240, [0])
(117241, [0])
(117242, [0])
(117243, [0])
(117244, [0])
(117245, [0])
(117246, [11])
(117247, [11])
(117248, [11])
(117249, [3, 5, 11, 12, 23])
(117250, [11, 15, 43])
(117251, [1, 3, 7, 11, 21])
(117252, [11, 41])
(117253, [11])
(117254, [11, 13, 26, 29])
(117255, [7, 11, 13, 24, 26, 41, 44])
(117256, [3, 11, 14])
(117257, [11])
(117258, [11])
(117259, [11])
(117260, [11])
(117261, [11, 44])
(117262, [11])
(117263, [11])
(117264, [11])
(117265, [11, 26, 41])
(117266, [11])
(117267, [11, 41])
(117268, [1, 3, 10, 11, 16, 24, 26, 41])
(117269, [11])
(117270, [2, 11, 14, 17, 36])
(117271, [1, 2, 3, 4, 7, 11, 15, 19, 44])
(117272, [7, 11])
(117273, [11, 44])
(117274, [10, 11])
(117275, [2, 4, 11, 16])
(117276, [3, 11, 31])
(117277, [1, 11])
(117278, [7])
(117279, [3, 7])
(117280, [7])
(117281, [7])
(117282, [7, 16, 36])
(117283, [7])
(117284, [7, 17])
(117285, [3, 7, 15, 19, 24, 42])
(117286, [7])
(117287, [7])
(117288, [7])
(117289, [7])
(117290, [7])
(117291, [7])
(117292, [7])
(117293, [7])
(117294, [7])
(117295, [1, 3, 7])
(117296, [7])
(117297, [7])
(117298, [3, 7])
(117299, [21, 29])
(117300, [16])
(117301, [16])
(117302, [16])
(117303, [1, 3, 15, 16, 19, 23, 30, 31, 40, 41, 43, 44])
(117304, [2, 16])
(117305, [16, 22, 23])
(117306, [16])
(117307, [16])
(117308, [16])
(117309, [5, 16])
(117310, [16])
(117311, [16])
(117312, [15, 16])
(117313, [2, 16, 24, 41])
(117314, [1, 3, 16])
(117315, [16])
(117316, [16])
(117317, [16])
(117318, [16])
(117319, [6, 16])
(117320, [1, 2, 16])
(117321, [1, 3, 12, 15, 42])
(117322, [1, 3, 12, 21, 42])
(117323, [42])
(117324, [6, 44])
(117325, [6])
(117326, [6])
(117327, [6, 26])
(117328, [6])
(117329, [3, 6])
(117330, [6])
(117331, [2, 4, 6, 26])
(117332, [6])
(117333, [28])
(117334, [28])
(117335, [28, 41])
(117336, [23, 28, 40])
(117337, [28])
(117338, [28])
(117339, [23, 28, 31])
(117340, [28])
(117341, [17])
(117342, [2, 17])
(117343, [12, 17])
(117344, [17])
(117345, [8, 17])
(117346, [17])
(117347, [17])
(117348, [3, 14, 17])
(117349, [12, 17])
(117350, [17])
(117351, [17])
(117352, [17])
(117353, [17])
(117354, [17])
(117355, [17])
(117356, [17])
(117357, [1])
(117358, [1])
(117359, [1])
(117360, [1, 3, 12])
(117361, [1])
(117362, [1])
(117363, [1, 3])
(117364, [1])
(117365, [1])
(117366, [1])
(117367, [1])
(117368, [1])
(117369, [1, 4, 21])
(117370, [1, 15])
(117371, [1, 2])
(117372, [1])
(117373, [1, 21, 36])
(117374, [1])
(117375, [1])
(117376, [1])
(117377, [1])
(117378, [1, 2, 3])
(117379, [1, 30])
(117380, [1, 3, 21])
(117381, [1])
(117382, [1])
(117383, [1, 3, 19])
(117384, [1])
(117385, [1])
(117386, [1])
(117387, [1, 3, 5])
(117388, [1])
(117389, [1, 41])
(117390, [1])
(117391, [1])
(117392, [1, 3])
(117393, [1])
(117394, [1, 39])
(117395, [1, 2, 3, 12])
(117396, [10])
(117397, [10])
(117398, [10])
(117399, [10])
(117400, [10])
(117401, [10])
(117402, [2, 10])
(117403, [2, 4, 10])
(117404, [2, 5, 10, 12])
(117405, [10])
(117406, [10])
(117407, [10])
(117408, [10])
(117409, [10])
(117410, [10])
(117411, [4, 19])
(117412, [19])
(117413, [19, 26])
(117414, [19])
(117415, [19])
(117416, [19])
(117417, [3, 12, 19])
(117418, [19, 30])
(117419, [12, 19, 23, 30, 31])
(117420, [19])
(117421, [19])
(117422, [3, 19])
(117423, [19])
(117424, [5, 8, 19, 30])
(117425, [19])
(117426, [19])
(117427, [19])
(117428, [19])
(117429, [19])
(117430, [19])
(117431, [26])
(117432, [26])
(117433, [26])
(117434, [26])
(117435, [24, 26, 31])
(117436, [26])
(117437, [26])
(117438, [26])
(117439, [26])
(117440, [26])
(117441, [26])
(117442, [26, 31])
(117443, [3, 24, 26])
(117444, [26])
(117445, [26])
(117446, [3, 21, 26])
(117447, [26])
(117448, [26])
(117449, [26, 30])
(117450, [26])
(117451, [26, 39, 44])
(117452, [26])
(117453, [26])
(117454, [26])
(117455, [26, 31])
(117456, [8])
(117457, [8])
(117458, [2, 8])
(117459, [8])
(117460, [5, 8, 39])
(117461, [3, 8])
(117462, [8])
(117463, [8])
(117464, [8])
(117465, [8])
(117466, [8])
(117467, [8])
(117468, [8])
(117469, [2, 3, 8, 13, 21])
(117470, [8])
(117471, [8])
(117472, [8])
(117473, [8])
(117474, [8])
(117475, [8])
(117476, [8])
(117477, [8])
(117478, [21])
(117479, [3, 4, 21, 31])
(117480, [21])
(117481, [21])
(117482, [21])
(117483, [21])
(117484, [21])
(117485, [21])
(117486, [21])
(117487, [21])
(117488, [21])
(117489, [21])
(117490, [21])
(117491, [21])
(117492, [5, 21])
(117493, [21])
(117494, [21, 23])
(117495, [21])
(117496, [3, 21])
(117497, [21])
(117498, [3, 21])
(117499, [21])
(117500, [21])
(117501, [21])
(117502, [21])
(117503, [21])
(117504, [21])
(117505, [21])
(117506, [21])
(117507, [21])
(117508, [21])
(117509, [21])
(117510, [21])
(117511, [21])
(117512, [21])
(117513, [21])
(117514, [21])
(117515, [21])
(117516, [21])
(117517, [21])
(117518, [21])
(117519, [21])
(117520, [2, 21])
(117521, [21])
(117522, [21])
(117523, [21])
(117524, [44])
(117525, [3, 44])
(117526, [44])
(117527, [2, 3, 44])
(117528, [44])
(117529, [44])
(117530, [44])
(117531, [44])
(117532, [44])
(117533, [44])
(117534, [44])
(117535, [44])
(117536, [44])
(117537, [44])
(117538, [44])
(117539, [44])
(117540, [44])
(117541, [4, 44])
(117542, [44])
(117543, [44])
(117544, [44])
(117545, [44])
(117546, [44])
(117547, [44])
(117548, [2, 43])
(117549, [3, 13, 41, 43])
(117550, [43])
(117551, [43])
(117552, [43])
(117553, [43])
(117554, [43])
(117555, [43])
(117556, [43])
(117557, [43])
(117558, [43])
(117559, [43])
(117560, [43])
(117561, [43])
(117562, [43])
(117563, [43])
(117564, [23, 43])
(117565, [43])
(117566, [43])
(117567, [43])
(117568, [43])
(117569, [43])
(117570, [43])
(117571, [43])
(117572, [36, 43])
(117573, [43])
(117574, [38])
(117575, [36])
(117576, [30, 36])
(117577, [36])
(117578, [36])
(117579, [36])
(117580, [36])
(117581, [2, 14, 36])
(117582, [36])
(117583, [36])
(117584, [36])
(117585, [36])
(117586, [36])
(117587, [36])
(117588, [36])
(117589, [36])
(117590, [36])
(117591, [36])
(117592, [36])
(117593, [36])
(117594, [36])
(117595, [36])
(117596, [36])
(117597, [36])
(117598, [36])
(117599, [2, 36])
(117600, [36])
(117601, [36])
(117602, [36])
(117603, [36])
(117604, [36])
(117605, [36])
(117606, [36])
(117607, [36])
(117608, [36])
(117609, [36])
(117610, [36])
(117611, [36])
(117612, [36])
(117613, [31])
(117614, [31])
(117615, [31])
(117616, [30, 31])
(117617, [4, 15, 31])
(117618, [31])
(117619, [31])
(117620, [15, 31])
(117621, [30])
(117622, [30])
(117623, [30])
(117624, [30])
(117625, [30])
(117626, [30])
(117627, [30])
(117628, [37])
(117629, [39])
(117630, [3, 39])
(117631, [39])
(117632, [39])
(117633, [39])
(117634, [39])
(117635, [41])
(117636, [41])
(117637, [41])
(117638, [41])
(117639, [41])
(117640, [41])
(117641, [13, 41])
(117642, [41])
(117643, [3, 4, 41])
(117644, [13, 41])
(117645, [41])
(117646, [41])
(117647, [40, 41])
(117648, [41])
(117649, [41])
(117650, [41])
(117651, [41])
(117652, [41])
(117653, [41])
(117654, [41])
(117655, [2, 14, 41])
(117656, [41])
(117657, [2, 13, 41])
(117658, [2, 40, 41])
(117659, [41])
(117660, [24])
(117661, [24])
(117662, [24])
(117663, [24])
(117664, [24])
(117665, [24])
(117666, [15, 24])
(117667, [24])
(117668, [15, 24])
(117669, [24])
(117670, [24])
(117671, [24])
(117672, [24])
(117673, [14, 23, 24])
(117674, [24])
(117675, [23])
(117676, [23])
(117677, [23])
(117678, [23])
(117679, [23])
(117680, [23])
(117681, [23])
(117682, [3, 23])
(117683, [23])
(117684, [23])
(117685, [23])
(117686, [23])
(117687, [23])
(117688, [23])
(117689, [23])
(117690, [23])
(117691, [23])
(117692, [23])
(117693, [23])
(117694, [23])
(117695, [23])
(117696, [23])
(117697, [23])
(117698, [23])
(117699, [23])
(117700, [23])
(117701, [23])
(117702, [23])
(117703, [23])
(117704, [23])
(117705, [23])
(117706, [23])
(117707, [23])
(117708, [23])
(117709, [23])
(117710, [23])
(117711, [23])
(117712, [23])
(117713, [23])
(117714, [23])
(117715, [23])
(117716, [23])
(117717, [23])
(117718, [23])
(117719, [23])
(117720, [23])
(117721, [23])
(117722, [23])
(117723, [23])
(117724, [23])
(117725, [23])
(117726, [23])
(117727, [23])
(117728, [23])
(117729, [23])
(117730, [23])
(117731, [23])
(117732, [4])
(117733, [4])
(117734, [4])
(117735, [4])
(117736, [4])
(117737, [4])
(117738, [4])
(117739, [4])
(117740, [4])
(117741, [4])
(117742, [4])
(117743, [4, 14])
(117744, [4])
(117745, [4])
(117746, [4])
(117747, [4])
(117748, [4])
(117749, [4])
(117750, [4])
(117751, [4])
(117752, [15])
(117753, [15])
(117754, [2, 3, 15])
(117755, [15])
(117756, [15])
(117757, [15])
(117758, [15])
(117759, [15])
(117760, [15, 40])
(117761, [15])
(117762, [15])
(117763, [3])
(117764, [3])
(117765, [3])
(117766, [3])
(117767, [3])
(117768, [3])
(117769, [3])
(117770, [3, 12])
(117771, [3])
(117772, [3])
(117773, [3, 22])
(117774, [3])
(117775, [3])
(117776, [3])
(117777, [3])
(117778, [3])
(117779, [3])
(117780, [3])
(117781, [3])
(117782, [3])
(117783, [3])
(117784, [3])
(117785, [3])
(117786, [3])
(117787, [3])
(117788, [3])
(117789, [3])
(117790, [3])
(117791, [3])
(117792, [3])
(117793, [3])
(117794, [3])
(117795, [3, 12])
(117796, [3])
(117797, [3])
(117798, [3])
(117799, [3])
(117800, [3])
(117801, [3])
(117802, [3])
(117803, [12])
(117804, [12])
(117805, [12])
(117806, [12])
(117807, [12])
(117808, [12])
(117809, [12])
(117810, [12])
(117811, [12])
(117812, [12])
(117813, [12])
(117814, [12])
(117815, [12])
(117816, [12])
(117817, [12])
(117818, [12])
(117819, [12])
(117820, [12])
(117821, [12])
(117822, [12])
(117823, [12])
(117824, [12])
(117825, [12])
(117826, [12])
(117827, [12])
(117828, [12])
(117829, [12])
(117830, [12])
(117831, [12])
(117832, [12])
(117833, [12])
(117834, [12])
(117835, [12])
(117836, [12])
(117837, [12])
(117838, [12])
(117839, [12])
(117840, [12])
(117841, [12])
(117842, [12])
(117843, [12])
(117844, [12])
(117845, [12])
(117846, [12])
(117847, [12])
(117848, [2, 12])
(117849, [12])
(117850, [12])
(117851, [12])
(117852, [12])
(117853, [12])
(117854, [12])
(117855, [12])
(117856, [12])
(117857, [12])
(117858, [12])
(117859, [12])
(117860, [12])
(117861, [12])
(117862, [12])
(117863, [12])
(117864, [12])
(117865, [12, 14])
(117866, [12])
(117867, [12])
(117868, [12])
(117869, [40])
(117870, [40])
(117871, [40])
(117872, [2])
(117873, [2])
(117874, [2])
(117875, [2])
(117876, [2])
(117877, [2])
(117878, [2])
(117879, [2])
(117880, [2])
(117881, [2])
(117882, [2])
(117883, [2])
(117884, [2, 14, 22])
(117885, [2])
(117886, [2])
(117887, [2])
(117888, [2])
(117889, [2])
(117890, [2])
(117891, [2])
(117892, [2])
(117893, [2])
(117894, [2])
(117895, [2])
(117896, [2])
(117897, [2])
(117898, [2])
(117899, [2, 14])
(117900, [2])
(117901, [2])
(117902, [2])
(117903, [2])
(117904, [2])
(117905, [2])
(117906, [2])
(117907, [2])
(117908, [2])
(117909, [2])
(117910, [2])
(117911, [2])
(117912, [2, 14])
(117913, [2])
(117914, [2])
(117915, [2])
(117916, [2])
(117917, [2, 14])
(117918, [2])
(117919, [2])
(117920, [2])
(117921, [2])
(117922, [2])
(117923, [2])
(117924, [2])
(117925, [2])
(117926, [2])
(117927, [2])
(117928, [2])
(117929, [2])
(117930, [2])
(117931, [2])
(117932, [2])
(117933, [2])
(117934, [2])
(117935, [2])
(117936, [2])
(117937, [2])
(117938, [2])
(117939, [2])
(117940, [2])
(117941, [2])
(117942, [2])
(117943, [2])
(117944, [2])
(117945, [2])
(117946, [2])
(117947, [2])
(117948, [2])
(117949, [2])
(117950, [2])
(117951, [2])
(117952, [2])
(117953, [2])
(117954, [2])
(117955, [2])
(117956, [2])
(117957, [2])
(117958, [2])
(117959, [2])
(117960, [2])
(117961, [2])
(117962, [2])
(117963, [2])
(117964, [2])
(117965, [2])
(117966, [2])
(117967, [2])
(117968, [2])
(117969, [2])
(117970, [13])
(117971, [13])
(117972, [13])
(117973, [13])
(117974, [13])
(117975, [13])
(117976, [5])
(117977, [5])
(117978, [5])
(117979, [5, 14])
(117980, [14])
(117981, [14])
(117982, [14])
(117983, [14])
(117984, [14])
(117985, [14])
(117986, [14])
(117987, [14])
(117988, [14])
(117989, [14])
(117990, [14])
(117991, [14])
(117992, [14])
(117993, [14])
(117994, [14])
(117995, [14])
(117996, [14])
(117997, [14])
(117998, [14])
(117999, [14])
(118000, [14])
(118001, [14])
(118002, [14])
(118003, [14])
(118004, [14])
(118005, [14])
(118006, [14])
(118007, [14])
(118008, [14])
(118009, [14])
(118010, [14])
(118011, [14])
(118012, [14])
(118013, [22])
(118014, [22])
(118015, [22])
(118016, [22])
(118017, [22])
(118018, [22])
(118019, [22])
(118020, [25])
(118021, [25])
