(46608, [0, 1, 2, 3, 4, 5, 6, 7, 8, 9, 10, 11, 12, 13, 14, 15, 16, 17, 18, 19, 20, 21, 22, 23, 24, 25, 26, 27, 28, 29, 30, 31, 32, 33, 34, 35, 36, 37, 38, 39, 40, 41, 42, 43, 44])
(46609, [0, 1, 2, 3, 4, 5, 6, 7, 8, 9, 10, 11, 12, 13, 14, 15, 16, 17, 18, 19, 20, 21, 22, 23, 24, 25, 26, 27, 28, 29, 30, 31, 32, 33, 34, 35, 36, 37, 38, 39, 40, 41, 42, 43, 44])
(46610, [1, 2, 3, 4, 7, 8, 9, 11, 14, 16, 17, 18, 20, 21, 26, 29, 30, 32, 34, 36, 39, 42, 43])
(46611, [0, 1, 2, 3, 4, 5, 6, 7, 8, 9, 10, 11, 12, 13, 14, 15, 16, 17, 18, 19, 20, 21, 22, 23, 24, 25, 26, 27, 28, 29, 30, 31, 32, 33, 34, 35, 36, 37, 38, 39, 40, 41, 42, 43, 44])
(46612, [0, 1, 2, 3, 4, 5, 6, 7, 8, 9, 10, 11, 12, 13, 14, 15, 16, 17, 18, 19, 20, 21, 22, 23, 24, 25, 26, 27, 28, 29, 30, 31, 32, 33, 34, 35, 36, 37, 38, 39, 40, 41, 42, 43, 44])
(46613, [0, 1, 2, 3, 4, 5, 6, 7, 8, 9, 10, 11, 12, 13, 14, 15, 16, 17, 18, 19, 20, 21, 22, 23, 24, 25, 26, 27, 28, 29, 30, 31, 32, 33, 34, 35, 36, 37, 38, 39, 40, 41, 42, 43, 44])
(46614, [2, 4, 5, 6, 8, 12, 15, 16, 17, 18, 19, 21, 22, 23, 26, 27, 29, 30, 31, 32, 33, 34, 35, 43, 44])
(46615, [0, 1, 2, 3, 4, 6, 7, 8, 9, 10, 11, 14, 17, 18, 19, 20, 23, 24, 26, 27, 28, 30, 31, 32, 33, 34, 35, 39, 40, 41, 44])
(46616, [1, 3, 4, 12, 17, 19, 22, 24, 25, 26, 27, 30, 31, 32, 36])
(46617, [0, 1, 2, 3, 4, 5, 6, 7, 8, 9, 10, 11, 12, 13, 14, 15, 16, 17, 18, 19, 20, 21, 22, 23, 24, 25, 26, 27, 28, 29, 30, 31, 32, 33, 34, 35, 36, 37, 38, 39, 40, 41, 42, 43, 44])
(46618, [0, 1, 2, 3, 4, 5, 6, 7, 8, 9, 10, 11, 12, 13, 14, 15, 16, 17, 18, 19, 20, 21, 22, 23, 24, 25, 26, 27, 28, 29, 30, 31, 32, 33, 34, 35, 36, 37, 38, 39, 40, 41, 42, 43, 44])
(46619, [0, 1, 2, 3, 4, 5, 6, 7, 8, 9, 10, 11, 12, 13, 14, 15, 16, 17, 18, 19, 20, 21, 22, 23, 24, 25, 26, 27, 28, 29, 30, 31, 32, 33, 34, 35, 36, 37, 38, 39, 40, 41, 42, 43, 44])
(46620, [1, 2, 3, 4, 5, 6, 9, 11, 12, 13, 15, 16, 17, 18, 19, 21, 22, 23, 24, 26, 29, 30, 31, 32, 33, 34, 36, 38, 39, 41, 43, 44])
(46621, [0, 1, 2, 3, 4, 6, 8, 9, 12, 13, 14, 15, 17, 19, 23, 24, 25, 26, 27, 30, 31, 32, 33, 35, 39, 40, 41, 43, 44])
(46622, [0, 1, 2, 3, 4, 5, 6, 7, 8, 9, 10, 11, 12, 13, 14, 15, 16, 17, 18, 20, 21, 23, 24, 25, 26, 27, 28, 30, 31, 32, 33, 34, 35, 36, 37, 39, 40, 41, 43, 44])
(46623, [1, 2, 3, 4, 5, 6, 7, 8, 9, 10, 11, 12, 13, 14, 15, 16, 17, 18, 19, 20, 21, 22, 23, 24, 25, 26, 27, 28, 29, 30, 31, 32, 33, 34, 35, 37, 38, 39, 40, 41, 43, 44])
(46624, [4, 9, 14, 15, 32, 40, 43])
(46625, [1, 2, 3, 4, 5, 6, 7, 8, 9, 10, 11, 12, 13, 14, 15, 16, 17, 18, 19, 20, 21, 22, 23, 24, 26, 27, 28, 30, 31, 32, 33, 34, 35, 36, 37, 38, 39, 40, 41, 43, 44])
(46626, [0, 1, 2, 3, 4, 6, 7, 9, 10, 11, 12, 15, 16, 17, 18, 19, 20, 21, 22, 23, 24, 26, 30, 31, 32, 33, 34, 38, 41, 42, 43, 44])
(46627, [0, 1, 2, 3, 4, 5, 6, 7, 8, 11, 12, 13, 15, 16, 17, 18, 19, 21, 23, 24, 26, 29, 30, 31, 32, 33, 34, 35, 38, 39, 40, 41, 43, 44])
(46628, [0, 1, 2, 3, 4, 7, 8, 9, 13, 15, 16, 18, 19, 20, 21, 22, 23, 26, 29, 30, 31, 32, 33, 35, 40, 41, 42, 43])
(46629, [0, 1, 2, 3, 5, 6, 7, 8, 9, 11, 12, 14, 15, 16, 19, 20, 21, 23, 25, 28, 30, 31, 32, 33, 34, 35, 37, 39, 40, 43])
(46630, [0, 2, 4, 6, 7, 9, 11, 12, 13, 15, 17, 19, 20, 21, 23, 26, 27, 30, 31, 32, 39, 41, 43])
(46631, [0, 1, 2, 3, 4, 6, 7, 8, 9, 11, 12, 13, 15, 16, 17, 18, 19, 21, 22, 23, 24, 25, 26, 29, 30, 31, 32, 33, 34, 35, 38, 39, 40, 41, 42, 43, 44])
(46632, [0, 1, 2, 3, 4, 5, 6, 9, 11, 12, 13, 15, 16, 17, 18, 19, 20, 21, 22, 23, 24, 29, 30, 31, 32, 33, 34, 35, 37, 38, 41, 42, 43, 44])
(46633, [0, 1, 3, 7, 8, 11, 12, 15, 16, 19, 21, 22, 30, 32, 33, 34, 38, 42, 43])
(46634, [0, 1, 2, 3, 4, 6, 8, 9, 10, 11, 12, 14, 15, 17, 18, 19, 20, 21, 23, 24, 26, 28, 30, 31, 32, 33, 34, 36, 38, 41, 43, 44])
(46635, [1, 2, 3, 4, 5, 6, 8, 9, 10, 11, 12, 13, 14, 15, 16, 17, 18, 19, 21, 22, 23, 24, 26, 27, 28, 29, 30, 31, 32, 33, 34, 35, 36, 39, 40, 41, 42, 43, 44])
(46636, [1, 2, 3, 4, 5, 6, 7, 8, 9, 10, 11, 12, 13, 15, 16, 17, 18, 19, 20, 21, 22, 23, 24, 26, 27, 30, 31, 32, 33, 34, 35, 36, 40, 41, 42, 43, 44])
(46637, [2, 9, 13, 15, 26, 30, 31, 32, 34, 41])
(46638, [1, 2, 3, 12, 15, 18, 23, 26, 32])
(46639, [1, 2, 3, 7, 12, 29, 31, 32, 44])
(46640, [0, 1, 2, 3, 4, 7, 9, 11, 12, 14, 15, 16, 17, 18, 19, 21, 22, 23, 24, 26, 27, 29, 30, 31, 32, 33, 35, 37, 38, 40, 41, 42, 43, 44])
(46641, [2, 8, 11, 18, 21, 23, 32, 42])
(46642, [0, 1, 2, 3, 4, 5, 6, 8, 9, 11, 12, 14, 15, 16, 18, 19, 20, 21, 22, 23, 24, 25, 26, 27, 28, 30, 31, 32, 33, 35, 38, 39, 42, 43, 44])
(46643, [0, 4, 14, 15, 24, 26, 30, 31, 32, 40])
(46644, [4, 6, 9, 15, 30, 32, 33, 40])
(46645, [1, 3, 8, 14, 17, 21, 22, 30, 32])
(46646, [1, 3, 7, 11, 19, 22, 29, 32, 34, 38, 44])
(46647, [0, 1, 2, 3, 4, 6, 10, 11, 12, 15, 16, 18, 21, 22, 23, 24, 26, 30, 31, 32, 33, 34, 38, 41, 42, 43, 44])
(46648, [0, 1, 2, 3, 4, 6, 7, 8, 9, 11, 12, 13, 14, 15, 16, 17, 18, 19, 21, 22, 23, 24, 25, 29, 30, 31, 32, 33, 34, 35, 36, 37, 40, 41, 42, 43, 44])
(46649, [1, 2, 3, 4, 6, 9, 15, 16, 17, 21, 22, 23, 26, 30, 31, 32, 33, 34, 40, 41, 43, 44])
(46650, [0, 1, 3, 11, 13, 18, 20, 21, 23, 30, 31, 32])
(46651, [0, 4, 6, 15, 19, 22, 30, 31, 32, 33, 34, 36, 38, 39, 40])
(46652, [0, 2, 3, 4, 6, 11, 18, 19, 23, 32, 33, 35, 42, 43, 44])
(46653, [0, 1, 2, 3, 4, 5, 6, 8, 12, 15, 17, 18, 19, 20, 23, 24, 26, 30, 31, 32, 33, 34, 35, 36, 39, 41, 43, 44])
(46654, [4, 32])
(46655, [0, 1, 2, 3, 4, 6, 9, 10, 11, 12, 14, 15, 18, 19, 20, 23, 24, 25, 26, 27, 28, 30, 31, 32, 34, 35, 41, 42, 43, 44])
(46656, [0, 1, 2, 3, 4, 5, 7, 8, 9, 11, 12, 13, 14, 15, 16, 17, 18, 19, 20, 21, 22, 23, 24, 26, 27, 28, 30, 32, 33, 36, 40, 41, 42, 43, 44])
(46657, [0, 1, 2, 3, 4, 6, 7, 9, 11, 12, 13, 16, 17, 18, 19, 24, 26, 30, 31, 32, 34, 35, 38, 39, 41, 42, 43, 44])
(46658, [0, 1, 2, 3, 4, 6, 7, 8, 9, 10, 11, 12, 14, 15, 16, 17, 18, 19, 20, 21, 22, 23, 26, 29, 31, 32, 33, 35, 37, 40, 41, 42, 43, 44])
(46659, [0, 1, 2, 3, 4, 5, 6, 7, 8, 9, 11, 12, 14, 15, 16, 18, 19, 20, 23, 24, 31, 32, 33, 34, 41, 44])
(46660, [1, 3, 32])
(46661, [18, 27, 32, 44])
(46662, [1, 2, 3, 4, 6, 11, 13, 18, 19, 21, 23, 24, 26, 30, 31, 32, 34, 36, 37, 38, 41, 43])
(46663, [1, 2, 3, 4, 5, 6, 7, 8, 9, 10, 11, 12, 15, 16, 17, 18, 19, 20, 21, 22, 23, 24, 26, 27, 28, 30, 31, 32, 33, 34, 35, 37, 38, 40, 41, 42, 43, 44])
(46664, [1, 3, 5, 8, 9, 14, 15, 17, 18, 19, 21, 22, 23, 30, 31, 32, 33, 34, 36, 40, 41])
(46665, [0, 9, 14, 24, 26, 31, 32])
(46666, [2, 4, 14, 15, 17, 19, 21, 23, 27, 30, 31, 32, 39, 40, 43, 44])
(46667, [3, 9, 15, 16, 30, 32])
(46668, [1, 3, 6, 7, 11, 12, 15, 18, 20, 23, 29, 31, 32, 35, 37])
(46669, [32])
(46670, [1, 3, 18, 21, 22, 31, 32, 39, 41])
(46671, [1, 2, 3, 18, 21, 22, 32, 35])
(46672, [3, 19, 30, 32])
(46673, [1, 2, 3, 5, 9, 12, 19, 23, 31, 32, 33])
(46674, [1, 2, 3, 6, 12, 15, 17, 18, 19, 23, 28, 29, 31, 32, 33, 34, 43])
(46675, [1, 3, 18, 21, 31, 32, 33, 34, 38, 43])
(46676, [0, 1, 2, 3, 4, 5, 6, 8, 9, 10, 11, 12, 14, 15, 16, 18, 19, 20, 21, 22, 23, 24, 26, 27, 28, 29, 30, 31, 32, 33, 34, 35, 37, 39, 40, 41, 42, 43, 44])
(46677, [0, 1, 2, 3, 4, 5, 6, 8, 9, 11, 12, 13, 15, 16, 17, 18, 19, 20, 21, 23, 26, 30, 31, 32, 33, 34, 35, 39, 41, 42, 43, 44])
(46678, [1, 2, 3, 4, 5, 6, 7, 8, 9, 11, 12, 15, 16, 17, 18, 19, 20, 21, 23, 24, 26, 29, 30, 32, 33, 34, 35, 37, 38, 39, 40, 42, 43, 44])
(46679, [18, 32])
(46680, [1, 2, 3, 4, 5, 6, 7, 8, 9, 11, 12, 13, 15, 16, 17, 18, 19, 21, 22, 23, 24, 25, 26, 29, 30, 31, 32, 33, 34, 35, 36, 38, 40, 41, 43, 44])
(46681, [16, 18, 32, 41])
(46682, [32])
(46683, [0, 1, 2, 3, 6, 7, 9, 11, 12, 13, 15, 17, 18, 21, 23, 24, 26, 30, 31, 32, 41, 43, 44])
(46684, [0, 2, 3, 4, 6, 9, 12, 13, 14, 15, 17, 18, 24, 26, 27, 30, 32, 36, 37, 40, 41, 42, 43, 44])
(46685, [32])
(46686, [12, 32])
(46687, [1, 2, 3, 6, 9, 18, 19, 24, 26, 30, 31, 32, 33, 41, 44])
(46688, [0, 1, 2, 3, 4, 6, 7, 8, 12, 14, 15, 16, 17, 18, 19, 20, 21, 22, 23, 30, 31, 32, 33, 34, 35, 37, 43])
(46689, [0, 1, 2, 3, 4, 5, 6, 7, 8, 9, 11, 12, 13, 15, 16, 17, 18, 19, 20, 21, 22, 23, 24, 26, 27, 28, 30, 31, 32, 33, 34, 35, 39, 40, 41, 42, 43, 44])
(46690, [32])
(46691, [32])
(46692, [1, 2, 3, 4, 5, 6, 10, 11, 12, 13, 15, 16, 17, 18, 20, 21, 22, 23, 27, 30, 31, 32, 34, 38, 41, 42])
(46693, [3, 4, 8, 9, 11, 13, 14, 16, 17, 18, 19, 21, 22, 23, 25, 29, 32, 34, 36, 39, 40])
(46694, [1, 2, 3, 4, 8, 16, 17, 18, 19, 20, 21, 22, 23, 24, 26, 29, 30, 31, 32, 33, 34, 35, 38, 42, 43, 44])
(46695, [2, 5, 6, 12, 21, 22, 23, 24, 30, 32, 33, 41, 43, 44])
(46696, [12, 23, 30, 31, 32, 43])
(46697, [0, 1, 2, 4, 6, 7, 9, 10, 11, 12, 14, 15, 16, 17, 18, 19, 23, 24, 26, 32, 33, 34, 35, 37, 40, 41, 43])
(46698, [32])
(46699, [0, 6, 9, 11, 18, 24, 26, 28, 31, 32, 34, 35, 40, 41])
(46700, [0, 2, 6, 9, 12, 14, 17, 26, 31, 32, 36, 39, 44])
(46701, [0, 3, 4, 11, 13, 18, 32, 39])
(46702, [0, 1, 3, 4, 8, 9, 12, 16, 18, 19, 20, 21, 22, 23, 30, 31, 32, 35, 37, 44])
(46703, [2, 3, 9, 10, 11, 12, 13, 15, 16, 18, 23, 24, 26, 31, 32, 33, 34, 41, 43, 44])
(46704, [32, 33])
(46705, [0, 2, 9, 12, 15, 26, 30, 31, 32, 33, 35, 41, 42, 44])
(46706, [0, 1, 2, 3, 6, 7, 9, 11, 12, 13, 15, 17, 18, 19, 20, 23, 24, 26, 29, 32, 39, 40, 43, 44])
(46707, [1, 2, 3, 22, 32, 40])
(46708, [0, 1, 2, 3, 4, 5, 6, 7, 8, 9, 10, 11, 12, 13, 14, 15, 16, 18, 19, 20, 21, 22, 23, 26, 30, 31, 32, 33, 35, 37, 42, 43])
(46709, [1, 3, 9, 15, 17, 19, 32, 39, 40, 41])
(46710, [4, 9, 11, 32, 36])
(46711, [2, 11, 19, 24, 32])
(46712, [1, 2, 3, 16, 17, 26, 32])
(46713, [0, 1, 2, 3, 4, 5, 6, 7, 9, 10, 11, 12, 15, 16, 17, 19, 20, 21, 22, 23, 25, 26, 28, 30, 31, 32, 33, 34, 39, 42, 43, 44])
(46714, [0, 1, 2, 3, 4, 8, 9, 10, 12, 15, 19, 21, 23, 28, 29, 32, 33, 43])
(46715, [2, 11, 12, 14, 24, 26, 32])
(46716, [0, 1, 2, 3, 4, 5, 6, 7, 8, 9, 11, 12, 13, 14, 15, 16, 17, 18, 19, 20, 22, 23, 24, 25, 27, 28, 29, 30, 31, 33, 34, 35, 36, 37, 38, 39, 40, 41, 42, 43, 44])
(46717, [35])
(46718, [35])
(46719, [0, 1, 2, 3, 4, 5, 6, 7, 11, 12, 14, 16, 18, 19, 20, 22, 23, 30, 33, 34, 35, 36, 37, 39, 40, 42, 43])
(46720, [18, 23, 35])
(46721, [35])
(46722, [35])
(46723, [0, 3, 12, 18, 19, 35])
(46724, [35])
(46725, [35])
(46726, [3, 19, 20, 21, 23, 24, 33, 35, 43])
(46727, [0, 1, 3, 6, 7, 8, 9, 11, 12, 16, 19, 20, 21, 23, 30, 31, 34, 35, 38, 44])
(46728, [0, 1, 2, 3, 5, 7, 11, 15, 21, 23, 35])
(46729, [8, 16, 18, 22, 23, 35])
(46730, [2, 6, 9, 18, 35, 41, 43])
(46731, [35])
(46732, [0, 1, 2, 3, 4, 5, 9, 10, 11, 12, 14, 15, 18, 19, 26, 27, 31, 35, 36, 43, 44])
(46733, [0, 1, 3, 5, 6, 8, 9, 12, 14, 15, 17, 18, 20, 23, 24, 26, 31, 33, 34, 35, 44])
(46734, [1, 2, 3, 4, 5, 8, 9, 11, 12, 13, 14, 15, 17, 18, 19, 21, 22, 24, 26, 29, 30, 31, 33, 35, 36, 41, 43, 44])
(46735, [3, 9, 35, 44])
(46736, [35])
(46737, [0, 1, 2, 3, 5, 6, 7, 9, 10, 11, 12, 16, 17, 20, 21, 22, 23, 26, 27, 30, 31, 33, 35, 36, 40, 41, 43, 44])
(46738, [35])
(46739, [0, 3, 4, 6, 10, 11, 15, 16, 19, 20, 23, 29, 30, 31, 33, 34, 35, 41])
(46740, [35])
(46741, [35])
(46742, [35])
(46743, [35])
(46744, [35])
(46745, [35])
(46746, [35])
(46747, [0, 1, 2, 3, 4, 7, 8, 9, 10, 11, 12, 13, 15, 16, 17, 19, 20, 23, 24, 27, 31, 34, 35, 37, 42, 43])
(46748, [35])
(46749, [35])
(46750, [1, 2, 3, 4, 8, 9, 12, 15, 16, 17, 19, 21, 22, 23, 26, 30, 31, 33, 35, 38, 39, 44])
(46751, [1, 2, 3, 6, 11, 13, 15, 16, 18, 20, 29, 30, 31, 33, 35, 37, 41, 42, 43])
(46752, [35])
(46753, [35])
(46754, [35])
(46755, [34])
(46756, [1, 19, 34])
(46757, [2, 15, 18, 34])
(46758, [0, 1, 2, 9, 18, 24, 30, 34, 41])
(46759, [34])
(46760, [6, 21, 26, 30, 34, 41])
(46761, [1, 2, 3, 4, 9, 11, 14, 15, 16, 17, 19, 21, 22, 31, 33, 34, 40, 42, 44])
(46762, [1, 2, 3, 5, 7, 8, 9, 11, 12, 13, 14, 20, 21, 22, 23, 31, 34, 38, 41, 44])
(46763, [0, 1, 2, 3, 6, 9, 11, 12, 14, 16, 17, 20, 21, 22, 24, 33, 34, 40])
(46764, [1, 3, 31, 34, 38])
(46765, [26, 31, 34])
(46766, [2, 12, 19, 31, 34, 36, 41, 43])
(46767, [1, 26, 34])
(46768, [0, 1, 2, 3, 4, 6, 9, 11, 12, 14, 15, 16, 17, 18, 19, 21, 22, 23, 26, 30, 31, 33, 34, 37, 39, 41, 43, 44])
(46769, [12, 34])
(46770, [2, 15, 34])
(46771, [0, 1, 2, 3, 4, 6, 9, 11, 12, 13, 15, 16, 17, 18, 19, 20, 24, 25, 27, 28, 31, 34, 36, 40, 41, 43, 44])
(46772, [19, 34])
(46773, [1, 3, 30, 34, 38, 44])
(46774, [2, 3, 11, 12, 30, 33, 34, 40])
(46775, [3, 4, 5, 9, 11, 13, 14, 15, 17, 19, 21, 31, 33, 34, 41, 43, 44])
(46776, [0, 11, 18, 19, 23, 30, 31, 33, 34])
(46777, [34])
(46778, [34])
(46779, [34])
(46780, [0, 1, 3, 4, 7, 8, 9, 11, 12, 13, 14, 16, 17, 18, 19, 20, 22, 23, 28, 30, 31, 33, 34, 38, 42, 43, 44])
(46781, [1, 2, 3, 4, 6, 15, 16, 18, 22, 23, 26, 30, 31, 34, 39, 41, 42, 43])
(46782, [34])
(46783, [0, 2, 5, 8, 9, 12, 16, 23, 34, 36, 42, 44])
(46784, [18, 31, 33, 34, 43, 44])
(46785, [1, 2, 3, 5, 8, 9, 10, 11, 12, 16, 18, 19, 21, 23, 26, 27, 29, 30, 31, 33, 34, 38])
(46786, [34])
(46787, [0, 1, 2, 3, 7, 9, 11, 15, 16, 17, 18, 19, 21, 23, 26, 29, 34, 41, 44])
(46788, [4, 9, 11, 30, 34])
(46789, [1, 34])
(46790, [0, 23, 31, 34])
(46791, [4, 9, 11, 12, 30, 31, 34, 41, 43, 44])
(46792, [0, 1, 2, 3, 11, 12, 17, 20, 25, 28, 29, 30, 31, 33, 34, 41, 42])
(46793, [1, 3, 6, 8, 10, 11, 12, 20, 34])
(46794, [1, 2, 3, 5, 8, 9, 10, 11, 12, 15, 19, 20, 24, 29, 31, 33, 34])
(46795, [31, 34])
(46796, [0, 2, 4, 6, 7, 11, 12, 14, 19, 24, 27, 29, 30, 34, 42, 43, 44])
(46797, [12, 34])
(46798, [34])
(46799, [12, 34])
(46800, [1, 3, 11, 20, 21, 23, 34, 38])
(46801, [0, 2, 9, 12, 17, 21, 23, 28, 34, 41])
(46802, [0, 1, 2, 3, 9, 12, 15, 17, 18, 19, 20, 23, 31, 34, 43, 44])
(46803, [34])
(46804, [1, 3, 10, 11, 30, 31, 33, 34])
(46805, [0, 2, 3, 6, 7, 9, 10, 15, 19, 23, 30, 31, 33, 40, 43])
(46806, [1, 2, 3, 11, 12, 18, 21, 26, 33, 37])
(46807, [33])
(46808, [1, 33])
(46809, [33])
(46810, [1, 3, 21, 33])
(46811, [0, 6, 9, 33])
(46812, [21, 33])
(46813, [2, 4, 6, 9, 13, 16, 18, 23, 26, 30, 33, 43, 44])
(46814, [0, 2, 11, 12, 15, 18, 27, 30, 33, 40, 41, 44])
(46815, [1, 2, 3, 9, 12, 13, 17, 18, 19, 20, 23, 26, 31, 33, 41, 42, 44])
(46816, [1, 5, 18, 21, 22, 30, 33, 36])
(46817, [1, 3, 10, 12, 15, 16, 18, 19, 20, 21, 22, 27, 30, 31, 33, 37, 40])
(46818, [0, 2, 12, 33])
(46819, [1, 2, 3, 7, 15, 18, 30, 33, 44])
(46820, [33])
(46821, [2, 5, 27, 33, 37])
(46822, [0, 3, 12, 28, 33])
(46823, [33])
(46824, [2, 26, 33])
(46825, [0, 1, 5, 6, 12, 15, 18, 26, 33, 36, 40, 41])
(46826, [1, 3, 31, 33, 44])
(46827, [1, 3, 9, 33, 42, 44])
(46828, [0, 2, 3, 12, 33, 43])
(46829, [33])
(46830, [1, 3, 33])
(46831, [0, 1, 2, 3, 11, 12, 16, 18, 26, 33])
(46832, [1, 2, 3, 9, 12, 21, 22, 26, 30, 31, 33, 39])
(46833, [14, 33])
(46834, [1, 2, 3, 4, 7, 11, 12, 13, 16, 18, 19, 21, 23, 26, 33, 44])
(46835, [33])
(46836, [3, 33, 41])
(46837, [0, 1, 2, 3, 4, 12, 14, 15, 16, 17, 18, 20, 22, 24, 31, 33, 43, 44])
(46838, [12, 31, 33, 43])
(46839, [1, 3, 4, 5, 6, 7, 8, 15, 16, 18, 19, 20, 22, 23, 26])
(46840, [3, 12, 18, 20, 23])
(46841, [0, 1, 3, 7, 12, 16, 19, 20, 23, 26, 31])
(46842, [0, 1, 2, 3, 12, 20, 21, 31, 39, 44])
(46843, [0, 20])
(46844, [0, 1, 3, 4, 17, 19, 20, 21, 22, 25, 36, 38, 39])
(46845, [20])
(46846, [20])
(46847, [20])
(46848, [1, 3, 11, 19, 20, 21, 22, 30, 39])
(46849, [20, 23, 43])
(46850, [0, 1, 2, 3, 11, 12, 18, 20, 30])
(46851, [1, 20])
(46852, [0, 1, 2, 3, 9, 17, 20, 23, 26, 28, 31, 43])
(46853, [1, 4, 14, 20, 41])
(46854, [0, 12, 15, 20, 23, 40])
(46855, [0, 20, 22, 41])
(46856, [20])
(46857, [0, 7, 11, 20, 41])
(46858, [4, 20])
(46859, [0, 20])
(46860, [18])
(46861, [18])
(46862, [18])
(46863, [18])
(46864, [0, 1, 3, 4, 7, 11, 18, 21, 38, 39])
(46865, [0, 11, 12, 17, 18, 26])
(46866, [18])
(46867, [1, 3, 18, 21])
(46868, [18])
(46869, [18])
(46870, [17, 18, 21])
(46871, [11, 18, 44])
(46872, [18])
(46873, [18, 23, 43])
(46874, [18])
(46875, [15, 18, 23])
(46876, [18, 23])
(46877, [6, 9, 11, 15, 18, 23, 26, 44])
(46878, [18])
(46879, [1, 3, 9, 18, 19])
(46880, [18])
(46881, [18])
(46882, [2, 6, 11, 18, 23, 44])
(46883, [18, 19, 30, 36])
(46884, [3, 18])
(46885, [1, 2, 3, 4, 15, 17, 18, 19, 21, 27, 31])
(46886, [0, 1, 3, 11, 12, 18, 19, 24, 26, 30, 31])
(46887, [8, 15, 18, 23, 29])
(46888, [2, 4, 18, 26, 28, 31, 41, 43])
(46889, [8, 15, 18, 23])
(46890, [10, 17, 18, 21, 41])
(46891, [1, 18])
(46892, [18])
(46893, [8, 16, 18, 23])
(46894, [1, 2, 3, 4, 8, 9, 11, 16, 17, 18, 19, 21, 22, 23, 26, 41])
(46895, [0, 2, 9, 12, 17, 18, 19, 21, 22, 23, 24, 30, 43, 44])
(46896, [1, 4, 6, 11, 18, 21])
(46897, [18])
(46898, [18])
(46899, [18, 24, 41, 43])
(46900, [15, 18, 21])
(46901, [18, 22])
(46902, [18])
(46903, [9, 11, 18, 38])
(46904, [18])
(46905, [0, 11, 17, 18, 27])
(46906, [18, 19])
(46907, [18])
(46908, [18])
(46909, [18])
(46910, [18, 23])
(46911, [18])
(46912, [18])
(46913, [18])
(46914, [18])
(46915, [2, 18])
(46916, [1, 3, 6, 9, 11, 15, 18, 19, 24, 31])
(46917, [0, 2, 18])
(46918, [18])
(46919, [18])
(46920, [1, 2, 18])
(46921, [18])
(46922, [6, 17, 18, 22])
(46923, [18])
(46924, [18])
(46925, [18])
(46926, [18])
(46927, [18])
(46928, [18])
(46929, [18])
(46930, [18])
(46931, [18])
(46932, [16, 18, 23, 29])
(46933, [18, 22])
(46934, [18])
(46935, [18])
(46936, [18])
(46937, [18])
(46938, [18])
(46939, [18, 23, 31])
(46940, [18])
(46941, [9, 13, 15, 18])
(46942, [18])
(46943, [18])
(46944, [18])
(46945, [18])
(46946, [18, 43])
(46947, [18])
(46948, [18, 37, 41])
(46949, [18])
(46950, [18])
(46951, [18])
(46952, [18])
(46953, [18])
(46954, [18])
(46955, [1, 3, 18, 19, 21, 42, 44])
(46956, [18])
(46957, [0, 2, 18, 21, 22, 30, 36])
(46958, [18])
(46959, [2, 18])
(46960, [18])
(46961, [18])
(46962, [27])
(46963, [0, 2, 3, 6, 16, 17, 27, 44])
(46964, [1, 3, 27, 38])
(46965, [0, 4, 14, 27, 43])
(46966, [0, 1, 2, 3, 6, 7, 14, 15, 17, 23, 26, 27, 31])
(46967, [27])
(46968, [27])
(46969, [27])
(46970, [0, 2, 19, 22, 27, 28, 30, 31, 39])
(46971, [21, 27])
(46972, [9])
(46973, [9])
(46974, [2, 9])
(46975, [0, 1, 3, 5, 9, 12, 16, 19, 31, 42, 44])
(46976, [9])
(46977, [9])
(46978, [0, 2, 3, 6, 9, 26, 43])
(46979, [9, 12])
(46980, [2, 7, 9, 12, 16, 19, 23, 43])
(46981, [0, 2, 3, 9, 15, 16, 19, 24, 30, 31, 39, 41, 44])
(46982, [9, 11])
(46983, [1, 3, 9, 22, 44])
(46984, [0, 1, 2, 9, 12, 19, 21, 44])
(46985, [9, 16, 40])
(46986, [9])
(46987, [9])
(46988, [0, 2, 4, 9, 16])
(46989, [9, 19, 30, 41])
(46990, [9, 23, 24])
(46991, [9])
(46992, [9])
(46993, [9])
(46994, [9])
(46995, [9])
(46996, [2, 9, 11, 12, 21, 41])
(46997, [9])
(46998, [1, 2, 3, 9, 11, 22, 26])
(46999, [0, 1, 3, 9])
(47000, [9])
(47001, [0, 1, 3, 7, 9, 12, 16, 21, 26, 28, 42, 43])
(47002, [9])
(47003, [9])
(47004, [9])
(47005, [1, 8, 9, 23, 31])
(47006, [9, 15, 24])
(47007, [0, 1, 9, 12, 19, 23, 28])
(47008, [9])
(47009, [2, 9])
(47010, [9])
(47011, [2, 8, 9, 11, 19, 23, 31, 39])
(47012, [0, 2, 9, 21, 26])
(47013, [8, 9, 29, 44])
(47014, [9])
(47015, [9])
(47016, [0, 1, 9, 16, 40])
(47017, [9])
(47018, [9, 15])
(47019, [9, 23])
(47020, [9])
(47021, [9])
(47022, [2, 4, 9, 25, 40])
(47023, [1, 3, 7, 9, 11, 15, 23])
(47024, [2, 9, 11, 19, 25, 44])
(47025, [9])
(47026, [9])
(47027, [0])
(47028, [0, 13, 39, 43])
(47029, [0, 21])
(47030, [0, 1, 3, 12, 22, 39, 44])
(47031, [0, 12])
(47032, [0])
(47033, [0])
(47034, [0, 12, 44])
(47035, [0])
(47036, [0])
(47037, [0])
(47038, [0])
(47039, [0, 43])
(47040, [0])
(47041, [0])
(47042, [0, 8, 11, 12, 16, 17])
(47043, [0])
(47044, [0])
(47045, [0])
(47046, [0])
(47047, [0])
(47048, [0])
(47049, [0])
(47050, [0])
(47051, [0, 12])
(47052, [0])
(47053, [0])
(47054, [0])
(47055, [0])
(47056, [0])
(47057, [0])
(47058, [0])
(47059, [0])
(47060, [0])
(47061, [0])
(47062, [0])
(47063, [0, 12])
(47064, [0, 12])
(47065, [0])
(47066, [0])
(47067, [0, 3, 17, 19, 26, 28, 31, 43])
(47068, [0])
(47069, [0])
(47070, [0])
(47071, [0])
(47072, [0, 12])
(47073, [0])
(47074, [0])
(47075, [0])
(47076, [0, 1])
(47077, [0])
(47078, [0])
(47079, [0])
(47080, [0])
(47081, [0])
(47082, [0])
(47083, [0])
(47084, [0])
(47085, [0])
(47086, [0])
(47087, [0])
(47088, [0])
(47089, [0])
(47090, [0])
(47091, [0])
(47092, [0])
(47093, [0])
(47094, [0, 36])
(47095, [0])
(47096, [0, 2, 6, 12])
(47097, [0])
(47098, [0, 12])
(47099, [0])
(47100, [0])
(47101, [0])
(47102, [0])
(47103, [0])
(47104, [0, 1])
(47105, [0])
(47106, [0])
(47107, [0, 15, 26, 30, 44])
(47108, [0])
(47109, [0])
(47110, [0])
(47111, [0, 12])
(47112, [0])
(47113, [0, 1])
(47114, [0])
(47115, [0])
(47116, [0, 2])
(47117, [0])
(47118, [0])
(47119, [0, 1, 4])
(47120, [0, 15])
(47121, [0, 1])
(47122, [0])
(47123, [0, 1, 16, 39])
(47124, [0])
(47125, [0])
(47126, [0])
(47127, [0])
(47128, [0])
(47129, [0])
(47130, [0])
(47131, [0])
(47132, [0])
(47133, [0])
(47134, [0])
(47135, [0])
(47136, [0])
(47137, [0])
(47138, [0])
(47139, [0])
(47140, [0])
(47141, [0])
(47142, [0])
(47143, [0])
(47144, [0])
(47145, [0])
(47146, [0])
(47147, [0])
(47148, [0])
(47149, [0])
(47150, [0])
(47151, [0])
(47152, [0])
(47153, [0])
(47154, [0])
(47155, [0])
(47156, [0])
(47157, [0])
(47158, [0])
(47159, [0])
(47160, [0, 4, 11, 16, 41])
(47161, [0])
(47162, [0])
(47163, [0])
(47164, [0, 3, 30, 44])
(47165, [0])
(47166, [0, 2, 24, 31, 41])
(47167, [0])
(47168, [0])
(47169, [0])
(47170, [0])
(47171, [0, 1, 7, 12])
(47172, [0])
(47173, [0])
(47174, [0, 6])
(47175, [0])
(47176, [0, 16, 17, 21, 41])
(47177, [0])
(47178, [0])
(47179, [0])
(47180, [0])
(47181, [0])
(47182, [0, 12])
(47183, [0])
(47184, [0])
(47185, [0])
(47186, [0])
(47187, [0])
(47188, [0])
(47189, [0])
(47190, [0])
(47191, [0, 1, 4, 12, 21, 28, 31])
(47192, [0])
(47193, [0])
(47194, [0])
(47195, [0])
(47196, [0])
(47197, [0])
(47198, [0])
(47199, [0])
(47200, [0])
(47201, [0])
(47202, [0, 1, 3, 12, 19, 21, 42])
(47203, [0])
(47204, [0])
(47205, [0])
(47206, [0])
(47207, [0])
(47208, [0])
(47209, [0])
(47210, [0])
(47211, [0])
(47212, [0])
(47213, [0])
(47214, [0, 12])
(47215, [0])
(47216, [0])
(47217, [0])
(47218, [0])
(47219, [0])
(47220, [0, 12])
(47221, [0])
(47222, [0])
(47223, [0])
(47224, [0])
(47225, [0])
(47226, [0])
(47227, [0])
(47228, [0, 41])
(47229, [0, 26])
(47230, [0])
(47231, [0])
(47232, [0])
(47233, [0])
(47234, [0])
(47235, [0, 10, 22, 31, 41])
(47236, [0])
(47237, [0])
(47238, [0])
(47239, [0])
(47240, [0])
(47241, [0])
(47242, [0])
(47243, [0])
(47244, [0])
(47245, [0])
(47246, [0])
(47247, [0])
(47248, [0])
(47249, [0])
(47250, [0])
(47251, [0])
(47252, [0])
(47253, [0])
(47254, [0])
(47255, [0])
(47256, [0])
(47257, [0])
(47258, [0])
(47259, [0])
(47260, [0])
(47261, [0])
(47262, [0])
(47263, [0])
(47264, [0, 3, 21])
(47265, [0])
(47266, [0])
(47267, [0])
(47268, [0])
(47269, [0])
(47270, [0])
(47271, [0])
(47272, [0])
(47273, [0])
(47274, [0])
(47275, [0])
(47276, [0])
(47277, [0])
(47278, [0])
(47279, [0])
(47280, [0])
(47281, [0])
(47282, [0])
(47283, [0])
(47284, [0])
(47285, [0, 1, 44])
(47286, [0])
(47287, [0])
(47288, [0])
(47289, [0])
(47290, [0])
(47291, [0])
(47292, [0])
(47293, [11])
(47294, [11, 41, 44])
(47295, [11, 26])
(47296, [7, 11])
(47297, [11, 23])
(47298, [1, 3, 10, 11])
(47299, [11])
(47300, [11])
(47301, [11])
(47302, [2, 11, 17, 26])
(47303, [11, 17])
(47304, [1, 3, 11, 31])
(47305, [11])
(47306, [11])
(47307, [11, 14])
(47308, [2, 3, 11, 26, 36, 44])
(47309, [2, 11])
(47310, [11])
(47311, [2, 3, 7, 10, 11, 19, 41])
(47312, [11, 31])
(47313, [2, 11, 30, 44])
(47314, [11])
(47315, [11])
(47316, [1, 3, 11, 21, 23, 44])
(47317, [11])
(47318, [11])
(47319, [11])
(47320, [2, 6, 11, 26, 36, 37])
(47321, [2, 11, 16])
(47322, [2, 3, 11])
(47323, [1, 3, 11])
(47324, [11, 12, 23, 31])
(47325, [2, 4, 6, 8, 11, 14, 26, 43, 44])
(47326, [2, 4, 7])
(47327, [3, 7, 21])
(47328, [7])
(47329, [3, 7, 21, 30])
(47330, [7, 12, 21])
(47331, [7])
(47332, [7])
(47333, [7, 12])
(47334, [7])
(47335, [1, 2, 3, 6, 7, 22, 39])
(47336, [1, 2, 7, 40])
(47337, [16])
(47338, [4, 16])
(47339, [16])
(47340, [16])
(47341, [16])
(47342, [12, 16, 21])
(47343, [16])
(47344, [16])
(47345, [1, 6, 16, 26, 42])
(47346, [16])
(47347, [1, 16])
(47348, [16])
(47349, [16])
(47350, [6, 12, 16, 37])
(47351, [16])
(47352, [16])
(47353, [8, 16])
(47354, [16])
(47355, [1, 26, 42])
(47356, [6])
(47357, [6])
(47358, [5, 6])
(47359, [6])
(47360, [6])
(47361, [6])
(47362, [6])
(47363, [6])
(47364, [6, 23])
(47365, [6])
(47366, [6, 14, 31, 41])
(47367, [1, 6, 15])
(47368, [2, 4, 6, 14, 36, 41, 43])
(47369, [6])
(47370, [6, 15, 17])
(47371, [6])
(47372, [6, 26])
(47373, [6])
(47374, [6, 26, 41])
(47375, [28])
(47376, [28])
(47377, [28])
(47378, [28])
(47379, [1, 2, 5, 19, 28, 37])
(47380, [12, 28])
(47381, [3, 15, 26, 28, 30, 38, 43])
(47382, [28])
(47383, [17])
(47384, [17])
(47385, [17])
(47386, [13, 17, 44])
(47387, [17])
(47388, [17])
(47389, [2, 14, 17])
(47390, [17])
(47391, [17, 44])
(47392, [17])
(47393, [2, 17])
(47394, [17])
(47395, [17])
(47396, [17])
(47397, [2, 17])
(47398, [17, 41])
(47399, [2, 17])
(47400, [2, 14, 17])
(47401, [17])
(47402, [17, 41])
(47403, [17])
(47404, [17])
(47405, [4, 17])
(47406, [1])
(47407, [1])
(47408, [1])
(47409, [1])
(47410, [1, 31])
(47411, [1, 3, 21])
(47412, [1])
(47413, [1, 3])
(47414, [1, 3, 30])
(47415, [1, 3])
(47416, [1, 15, 21, 23])
(47417, [1])
(47418, [1])
(47419, [1])
(47420, [1, 3, 14, 21])
(47421, [1, 44])
(47422, [1])
(47423, [1])
(47424, [1, 3, 30])
(47425, [1, 3])
(47426, [1])
(47427, [1, 3, 21, 39])
(47428, [1, 3])
(47429, [1])
(47430, [1])
(47431, [1])
(47432, [1])
(47433, [1, 3])
(47434, [1, 3, 44])
(47435, [1])
(47436, [1, 3, 15, 43])
(47437, [1, 3])
(47438, [1, 2, 3, 10])
(47439, [1])
(47440, [1])
(47441, [1, 12])
(47442, [1])
(47443, [1])
(47444, [1, 3])
(47445, [1, 2, 19, 26])
(47446, [1])
(47447, [1, 2])
(47448, [1, 3])
(47449, [1, 3, 19])
(47450, [1])
(47451, [10])
(47452, [10])
(47453, [3, 10])
(47454, [10])
(47455, [10])
(47456, [10, 12])
(47457, [19])
(47458, [19])
(47459, [19])
(47460, [19])
(47461, [19, 24])
(47462, [15, 19, 24, 26])
(47463, [19])
(47464, [19])
(47465, [2, 12, 19])
(47466, [19])
(47467, [4, 19, 41])
(47468, [19])
(47469, [3, 19])
(47470, [2, 4, 14, 19, 21, 38])
(47471, [3, 19, 23])
(47472, [19])
(47473, [2, 19])
(47474, [19])
(47475, [19])
(47476, [19])
(47477, [19])
(47478, [4, 19])
(47479, [26, 43])
(47480, [26])
(47481, [26])
(47482, [26])
(47483, [26])
(47484, [26, 31])
(47485, [26])
(47486, [2, 4, 14, 26])
(47487, [26])
(47488, [26])
(47489, [21, 26])
(47490, [26])
(47491, [26])
(47492, [2, 13, 26, 43])
(47493, [23, 24, 26])
(47494, [26])
(47495, [3, 15, 21, 24, 26, 41, 43])
(47496, [26])
(47497, [26])
(47498, [26])
(47499, [15, 26])
(47500, [26])
(47501, [26])
(47502, [8])
(47503, [8])
(47504, [8])
(47505, [8, 15, 23, 43])
(47506, [8, 23, 41])
(47507, [2, 3, 5, 8, 12, 43])
(47508, [8])
(47509, [8])
(47510, [8])
(47511, [4, 8, 22, 30])
(47512, [8])
(47513, [8])
(47514, [8])
(47515, [8])
(47516, [8])
(47517, [8])
(47518, [8])
(47519, [21])
(47520, [21])
(47521, [21])
(47522, [3, 21, 43])
(47523, [21])
(47524, [21])
(47525, [21])
(47526, [21])
(47527, [21])
(47528, [21])
(47529, [21])
(47530, [21])
(47531, [21])
(47532, [21])
(47533, [21])
(47534, [21])
(47535, [21])
(47536, [21])
(47537, [21])
(47538, [21])
(47539, [21])
(47540, [21])
(47541, [3, 21])
(47542, [21])
(47543, [21])
(47544, [21])
(47545, [21])
(47546, [21])
(47547, [21])
(47548, [21])
(47549, [21])
(47550, [21])
(47551, [21])
(47552, [21])
(47553, [21])
(47554, [4, 5, 14, 44])
(47555, [44])
(47556, [44])
(47557, [44])
(47558, [44])
(47559, [44])
(47560, [44])
(47561, [44])
(47562, [12, 44])
(47563, [3, 15, 23, 44])
(47564, [14, 23, 44])
(47565, [44])
(47566, [44])
(47567, [44])
(47568, [44])
(47569, [44])
(47570, [12, 44])
(47571, [43, 44])
(47572, [44])
(47573, [44])
(47574, [43])
(47575, [43])
(47576, [43])
(47577, [43])
(47578, [43])
(47579, [43])
(47580, [43])
(47581, [43])
(47582, [43])
(47583, [43])
(47584, [23, 43])
(47585, [12, 14, 43])
(47586, [43])
(47587, [43])
(47588, [43])
(47589, [43])
(47590, [43])
(47591, [43])
(47592, [43])
(47593, [43])
(47594, [43])
(47595, [43])
(47596, [43])
(47597, [43])
(47598, [43])
(47599, [4, 43])
(47600, [43])
(47601, [12, 38])
(47602, [36])
(47603, [36])
(47604, [36])
(47605, [2, 36])
(47606, [36])
(47607, [36])
(47608, [14, 36])
(47609, [36])
(47610, [36])
(47611, [36])
(47612, [36])
(47613, [36])
(47614, [36])
(47615, [36])
(47616, [36])
(47617, [36])
(47618, [36])
(47619, [36])
(47620, [36])
(47621, [36])
(47622, [36])
(47623, [36])
(47624, [36])
(47625, [30, 31])
(47626, [31])
(47627, [2, 31])
(47628, [31])
(47629, [31])
(47630, [31])
(47631, [31])
(47632, [30])
(47633, [30])
(47634, [30])
(47635, [30])
(47636, [30])
(47637, [37])
(47638, [37])
(47639, [15, 37])
(47640, [37])
(47641, [37])
(47642, [5, 37])
(47643, [37])
(47644, [39])
(47645, [39])
(47646, [39])
(47647, [39])
(47648, [39])
(47649, [39])
(47650, [39])
(47651, [41])
(47652, [2, 41])
(47653, [41])
(47654, [41])
(47655, [2, 40, 41])
(47656, [41])
(47657, [41])
(47658, [41])
(47659, [41])
(47660, [41])
(47661, [41])
(47662, [2, 41])
(47663, [41])
(47664, [5, 41])
(47665, [41])
(47666, [41])
(47667, [41])
(47668, [2, 14, 41])
(47669, [2, 41])
(47670, [41])
(47671, [14, 24])
(47672, [24])
(47673, [24])
(47674, [24])
(47675, [23])
(47676, [23])
(47677, [12, 23])
(47678, [23])
(47679, [23])
(47680, [23])
(47681, [23])
(47682, [23])
(47683, [23])
(47684, [23])
(47685, [23])
(47686, [23])
(47687, [23])
(47688, [23])
(47689, [23])
(47690, [23])
(47691, [23])
(47692, [23])
(47693, [23])
(47694, [23])
(47695, [23])
(47696, [23])
(47697, [23])
(47698, [23])
(47699, [23])
(47700, [23])
(47701, [23])
(47702, [23])
(47703, [23])
(47704, [23])
(47705, [23])
(47706, [23])
(47707, [23])
(47708, [23])
(47709, [23])
(47710, [23])
(47711, [23])
(47712, [23])
(47713, [2, 22, 23])
(47714, [23])
(47715, [23])
(47716, [23])
(47717, [23])
(47718, [23])
(47719, [23])
(47720, [23])
(47721, [23])
(47722, [23])
(47723, [4])
(47724, [4])
(47725, [4])
(47726, [4])
(47727, [4])
(47728, [4])
(47729, [4])
(47730, [4])
(47731, [4])
(47732, [4])
(47733, [4])
(47734, [4])
(47735, [4])
(47736, [4])
(47737, [4])
(47738, [4])
(47739, [4])
(47740, [15])
(47741, [15])
(47742, [15])
(47743, [15])
(47744, [15])
(47745, [15])
(47746, [15])
(47747, [15])
(47748, [15])
(47749, [15])
(47750, [15])
(47751, [15])
(47752, [15])
(47753, [15])
(47754, [3])
(47755, [3])
(47756, [3])
(47757, [2, 3, 22])
(47758, [3])
(47759, [2, 3])
(47760, [3])
(47761, [3])
(47762, [3])
(47763, [2, 3])
(47764, [3])
(47765, [3])
(47766, [3])
(47767, [3])
(47768, [3])
(47769, [3, 12])
(47770, [3])
(47771, [3])
(47772, [3])
(47773, [2, 3])
(47774, [3])
(47775, [3])
(47776, [3])
(47777, [3])
(47778, [3])
(47779, [3])
(47780, [3])
(47781, [3])
(47782, [3])
(47783, [3])
(47784, [3])
(47785, [3])
(47786, [3])
(47787, [12])
(47788, [12])
(47789, [12])
(47790, [12])
(47791, [12])
(47792, [12])
(47793, [12])
(47794, [12])
(47795, [12])
(47796, [12])
(47797, [12])
(47798, [12])
(47799, [12])
(47800, [12])
(47801, [12])
(47802, [12])
(47803, [12])
(47804, [12])
(47805, [12])
(47806, [12])
(47807, [12])
(47808, [12])
(47809, [12])
(47810, [12])
(47811, [12])
(47812, [12])
(47813, [12])
(47814, [12])
(47815, [12])
(47816, [12])
(47817, [12])
(47818, [12])
(47819, [12])
(47820, [12])
(47821, [12])
(47822, [12])
(47823, [12])
(47824, [12])
(47825, [12])
(47826, [12])
(47827, [12])
(47828, [12])
(47829, [12])
(47830, [12])
(47831, [12])
(47832, [12])
(47833, [12])
(47834, [12])
(47835, [12])
(47836, [12])
(47837, [12])
(47838, [12])
(47839, [12])
(47840, [12])
(47841, [12])
(47842, [12])
(47843, [12])
(47844, [40])
(47845, [2, 40])
(47846, [40])
(47847, [2])
(47848, [2, 14])
(47849, [2])
(47850, [2])
(47851, [2])
(47852, [2])
(47853, [2])
(47854, [2])
(47855, [2])
(47856, [2])
(47857, [2])
(47858, [2])
(47859, [2])
(47860, [2])
(47861, [2])
(47862, [2])
(47863, [2])
(47864, [2])
(47865, [2])
(47866, [2])
(47867, [2])
(47868, [2])
(47869, [2])
(47870, [2])
(47871, [2])
(47872, [2])
(47873, [2])
(47874, [2])
(47875, [2])
(47876, [2])
(47877, [2])
(47878, [2])
(47879, [2])
(47880, [2])
(47881, [2])
(47882, [2])
(47883, [2])
(47884, [2])
(47885, [2])
(47886, [2])
(47887, [2])
(47888, [2])
(47889, [2])
(47890, [2])
(47891, [2])
(47892, [2])
(47893, [2])
(47894, [2])
(47895, [2])
(47896, [2])
(47897, [2])
(47898, [2])
(47899, [2])
(47900, [2])
(47901, [2])
(47902, [2])
(47903, [2])
(47904, [2])
(47905, [2])
(47906, [2])
(47907, [2])
(47908, [2])
(47909, [2])
(47910, [2])
(47911, [2])
(47912, [2])
(47913, [2])
(47914, [2])
(47915, [2])
(47916, [2])
(47917, [2])
(47918, [2])
(47919, [2])
(47920, [2])
(47921, [2])
(47922, [2])
(47923, [2])
(47924, [2])
(47925, [2])
(47926, [2])
(47927, [2])
(47928, [13])
(47929, [13])
(47930, [13])
(47931, [13])
(47932, [13])
(47933, [13])
(47934, [5])
(47935, [5])
(47936, [5])
(47937, [5])
(47938, [5])
(47939, [14])
(47940, [14])
(47941, [14])
(47942, [14])
(47943, [14])
(47944, [14])
(47945, [14])
(47946, [14])
(47947, [14])
(47948, [14])
(47949, [14])
(47950, [14])
(47951, [14])
(47952, [14])
(47953, [14])
(47954, [14])
(47955, [14])
(47956, [22])
(47957, [22])
(47958, [22])
(47959, [22])
(47960, [22])
(47961, [22])
(47962, [22])
(47963, [22])
(47964, [22])
(47965, [22])
(47966, [25])
(47967, [25])
