(93380, [32, 35, 34, 33, 20, 18, 27, 9, 0, 11, 7, 29, 16, 42, 6, 28, 17, 1, 10, 19, 26, 8, 21, 44, 43, 38, 36, 31, 30, 37, 39, 41, 24, 23, 4, 15, 3, 12, 40, 2, 13, 5, 14, 22, 25])
(93381, [32, 35, 34, 33, 20, 18, 27, 9, 0, 11, 7, 29, 16, 42, 6, 28, 17, 1, 10, 19, 26, 8, 21, 44, 43, 38, 36, 31, 30, 37, 39, 41, 24, 23, 4, 15, 3, 12, 40, 2, 13, 5, 14, 22, 25])
(93382, [32, 17, 22])
(93383, [32, 35, 34, 33, 20, 18, 27, 9, 0, 11, 7, 29, 16, 42, 6, 28, 1, 10, 19, 26, 8, 21, 44, 43, 38, 36, 31, 30, 37, 39, 41, 24, 23, 4, 3, 12, 40, 2, 13, 5, 14, 22, 25])
(93384, [32, 35, 34, 33, 20, 18, 27, 9, 0, 11, 7, 29, 16, 42, 6, 28, 17, 1, 10, 19, 26, 8, 21, 44, 43, 38, 36, 31, 30, 37, 39, 41, 24, 23, 4, 15, 3, 12, 40, 2, 13, 5, 14, 22, 25])
(93385, [32, 9, 11, 42, 21, 44, 30, 4, 3])
(93386, [32, 33, 18, 27, 11, 7, 6, 17, 1, 19, 26, 8, 44, 43, 31, 30, 24, 23, 4, 15, 3, 12, 40, 2, 13, 14])
(93387, [32, 30])
(93388, [32, 35, 34, 33, 9, 11, 16, 6, 17, 1, 26, 43, 31, 41, 24, 4, 3, 2])
(93389, [32, 35, 34, 33, 20, 18, 0, 11, 29, 16, 42, 6, 17, 1, 10, 19, 26, 8, 21, 44, 43, 36, 31, 30, 37, 39, 41, 23, 4, 15, 3, 40, 2, 13])
(93390, [32, 35, 34, 33, 18, 9, 11, 29, 16, 6, 17, 1, 19, 26, 8, 21, 44, 43, 38, 31, 30, 41, 24, 23, 3, 40, 2, 13, 5, 14, 22])
(93391, [32, 35, 34, 33, 20, 18, 27, 9, 0, 11, 7, 29, 16, 42, 6, 28, 17, 1, 10, 19, 26, 8, 21, 44, 43, 38, 36, 31, 30, 37, 39, 41, 24, 23, 4, 15, 3, 12, 40, 2, 13, 5, 14, 22, 25])
(93392, [32, 35, 34, 33, 20, 18, 27, 9, 0, 11, 7, 29, 16, 42, 6, 17, 1, 19, 26, 8, 21, 44, 43, 38, 36, 31, 30, 37, 39, 41, 24, 23, 4, 15, 3, 12, 40, 2, 13, 5, 14, 22])
(93393, [32, 35, 33, 18, 9, 11, 6, 17, 19, 21, 44, 31, 30, 37, 24, 15, 3, 2, 13, 14])
(93394, [32, 33, 18, 9, 0, 11, 16, 28, 17, 19, 26, 8, 21, 43, 31, 23, 4, 15, 2])
(93395, [32, 35, 33, 9, 0, 28, 1, 19, 44, 43, 39, 41, 23, 4, 15, 12])
(93396, [32, 35, 33, 20, 18, 27, 9, 0, 42, 6, 17, 1, 10, 44, 31, 30, 39, 41, 24, 4, 3, 12, 40, 2, 13])
(93397, [32, 18, 9, 0, 11, 16, 17, 1, 19, 44, 30, 41, 4, 3, 40, 2, 14])
(93398, [32, 35, 34, 33, 20, 18, 27, 9, 0, 11, 7, 29, 16, 42, 6, 28, 17, 1, 10, 19, 26, 8, 21, 44, 43, 38, 36, 31, 30, 37, 39, 41, 24, 23, 4, 15, 3, 12, 40, 2, 13, 5, 14, 22, 25])
(93399, [32, 35, 34, 33, 20, 18, 9, 0, 11, 7, 16, 42, 6, 17, 1, 19, 26, 8, 21, 44, 43, 36, 31, 30, 37, 39, 41, 24, 23, 4, 15, 3, 12, 40, 2, 13, 5, 22])
(93400, [32, 34, 33, 20, 27, 9, 7, 29, 16, 42, 17, 1, 8, 21, 44, 43, 31, 30, 23, 4, 15, 3, 12, 40, 2, 5, 22])
(93401, [32, 34, 33, 18, 7, 42, 6, 17, 1, 19, 26, 8, 21, 44, 43, 38, 31, 30, 23, 4, 15, 3, 40, 2, 13, 5, 14])
(93402, [32, 35, 34, 33, 20, 18, 27, 9, 11, 7, 16, 42, 6, 28, 17, 1, 10, 19, 26, 8, 21, 44, 43, 36, 31, 30, 37, 39, 41, 24, 23, 4, 15, 3, 12, 40, 2, 13, 5, 14, 22, 25])
(93403, [32, 35, 34, 33, 20, 18, 27, 9, 0, 11, 7, 16, 42, 6, 17, 1, 19, 26, 8, 44, 43, 31, 30, 41, 24, 23, 4, 15, 3, 12, 40, 2, 5, 14, 25])
(93404, [32, 34, 33, 18, 9, 0, 11, 6, 26, 43, 31, 30, 23, 15, 3, 12, 40, 2])
(93405, [32, 35, 33, 9, 0, 7, 16, 42, 6, 1, 19, 21, 31, 30, 37, 24, 4, 15, 3, 2, 22])
(93406, [32, 35, 34, 33, 20, 18, 27, 9, 0, 11, 7, 16, 42, 6, 28, 17, 1, 19, 26, 8, 21, 44, 36, 31, 30, 39, 41, 24, 23, 4, 15, 3, 12, 40, 2, 13, 5, 14, 22])
(93407, [32, 9, 0, 16, 6, 1, 41, 23, 4, 15, 12, 2])
(93408, [32, 33, 20, 0, 7, 16, 17, 44, 36, 41, 4, 2, 13, 14])
(93409, [32, 18, 11, 29, 17, 1, 19, 8, 44, 43, 31, 30, 23, 15, 12, 40, 2, 22])
(93410, [32])
(93411, [32, 34, 33, 20, 18, 9, 0, 11, 7, 16, 6, 17, 1, 19, 26, 44, 43, 36, 31, 30, 39, 41, 24, 4, 15, 3, 12, 40, 2, 13, 14])
(93412, [32, 35, 34, 33, 20, 18, 27, 9, 0, 11, 7, 16, 42, 6, 28, 17, 1, 10, 19, 26, 8, 44, 43, 36, 31, 30, 41, 24, 23, 4, 15, 3, 12, 40, 2, 13, 5, 14, 22, 25])
(93413, [32, 35, 34, 33, 9, 0, 11, 29, 16, 1, 10, 19, 26, 8, 21, 43, 38, 31, 41, 4, 15, 3, 12, 2, 13, 14, 22])
(93414, [32, 35, 34, 33, 18, 27, 9, 0, 11, 16, 42, 6, 17, 1, 19, 26, 8, 44, 43, 31, 41, 24, 23, 4, 15, 3, 12, 40, 2, 13, 14])
(93415, [32])
(93416, [32])
(93417, [32, 34, 33, 20, 9, 0, 11, 42, 1, 19, 26, 8, 21, 44, 31, 30, 41, 24, 23, 4, 15, 3, 12, 5, 22])
(93418, [32, 33, 29, 16, 1, 8, 43, 38, 41, 23, 3, 12, 22])
(93419, [32, 35, 34, 33, 18, 9, 7, 16, 6, 28, 17, 1, 19, 26, 8, 21, 44, 43, 31, 30, 41, 24, 23, 4, 15, 3, 12, 2, 13, 14, 22])
(93420, [32, 33, 15, 2])
(93421, [32, 33, 20, 18, 9, 1, 19, 8, 21, 44, 31, 30, 37, 41, 23, 4, 15, 3, 12, 2, 13, 5, 22, 25])
(93422, [32, 6, 28, 19, 26, 43, 24, 4, 40, 2])
(93423, [32, 34, 33, 18, 9, 11, 29, 16, 6, 17, 1, 19, 26, 8, 21, 44, 43, 31, 30, 23, 4, 15, 3, 12, 40, 2, 5, 22])
(93424, [32, 35, 34, 33, 20, 18, 27, 9, 0, 11, 7, 16, 42, 6, 28, 17, 1, 10, 19, 26, 8, 44, 43, 36, 31, 30, 37, 41, 24, 15, 3, 12, 40, 2, 13, 5, 14, 25])
(93425, [32, 34, 33, 20, 9, 0, 11, 7, 16, 42, 6, 17, 1, 10, 19, 26, 21, 44, 31, 30, 23, 4, 3, 12, 40, 2, 5, 14])
(93426, [32, 35, 34, 33, 20, 18, 27, 9, 0, 11, 6, 1, 19, 26, 8, 44, 43, 36, 31, 30, 41, 24, 23, 4, 15, 3, 12, 40, 2, 13, 5, 14])
(93427, [32, 34, 33, 9, 7, 16, 17, 1, 19, 26, 31, 30, 4, 3, 12])
(93428, [32, 27, 9, 0, 11, 16, 6, 1, 19, 21, 44, 31, 30, 39, 41, 23, 15, 3, 2, 22])
(93429, [32, 15])
(93430, [32, 9, 43, 41, 24, 4, 15, 2, 14])
(93431, [32, 23, 4, 15])
(93432, [32, 27, 0, 1, 30, 4, 3, 2])
(93433, [32, 20, 18, 0, 28, 1, 31, 30, 4, 3, 12, 2])
(93434, [32, 34, 33, 18, 27, 9, 11, 16, 6, 1, 19, 26, 8, 21, 44, 43, 38, 31, 24, 23, 4, 15, 3, 12, 13])
(93435, [32, 18, 16, 8, 43, 23, 12, 22])
(93436, [32, 4])
(93437, [32])
(93438, [32, 34, 33, 16, 6, 1, 26, 8, 43, 37, 41, 23, 3])
(93439, [32, 11, 19, 26, 39, 24, 23, 4])
(93440, [32, 6, 40])
(93441, [32, 18, 9, 6, 1, 31, 30, 23, 4, 3, 2])
(93442, [32, 33, 26, 23, 12])
(93443, [32, 21, 37, 23, 15, 3])
(93444, [32, 34, 33, 20, 18, 9, 0, 11, 29, 16, 42, 6, 28, 1, 10, 19, 26, 44, 43, 31, 30, 39, 41, 24, 23, 4, 15, 3, 12, 40, 2, 13, 5, 14, 22, 25])
(93445, [32, 34, 33, 18, 9, 0, 11, 7, 42, 28, 17, 1, 10, 26, 8, 21, 44, 43, 36, 31, 30, 39, 41, 24, 23, 3, 12, 40, 2])
(93446, [32, 18, 8])
(93447, [32, 34, 9, 7, 1, 26, 41, 24, 23])
(93448, [32, 35, 34, 33, 9, 0, 16, 43, 31, 30, 39, 41, 24, 4, 15, 12])
(93449, [32, 18, 9, 43, 15, 2])
(93450, [32, 17, 43, 41, 40, 2])
(93451, [32, 35, 34, 33, 20, 27, 9, 0, 11, 7, 16, 42, 6, 17, 1, 19, 26, 21, 44, 43, 38, 31, 30, 37, 39, 41, 24, 4, 15, 3, 12, 40, 2, 22, 25])
(93452, [32, 34, 33, 20, 18, 0, 11, 7, 16, 17, 1, 19, 26, 44, 36, 31, 30, 37, 24, 15, 3, 12, 13])
(93453, [32, 33, 20, 9, 7, 19, 26, 43, 31, 41, 24])
(93454, [32, 0])
(93455, [32, 34, 20, 9, 0, 11, 7, 17, 1, 19, 21, 31, 41, 4, 3, 2])
(93456, [32, 19])
(93457, [32, 34, 33, 20, 18, 27, 9, 0, 11, 7, 16, 42, 6, 28, 17, 1, 10, 19, 26, 21, 44, 43, 38, 31, 30, 39, 24, 23, 4, 3, 12, 2, 13, 14])
(93458, [32, 18, 6, 19, 31, 4, 15])
(93459, [32, 33, 20, 18, 9, 0, 7, 29, 42, 6, 1, 8, 44, 43, 31, 15, 3, 12, 2])
(93460, [32, 34, 33, 20, 18, 9, 0, 11, 16, 42, 6, 28, 17, 1, 26, 21, 41, 24, 23, 4, 15, 3, 12, 2, 13, 22])
(93461, [32, 35, 33, 9, 7, 6, 1, 19, 26, 21, 44, 31, 23, 4, 3, 12, 2])
(93462, [32, 34, 33, 20, 9, 0, 11, 16, 28, 17, 1, 10, 8, 21, 44, 43, 31, 41, 15, 3, 12, 2, 5])
(93463, [32, 42, 6, 1, 26, 21, 15, 3])
(93464, [32, 34, 33, 20, 18, 9, 11, 7, 16, 6, 17, 1, 19, 26, 8, 21, 43, 38, 31, 30, 39, 23, 4, 15, 3, 12, 40, 2, 22])
(93465, [32, 19])
(93466, [32, 33, 11, 7, 42, 6, 1, 26, 31, 30, 3, 2])
(93467, [32, 33, 11, 17, 31, 30, 41, 23, 40])
(93468, [35, 34, 33, 20, 18, 27, 9, 0, 11, 7, 29, 16, 42, 6, 28, 17, 1, 10, 19, 26, 8, 21, 44, 43, 38, 36, 31, 30, 37, 39, 41, 24, 23, 4, 3, 12, 40, 2, 13, 5, 14, 22, 25])
(93469, [35, 33, 11, 1, 21, 30, 3, 13, 22])
(93470, [35])
(93471, [35, 34, 9, 43, 31, 30, 41, 24, 4, 15, 3])
(93472, [35, 33, 18, 16, 6, 1, 19, 21, 43, 37, 23, 3, 22])
(93473, [35])
(93474, [35, 33, 0, 11, 1, 44, 38, 31, 30, 41, 3, 40, 2, 14, 22])
(93475, [35, 34, 33, 20, 18, 9, 11, 29, 6, 17, 1, 19, 8, 21, 44, 43, 38, 36, 31, 30, 37, 41, 24, 15, 3, 40, 2, 13, 14])
(93476, [35])
(93477, [35, 20, 18, 27, 1, 19, 26, 44, 30, 41, 24, 23, 15, 3, 12, 2, 14])
(93478, [35])
(93479, [35])
(93480, [35, 20, 18, 0, 7, 16, 1, 19, 26, 8, 44, 43, 39, 23, 4, 3, 2, 13, 5])
(93481, [35, 1, 3])
(93482, [35])
(93483, [35, 6, 1])
(93484, [35, 34, 33, 20, 9, 11, 42, 1, 10, 19, 26, 21, 44, 43, 31, 24, 23, 4, 3, 12])
(93485, [35, 20, 18, 9, 8, 43, 23, 15, 3])
(93486, [35])
(93487, [35])
(93488, [35])
(93489, [35])
(93490, [35, 0, 16, 1])
(93491, [35, 18, 8, 23, 3])
(93492, [35])
(93493, [35])
(93494, [35])
(93495, [35, 33, 44, 43, 40])
(93496, [35])
(93497, [35, 20, 11, 16, 42, 6, 17, 26, 8, 44, 43, 31, 30, 41, 23, 4, 15, 3, 40, 2, 14])
(93498, [35, 34, 18, 27, 9, 11, 28, 1, 26, 44, 43, 31, 41, 24, 23, 4, 3, 12, 2])
(93499, [35])
(93500, [35, 21])
(93501, [35, 0])
(93502, [35, 34, 9, 0, 11, 16, 1, 19, 26, 8, 21, 44, 43, 23, 4, 3, 12, 2, 5, 14, 22])
(93503, [35, 20, 9, 11, 42, 1, 10, 37, 41, 23, 3, 40, 2, 14])
(93504, [35, 18, 27, 9, 0, 11, 16, 1, 10, 19, 8, 21, 44, 37, 23, 3, 12, 2, 5])
(93505, [35])
(93506, [35, 41, 23, 12, 5])
(93507, [34, 2])
(93508, [34, 33, 18, 27, 0, 11, 26, 44, 41, 4, 3])
(93509, [34, 11, 1, 31])
(93510, [34, 0, 31, 30])
(93511, [34, 33, 11, 26, 44, 31, 4, 40, 2, 13, 14, 25])
(93512, [34, 20, 18, 9, 11, 42, 43, 30, 24, 23, 3])
(93513, [34, 33, 18, 9, 11, 16, 42, 6, 28, 17, 1, 8, 44, 43, 38, 30, 15, 3, 12, 2, 13])
(93514, [34, 9, 21, 44, 31, 41, 3])
(93515, [34])
(93516, [34, 33, 9, 0, 6, 1, 21, 44, 43, 31, 30, 23, 3, 22])
(93517, [34])
(93518, [34, 0, 11])
(93519, [34, 20, 27, 9, 0, 11, 7, 1, 38, 36, 39, 41, 3, 12, 2, 14])
(93520, [34, 20, 9, 1, 26, 31, 24, 23, 4, 3, 2])
(93521, [34, 24])
(93522, [34, 18, 17, 36, 2, 14])
(93523, [34, 6, 1, 44, 43, 30, 41, 4, 3, 2, 14])
(93524, [34, 1, 19, 3, 2])
(93525, [34, 0, 11, 7, 44, 3, 12])
(93526, [34, 33, 11, 16, 1, 44, 38, 41, 23, 12, 2])
(93527, [34, 17, 43, 41])
(93528, [34, 36, 41, 24, 12, 2, 14])
(93529, [34, 0, 11, 6, 23, 12, 2])
(93530, [34, 33, 9, 11, 1, 19, 26, 21, 44, 43, 30, 15, 12, 2, 22])
(93531, [34])
(93532, [34])
(93533, [34, 0, 36, 2, 14])
(93534, [34])
(93535, [34, 6, 17, 41])
(93536, [34])
(93537, [34, 33, 20, 18, 27, 9, 0, 11, 7, 29, 42, 17, 1, 19, 26, 8, 21, 44, 43, 36, 31, 30, 39, 41, 23, 4, 15, 3, 12, 40, 2, 22])
(93538, [34])
(93539, [34])
(93540, [34, 33, 18, 11, 16, 6, 1, 21, 44, 30, 3, 12, 22])
(93541, [34])
(93542, [34, 18, 0, 1, 26, 12])
(93543, [34, 1, 3])
(93544, [34, 33])
(93545, [34, 33, 20, 18, 9, 0, 11, 7, 16, 17, 1, 10, 26, 21, 44, 43, 31, 30, 23, 3, 12, 2])
(93546, [34])
(93547, [34, 0, 2, 14])
(93548, [34, 33, 9, 6, 17, 19, 44, 43, 31, 30, 24, 23, 4, 40, 2])
(93549, [34])
(93550, [34, 33, 0, 17, 26, 31, 24, 3])
(93551, [34, 44, 31, 24, 23])
(93552, [34, 19, 26, 38, 41, 15])
(93553, [34, 33, 9, 11, 17, 1, 19, 44, 43, 38, 36, 31, 41, 3, 40, 2, 14, 22])
(93554, [34])
(93555, [34, 9, 16, 19, 8, 21, 44, 43, 36, 31, 37, 41, 24, 4, 15, 2, 22])
(93556, [34, 7, 2])
(93557, [34])
(93558, [34, 31])
(93559, [34, 20])
(93560, [34, 33, 9, 0, 11, 16, 19, 26, 3, 12, 2, 14])
(93561, [34, 9, 19, 21, 41, 4, 15, 12])
(93562, [34])
(93563, [34])
(93564, [34, 33, 9, 11, 16, 28, 26, 8, 44, 31, 30, 41, 24, 23, 15, 3, 12, 2, 5])
(93565, [34, 1, 23])
(93566, [34, 21])
(93567, [34, 6, 1, 43, 30, 23, 3])
(93568, [34, 12])
(93569, [34, 11, 16, 8, 23, 5])
(93570, [34, 20, 9, 1, 43, 36, 39, 24, 3, 2, 14])
(93571, [34])
(93572, [33, 7, 21, 3])
(93573, [33, 18, 29, 42, 30, 23, 12])
(93574, [33, 20, 1, 3])
(93575, [33])
(93576, [33])
(93577, [33, 18, 9, 11, 7, 16, 42, 1, 19, 26, 21, 44, 43, 23, 4, 15, 3, 12, 2])
(93578, [33, 9, 0, 11, 1, 8, 30, 23, 4, 3, 12, 22])
(93579, [33, 18, 0, 11, 16, 1, 19, 21, 3])
(93580, [33, 18, 27, 1, 43])
(93581, [33, 2])
(93582, [33, 18, 0, 7, 6, 17, 19, 43, 31, 23, 4, 12, 2, 14])
(93583, [33])
(93584, [33])
(93585, [33, 12, 14])
(93586, [33, 9, 1, 26, 43, 31, 30, 41, 12])
(93587, [33, 18, 9, 42, 6, 44, 43, 30, 24, 23, 13])
(93588, [33])
(93589, [33, 18, 0, 11, 1, 26, 21, 44, 37, 39, 3, 12, 22])
(93590, [33, 20, 18, 9, 0, 1, 10, 19, 44, 43, 31, 30, 39, 12, 2, 5])
(93591, [33, 18, 28, 19, 26, 43, 31, 3, 14])
(93592, [33])
(93593, [33])
(93594, [33])
(93595, [33, 23])
(93596, [33, 1, 19, 31])
(93597, [33, 31, 24, 2])
(93598, [33, 9, 0, 1])
(93599, [33, 0, 11, 1, 21, 3])
(93600, [33, 20, 15])
(93601, [33, 12])
(93602, [33, 9, 1, 21, 31, 30, 39, 15, 22])
(93603, [33, 0])
(93604, [33, 0])
(93605, [33, 9, 1, 26, 44, 43, 2])
(93606, [33, 17, 44, 15])
(93607, [33, 18, 11, 29, 17, 19, 44, 3, 2])
(93608, [33, 1, 21, 38, 31, 3, 2, 22])
(93609, [33, 20, 27, 0, 11, 42, 1, 43, 30, 3])
(93610, [33])
(93611, [33])
(93612, [33])
(93613, [33, 9, 8, 44, 30, 39, 23, 2])
(93614, [33, 0, 24])
(93615, [33, 26, 41, 12])
(93616, [33, 20, 18, 1, 26, 36, 41, 23, 15, 3])
(93617, [20])
(93618, [20, 9, 0])
(93619, [20, 18, 0, 16, 1, 8, 44, 15, 2])
(93620, [20])
(93621, [20, 11, 38, 3])
(93622, [20, 1, 31, 30, 3])
(93623, [20, 16, 1, 8, 30, 3, 2])
(93624, [20, 18, 27, 9, 0, 16, 6, 1, 19, 44, 31, 30, 41, 4, 15, 3, 12, 40, 2, 13])
(93625, [20, 18, 27, 43, 23, 4, 3])
(93626, [20, 39, 3])
(93627, [20])
(93628, [20, 0, 26, 36, 2])
(93629, [20, 9, 42, 1, 19, 26, 21, 31, 41, 4, 3, 12, 40])
(93630, [20])
(93631, [20, 6, 1, 19, 26, 8, 44, 36, 31, 23, 15, 2])
(93632, [20, 1])
(93633, [20])
(93634, [20, 0, 24, 3, 12, 2])
(93635, [20])
(93636, [20, 1, 3])
(93637, [20])
(93638, [20, 3])
(93639, [20, 1, 3])
(93640, [20, 16])
(93641, [20])
(93642, [20, 18, 27, 0, 7, 16, 6, 28, 1, 19, 8, 21, 36, 30, 23, 4, 15, 3, 40, 2, 14, 22])
(93643, [20, 9, 22])
(93644, [20])
(93645, [20, 0, 7, 16, 10, 44, 15, 12])
(93646, [20, 18, 0, 11, 16, 10, 26, 31, 30, 41, 24, 15, 3, 12, 13])
(93647, [20, 15])
(93648, [18, 44, 43, 12])
(93649, [18, 9, 11, 17, 19, 26, 21, 44, 36, 37, 23, 15, 40, 2])
(93650, [18])
(93651, [18])
(93652, [18, 0])
(93653, [18])
(93654, [18, 15, 12])
(93655, [18])
(93656, [18, 11, 7, 8, 30, 23, 3])
(93657, [18])
(93658, [18])
(93659, [18])
(93660, [18, 0, 11, 12, 14])
(93661, [18])
(93662, [18, 26, 8, 41, 15])
(93663, [18, 9, 1, 41, 15])
(93664, [18])
(93665, [18])
(93666, [18, 1, 26, 3])
(93667, [18])
(93668, [18])
(93669, [18])
(93670, [18, 1, 3])
(93671, [18, 1, 23, 15, 3, 2])
(93672, [18, 0, 19, 43, 41])
(93673, [18])
(93674, [18, 19, 2])
(93675, [18])
(93676, [18, 9, 1, 19, 43, 23, 3, 2])
(93677, [18, 6, 17, 1, 19, 3, 40])
(93678, [18, 2])
(93679, [18, 0, 11, 17, 39])
(93680, [18])
(93681, [18])
(93682, [18])
(93683, [18, 6, 1, 19, 26, 21, 41, 4, 15, 2])
(93684, [18])
(93685, [18])
(93686, [18])
(93687, [18])
(93688, [18])
(93689, [18])
(93690, [18])
(93691, [18, 0, 6, 28, 1, 19, 26, 4, 13])
(93692, [18, 37])
(93693, [18])
(93694, [18])
(93695, [18, 0, 17, 19, 43, 3, 2, 14])
(93696, [18])
(93697, [18])
(93698, [18])
(93699, [18])
(93700, [18])
(93701, [18, 27, 6, 28, 17, 1, 41, 24, 4, 15, 2])
(93702, [18, 41, 23])
(93703, [18])
(93704, [18])
(93705, [18])
(93706, [18, 16, 44, 43, 41, 23, 4, 15, 2])
(93707, [18])
(93708, [18])
(93709, [18, 19, 26, 43, 41])
(93710, [18])
(93711, [18, 19, 21, 38, 4, 15])
(93712, [18])
(93713, [18, 2, 14])
(93714, [18])
(93715, [18])
(93716, [18, 0, 16, 17, 26, 8, 21, 39, 23, 12])
(93717, [18])
(93718, [18])
(93719, [18, 4, 3])
(93720, [18, 9, 0, 11, 6, 1, 21, 44, 43, 36, 30, 41, 15, 40])
(93721, [18, 28, 21, 4, 40])
(93722, [18, 6, 24, 3])
(93723, [18])
(93724, [18])
(93725, [18])
(93726, [18, 26, 12])
(93727, [18])
(93728, [18])
(93729, [18, 23])
(93730, [27])
(93731, [27, 0])
(93732, [27])
(93733, [27, 15])
(93734, [27, 9, 11, 16, 26, 44, 41, 4, 12])
(93735, [27])
(93736, [27, 0, 11, 7, 43, 12, 2, 13, 14])
(93737, [27])
(93738, [27])
(93739, [27, 17, 43, 4, 15, 40, 14, 25])
(93740, [27])
(93741, [9, 0, 6, 1, 23, 12, 2, 22])
(93742, [9])
(93743, [9, 23])
(93744, [9])
(93745, [9, 0, 16, 42, 3, 2, 14])
(93746, [9, 30, 23, 4])
(93747, [9])
(93748, [9, 41])
(93749, [9, 19, 43, 24, 3])
(93750, [9, 1, 21, 44, 3])
(93751, [9, 42, 17, 1, 19, 41, 3, 2, 13])
(93752, [9])
(93753, [9])
(93754, [9, 23])
(93755, [9, 22])
(93756, [9, 23])
(93757, [9, 0, 3])
(93758, [9, 16])
(93759, [9])
(93760, [9, 0, 29, 19, 26, 43, 41, 24, 4, 15, 3, 12, 2, 14])
(93761, [9, 17, 26, 41])
(93762, [9])
(93763, [9])
(93764, [9, 0, 12])
(93765, [9])
(93766, [9, 43, 41, 12, 2, 14])
(93767, [9, 0, 6, 10, 41, 24, 4, 15, 3, 13])
(93768, [9, 11, 1, 19, 15, 3])
(93769, [9, 0, 11])
(93770, [9])
(93771, [9])
(93772, [9])
(93773, [9])
(93774, [9])
(93775, [9])
(93776, [9, 0, 42, 2])
(93777, [9])
(93778, [9, 0, 11, 36])
(93779, [9, 17, 26, 41, 2, 14])
(93780, [9])
(93781, [9])
(93782, [9])
(93783, [9, 43, 41, 12])
(93784, [9, 1, 44])
(93785, [9])
(93786, [9, 29, 41, 24, 25])
(93787, [9])
(93788, [9])
(93789, [9, 43, 22])
(93790, [0])
(93791, [0])
(93792, [0, 12])
(93793, [0])
(93794, [0])
(93795, [0])
(93796, [0, 12])
(93797, [0, 12])
(93798, [0, 12])
(93799, [0])
(93800, [0])
(93801, [0, 6, 19, 44, 36, 30, 41, 40, 2])
(93802, [0, 12])
(93803, [0])
(93804, [0, 12])
(93805, [0])
(93806, [0])
(93807, [0])
(93808, [0])
(93809, [0])
(93810, [0])
(93811, [0])
(93812, [0])
(93813, [0])
(93814, [0])
(93815, [0])
(93816, [0])
(93817, [0, 25])
(93818, [0])
(93819, [0])
(93820, [0])
(93821, [0])
(93822, [0])
(93823, [0])
(93824, [0, 36, 2])
(93825, [0])
(93826, [0])
(93827, [0])
(93828, [0, 30, 3, 12])
(93829, [0])
(93830, [0])
(93831, [0])
(93832, [0, 7, 6, 19, 26, 43, 41, 2, 13])
(93833, [0])
(93834, [0])
(93835, [0])
(93836, [0])
(93837, [0])
(93838, [0])
(93839, [0])
(93840, [0])
(93841, [0])
(93842, [0])
(93843, [0])
(93844, [0])
(93845, [0])
(93846, [0])
(93847, [0])
(93848, [0])
(93849, [0])
(93850, [0])
(93851, [0])
(93852, [0])
(93853, [0])
(93854, [0, 42, 1, 19, 21, 3, 12])
(93855, [0])
(93856, [0, 41, 24, 12, 2])
(93857, [0])
(93858, [0])
(93859, [0])
(93860, [0])
(93861, [0])
(93862, [0, 30, 3])
(93863, [0])
(93864, [0])
(93865, [0])
(93866, [0])
(93867, [0, 12])
(93868, [0])
(93869, [0])
(93870, [0])
(93871, [0, 3])
(93872, [0, 16, 19, 12, 2])
(93873, [0, 17, 44])
(93874, [0])
(93875, [0])
(93876, [0, 2])
(93877, [0])
(93878, [0])
(93879, [0])
(93880, [0])
(93881, [0])
(93882, [0])
(93883, [0])
(93884, [0])
(93885, [0])
(93886, [0])
(93887, [0])
(93888, [0, 2])
(93889, [0])
(93890, [0, 28, 24, 4, 40, 2])
(93891, [0])
(93892, [0])
(93893, [0, 17, 21, 15, 3, 2])
(93894, [0])
(93895, [0])
(93896, [0])
(93897, [0])
(93898, [0])
(93899, [0, 12])
(93900, [0])
(93901, [0])
(93902, [0])
(93903, [0])
(93904, [0])
(93905, [0])
(93906, [0])
(93907, [0])
(93908, [0])
(93909, [0])
(93910, [0])
(93911, [0])
(93912, [0])
(93913, [0])
(93914, [0])
(93915, [0])
(93916, [0])
(93917, [0])
(93918, [0])
(93919, [0])
(93920, [0, 23, 15, 12])
(93921, [0])
(93922, [0])
(93923, [0])
(93924, [0, 17, 41, 24, 15, 3, 12])
(93925, [0])
(93926, [0])
(93927, [0])
(93928, [0])
(93929, [0])
(93930, [0])
(93931, [0])
(93932, [0])
(93933, [0])
(93934, [0, 1, 21, 12])
(93935, [0])
(93936, [0])
(93937, [0])
(93938, [0])
(93939, [0, 3])
(93940, [0])
(93941, [0, 30, 12])
(93942, [0])
(93943, [0, 12])
(93944, [0])
(93945, [0])
(93946, [0])
(93947, [0])
(93948, [0])
(93949, [0, 41, 23])
(93950, [0])
(93951, [0])
(93952, [0])
(93953, [0])
(93954, [0])
(93955, [0])
(93956, [0])
(93957, [0, 36])
(93958, [0])
(93959, [0])
(93960, [0])
(93961, [0])
(93962, [0])
(93963, [0, 19])
(93964, [0])
(93965, [0, 3, 12])
(93966, [0])
(93967, [0])
(93968, [0])
(93969, [0])
(93970, [0])
(93971, [0])
(93972, [0])
(93973, [0])
(93974, [0])
(93975, [0])
(93976, [0])
(93977, [0])
(93978, [0])
(93979, [0])
(93980, [0, 11])
(93981, [0])
(93982, [0])
(93983, [0])
(93984, [0])
(93985, [0])
(93986, [0])
(93987, [0])
(93988, [0])
(93989, [0, 11, 1, 31])
(93990, [0])
(93991, [0])
(93992, [0])
(93993, [0])
(93994, [0, 2])
(93995, [0])
(93996, [0])
(93997, [0])
(93998, [0])
(93999, [0])
(94000, [0, 12])
(94001, [0])
(94002, [0])
(94003, [0])
(94004, [0])
(94005, [0])
(94006, [0])
(94007, [0])
(94008, [0])
(94009, [0, 17, 14])
(94010, [0])
(94011, [0, 17])
(94012, [0])
(94013, [0])
(94014, [0])
(94015, [0])
(94016, [0])
(94017, [0])
(94018, [0])
(94019, [0])
(94020, [0])
(94021, [0])
(94022, [0])
(94023, [0])
(94024, [0])
(94025, [0])
(94026, [0])
(94027, [0])
(94028, [0])
(94029, [0, 1, 26, 30, 4, 15, 14])
(94030, [0])
(94031, [0])
(94032, [0, 44, 36, 3])
(94033, [0])
(94034, [0])
(94035, [0])
(94036, [0, 1])
(94037, [0])
(94038, [0, 19, 36, 14, 22])
(94039, [0, 12])
(94040, [0])
(94041, [0])
(94042, [0, 12])
(94043, [0])
(94044, [0, 21])
(94045, [0])
(94046, [11, 28, 17, 1, 26, 4])
(94047, [11, 17])
(94048, [11])
(94049, [11, 3])
(94050, [11, 1, 21, 41, 3])
(94051, [11])
(94052, [11, 23])
(94053, [11])
(94054, [11, 3])
(94055, [11, 8, 43, 2])
(94056, [11, 10, 21, 44, 15])
(94057, [11, 2])
(94058, [11])
(94059, [11])
(94060, [11, 7, 42, 1, 21, 12])
(94061, [11, 1, 39, 3])
(94062, [11, 6, 17, 1, 26, 31, 15, 3])
(94063, [11])
(94064, [11, 26, 15, 22])
(94065, [11, 16, 1, 4, 2])
(94066, [11])
(94067, [11])
(94068, [11, 19, 41])
(94069, [11, 19, 30])
(94070, [11, 6, 1, 21, 44, 43, 31, 23, 15])
(94071, [7, 30])
(94072, [7, 21])
(94073, [7])
(94074, [7])
(94075, [7])
(94076, [7])
(94077, [7])
(94078, [7, 1, 19, 31])
(94079, [7])
(94080, [7, 42, 1, 12, 2])
(94081, [7, 3])
(94082, [16])
(94083, [16, 36, 15, 22])
(94084, [16])
(94085, [16])
(94086, [16])
(94087, [16, 15, 12])
(94088, [16, 41, 24])
(94089, [16, 4, 2])
(94090, [16])
(94091, [16])
(94092, [16, 42])
(94093, [16, 1, 19, 21, 44, 43, 23, 15, 3, 12])
(94094, [16])
(94095, [42])
(94096, [42, 24])
(94097, [42, 1, 21, 3, 12])
(94098, [42, 19, 12])
(94099, [6])
(94100, [6])
(94101, [6])
(94102, [6])
(94103, [6, 2])
(94104, [6])
(94105, [6, 26, 41, 4, 15])
(94106, [6])
(94107, [6, 19, 36, 41, 2, 14])
(94108, [28, 17])
(94109, [28])
(94110, [28, 12])
(94111, [28])
(94112, [28, 12])
(94113, [28])
(94114, [28, 2])
(94115, [28, 19, 31, 23, 4, 12])
(94116, [17])
(94117, [17])
(94118, [17])
(94119, [17])
(94120, [17])
(94121, [17])
(94122, [17])
(94123, [17, 36, 40, 14, 25])
(94124, [17, 26])
(94125, [17])
(94126, [17])
(94127, [17])
(94128, [17, 1, 26, 31, 2])
(94129, [17])
(94130, [17, 24, 2])
(94131, [17, 1, 8, 23, 15, 3])
(94132, [17])
(94133, [17, 15, 2])
(94134, [17])
(94135, [17])
(94136, [1])
(94137, [1, 31, 23, 3, 2])
(94138, [1, 3])
(94139, [1])
(94140, [1, 21, 24, 2])
(94141, [1, 38, 12, 22])
(94142, [1, 3])
(94143, [1])
(94144, [1, 2])
(94145, [1])
(94146, [1, 3])
(94147, [1])
(94148, [1])
(94149, [1])
(94150, [1])
(94151, [1])
(94152, [1, 26, 21, 31, 41])
(94153, [1, 19, 23])
(94154, [1, 23])
(94155, [1])
(94156, [1, 2, 14])
(94157, [1])
(94158, [1, 3])
(94159, [1, 19, 3, 5])
(94160, [1, 21, 43, 39, 3])
(94161, [1, 3, 2])
(94162, [1, 3])
(94163, [1, 19, 31, 30])
(94164, [1, 3])
(94165, [1])
(94166, [1])
(94167, [1])
(94168, [1, 3])
(94169, [1, 19, 26, 3])
(94170, [1, 26])
(94171, [1, 26, 15])
(94172, [1])
(94173, [1])
(94174, [1])
(94175, [1, 31, 3])
(94176, [1])
(94177, [1, 14])
(94178, [1])
(94179, [1])
(94180, [1, 3])
(94181, [1])
(94182, [1, 3])
(94183, [1])
(94184, [1, 3])
(94185, [1])
(94186, [1, 19, 21])
(94187, [1, 3])
(94188, [10, 3])
(94189, [10])
(94190, [10])
(94191, [10])
(94192, [10])
(94193, [10])
(94194, [10])
(94195, [10])
(94196, [10])
(94197, [19])
(94198, [19])
(94199, [19])
(94200, [19])
(94201, [19])
(94202, [19])
(94203, [19])
(94204, [19])
(94205, [19])
(94206, [19, 36])
(94207, [19])
(94208, [19, 3])
(94209, [19])
(94210, [19])
(94211, [19])
(94212, [19, 31, 23, 2])
(94213, [19, 3])
(94214, [19])
(94215, [19])
(94216, [19, 26])
(94217, [19])
(94218, [19])
(94219, [19])
(94220, [19])
(94221, [19])
(94222, [19])
(94223, [19, 30])
(94224, [19])
(94225, [19])
(94226, [19])
(94227, [19])
(94228, [19])
(94229, [26, 43])
(94230, [26, 15])
(94231, [26])
(94232, [26])
(94233, [26])
(94234, [26])
(94235, [26])
(94236, [26])
(94237, [26])
(94238, [26])
(94239, [26])
(94240, [26, 43])
(94241, [26])
(94242, [26])
(94243, [26, 43, 15])
(94244, [26])
(94245, [26, 44, 41])
(94246, [26])
(94247, [26])
(94248, [26])
(94249, [26])
(94250, [8, 5])
(94251, [8])
(94252, [8, 5])
(94253, [8, 23, 12])
(94254, [8])
(94255, [8])
(94256, [8])
(94257, [8])
(94258, [8])
(94259, [8])
(94260, [8])
(94261, [8])
(94262, [8, 5])
(94263, [8])
(94264, [8])
(94265, [8])
(94266, [8, 5])
(94267, [8, 44, 43])
(94268, [21, 30, 3])
(94269, [21])
(94270, [21])
(94271, [21, 12])
(94272, [21])
(94273, [21])
(94274, [21])
(94275, [21, 3])
(94276, [21])
(94277, [21])
(94278, [21])
(94279, [21])
(94280, [21])
(94281, [21])
(94282, [21, 23, 4])
(94283, [21])
(94284, [21])
(94285, [21])
(94286, [21])
(94287, [21])
(94288, [21])
(94289, [21])
(94290, [21, 22])
(94291, [21])
(94292, [21])
(94293, [21])
(94294, [21])
(94295, [21])
(94296, [21])
(94297, [21])
(94298, [21])
(94299, [21])
(94300, [21])
(94301, [21])
(94302, [21])
(94303, [21])
(94304, [21])
(94305, [21])
(94306, [21])
(94307, [21])
(94308, [21])
(94309, [21])
(94310, [21])
(94311, [21])
(94312, [21])
(94313, [21])
(94314, [21])
(94315, [44])
(94316, [44])
(94317, [44])
(94318, [44])
(94319, [44])
(94320, [44])
(94321, [44, 2])
(94322, [44])
(94323, [44])
(94324, [44])
(94325, [44])
(94326, [44])
(94327, [44, 3])
(94328, [43])
(94329, [43, 41])
(94330, [43])
(94331, [43])
(94332, [43])
(94333, [43])
(94334, [43])
(94335, [43])
(94336, [43])
(94337, [43, 41, 4, 15])
(94338, [43])
(94339, [43])
(94340, [43])
(94341, [43, 13])
(94342, [43])
(94343, [43])
(94344, [43])
(94345, [43])
(94346, [43])
(94347, [43])
(94348, [43])
(94349, [43])
(94350, [43])
(94351, [43])
(94352, [38])
(94353, [36, 30, 2])
(94354, [36])
(94355, [36])
(94356, [36, 12])
(94357, [36])
(94358, [36])
(94359, [36])
(94360, [36])
(94361, [36])
(94362, [36])
(94363, [36])
(94364, [36])
(94365, [36])
(94366, [36])
(94367, [36])
(94368, [36])
(94369, [36])
(94370, [36])
(94371, [36])
(94372, [36])
(94373, [36])
(94374, [36])
(94375, [36])
(94376, [36])
(94377, [31, 30])
(94378, [31])
(94379, [31])
(94380, [31, 2])
(94381, [31])
(94382, [31, 30, 41])
(94383, [31])
(94384, [31, 4, 2, 13])
(94385, [31])
(94386, [31])
(94387, [31])
(94388, [31])
(94389, [31])
(94390, [31])
(94391, [31, 23])
(94392, [30])
(94393, [30])
(94394, [30])
(94395, [30])
(94396, [30])
(94397, [30])
(94398, [30])
(94399, [30])
(94400, [30])
(94401, [30])
(94402, [30])
(94403, [30])
(94404, [37])
(94405, [37])
(94406, [39])
(94407, [41])
(94408, [41])
(94409, [41, 40, 13, 14])
(94410, [41, 4])
(94411, [41])
(94412, [41])
(94413, [41])
(94414, [41])
(94415, [41])
(94416, [41])
(94417, [41])
(94418, [41, 15, 12, 2, 14])
(94419, [41])
(94420, [41])
(94421, [41])
(94422, [41])
(94423, [41])
(94424, [41])
(94425, [24])
(94426, [24])
(94427, [24])
(94428, [24])
(94429, [23])
(94430, [23])
(94431, [23])
(94432, [23])
(94433, [23])
(94434, [23])
(94435, [23, 2])
(94436, [23])
(94437, [23])
(94438, [23])
(94439, [23, 14])
(94440, [23])
(94441, [23])
(94442, [23])
(94443, [23])
(94444, [23])
(94445, [23])
(94446, [23])
(94447, [23])
(94448, [23])
(94449, [23, 3])
(94450, [23])
(94451, [23])
(94452, [23])
(94453, [23])
(94454, [23])
(94455, [23])
(94456, [23])
(94457, [23])
(94458, [23])
(94459, [23])
(94460, [23])
(94461, [23])
(94462, [23])
(94463, [23])
(94464, [23])
(94465, [23])
(94466, [23])
(94467, [23])
(94468, [23])
(94469, [23])
(94470, [23])
(94471, [23])
(94472, [23])
(94473, [23])
(94474, [23])
(94475, [23])
(94476, [23])
(94477, [23])
(94478, [23])
(94479, [23])
(94480, [23])
(94481, [23])
(94482, [23])
(94483, [23])
(94484, [23])
(94485, [23])
(94486, [23])
(94487, [23])
(94488, [23])
(94489, [23])
(94490, [23])
(94491, [23])
(94492, [23])
(94493, [23])
(94494, [4])
(94495, [4])
(94496, [4])
(94497, [4])
(94498, [4, 14])
(94499, [4])
(94500, [4])
(94501, [4])
(94502, [4, 2])
(94503, [4])
(94504, [4])
(94505, [4])
(94506, [4])
(94507, [4])
(94508, [4])
(94509, [4])
(94510, [4, 2])
(94511, [4])
(94512, [4])
(94513, [4])
(94514, [4])
(94515, [4])
(94516, [4])
(94517, [4])
(94518, [4])
(94519, [4])
(94520, [15])
(94521, [15])
(94522, [15])
(94523, [15])
(94524, [15])
(94525, [15])
(94526, [15])
(94527, [15])
(94528, [15])
(94529, [15])
(94530, [15])
(94531, [15])
(94532, [15])
(94533, [3])
(94534, [3])
(94535, [3])
(94536, [3])
(94537, [3])
(94538, [3])
(94539, [3])
(94540, [3])
(94541, [3])
(94542, [3])
(94543, [3])
(94544, [3])
(94545, [3])
(94546, [3])
(94547, [3])
(94548, [3, 12])
(94549, [3])
(94550, [3])
(94551, [3])
(94552, [3])
(94553, [3])
(94554, [3])
(94555, [3])
(94556, [3])
(94557, [3])
(94558, [3])
(94559, [3])
(94560, [3])
(94561, [3])
(94562, [3])
(94563, [3])
(94564, [3])
(94565, [3])
(94566, [12])
(94567, [12])
(94568, [12])
(94569, [12])
(94570, [12])
(94571, [12])
(94572, [12])
(94573, [12])
(94574, [12])
(94575, [12])
(94576, [12])
(94577, [12])
(94578, [12])
(94579, [12])
(94580, [12])
(94581, [12])
(94582, [12])
(94583, [12])
(94584, [12])
(94585, [12])
(94586, [12])
(94587, [12])
(94588, [12])
(94589, [12])
(94590, [12])
(94591, [12])
(94592, [12])
(94593, [12])
(94594, [12])
(94595, [12])
(94596, [12])
(94597, [12])
(94598, [12])
(94599, [12])
(94600, [12])
(94601, [12])
(94602, [12])
(94603, [12])
(94604, [12])
(94605, [12])
(94606, [12])
(94607, [12])
(94608, [12])
(94609, [12])
(94610, [12])
(94611, [12])
(94612, [12])
(94613, [12])
(94614, [12])
(94615, [12])
(94616, [12])
(94617, [12])
(94618, [12])
(94619, [40])
(94620, [40])
(94621, [40, 2])
(94622, [40])
(94623, [2])
(94624, [2])
(94625, [2])
(94626, [2])
(94627, [2])
(94628, [2])
(94629, [2])
(94630, [2])
(94631, [2])
(94632, [2])
(94633, [2])
(94634, [2])
(94635, [2])
(94636, [2])
(94637, [2, 14])
(94638, [2])
(94639, [2])
(94640, [2])
(94641, [2])
(94642, [2])
(94643, [2])
(94644, [2])
(94645, [2, 14])
(94646, [2])
(94647, [2])
(94648, [2])
(94649, [2])
(94650, [2])
(94651, [2])
(94652, [2])
(94653, [2])
(94654, [2])
(94655, [2])
(94656, [2])
(94657, [2])
(94658, [2])
(94659, [2])
(94660, [2])
(94661, [2])
(94662, [2])
(94663, [2])
(94664, [2])
(94665, [2])
(94666, [2])
(94667, [2])
(94668, [2])
(94669, [2])
(94670, [2])
(94671, [2])
(94672, [2])
(94673, [2])
(94674, [2])
(94675, [2])
(94676, [2])
(94677, [2])
(94678, [2])
(94679, [2])
(94680, [2])
(94681, [2])
(94682, [2])
(94683, [2])
(94684, [2])
(94685, [2])
(94686, [2])
(94687, [2])
(94688, [2])
(94689, [2])
(94690, [2])
(94691, [2])
(94692, [2])
(94693, [2])
(94694, [2])
(94695, [2])
(94696, [2])
(94697, [2])
(94698, [2])
(94699, [2])
(94700, [13])
(94701, [13])
(94702, [13])
(94703, [13])
(94704, [13])
(94705, [13])
(94706, [13])
(94707, [5])
(94708, [5])
(94709, [5])
(94710, [5])
(94711, [5])
(94712, [5])
(94713, [5])
(94714, [5])
(94715, [14])
(94716, [14])
(94717, [14])
(94718, [14])
(94719, [14])
(94720, [14])
(94721, [14])
(94722, [14])
(94723, [14])
(94724, [14])
(94725, [14])
(94726, [14])
(94727, [14])
(94728, [14])
(94729, [14])
(94730, [14])
(94731, [14])
(94732, [14])
(94733, [14])
(94734, [14])
(94735, [22])
(94736, [22])
(94737, [22])
(94738, [22])
(94739, [25])
