(64474, [32, 35, 34, 33, 18, 27, 11, 29, 16, 17, 19, 8, 21, 44, 43, 36, 31, 30, 39, 23, 4, 15, 3, 12, 2, 5, 22])
(64475, [32, 35, 34, 33, 20, 18, 27, 9, 0, 11, 7, 29, 16, 42, 6, 28, 17, 1, 10, 19, 26, 8, 21, 44, 43, 38, 36, 31, 30, 37, 39, 41, 24, 23, 4, 15, 3, 12, 40, 2, 13, 5, 14, 22, 25])
(64476, [32, 35, 11, 16, 17, 19, 44, 43, 23, 15, 13, 5])
(64477, [32, 20, 18, 17, 19, 30, 4, 2, 14, 22])
(64478, [32, 35, 34, 33, 20, 27, 9, 0, 11, 7, 16, 42, 6, 28, 1, 10, 19, 26, 8, 21, 44, 43, 38, 36, 31, 30, 37, 39, 41, 24, 23, 4, 3, 12, 40, 2, 13, 5, 14, 22, 25])
(64479, [32, 35, 34, 33, 20, 18, 27, 9, 0, 11, 7, 29, 16, 42, 6, 28, 17, 1, 10, 19, 26, 8, 21, 44, 43, 38, 36, 31, 30, 37, 39, 41, 24, 23, 4, 15, 3, 12, 40, 2, 13, 5, 14, 22, 25])
(64480, [32, 35, 34, 33, 20, 18, 27, 9, 0, 11, 7, 29, 16, 42, 6, 28, 17, 1, 10, 19, 26, 8, 21, 44, 43, 38, 36, 31, 30, 37, 39, 41, 24, 23, 4, 15, 3, 12, 40, 2, 13, 5, 14, 22, 25])
(64481, [32, 35, 34, 33, 20, 18, 27, 9, 0, 11, 7, 29, 16, 42, 6, 28, 17, 1, 10, 19, 26, 8, 21, 44, 43, 38, 36, 31, 30, 37, 39, 41, 24, 23, 4, 15, 3, 12, 40, 2, 13, 5, 14, 22, 25])
(64482, [32, 35, 34, 33, 20, 18, 27, 9, 0, 11, 7, 29, 16, 42, 6, 28, 17, 1, 10, 19, 26, 8, 21, 44, 43, 38, 36, 31, 30, 37, 39, 41, 24, 23, 4, 15, 3, 12, 40, 2, 13, 5, 14, 22])
(64483, [32, 35, 34, 33, 20, 18, 9, 11, 7, 29, 16, 42, 6, 17, 1, 19, 26, 8, 21, 44, 43, 36, 31, 30, 37, 39, 41, 24, 23, 4, 15, 3, 12, 2, 13, 5, 22])
(64484, [32, 35, 34, 33, 18, 27, 9, 0, 11, 7, 16, 42, 6, 28, 17, 1, 19, 26, 8, 21, 44, 43, 38, 36, 31, 30, 37, 39, 41, 24, 23, 4, 15, 3, 12, 40, 2, 13, 5, 14, 22])
(64485, [32, 35, 34, 33, 20, 18, 27, 9, 0, 11, 7, 29, 16, 42, 6, 28, 17, 1, 10, 19, 26, 8, 21, 44, 43, 38, 36, 31, 30, 37, 39, 41, 24, 23, 4, 15, 3, 12, 40, 2, 13, 14, 22, 25])
(64486, [32, 34, 33, 18, 29, 1, 19, 26, 8, 21, 44, 31, 30, 24, 23, 15, 3])
(64487, [32, 33, 9, 16, 6, 1, 19, 26, 44, 43, 31, 30, 41, 24, 4, 15, 3, 2, 14, 22])
(64488, [32, 11, 29, 6, 43, 15])
(64489, [32, 35, 34, 33, 20, 18, 9, 0, 11, 7, 16, 42, 6, 17, 1, 19, 26, 8, 21, 44, 43, 38, 36, 31, 30, 37, 39, 41, 24, 23, 4, 15, 3, 12, 2, 13, 5, 14, 22])
(64490, [32, 34, 33, 20, 18, 9, 0, 11, 7, 29, 16, 42, 6, 17, 1, 10, 19, 26, 21, 44, 43, 36, 31, 30, 39, 41, 24, 23, 4, 15, 3, 12, 40, 2, 13, 14, 22])
(64491, [32])
(64492, [32, 2])
(64493, [32, 35, 34, 33, 20, 18, 27, 9, 0, 11, 16, 6, 28, 17, 1, 10, 19, 26, 8, 21, 44, 43, 36, 31, 30, 41, 24, 23, 4, 15, 3, 12, 40, 2, 13, 5, 14, 22])
(64494, [32, 35, 33, 20, 18, 9, 0, 11, 7, 16, 42, 6, 17, 1, 19, 26, 21, 44, 43, 36, 31, 30, 39, 41, 24, 23, 4, 15, 3, 12, 40, 2, 13, 14])
(64495, [32])
(64496, [32, 34, 33, 20, 18, 9, 0, 11, 7, 29, 16, 42, 6, 28, 17, 1, 19, 26, 21, 44, 43, 36, 31, 30, 41, 24, 23, 4, 15, 3, 12, 40, 2, 13, 25])
(64497, [32, 34, 33, 20, 18, 9, 0, 11, 7, 16, 6, 28, 17, 1, 10, 19, 26, 21, 44, 43, 38, 31, 30, 39, 41, 24, 23, 4, 15, 3, 12, 40, 2, 13, 14, 22, 25])
(64498, [32, 34, 20, 9, 11, 6, 1, 10, 26, 44, 43, 38, 41, 24, 15, 3])
(64499, [32, 33, 6, 26, 43, 31, 30, 23, 15, 3, 2])
(64500, [32, 33, 0, 6, 44, 31, 15])
(64501, [32, 35, 33, 18, 9, 11, 16, 6, 17, 1, 21, 43, 31, 30, 41, 23, 4, 15, 3, 2, 13, 22])
(64502, [32, 20, 27, 0, 11, 7, 16, 6, 17, 1, 10, 19, 26, 44, 43, 36, 30, 41, 23, 4, 15, 3, 12, 40, 2, 14, 25])
(64503, [32, 35, 33, 20, 27, 9, 0, 11, 7, 29, 16, 42, 17, 1, 19, 26, 21, 44, 31, 30, 41, 24, 23, 15, 3, 12, 2, 13, 22])
(64504, [32, 18, 27, 9, 11, 6, 17, 1, 19, 26, 43, 31, 41, 4, 2, 14])
(64505, [32, 43])
(64506, [32, 35, 33, 20, 27, 0, 7, 6, 31, 37, 24, 15, 3, 12])
(64507, [32, 34, 33, 18, 9, 0, 7, 6, 28, 17, 1, 10, 26, 8, 21, 44, 43, 31, 30, 41, 24, 23, 4, 15, 40, 2, 13, 14])
(64508, [32, 35, 34, 33, 18, 9, 11, 7, 42, 6, 17, 1, 19, 21, 44, 38, 36, 31, 30, 41, 15, 3, 12, 40, 2, 13])
(64509, [32, 33, 18, 9, 42, 1, 21, 44, 43, 31, 30, 3, 5])
(64510, [32, 6, 43, 4])
(64511, [32, 34, 33, 9, 1, 21, 31, 30, 41, 3])
(64512, [32, 34, 33, 18, 27, 9, 0, 11, 7, 16, 42, 6, 17, 1, 10, 19, 26, 8, 21, 44, 43, 38, 31, 30, 37, 41, 24, 23, 4, 15, 3, 12, 40, 2, 5, 14, 22])
(64513, [32, 35, 9, 11, 6, 1, 8, 31, 3])
(64514, [32, 34, 33, 20, 18, 9, 11, 6, 17, 1, 26, 8, 44, 43, 36, 31, 30, 39, 41, 24, 23, 4, 15, 3, 12, 40, 2, 14])
(64515, [32, 27, 26, 43, 41, 4, 12])
(64516, [32, 34, 33, 20, 18, 9, 0, 7, 6, 17, 1, 19, 26, 21, 44, 43, 36, 31, 30, 37, 41, 23, 3, 12, 2, 5, 14])
(64517, [32, 27, 1, 31, 4, 3, 40, 2])
(64518, [32, 0, 19, 44, 3, 12])
(64519, [32, 35, 33, 20, 27, 9, 0, 16, 28, 17, 1, 10, 43, 30, 41, 24, 23, 4, 15, 3, 2, 14])
(64520, [32, 35, 34, 33, 18, 0, 11, 29, 16, 42, 6, 17, 1, 19, 8, 21, 44, 43, 38, 31, 30, 41, 23, 15, 3, 12, 13, 22])
(64521, [32, 34, 33, 20, 18, 9, 0, 11, 7, 42, 6, 1, 10, 19, 8, 21, 44, 43, 31, 30, 4, 15, 3, 12, 2, 5, 22])
(64522, [32, 35, 34, 33, 20, 18, 27, 9, 0, 11, 7, 16, 42, 6, 17, 1, 19, 26, 8, 21, 44, 43, 31, 30, 37, 41, 24, 23, 4, 15, 3, 12, 40, 2, 13, 5, 14])
(64523, [32, 33, 26, 31, 24, 12])
(64524, [32, 35, 33, 20, 18, 9, 0, 11, 7, 42, 6, 28, 17, 1, 10, 19, 26, 8, 44, 43, 38, 31, 30, 37, 41, 24, 23, 4, 15, 3, 12, 40, 2, 22, 25])
(64525, [32, 0, 11, 7, 16, 17, 1, 19, 26, 21, 44, 43, 31, 30, 4, 15, 3, 2, 22])
(64526, [32, 34, 20, 6, 8, 21, 43, 31, 41, 24, 15, 40, 2])
(64527, [32, 33, 18, 27, 9, 0, 11, 16, 42, 6, 17, 1, 19, 21, 44, 43, 36, 31, 30, 41, 24, 23, 4, 15, 3, 12, 40, 2, 14, 25])
(64528, [32, 35, 34, 33, 20, 18, 9, 0, 11, 16, 6, 28, 1, 19, 26, 36, 31, 30, 41, 24, 23, 4, 3, 12, 2, 14, 22])
(64529, [32, 35, 20, 18, 0, 11, 7, 16, 42, 1, 10, 26, 8, 21, 44, 43, 39, 41, 23, 3, 12, 2])
(64530, [32, 27, 11, 24, 4, 15, 3, 2, 14])
(64531, [32, 41, 2])
(64532, [32, 18, 1, 26, 8, 43, 3])
(64533, [32, 34, 9, 0, 16, 17, 19, 26, 44, 31, 30, 41, 24, 23, 4, 15, 40, 2, 14])
(64534, [32, 33, 11, 7, 17, 1, 4, 2])
(64535, [32, 34, 33, 18, 9, 0, 11, 7, 16, 42, 6, 17, 1, 19, 21, 44, 43, 31, 30, 39, 41, 23, 4, 15, 3, 12, 2, 22])
(64536, [32, 34, 20, 27, 6, 19, 26, 8, 43, 31, 30, 39, 23, 4, 15, 12, 40, 22])
(64537, [32, 27, 9, 11, 16, 17, 1, 19, 21, 31, 30, 23, 15, 3, 12, 2, 14])
(64538, [32, 34, 20, 18, 9, 0, 11, 16, 42, 6, 28, 17, 1, 10, 19, 26, 43, 36, 41, 24, 23, 4, 3, 12, 2])
(64539, [32, 35, 20, 9, 11, 1, 10, 19, 21, 43, 37, 41, 24, 4, 3, 12, 40, 2])
(64540, [32, 18, 27, 0, 11, 6, 17, 26, 43, 36, 30, 41, 24, 4, 15, 12, 2, 14])
(64541, [32, 18, 9, 0, 11, 42, 1, 10, 19, 8, 21, 44, 43, 31, 37, 23, 3, 12, 5, 22])
(64542, [32, 20, 18, 0, 11, 16, 6, 1, 21, 44, 31, 3, 12])
(64543, [32, 34, 20, 18, 27, 0, 7, 6, 28, 17, 26, 44, 43, 36, 31, 30, 41, 4, 15, 3, 12, 40, 2])
(64544, [32, 35, 34, 33, 20, 18, 27, 9, 11, 7, 16, 42, 6, 28, 17, 1, 10, 19, 26, 8, 21, 44, 43, 31, 30, 37, 39, 41, 24, 23, 4, 15, 3, 12, 40, 2, 13, 5, 14, 22])
(64545, [32, 34, 33, 18, 9, 0, 11, 42, 17, 19, 26, 44, 43, 31, 30, 15, 3, 2, 13])
(64546, [32, 35, 34, 33, 18, 9, 11, 7, 6, 28, 17, 1, 19, 26, 8, 44, 43, 31, 30, 39, 41, 24, 4, 15, 3, 12, 40, 2, 13, 14])
(64547, [32])
(64548, [32, 35, 34, 33, 9, 11, 7, 29, 16, 42, 10, 26, 41, 15, 3, 12])
(64549, [32, 34, 43])
(64550, [32, 34, 33, 18, 6, 17, 1, 19, 26, 43, 31, 24, 23, 4, 15, 3, 2, 14])
(64551, [32, 34, 33, 20, 9, 31, 30, 24, 12, 2])
(64552, [32, 34, 33, 18, 9, 42, 1, 19, 26, 21, 43, 31, 30, 41, 24, 23, 4, 15, 3, 12, 40, 2, 13])
(64553, [32, 20, 16, 6, 17, 19, 43, 36, 41, 4, 2])
(64554, [32, 35, 34, 33, 27, 9, 0, 11, 7, 6, 28, 17, 1, 19, 26, 43, 36, 31, 41, 23, 4, 15, 3, 12, 40, 2, 14])
(64555, [32, 34, 33, 18, 29, 16, 6, 1, 19, 26, 8, 21, 38, 30, 39, 4, 15, 3, 40, 2])
(64556, [32, 26, 41])
(64557, [32, 34, 19, 31])
(64558, [32, 35, 33, 20, 18, 27, 0, 28, 26, 43, 31, 37, 41, 4, 12, 2])
(64559, [32, 20, 7, 30, 3])
(64560, [32, 34, 0, 26, 43, 31, 2, 14])
(64561, [32, 34, 33, 18, 0, 7, 16, 6, 1, 19, 8, 44, 43, 31, 30, 37, 41, 24, 23, 15, 3, 12, 13, 5])
(64562, [32, 44])
(64563, [32, 35, 20, 9, 0, 16, 6, 1, 19, 8, 21, 43, 30, 41, 23, 15, 3, 2])
(64564, [32, 35, 34, 33, 9, 11, 16, 42, 17, 1, 44, 43, 31, 30, 37, 41, 24, 4, 15, 2, 22])
(64565, [32, 34, 33, 20, 18, 9, 0, 11, 42, 17, 1, 44, 31, 4, 3, 12, 2, 13, 14, 22])
(64566, [32, 34, 33])
(64567, [32, 33, 20, 18, 9, 11, 42, 1, 19, 26, 44, 30, 15, 3, 12, 2])
(64568, [32])
(64569, [32, 20, 18, 11, 7, 1, 41, 3, 40])
(64570, [32, 34, 33, 20, 18, 9, 0, 11, 1, 43, 31, 30, 41, 23, 15, 3, 12])
(64571, [32, 20, 44, 2])
(64572, [32, 2])
(64573, [32, 35, 34, 20, 18, 0, 11, 7, 16, 17, 1, 19, 26, 21, 44, 31, 37, 39, 24, 23, 4, 3, 12, 2, 25])
(64574, [32, 27, 9, 0, 17, 10, 26, 21, 30, 24, 12, 22])
(64575, [32, 20, 11, 10, 26, 30])
(64576, [32, 34, 0, 43, 41, 2, 13, 14, 25])
(64577, [32, 35, 33, 0, 11, 16, 8, 23, 3, 2])
(64578, [32])
(64579, [32, 34, 33, 9, 11, 7, 16, 6, 17, 1, 19, 26, 21, 44, 31, 30, 39, 23, 15, 3, 40, 2, 5, 22])
(64580, [32, 20, 9, 6, 2])
(64581, [35, 34, 33, 18, 0, 19, 8, 21, 44, 24, 23, 3, 12, 2])
(64582, [35])
(64583, [35, 33, 9, 31, 30, 23])
(64584, [35, 33, 20, 9, 0, 11, 7, 16, 6, 17, 1, 19, 26, 21, 44, 43, 30, 4, 15, 3, 12, 2, 14])
(64585, [35, 11, 1, 26, 44, 43, 41, 24, 23, 4, 15, 3, 12, 13, 5])
(64586, [35])
(64587, [35])
(64588, [35])
(64589, [35])
(64590, [35, 23, 15, 2])
(64591, [35, 0, 1, 19, 44, 3, 12])
(64592, [35, 2])
(64593, [35, 34, 18])
(64594, [35, 34, 20, 18, 9, 0, 11, 16, 42, 6, 28, 1, 10, 19, 8, 21, 44, 43, 36, 39, 24, 23, 4, 15, 3, 12, 40, 2, 13, 14, 22])
(64595, [35, 33, 9, 0, 16, 28, 1, 43, 4, 3, 12])
(64596, [35, 1, 3])
(64597, [35, 20, 7, 17, 1, 21, 44, 41, 14])
(64598, [35, 34, 33, 18, 7, 6, 10, 8, 43, 30, 24, 23, 12, 2, 5])
(64599, [35])
(64600, [35, 18, 23, 15])
(64601, [35, 18, 16, 8, 43, 31, 23, 15, 3, 12, 5])
(64602, [35, 18, 11, 28, 1, 10, 19, 8, 44, 43, 36, 23, 4, 15, 2, 13, 14])
(64603, [35, 20, 18, 9, 0, 11, 7, 42, 6, 17, 1, 19, 26, 44, 43, 38, 31, 30, 23, 3, 12, 40, 2, 13])
(64604, [35])
(64605, [35, 11, 26, 3, 12])
(64606, [35, 20, 9, 11, 29, 1, 19, 21, 44, 31, 41, 24, 3, 5])
(64607, [35])
(64608, [35, 11])
(64609, [35, 34, 18, 27, 9, 0, 11, 16, 42, 6, 1, 26, 8, 21, 44, 43, 30, 37, 41, 23, 4, 15, 3, 12, 40, 2, 13, 5, 22])
(64610, [35, 33, 9, 0, 11, 7, 29, 17, 26, 43, 36, 3, 2, 13])
(64611, [35])
(64612, [35])
(64613, [35])
(64614, [35, 18, 0, 42, 6, 1, 44, 4, 12, 2])
(64615, [35, 1, 31, 3, 12])
(64616, [35, 33, 18, 9, 0, 11, 7, 6, 1, 19, 26, 8, 44, 31, 30, 39, 41, 4, 15, 3, 12, 2])
(64617, [35, 34, 33, 20, 18, 27, 9, 16, 42, 6, 1, 19, 26, 8, 21, 44, 43, 38, 36, 30, 24, 23, 15, 3, 12, 2, 13, 5])
(64618, [35, 34, 33, 9, 0, 11, 7, 42, 6, 28, 17, 1, 19, 26, 44, 31, 30, 37, 41, 24, 15, 2])
(64619, [34, 9, 11, 1, 44, 23, 3])
(64620, [34])
(64621, [34, 9])
(64622, [34, 33, 9, 11, 16, 1, 19, 26, 44, 30, 15, 40, 2, 13, 25])
(64623, [34, 33, 18, 9, 0, 11, 7, 16, 6, 17, 1, 19, 21, 44, 43, 36, 30, 37, 39, 41, 24, 4, 15, 3, 12, 2, 5, 22])
(64624, [34])
(64625, [34, 30])
(64626, [34])
(64627, [34, 9, 0, 11, 16, 28, 17, 1, 19, 26, 44, 23, 15, 12, 2, 13])
(64628, [34, 33, 18, 11, 19, 21, 44, 41, 15, 3])
(64629, [34, 11, 17, 44, 2])
(64630, [34])
(64631, [34, 20, 11, 7, 16, 1, 19, 21, 44, 38, 39, 23, 4, 3, 12])
(64632, [34, 1, 4, 3])
(64633, [34, 22])
(64634, [34])
(64635, [34])
(64636, [34, 7, 6, 28, 17, 26, 43, 36, 41, 2, 13])
(64637, [34])
(64638, [34, 28, 1, 21, 15])
(64639, [34, 33, 11, 16, 1, 31, 30, 3, 12])
(64640, [34, 33, 18, 16, 44, 31, 30, 24, 15, 12, 2, 13])
(64641, [34, 0, 42, 3])
(64642, [34, 0])
(64643, [34, 20, 27, 0, 1, 19, 8, 41, 3, 12, 2])
(64644, [34, 33, 20, 27, 0, 6, 17, 1, 26, 44, 43, 23, 4, 3, 12, 40, 2, 14, 25])
(64645, [34])
(64646, [34])
(64647, [34, 18, 9, 7, 1, 26, 8, 21, 43, 23, 4, 3, 12, 22])
(64648, [34, 33, 9, 31, 41, 14])
(64649, [34, 20])
(64650, [34, 20, 9, 0, 7, 16, 1, 10, 39, 23, 3, 5])
(64651, [34])
(64652, [34, 33, 20, 18, 27, 9, 0, 11, 7, 16, 42, 1, 43, 31, 30, 24, 23, 4, 3, 12, 2, 13, 14])
(64653, [34, 9, 11, 7, 16, 6, 1, 19, 21, 3, 12, 2])
(64654, [34, 18, 9, 0, 42, 1, 19, 21, 44, 43, 31, 3, 12])
(64655, [34])
(64656, [34, 44])
(64657, [34, 9, 0, 19, 44, 12])
(64658, [34, 9, 0, 16, 10, 21, 23, 3, 12, 13])
(64659, [34, 3, 12])
(64660, [34, 18, 29, 1, 19, 21, 44, 30])
(64661, [34, 12])
(64662, [34, 33, 20, 9, 0, 11, 7, 16, 1, 10, 26, 44, 38, 30, 39, 41, 24, 23, 3, 12, 2, 22])
(64663, [34, 15])
(64664, [34, 11, 1, 36, 39, 23, 2])
(64665, [34])
(64666, [34, 33])
(64667, [34, 1, 30, 3])
(64668, [34])
(64669, [34])
(64670, [34, 0, 11])
(64671, [34, 0])
(64672, [34, 31])
(64673, [34, 28, 26, 8, 43, 31, 41, 2, 22])
(64674, [34, 18, 0, 16, 1, 44, 3, 12])
(64675, [34])
(64676, [34, 20, 7, 19, 26, 3, 12, 2])
(64677, [33, 18, 0, 11, 26, 44, 31, 4, 12, 2, 14])
(64678, [33, 1, 31])
(64679, [33])
(64680, [33, 0])
(64681, [33])
(64682, [33, 29, 44, 3, 2])
(64683, [33, 20, 11, 16, 42, 6, 28, 1, 19, 26, 8, 44, 43, 41, 23, 4, 15, 3, 12, 2, 13, 14])
(64684, [33, 12])
(64685, [33])
(64686, [33, 36, 30])
(64687, [33])
(64688, [33, 20, 1, 21, 4, 3, 22])
(64689, [33])
(64690, [33, 17, 1, 26, 31, 30, 41, 3, 40])
(64691, [33])
(64692, [33, 30, 37])
(64693, [33, 19])
(64694, [33, 5])
(64695, [33, 26, 31])
(64696, [33, 1, 30, 3])
(64697, [33, 0])
(64698, [33])
(64699, [33])
(64700, [33])
(64701, [33])
(64702, [33, 11, 7, 6, 17, 19, 26, 30, 39, 4, 2])
(64703, [33, 20, 11, 7, 17, 1, 19, 26, 43, 31, 3])
(64704, [33, 20, 18, 9, 0, 11, 7, 42, 6, 17, 1, 8, 43, 31, 41, 23, 15, 3, 12, 5, 14])
(64705, [33, 26])
(64706, [33])
(64707, [33])
(64708, [33, 3])
(64709, [33])
(64710, [33, 44])
(64711, [33, 16, 12])
(64712, [20, 18, 27, 9, 11, 6, 17, 1, 26, 41, 4])
(64713, [20, 0, 11, 7, 28, 17, 15, 2, 14])
(64714, [20, 9, 0, 19, 26, 8, 44, 4, 3, 2, 14])
(64715, [20, 1, 3])
(64716, [20, 0, 1, 12, 2])
(64717, [20])
(64718, [20, 0, 11, 23, 12])
(64719, [20])
(64720, [20, 18, 7, 42, 23])
(64721, [20, 0, 11, 16, 28, 1, 3, 12])
(64722, [20, 0, 11, 12, 2])
(64723, [20, 9, 7, 6, 19, 8, 23, 15, 2])
(64724, [20, 9, 0, 16, 17, 10, 43, 23, 4, 15, 3, 12, 13, 5])
(64725, [20, 18, 9, 17, 26, 43, 4, 15, 40, 2])
(64726, [20, 26])
(64727, [20, 3])
(64728, [20, 1, 3])
(64729, [20, 1, 21, 44, 15, 3, 12])
(64730, [20, 12])
(64731, [20])
(64732, [20, 3])
(64733, [20, 27, 42, 6, 8, 4, 12, 2])
(64734, [20, 7, 1, 3])
(64735, [20, 18, 9, 0, 11, 7, 42, 43, 38, 41, 24, 12, 2, 14])
(64736, [20, 1])
(64737, [20, 9, 42, 1, 10, 19, 21, 3, 2, 22])
(64738, [20, 0, 1, 10, 26, 21, 39, 3, 12, 2, 22])
(64739, [20, 12])
(64740, [20, 18, 0, 7, 3, 2])
(64741, [20])
(64742, [20, 11, 16, 3])
(64743, [20])
(64744, [20, 42, 19, 41, 23, 2])
(64745, [18])
(64746, [18, 1, 3])
(64747, [18])
(64748, [18])
(64749, [18])
(64750, [18, 23])
(64751, [18, 1, 10, 31, 41])
(64752, [18, 23])
(64753, [18])
(64754, [18])
(64755, [18, 26])
(64756, [18, 43, 23])
(64757, [18])
(64758, [18, 16])
(64759, [18])
(64760, [18])
(64761, [18])
(64762, [18, 26])
(64763, [18, 6, 24])
(64764, [18, 23])
(64765, [18, 0, 23, 2])
(64766, [18, 6, 21, 23, 15, 2, 14])
(64767, [18, 22])
(64768, [18])
(64769, [18])
(64770, [18, 9, 0, 42, 6, 28, 17, 26, 43, 41, 4, 15, 12, 40, 13])
(64771, [18, 9, 11, 7, 16, 6, 1, 10, 19, 26, 44, 38, 31, 30, 41, 23, 3, 2, 14, 22])
(64772, [18, 0, 1, 19, 30, 23, 3])
(64773, [18, 0, 16, 1, 44, 12])
(64774, [18, 9, 11, 19, 39, 41, 24, 23, 15])
(64775, [18])
(64776, [18, 0, 44, 3])
(64777, [18, 23])
(64778, [18, 8, 21, 23])
(64779, [18, 29])
(64780, [18, 36])
(64781, [18])
(64782, [18])
(64783, [18, 9, 11, 8, 43])
(64784, [18])
(64785, [18])
(64786, [18])
(64787, [18, 43, 23])
(64788, [18, 40, 2])
(64789, [18, 1, 19, 30, 37, 3])
(64790, [18, 0, 6, 1, 21, 44, 3])
(64791, [18, 17, 8, 31, 30, 23, 15, 3, 12, 40, 2])
(64792, [18])
(64793, [18])
(64794, [18])
(64795, [18, 6, 12])
(64796, [18])
(64797, [18])
(64798, [18])
(64799, [18])
(64800, [18])
(64801, [18])
(64802, [18])
(64803, [18])
(64804, [18])
(64805, [18])
(64806, [18])
(64807, [18, 19, 23])
(64808, [18, 2])
(64809, [18])
(64810, [18])
(64811, [18])
(64812, [18])
(64813, [18])
(64814, [18, 23])
(64815, [18])
(64816, [18])
(64817, [18, 23])
(64818, [18, 23])
(64819, [18, 6])
(64820, [18, 3])
(64821, [18, 11, 1, 19, 26, 44, 38, 3])
(64822, [18, 1, 38, 31, 3, 22])
(64823, [18, 28, 15, 2])
(64824, [18, 16, 1, 19, 3, 2])
(64825, [18])
(64826, [18, 3])
(64827, [18])
(64828, [18])
(64829, [18])
(64830, [18])
(64831, [18])
(64832, [18, 0, 11, 15, 12])
(64833, [18])
(64834, [18, 15])
(64835, [18, 1, 19, 3, 12])
(64836, [18])
(64837, [27])
(64838, [27, 9, 0, 29, 16, 17, 19, 8, 21, 44, 23, 4, 3, 12, 2, 5, 22])
(64839, [27])
(64840, [27])
(64841, [27])
(64842, [27, 0])
(64843, [27])
(64844, [9])
(64845, [9])
(64846, [9, 41, 15])
(64847, [9, 36, 41, 15, 2])
(64848, [9, 42, 1, 21, 44, 43, 23, 3, 2, 22])
(64849, [9])
(64850, [9])
(64851, [9, 17, 41, 13])
(64852, [9, 11, 1, 19, 21, 44, 38, 30, 4, 3, 12])
(64853, [9, 26, 43, 24, 40, 2])
(64854, [9])
(64855, [9, 0, 4, 3])
(64856, [9])
(64857, [9, 11])
(64858, [9])
(64859, [9])
(64860, [9, 6, 41, 4, 40])
(64861, [9])
(64862, [9, 12])
(64863, [9, 0])
(64864, [9])
(64865, [9])
(64866, [9, 1, 21])
(64867, [9])
(64868, [9])
(64869, [9])
(64870, [9])
(64871, [9, 11, 1, 19, 31, 15, 3, 2])
(64872, [9, 0, 41])
(64873, [9])
(64874, [9])
(64875, [9])
(64876, [9, 0, 3])
(64877, [9, 8])
(64878, [9, 39, 3])
(64879, [9, 17, 44, 36, 30, 41, 15, 40, 2, 14])
(64880, [9])
(64881, [9])
(64882, [9])
(64883, [9, 16])
(64884, [9, 0, 12])
(64885, [9])
(64886, [9, 2])
(64887, [9])
(64888, [9, 17, 1, 26, 44, 12, 40, 22])
(64889, [9])
(64890, [9])
(64891, [9])
(64892, [9, 22])
(64893, [9, 11, 42, 30, 3, 22])
(64894, [9, 16, 17, 24, 2])
(64895, [9, 0, 12])
(64896, [9])
(64897, [9])
(64898, [9, 29])
(64899, [9])
(64900, [9])
(64901, [9])
(64902, [9, 2])
(64903, [9])
(64904, [9, 1, 2])
(64905, [9, 0])
(64906, [0, 12])
(64907, [0])
(64908, [0])
(64909, [0])
(64910, [0, 1, 3])
(64911, [0])
(64912, [0])
(64913, [0])
(64914, [0, 12])
(64915, [0])
(64916, [0, 12])
(64917, [0])
(64918, [0])
(64919, [0])
(64920, [0])
(64921, [0])
(64922, [0])
(64923, [0])
(64924, [0])
(64925, [0])
(64926, [0, 12])
(64927, [0])
(64928, [0])
(64929, [0])
(64930, [0])
(64931, [0])
(64932, [0])
(64933, [0])
(64934, [0, 21])
(64935, [0])
(64936, [0, 41, 12])
(64937, [0])
(64938, [0])
(64939, [0])
(64940, [0])
(64941, [0])
(64942, [0])
(64943, [0])
(64944, [0])
(64945, [0])
(64946, [0])
(64947, [0])
(64948, [0])
(64949, [0])
(64950, [0])
(64951, [0, 12])
(64952, [0])
(64953, [0])
(64954, [0])
(64955, [0])
(64956, [0, 7, 19, 4])
(64957, [0])
(64958, [0, 12])
(64959, [0, 4, 3, 12])
(64960, [0])
(64961, [0])
(64962, [0, 12])
(64963, [0])
(64964, [0, 11, 1, 21, 4, 3, 12, 2])
(64965, [0, 12])
(64966, [0])
(64967, [0])
(64968, [0])
(64969, [0])
(64970, [0])
(64971, [0])
(64972, [0])
(64973, [0])
(64974, [0])
(64975, [0])
(64976, [0])
(64977, [0, 21])
(64978, [0])
(64979, [0])
(64980, [0, 28, 26, 3, 12])
(64981, [0, 24])
(64982, [0])
(64983, [0])
(64984, [0, 17, 26, 44, 36, 24, 40, 2])
(64985, [0])
(64986, [0])
(64987, [0])
(64988, [0])
(64989, [0, 12])
(64990, [0, 11, 7, 17, 19, 26, 44, 3, 12])
(64991, [0])
(64992, [0])
(64993, [0])
(64994, [0])
(64995, [0])
(64996, [0, 36, 2])
(64997, [0])
(64998, [0])
(64999, [0])
(65000, [0])
(65001, [0])
(65002, [0])
(65003, [0])
(65004, [0, 11, 12])
(65005, [0])
(65006, [0])
(65007, [0])
(65008, [0])
(65009, [0])
(65010, [0])
(65011, [0])
(65012, [0])
(65013, [0])
(65014, [0])
(65015, [0, 7, 1, 21, 31, 15, 3])
(65016, [0])
(65017, [0])
(65018, [0])
(65019, [0])
(65020, [0])
(65021, [0])
(65022, [0])
(65023, [0])
(65024, [0])
(65025, [0, 3])
(65026, [0, 12])
(65027, [0, 15])
(65028, [0])
(65029, [0])
(65030, [0])
(65031, [0])
(65032, [0])
(65033, [0])
(65034, [0])
(65035, [0])
(65036, [0])
(65037, [0])
(65038, [0])
(65039, [0])
(65040, [0])
(65041, [0])
(65042, [0])
(65043, [0])
(65044, [0])
(65045, [0])
(65046, [0])
(65047, [0])
(65048, [0])
(65049, [0])
(65050, [0])
(65051, [0])
(65052, [0])
(65053, [0, 7])
(65054, [0])
(65055, [0])
(65056, [0])
(65057, [0])
(65058, [0, 13])
(65059, [0, 2])
(65060, [0])
(65061, [0])
(65062, [0])
(65063, [0])
(65064, [0])
(65065, [0])
(65066, [0])
(65067, [0])
(65068, [0])
(65069, [0])
(65070, [0])
(65071, [0])
(65072, [0, 42])
(65073, [0])
(65074, [0])
(65075, [0])
(65076, [0, 6])
(65077, [0, 23])
(65078, [0])
(65079, [0])
(65080, [0])
(65081, [0])
(65082, [0])
(65083, [0, 41, 2])
(65084, [0])
(65085, [0])
(65086, [0])
(65087, [0, 11, 1, 44])
(65088, [0])
(65089, [0])
(65090, [0, 7, 1, 26, 39, 3, 2, 14])
(65091, [0])
(65092, [0])
(65093, [0])
(65094, [0])
(65095, [0, 11, 44, 3])
(65096, [0])
(65097, [0])
(65098, [0])
(65099, [0])
(65100, [0])
(65101, [0])
(65102, [0, 1, 3])
(65103, [0])
(65104, [0])
(65105, [0])
(65106, [0])
(65107, [0, 12])
(65108, [0, 12])
(65109, [0])
(65110, [0])
(65111, [0])
(65112, [0, 23])
(65113, [0])
(65114, [0])
(65115, [0])
(65116, [0])
(65117, [0, 8, 23])
(65118, [0, 19])
(65119, [0])
(65120, [0, 12])
(65121, [0])
(65122, [0, 1, 3])
(65123, [0])
(65124, [0])
(65125, [0])
(65126, [0])
(65127, [0])
(65128, [0])
(65129, [0])
(65130, [0])
(65131, [0])
(65132, [0])
(65133, [0])
(65134, [0])
(65135, [0])
(65136, [0])
(65137, [0])
(65138, [0])
(65139, [0])
(65140, [0])
(65141, [0])
(65142, [0, 26, 41, 23, 12, 2])
(65143, [0])
(65144, [0])
(65145, [0, 1, 21, 3])
(65146, [0])
(65147, [0])
(65148, [0, 12, 2, 14])
(65149, [0])
(65150, [0])
(65151, [0])
(65152, [0])
(65153, [0, 12])
(65154, [0, 41])
(65155, [0])
(65156, [11, 1, 44, 3])
(65157, [11, 44, 3])
(65158, [11, 17, 44, 43, 30, 3])
(65159, [11, 19, 26, 44, 2])
(65160, [11, 1, 19, 44, 15, 12, 14])
(65161, [11, 41, 23])
(65162, [11])
(65163, [11])
(65164, [11])
(65165, [11])
(65166, [11, 26, 21, 39, 2])
(65167, [11])
(65168, [11])
(65169, [11, 44, 2])
(65170, [11])
(65171, [11])
(65172, [11])
(65173, [11])
(65174, [11, 44, 41, 15, 3])
(65175, [11, 6])
(65176, [11, 7, 24])
(65177, [11, 1, 26, 21, 15, 3])
(65178, [11])
(65179, [11, 1, 23, 3])
(65180, [11])
(65181, [11, 43])
(65182, [11])
(65183, [11, 1, 3])
(65184, [11, 6, 43, 30, 4, 15])
(65185, [11])
(65186, [11, 2])
(65187, [7, 6])
(65188, [7])
(65189, [7, 1])
(65190, [7, 10, 12])
(65191, [7, 16, 1, 21, 44, 22])
(65192, [7, 1, 3])
(65193, [7])
(65194, [7, 6, 43, 15])
(65195, [7, 4])
(65196, [7])
(65197, [7])
(65198, [29])
(65199, [29, 19, 24, 15, 3, 40, 13])
(65200, [29])
(65201, [16])
(65202, [16, 12])
(65203, [16])
(65204, [16, 12, 14])
(65205, [16])
(65206, [16])
(65207, [16])
(65208, [16])
(65209, [16])
(65210, [16, 14])
(65211, [16, 23])
(65212, [16])
(65213, [16])
(65214, [16])
(65215, [16])
(65216, [42, 21, 44, 3])
(65217, [6, 26, 5])
(65218, [6])
(65219, [6])
(65220, [6])
(65221, [6])
(65222, [6])
(65223, [6, 1, 4, 3])
(65224, [6])
(65225, [6])
(65226, [6])
(65227, [6])
(65228, [6])
(65229, [6])
(65230, [28])
(65231, [28])
(65232, [28, 2])
(65233, [28, 12])
(65234, [28])
(65235, [17])
(65236, [17])
(65237, [17, 21])
(65238, [17])
(65239, [17, 1, 26, 44, 3])
(65240, [17, 19, 41, 2])
(65241, [17])
(65242, [17])
(65243, [17])
(65244, [17, 14, 22])
(65245, [17])
(65246, [17, 19, 44, 31, 2])
(65247, [17, 21, 37, 41, 23, 15])
(65248, [17, 41, 2])
(65249, [17])
(65250, [17])
(65251, [17])
(65252, [17])
(65253, [17, 2])
(65254, [17, 26, 43, 24, 15])
(65255, [17, 31, 15, 13])
(65256, [1])
(65257, [1, 21, 12, 2])
(65258, [1, 19, 21])
(65259, [1, 19, 8, 23])
(65260, [1])
(65261, [1, 4, 3, 22])
(65262, [1, 41, 3])
(65263, [1, 19, 21, 3, 22])
(65264, [1, 39, 3])
(65265, [1])
(65266, [1])
(65267, [1, 23])
(65268, [1])
(65269, [1, 19, 21, 44, 23, 15, 3, 12])
(65270, [1, 3])
(65271, [1, 19, 3, 2, 13, 22])
(65272, [1, 44, 41, 24, 23, 3, 12, 2])
(65273, [1, 15])
(65274, [1, 3])
(65275, [1, 30, 3])
(65276, [1, 19])
(65277, [1])
(65278, [1])
(65279, [1, 3])
(65280, [1, 21, 12])
(65281, [1])
(65282, [1])
(65283, [1])
(65284, [1])
(65285, [1, 3])
(65286, [1])
(65287, [1])
(65288, [10])
(65289, [10])
(65290, [10])
(65291, [10])
(65292, [10])
(65293, [10])
(65294, [10])
(65295, [10])
(65296, [10])
(65297, [19, 44, 2])
(65298, [19, 22])
(65299, [19])
(65300, [19])
(65301, [19, 3])
(65302, [19, 4])
(65303, [19, 41])
(65304, [19])
(65305, [19])
(65306, [19])
(65307, [19])
(65308, [19])
(65309, [19])
(65310, [19, 26, 43, 30])
(65311, [19])
(65312, [19])
(65313, [19])
(65314, [19, 38, 3, 2, 22])
(65315, [19, 39, 4])
(65316, [19, 23, 4])
(65317, [19, 21, 24])
(65318, [19])
(65319, [19])
(65320, [19])
(65321, [19])
(65322, [26])
(65323, [26])
(65324, [26, 13])
(65325, [26])
(65326, [26, 23, 15])
(65327, [26])
(65328, [26])
(65329, [26])
(65330, [26])
(65331, [26])
(65332, [26, 30])
(65333, [26])
(65334, [26, 12])
(65335, [26])
(65336, [26, 12])
(65337, [26, 4])
(65338, [26, 43, 41])
(65339, [26])
(65340, [26])
(65341, [26])
(65342, [26])
(65343, [26])
(65344, [8])
(65345, [8])
(65346, [8])
(65347, [8])
(65348, [8, 2])
(65349, [8])
(65350, [8, 2])
(65351, [8, 23])
(65352, [8])
(65353, [8])
(65354, [8])
(65355, [8])
(65356, [8])
(65357, [8])
(65358, [8])
(65359, [8])
(65360, [8, 44])
(65361, [8])
(65362, [8])
(65363, [21, 39])
(65364, [21])
(65365, [21])
(65366, [21])
(65367, [21])
(65368, [21])
(65369, [21, 39, 3, 12])
(65370, [21, 4])
(65371, [21])
(65372, [21])
(65373, [21])
(65374, [21])
(65375, [21])
(65376, [21])
(65377, [21])
(65378, [21])
(65379, [21])
(65380, [21, 43, 31, 24])
(65381, [21])
(65382, [21])
(65383, [21])
(65384, [21])
(65385, [21])
(65386, [21])
(65387, [21])
(65388, [21])
(65389, [21])
(65390, [21, 3])
(65391, [21])
(65392, [21])
(65393, [21])
(65394, [44])
(65395, [44])
(65396, [44])
(65397, [44, 3])
(65398, [44, 43, 4, 15, 12, 2])
(65399, [44])
(65400, [44, 2])
(65401, [44])
(65402, [44])
(65403, [44, 4, 2])
(65404, [44, 43])
(65405, [44])
(65406, [44])
(65407, [44, 2])
(65408, [44])
(65409, [44])
(65410, [43])
(65411, [43])
(65412, [43, 30])
(65413, [43])
(65414, [43, 12])
(65415, [43])
(65416, [43])
(65417, [43])
(65418, [43])
(65419, [43, 30])
(65420, [43])
(65421, [43])
(65422, [43])
(65423, [43])
(65424, [43])
(65425, [43])
(65426, [43])
(65427, [43])
(65428, [43, 23])
(65429, [43])
(65430, [43])
(65431, [43])
(65432, [43])
(65433, [36])
(65434, [36])
(65435, [36])
(65436, [36])
(65437, [36])
(65438, [36])
(65439, [36])
(65440, [36])
(65441, [36])
(65442, [36])
(65443, [36])
(65444, [36])
(65445, [36])
(65446, [36])
(65447, [36])
(65448, [36])
(65449, [36])
(65450, [36])
(65451, [36])
(65452, [36])
(65453, [31])
(65454, [31])
(65455, [31])
(65456, [31])
(65457, [31])
(65458, [31])
(65459, [31])
(65460, [31])
(65461, [31])
(65462, [31, 30, 12])
(65463, [31])
(65464, [30])
(65465, [30])
(65466, [30, 12, 2])
(65467, [30])
(65468, [30])
(65469, [30])
(65470, [30])
(65471, [30])
(65472, [30])
(65473, [30, 3])
(65474, [30])
(65475, [30, 2])
(65476, [30])
(65477, [30])
(65478, [30])
(65479, [30, 2])
(65480, [30])
(65481, [37])
(65482, [37])
(65483, [37])
(65484, [37])
(65485, [39])
(65486, [39])
(65487, [39, 41])
(65488, [39])
(65489, [39])
(65490, [39])
(65491, [39])
(65492, [39])
(65493, [39])
(65494, [39])
(65495, [41])
(65496, [41])
(65497, [41])
(65498, [41])
(65499, [41])
(65500, [41, 4])
(65501, [41])
(65502, [41])
(65503, [41])
(65504, [41])
(65505, [41])
(65506, [41])
(65507, [41])
(65508, [41])
(65509, [41])
(65510, [24])
(65511, [24])
(65512, [24])
(65513, [24])
(65514, [24])
(65515, [23])
(65516, [23])
(65517, [23])
(65518, [23])
(65519, [23])
(65520, [23])
(65521, [23])
(65522, [23])
(65523, [23])
(65524, [23])
(65525, [23])
(65526, [23])
(65527, [23])
(65528, [23])
(65529, [23])
(65530, [23])
(65531, [23])
(65532, [23])
(65533, [23])
(65534, [23])
(65535, [23])
(65536, [23, 14])
(65537, [23])
(65538, [23])
(65539, [23])
(65540, [23])
(65541, [23])
(65542, [23])
(65543, [23])
(65544, [23])
(65545, [23])
(65546, [23])
(65547, [23, 2, 13])
(65548, [23])
(65549, [23])
(65550, [23])
(65551, [23])
(65552, [23])
(65553, [23])
(65554, [23])
(65555, [23])
(65556, [23])
(65557, [23])
(65558, [23])
(65559, [23])
(65560, [23])
(65561, [23])
(65562, [23])
(65563, [23])
(65564, [23])
(65565, [23])
(65566, [23])
(65567, [23])
(65568, [23])
(65569, [23])
(65570, [23])
(65571, [23])
(65572, [23])
(65573, [23])
(65574, [23, 3])
(65575, [23])
(65576, [23])
(65577, [23])
(65578, [23])
(65579, [23])
(65580, [23])
(65581, [23])
(65582, [23])
(65583, [23])
(65584, [23])
(65585, [23])
(65586, [23])
(65587, [23])
(65588, [4])
(65589, [4])
(65590, [4])
(65591, [4])
(65592, [4])
(65593, [4])
(65594, [4])
(65595, [4])
(65596, [4])
(65597, [4])
(65598, [4])
(65599, [4, 3])
(65600, [4])
(65601, [4])
(65602, [4])
(65603, [4])
(65604, [4])
(65605, [4])
(65606, [4])
(65607, [15])
(65608, [15])
(65609, [15])
(65610, [15])
(65611, [15])
(65612, [15])
(65613, [15])
(65614, [15])
(65615, [3])
(65616, [3])
(65617, [3])
(65618, [3])
(65619, [3])
(65620, [3])
(65621, [3, 12])
(65622, [3])
(65623, [3])
(65624, [3])
(65625, [3])
(65626, [3])
(65627, [3, 2])
(65628, [3])
(65629, [3])
(65630, [3])
(65631, [3])
(65632, [3])
(65633, [3])
(65634, [3])
(65635, [3])
(65636, [3])
(65637, [3])
(65638, [3])
(65639, [3])
(65640, [3])
(65641, [3])
(65642, [3])
(65643, [3])
(65644, [3])
(65645, [3])
(65646, [3])
(65647, [3])
(65648, [3])
(65649, [12])
(65650, [12])
(65651, [12])
(65652, [12])
(65653, [12])
(65654, [12])
(65655, [12])
(65656, [12])
(65657, [12])
(65658, [12])
(65659, [12])
(65660, [12])
(65661, [12])
(65662, [12])
(65663, [12])
(65664, [12])
(65665, [12])
(65666, [12])
(65667, [12])
(65668, [12])
(65669, [12])
(65670, [12])
(65671, [12])
(65672, [12])
(65673, [12])
(65674, [12])
(65675, [12])
(65676, [12])
(65677, [12])
(65678, [12])
(65679, [12])
(65680, [12])
(65681, [12])
(65682, [12])
(65683, [12])
(65684, [12])
(65685, [12])
(65686, [12])
(65687, [12])
(65688, [12])
(65689, [12])
(65690, [12])
(65691, [12])
(65692, [12])
(65693, [12])
(65694, [12])
(65695, [12])
(65696, [12])
(65697, [12])
(65698, [12])
(65699, [12])
(65700, [12])
(65701, [12, 13])
(65702, [12])
(65703, [12])
(65704, [12])
(65705, [12])
(65706, [12])
(65707, [12])
(65708, [12])
(65709, [12])
(65710, [12])
(65711, [12])
(65712, [12])
(65713, [12])
(65714, [12])
(65715, [12])
(65716, [12])
(65717, [40, 2])
(65718, [40])
(65719, [40])
(65720, [40])
(65721, [2])
(65722, [2])
(65723, [2])
(65724, [2])
(65725, [2])
(65726, [2])
(65727, [2])
(65728, [2])
(65729, [2])
(65730, [2])
(65731, [2])
(65732, [2])
(65733, [2])
(65734, [2])
(65735, [2])
(65736, [2])
(65737, [2])
(65738, [2])
(65739, [2])
(65740, [2])
(65741, [2, 14])
(65742, [2])
(65743, [2])
(65744, [2])
(65745, [2])
(65746, [2])
(65747, [2])
(65748, [2])
(65749, [2])
(65750, [2])
(65751, [2])
(65752, [2])
(65753, [2])
(65754, [2])
(65755, [2])
(65756, [2])
(65757, [2])
(65758, [2])
(65759, [2])
(65760, [2])
(65761, [2])
(65762, [2])
(65763, [2])
(65764, [2])
(65765, [2])
(65766, [2])
(65767, [2])
(65768, [2])
(65769, [2])
(65770, [2, 13])
(65771, [2])
(65772, [2])
(65773, [2])
(65774, [2])
(65775, [2])
(65776, [2])
(65777, [2])
(65778, [2])
(65779, [2])
(65780, [2])
(65781, [2])
(65782, [2])
(65783, [2])
(65784, [2])
(65785, [2])
(65786, [2])
(65787, [2])
(65788, [2])
(65789, [2])
(65790, [2])
(65791, [2])
(65792, [2])
(65793, [2])
(65794, [2])
(65795, [2])
(65796, [2])
(65797, [2])
(65798, [2])
(65799, [2])
(65800, [2])
(65801, [2])
(65802, [2])
(65803, [2])
(65804, [2])
(65805, [13])
(65806, [13])
(65807, [13])
(65808, [13])
(65809, [13])
(65810, [5])
(65811, [5])
(65812, [5])
(65813, [5])
(65814, [5])
(65815, [5])
(65816, [5])
(65817, [5])
(65818, [5])
(65819, [5])
(65820, [5])
(65821, [5])
(65822, [5])
(65823, [5])
(65824, [5])
(65825, [14])
(65826, [14])
(65827, [14])
(65828, [14])
(65829, [14])
(65830, [14])
(65831, [14])
(65832, [14])
(65833, [14])
(65834, [14])
(65835, [14])
(65836, [14])
(65837, [14])
(65838, [14])
(65839, [14])
(65840, [22])
(65841, [22])
(65842, [22])
(65843, [22])
(65844, [22])
(65845, [22])
(65846, [22])
