(23367, [0, 1, 2, 3, 4, 5, 6, 7, 8, 9, 10, 11, 12, 14, 15, 16, 17, 18, 19, 21, 22, 23, 24, 25, 26, 29, 30, 31, 32, 33, 34, 35, 36, 39, 40, 41, 42, 43, 44])
(23368, [0, 1, 2, 3, 4, 5, 6, 7, 8, 9, 10, 11, 12, 13, 14, 15, 16, 17, 18, 19, 20, 21, 22, 23, 24, 25, 26, 27, 28, 29, 30, 31, 32, 33, 34, 35, 36, 37, 38, 39, 40, 41, 42, 43, 44])
(23369, [0, 1, 2, 3, 4, 5, 6, 7, 8, 9, 10, 11, 12, 13, 14, 15, 16, 17, 18, 19, 20, 21, 22, 23, 24, 25, 26, 27, 28, 29, 30, 31, 32, 33, 34, 35, 36, 37, 38, 39, 40, 41, 42, 43, 44])
(23370, [0, 1, 2, 3, 4, 5, 6, 7, 8, 9, 10, 11, 12, 13, 14, 15, 16, 17, 18, 19, 20, 21, 22, 23, 24, 25, 26, 27, 28, 29, 30, 31, 32, 33, 34, 35, 36, 37, 38, 39, 40, 41, 42, 43, 44])
(23371, [0, 1, 2, 3, 4, 5, 6, 7, 8, 9, 10, 11, 12, 13, 14, 15, 16, 17, 18, 19, 20, 21, 22, 23, 24, 25, 26, 27, 28, 29, 30, 31, 32, 33, 34, 35, 36, 37, 38, 39, 40, 41, 42, 43, 44])
(23372, [0, 1, 2, 3, 4, 5, 6, 7, 8, 9, 10, 11, 12, 13, 14, 15, 16, 18, 19, 20, 21, 22, 23, 24, 25, 26, 27, 28, 29, 30, 31, 32, 33, 34, 35, 36, 37, 38, 39, 40, 41, 42, 43, 44])
(23373, [17, 18, 21, 22, 32])
(23374, [0, 1, 2, 3, 4, 5, 6, 7, 8, 9, 10, 11, 12, 13, 14, 15, 16, 17, 18, 19, 20, 21, 22, 23, 24, 25, 26, 27, 28, 29, 30, 31, 32, 33, 34, 35, 36, 37, 38, 39, 40, 41, 42, 43, 44])
(23375, [0, 1, 2, 3, 4, 5, 6, 7, 8, 9, 10, 11, 12, 13, 14, 15, 16, 17, 18, 19, 20, 21, 22, 23, 24, 25, 26, 27, 28, 29, 30, 31, 32, 33, 34, 35, 36, 37, 38, 39, 40, 41, 42, 43, 44])
(23376, [0, 1, 2, 3, 4, 5, 6, 7, 8, 9, 11, 12, 14, 15, 16, 17, 18, 19, 20, 21, 22, 23, 26, 27, 29, 30, 31, 32, 33, 34, 35, 37, 38, 39, 40, 41, 42, 43, 44])
(23377, [0, 1, 2, 3, 4, 5, 6, 7, 8, 9, 11, 12, 13, 15, 16, 18, 19, 20, 21, 22, 23, 26, 29, 30, 31, 32, 33, 34, 35, 36, 37, 39, 41, 42, 43])
(23378, [32])
(23379, [0, 1, 2, 3, 4, 5, 6, 7, 8, 9, 10, 11, 12, 13, 14, 15, 16, 17, 18, 19, 20, 21, 22, 23, 24, 25, 26, 27, 28, 29, 30, 31, 32, 33, 34, 35, 36, 37, 38, 39, 40, 41, 42, 43, 44])
(23380, [0, 1, 2, 3, 4, 5, 6, 7, 8, 9, 10, 11, 12, 13, 14, 15, 16, 17, 18, 19, 20, 21, 22, 23, 24, 25, 26, 27, 28, 29, 30, 31, 32, 33, 34, 35, 36, 37, 38, 39, 40, 41, 42, 43, 44])
(23381, [0, 1, 2, 3, 4, 5, 6, 7, 8, 9, 10, 11, 12, 13, 14, 15, 16, 17, 18, 19, 20, 21, 22, 23, 24, 25, 26, 27, 28, 29, 30, 31, 32, 33, 34, 35, 36, 37, 38, 39, 41, 42, 43, 44])
(23382, [0, 1, 2, 3, 4, 8, 9, 11, 12, 13, 14, 15, 16, 17, 18, 19, 20, 21, 22, 23, 24, 26, 29, 31, 32, 33, 34, 37, 40, 41, 42, 43, 44])
(23383, [0, 1, 2, 3, 4, 5, 6, 7, 8, 9, 10, 11, 12, 13, 14, 15, 16, 17, 18, 19, 20, 21, 22, 23, 24, 25, 26, 27, 28, 29, 30, 31, 32, 33, 34, 35, 36, 38, 39, 40, 41, 42, 43, 44])
(23384, [0, 1, 2, 3, 4, 5, 6, 7, 9, 10, 11, 12, 13, 14, 15, 16, 17, 18, 19, 20, 23, 24, 26, 28, 30, 31, 32, 33, 34, 36, 39, 40, 41, 42, 43, 44])
(23385, [0, 2, 4, 6, 9, 12, 14, 15, 19, 23, 24, 31, 32, 39, 41, 43])
(23386, [1, 2, 3, 4, 6, 7, 8, 9, 11, 12, 13, 14, 15, 16, 17, 18, 19, 20, 21, 23, 24, 26, 29, 30, 31, 32, 33, 34, 35, 37, 40, 41, 43, 44])
(23387, [0, 1, 2, 3, 4, 7, 9, 11, 12, 15, 16, 17, 21, 22, 23, 24, 26, 27, 29, 30, 31, 32, 33, 42, 44])
(23388, [1, 3, 4, 6, 9, 13, 18, 19, 20, 21, 22, 23, 30, 31, 32, 33, 34, 39, 41, 44])
(23389, [0, 4, 6, 9, 10, 11, 12, 17, 18, 24, 25, 26, 31, 32, 34, 35, 37, 40, 41, 43])
(23390, [15, 32])
(23391, [1, 2, 3, 5, 8, 9, 11, 12, 14, 15, 16, 17, 18, 19, 20, 21, 22, 23, 30, 31, 32, 33, 34, 35, 37, 39, 41, 42, 44])
(23392, [0, 18, 19, 20, 22, 23, 32, 39])
(23393, [1, 22, 32])
(23394, [0, 1, 2, 3, 4, 6, 7, 8, 9, 10, 11, 12, 13, 14, 15, 16, 17, 18, 19, 20, 22, 23, 24, 26, 28, 30, 31, 32, 33, 34, 35, 37, 38, 39, 40, 41, 42, 43, 44])
(23395, [32])
(23396, [0, 1, 2, 3, 4, 6, 7, 8, 9, 11, 12, 13, 14, 15, 16, 17, 18, 19, 20, 21, 22, 23, 24, 25, 26, 27, 28, 30, 31, 32, 33, 34, 36, 38, 40, 41, 43, 44])
(23397, [0, 1, 2, 3, 4, 5, 6, 7, 8, 9, 10, 11, 12, 13, 14, 15, 16, 17, 18, 19, 20, 21, 22, 23, 24, 25, 26, 27, 28, 29, 30, 31, 32, 33, 34, 35, 36, 37, 38, 39, 40, 41, 42, 43, 44])
(23398, [1, 3, 4, 6, 9, 12, 15, 17, 18, 19, 21, 23, 26, 32, 33, 34, 40, 42, 44])
(23399, [8, 9, 15, 16, 19, 21, 31, 32, 40, 44])
(23400, [1, 2, 3, 4, 6, 7, 9, 11, 14, 15, 17, 18, 19, 21, 22, 23, 24, 26, 31, 32, 33, 34, 35, 36, 41, 42, 44])
(23401, [0, 17, 19, 24, 31, 32])
(23402, [0, 1, 2, 3, 4, 7, 9, 11, 13, 15, 17, 18, 19, 21, 22, 23, 24, 30, 31, 32, 34, 35, 37, 42, 43, 44])
(23403, [0, 1, 2, 3, 4, 5, 6, 7, 8, 9, 10, 11, 12, 13, 14, 15, 16, 17, 18, 19, 20, 21, 22, 23, 24, 26, 27, 28, 29, 30, 31, 32, 33, 34, 35, 36, 37, 38, 39, 40, 41, 42, 43, 44])
(23404, [11, 12, 22, 23, 27, 30, 31, 32, 37, 39, 43])
(23405, [1, 2, 3, 4, 7, 9, 11, 12, 14, 19, 20, 22, 24, 26, 30, 32, 33, 34, 39, 41, 43, 44])
(23406, [0, 1, 12, 19, 32, 43])
(23407, [0, 1, 2, 3, 4, 6, 8, 14, 18, 19, 21, 22, 28, 30, 32, 33, 34, 35, 36, 38, 40, 41, 42, 43, 44])
(23408, [0, 2, 6, 11, 13, 14, 15, 19, 23, 30, 32, 33, 40, 44])
(23409, [32])
(23410, [1, 2, 3, 4, 6, 7, 9, 11, 12, 13, 14, 15, 16, 17, 18, 19, 20, 21, 23, 24, 25, 27, 30, 31, 32, 33, 34, 35, 38, 39, 40, 41, 42, 43, 44])
(23411, [0, 1, 3, 10, 32])
(23412, [2, 14, 15, 17, 19, 26, 30, 31, 32, 33, 34, 40, 41, 44])
(23413, [0, 1, 2, 3, 4, 6, 8, 9, 11, 15, 17, 18, 21, 22, 23, 26, 30, 32, 33, 37, 40, 43, 44])
(23414, [0, 1, 2, 3, 4, 6, 7, 11, 13, 14, 15, 16, 17, 18, 21, 23, 24, 26, 28, 30, 32, 33, 34, 36, 39, 40, 41, 42, 43, 44])
(23415, [4, 32])
(23416, [2, 16, 30, 31, 32])
(23417, [1, 2, 3, 5, 6, 12, 15, 18, 24, 26, 30, 31, 32, 33, 34, 41])
(23418, [32])
(23419, [0, 1, 2, 3, 4, 6, 7, 8, 9, 10, 11, 12, 13, 14, 15, 16, 17, 18, 20, 21, 22, 23, 25, 26, 28, 30, 31, 32, 33, 34, 36, 39, 40, 41, 42, 43, 44])
(23420, [1, 2, 3, 4, 5, 7, 9, 11, 12, 13, 14, 15, 16, 19, 20, 21, 22, 24, 26, 27, 30, 31, 32, 33, 34, 35, 37, 40, 41, 42, 43, 44])
(23421, [1, 4, 7, 8, 9, 11, 12, 15, 16, 17, 19, 21, 31, 32, 41, 42, 44])
(23422, [32])
(23423, [1, 2, 3, 4, 6, 7, 8, 9, 11, 14, 15, 17, 18, 19, 21, 22, 23, 26, 27, 30, 31, 32, 33, 35, 36, 39, 42, 43, 44])
(23424, [1, 2, 4, 6, 8, 14, 15, 19, 30, 31, 32, 33, 43])
(23425, [32, 33])
(23426, [32])
(23427, [0, 1, 2, 3, 4, 6, 9, 11, 15, 16, 17, 18, 19, 21, 22, 23, 24, 26, 29, 30, 32, 33, 39, 41, 42, 43])
(23428, [3, 5, 8, 12, 15, 16, 18, 23, 32, 35])
(23429, [0, 1, 2, 6, 9, 15, 18, 24, 28, 31, 32, 34, 35, 41, 43, 44])
(23430, [0, 3, 4, 9, 18, 19, 23, 30, 31, 32, 33, 43, 44])
(23431, [0, 3, 6, 9, 12, 15, 18, 23, 26, 32, 43])
(23432, [1, 2, 4, 6, 15, 18, 32, 40, 42, 43])
(23433, [4, 8, 23, 26, 31, 32])
(23434, [1, 2, 3, 4, 5, 6, 8, 9, 10, 11, 12, 14, 15, 16, 17, 18, 19, 20, 21, 22, 23, 26, 30, 32, 33, 34, 35, 36, 37, 38, 40, 41, 43, 44])
(23435, [0, 1, 3, 4, 9, 11, 12, 15, 17, 20, 22, 23, 30, 31, 32, 33, 34, 39, 42, 43, 44])
(23436, [18, 27, 32])
(23437, [1, 2, 3, 4, 6, 8, 9, 10, 14, 15, 16, 18, 19, 24, 26, 27, 30, 31, 32, 33, 36, 40, 43, 44])
(23438, [0, 1, 2, 3, 4, 6, 7, 9, 11, 12, 14, 15, 17, 18, 19, 20, 21, 22, 23, 24, 26, 30, 31, 32, 33, 34, 35, 36, 37, 38, 39, 40, 41, 43, 44])
(23439, [0, 6, 8, 9, 12, 17, 18, 19, 21, 23, 24, 26, 30, 31, 32, 33, 41, 43])
(23440, [23, 32])
(23441, [0, 1, 2, 3, 4, 6, 7, 8, 9, 10, 11, 12, 13, 14, 15, 16, 17, 18, 19, 20, 21, 22, 23, 24, 26, 27, 28, 29, 30, 31, 32, 33, 34, 35, 36, 37, 39, 40, 41, 42, 43, 44])
(23442, [2, 3, 4, 6, 7, 9, 11, 12, 15, 17, 18, 22, 25, 26, 30, 31, 32, 34, 35, 36, 39, 40, 42, 43, 44])
(23443, [0, 1, 2, 9, 11, 12, 32, 34, 38, 40])
(23444, [0, 1, 2, 3, 6, 7, 9, 12, 14, 17, 19, 20, 23, 24, 26, 32, 33, 34, 39, 40, 41, 43, 44])
(23445, [0, 3, 20, 32])
(23446, [2, 3, 9, 11, 18, 23, 24, 32, 34, 41, 42, 43])
(23447, [32])
(23448, [32])
(23449, [0, 2, 4, 9, 13, 14, 15, 18, 24, 26, 31, 32, 33, 34, 40, 43, 44])
(23450, [0, 1, 2, 3, 4, 6, 9, 10, 11, 12, 13, 15, 16, 17, 19, 20, 21, 23, 24, 26, 27, 28, 30, 31, 32, 33, 34, 35, 41, 43, 44])
(23451, [32])
(23452, [0, 1, 3, 4, 6, 7, 8, 11, 12, 16, 18, 20, 23, 31, 32, 35, 37, 41, 43])
(23453, [1, 2, 3, 6, 7, 8, 9, 11, 12, 13, 14, 15, 19, 20, 23, 26, 28, 31, 32, 33, 34, 40, 41, 44])
(23454, [0, 1, 2, 3, 4, 5, 6, 7, 8, 9, 10, 11, 12, 13, 14, 15, 16, 17, 18, 19, 20, 21, 22, 23, 24, 25, 26, 27, 28, 29, 30, 31, 32, 33, 34, 35, 36, 37, 38, 39, 40, 41, 42, 43, 44])
(23455, [12, 32])
(23456, [1, 3, 9, 10, 15, 18, 19, 20, 23, 26, 31, 32, 34, 41])
(23457, [1, 3, 18, 21, 32, 44])
(23458, [32])
(23459, [2, 3, 6, 7, 8, 9, 10, 11, 14, 15, 16, 17, 18, 20, 23, 24, 26, 30, 31, 32, 33, 34, 37, 40, 41, 42, 44])
(23460, [0, 6, 14, 16, 32, 33, 40])
(23461, [0, 1, 2, 3, 5, 7, 8, 9, 10, 11, 12, 13, 15, 16, 17, 19, 20, 21, 23, 24, 29, 30, 31, 32, 33, 34, 41, 43, 44])
(23462, [32])
(23463, [32])
(23464, [0, 1, 2, 3, 4, 6, 9, 10, 11, 13, 14, 17, 18, 19, 20, 22, 27, 28, 30, 32, 35, 36, 40, 41, 42, 43, 44])
(23465, [0, 9, 11, 12, 17, 19, 32, 44])
(23466, [2, 4, 14, 32, 44])
(23467, [1, 17, 26, 32])
(23468, [1, 32])
(23469, [2, 4, 14, 15, 16, 32, 36])
(23470, [1, 2, 3, 7, 12, 18, 19, 20, 22, 32, 35, 44])
(23471, [0, 1, 2, 3, 4, 6, 8, 9, 12, 16, 17, 19, 20, 25, 26, 30, 31, 32, 33, 35, 40, 41, 43, 44])
(23472, [12, 32])
(23473, [0, 1, 2, 3, 4, 5, 6, 7, 8, 9, 10, 11, 12, 13, 14, 15, 16, 17, 18, 19, 20, 21, 22, 23, 24, 25, 26, 27, 28, 29, 30, 31, 33, 34, 35, 36, 37, 38, 39, 40, 41, 42, 43, 44])
(23474, [4, 12, 18, 23, 30, 35])
(23475, [0, 1, 2, 3, 7, 9, 12, 21, 23, 35, 42, 43])
(23476, [5, 35])
(23477, [2, 6, 35])
(23478, [1, 2, 35])
(23479, [1, 9, 18, 19, 30, 31, 35, 36, 41])
(23480, [1, 2, 3, 12, 22, 35, 41])
(23481, [0, 1, 2, 3, 4, 6, 7, 8, 9, 11, 12, 13, 14, 15, 17, 18, 19, 20, 21, 23, 24, 26, 27, 29, 30, 31, 33, 34, 35, 36, 37, 38, 39, 41, 42, 43, 44])
(23482, [8, 35])
(23483, [0, 1, 2, 3, 4, 5, 6, 7, 8, 9, 12, 14, 15, 16, 18, 19, 20, 21, 22, 23, 24, 26, 28, 30, 33, 34, 35, 37, 42, 43, 44])
(23484, [35])
(23485, [35])
(23486, [1, 5, 12, 18, 23, 35])
(23487, [1, 15, 35])
(23488, [35])
(23489, [3, 7, 12, 35])
(23490, [35])
(23491, [35])
(23492, [3, 6, 9, 15, 17, 20, 23, 26, 34, 35, 39, 44])
(23493, [35])
(23494, [35])
(23495, [3, 35])
(23496, [6, 12, 15, 35, 44])
(23497, [35])
(23498, [35])
(23499, [0, 3, 9, 24, 30, 33, 35, 38])
(23500, [1, 2, 3, 5, 9, 11, 12, 14, 17, 19, 20, 21, 28, 29, 30, 35, 43, 44])
(23501, [1, 2, 3, 9, 10, 11, 12, 17, 20, 21, 35, 36, 44])
(23502, [35])
(23503, [35])
(23504, [1, 2, 6, 9, 17, 19, 23, 26, 27, 28, 31, 34, 35, 40, 41, 43, 44])
(23505, [2, 8, 9, 18, 24, 31, 33, 34, 35, 37, 43])
(23506, [2, 35])
(23507, [0, 1, 2, 3, 4, 6, 7, 8, 9, 10, 11, 12, 13, 14, 15, 16, 17, 18, 19, 20, 21, 22, 23, 24, 26, 28, 30, 31, 34, 35, 36, 37, 40, 41, 43, 44])
(23508, [23, 35])
(23509, [1, 2, 3, 11, 12, 14, 15, 18, 21, 23, 24, 26, 35, 41, 43, 44])
(23510, [35])
(23511, [35])
(23512, [35])
(23513, [35])
(23514, [4, 11, 19, 23, 35, 43, 44])
(23515, [35])
(23516, [3, 8, 15, 18, 23, 35])
(23517, [35])
(23518, [0, 1, 3, 8, 9, 15, 16, 21, 23, 27, 29, 30, 35, 43])
(23519, [35])
(23520, [35])
(23521, [1, 2, 3, 4, 7, 9, 11, 12, 14, 15, 18, 20, 21, 23, 24, 28, 30, 34, 38, 43])
(23522, [0, 34])
(23523, [1, 3, 26, 34])
(23524, [0, 1, 2, 3, 4, 6, 7, 9, 12, 15, 16, 17, 18, 19, 20, 23, 24, 30, 31, 33, 34, 36, 37, 39, 40, 41, 43])
(23525, [0, 1, 3, 6, 8, 12, 18, 21, 22, 23, 26, 29, 34, 39, 42])
(23526, [23, 34])
(23527, [1, 6, 15, 19, 26, 31, 33, 34])
(23528, [31, 33, 34, 43])
(23529, [34])
(23530, [0, 1, 6, 11, 15, 21, 34])
(23531, [0, 2, 3, 9, 12, 16, 18, 30, 31, 34, 38, 39])
(23532, [1, 3, 9, 12, 15, 24, 34, 43])
(23533, [3, 21, 30, 33, 34, 38, 40])
(23534, [1, 2, 3, 7, 9, 11, 13, 18, 19, 20, 21, 23, 26, 29, 30, 31, 34, 39, 43, 44])
(23535, [34])
(23536, [0, 2, 9, 10, 16, 33, 34])
(23537, [2, 3, 11, 34])
(23538, [0, 1, 3, 4, 6, 8, 11, 12, 13, 15, 18, 19, 20, 21, 22, 26, 27, 29, 30, 31, 33, 34, 37, 39, 42, 44])
(23539, [21, 34])
(23540, [1, 3, 8, 12, 13, 18, 19, 21, 22, 23, 30, 34, 37, 44])
(23541, [3, 19, 21, 26, 34])
(23542, [3, 15, 33, 34, 39])
(23543, [6, 22, 23, 34, 41, 43, 44])
(23544, [34])
(23545, [3, 17, 34])
(23546, [0, 1, 2, 3, 4, 7, 12, 15, 18, 19, 20, 22, 23, 27, 30, 31, 33, 34, 36])
(23547, [0, 1, 2, 3, 4, 7, 9, 11, 12, 14, 15, 16, 17, 18, 19, 20, 22, 23, 24, 25, 26, 28, 31, 34, 39, 40, 41, 43, 44])
(23548, [0, 1, 12, 20, 26, 34])
(23549, [12, 24, 26, 34])
(23550, [17, 34])
(23551, [3, 4, 34, 44])
(23552, [0, 1, 3, 7, 12, 13, 15, 18, 19, 21, 34, 41, 44])
(23553, [1, 6, 8, 9, 17, 19, 23, 24, 25, 26, 30, 31, 33, 34, 39, 40, 43])
(23554, [0, 2, 7, 10, 11, 12, 20, 24, 30, 31, 34, 36])
(23555, [0, 9, 12, 17, 19, 26, 30, 34, 41])
(23556, [0, 1, 2, 4, 9, 16, 18, 20, 24, 26, 34, 42, 43])
(23557, [0, 1, 2, 3, 6, 9, 11, 12, 14, 15, 16, 18, 19, 21, 23, 26, 29, 30, 31, 33, 34, 36, 43])
(23558, [12, 34])
(23559, [0, 1, 2, 3, 4, 6, 7, 8, 12, 16, 18, 19, 21, 24, 29, 34, 38, 39, 41, 42, 44])
(23560, [2, 11, 34, 41])
(23561, [34])
(23562, [1, 3, 5, 8, 9, 11, 12, 16, 23, 33, 34, 43])
(23563, [34])
(23564, [1, 3, 23, 30, 34])
(23565, [3, 9, 34])
(23566, [0, 4, 9, 10, 17, 34, 43])
(23567, [18, 19, 26, 28, 33, 34, 41])
(23568, [11, 12, 16, 31, 34])
(23569, [33])
(23570, [1, 3, 17, 18, 19, 26, 28, 31, 33, 44])
(23571, [33])
(23572, [5, 6, 11, 18, 21, 23, 33])
(23573, [0, 18, 30, 33, 44])
(23574, [33])
(23575, [33])
(23576, [12, 16, 33])
(23577, [0, 3, 6, 9, 18, 23, 33, 40])
(23578, [33])
(23579, [0, 1, 20, 26, 30, 33])
(23580, [0, 33])
(23581, [1, 2, 3, 7, 11, 12, 17, 19, 21, 22, 26, 33, 39, 41])
(23582, [20, 33])
(23583, [0, 1, 2, 3, 8, 11, 12, 15, 16, 19, 20, 21, 23, 26, 30, 33, 37, 43])
(23584, [2, 31, 33, 44])
(23585, [0, 1, 2, 3, 5, 9, 18, 19, 33, 38, 41, 43, 44])
(23586, [31, 33])
(23587, [1, 2, 3, 33, 41])
(23588, [33])
(23589, [1, 20, 21, 27, 30, 33])
(23590, [0, 1, 2, 3, 4, 6, 9, 12, 14, 15, 16, 17, 20, 26, 33, 38, 42, 43, 44])
(23591, [33])
(23592, [33])
(23593, [33])
(23594, [22, 33])
(23595, [0, 2, 4, 16, 20, 28, 31, 37, 43])
(23596, [0, 1, 2, 10, 20, 21, 41])
(23597, [1, 3, 7, 9, 11, 16, 19, 20, 23, 28, 30, 37, 38, 42, 44])
(23598, [2, 3, 20, 21, 40, 44])
(23599, [10, 12, 20])
(23600, [20])
(23601, [12, 20])
(23602, [20])
(23603, [20])
(23604, [12, 20])
(23605, [2, 11, 20, 24, 44])
(23606, [0, 18, 20, 24, 41])
(23607, [20])
(23608, [3, 20])
(23609, [0, 11, 19, 20, 43])
(23610, [1, 3, 6, 9, 11, 12, 14, 16, 20, 21, 22, 23])
(23611, [0, 2, 3, 11, 12, 20])
(23612, [1, 3, 6, 12, 17, 18, 19, 20, 21, 23, 25, 31, 38])
(23613, [1, 11, 13, 19, 20])
(23614, [1, 2, 3, 7, 12, 14, 18, 19, 20, 22, 23, 31, 37, 42])
(23615, [1, 20])
(23616, [0, 1, 11, 20, 23, 44])
(23617, [0, 2, 12, 17, 20, 26])
(23618, [0, 1, 2, 3, 5, 7, 8, 9, 11, 12, 16, 17, 19, 20, 21, 28, 29, 31, 40])
(23619, [0, 3, 6, 20, 26, 41])
(23620, [1, 2, 4, 6, 9, 12, 15, 16, 17, 20, 26, 27, 44])
(23621, [0, 1, 3, 10, 16, 19, 20, 22, 26, 30, 39, 43])
(23622, [1, 3, 7, 20, 30, 38, 39])
(23623, [0, 4, 11, 12, 16, 18, 20, 21, 38, 43, 44])
(23624, [18])
(23625, [18])
(23626, [18])
(23627, [3, 7, 18])
(23628, [1, 3, 6, 8, 9, 11, 12, 15, 16, 18, 19, 26, 44])
(23629, [18])
(23630, [7, 12, 18, 19, 22, 27, 30, 31, 36, 43, 44])
(23631, [18, 19])
(23632, [18])
(23633, [18])
(23634, [18, 23])
(23635, [1, 2, 3, 15, 17, 18, 19, 22, 38, 41])
(23636, [1, 3, 6, 18, 23, 43])
(23637, [18, 21, 23])
(23638, [18])
(23639, [18])
(23640, [11, 18])
(23641, [0, 2, 3, 9, 11, 12, 15, 16, 17, 18, 21, 22, 23, 38, 39, 41, 42, 44])
(23642, [18])
(23643, [2, 18])
(23644, [18])
(23645, [0, 1, 2, 3, 4, 5, 6, 8, 9, 12, 13, 15, 16, 18, 19, 21, 22, 23, 24, 31, 38, 39, 42, 43, 44])
(23646, [0, 1, 3, 9, 10, 18, 19, 23, 29, 41, 42])
(23647, [18, 26])
(23648, [18, 19])
(23649, [18])
(23650, [2, 3, 4, 18, 19])
(23651, [18, 23, 24])
(23652, [18])
(23653, [11, 18, 41])
(23654, [18])
(23655, [18])
(23656, [0, 12, 18])
(23657, [18])
(23658, [1, 11, 14, 18, 22, 38, 40])
(23659, [18])
(23660, [3, 18])
(23661, [18])
(23662, [1, 3, 12, 15, 18, 19, 21])
(23663, [18])
(23664, [18])
(23665, [0, 1, 2, 3, 6, 11, 14, 17, 18, 19, 21, 31])
(23666, [18, 21])
(23667, [18])
(23668, [18])
(23669, [18])
(23670, [18])
(23671, [18])
(23672, [18])
(23673, [18])
(23674, [18])
(23675, [18, 42])
(23676, [18])
(23677, [18])
(23678, [0, 1, 2, 10, 11, 12, 17, 18, 19])
(23679, [18])
(23680, [18])
(23681, [18])
(23682, [18])
(23683, [18])
(23684, [18])
(23685, [18])
(23686, [18])
(23687, [0, 2, 3, 9, 14, 18])
(23688, [18])
(23689, [2, 9, 18, 23, 30, 41, 44])
(23690, [1, 2, 9, 15, 18, 43])
(23691, [18])
(23692, [18])
(23693, [18])
(23694, [18])
(23695, [18, 23])
(23696, [3, 6, 18])
(23697, [1, 12, 18, 19])
(23698, [18, 21])
(23699, [18])
(23700, [18])
(23701, [18, 36])
(23702, [18])
(23703, [2, 9, 18])
(23704, [18])
(23705, [0, 1, 2, 3, 4, 7, 12, 16, 18, 19, 23, 27, 29, 31, 43, 44])
(23706, [18])
(23707, [18])
(23708, [18])
(23709, [0, 2, 6, 12, 18, 41])
(23710, [18])
(23711, [0, 1, 3, 7, 12, 18, 26, 44])
(23712, [3, 18, 19])
(23713, [18])
(23714, [0, 1, 2, 3, 10, 18, 19, 21, 26])
(23715, [18])
(23716, [18])
(23717, [0, 2, 7, 16, 18, 26])
(23718, [18])
(23719, [18])
(23720, [27])
(23721, [0, 1, 2, 4, 5, 8, 9, 11, 12, 14, 16, 19, 24, 27, 38, 39])
(23722, [4, 15, 19, 22, 24, 26, 27, 30, 40, 43])
(23723, [0, 2, 4, 14, 15, 24, 27])
(23724, [27])
(23725, [4, 27])
(23726, [27])
(23727, [27])
(23728, [27])
(23729, [27])
(23730, [27])
(23731, [12, 27, 31])
(23732, [9])
(23733, [9])
(23734, [9])
(23735, [1, 9, 39])
(23736, [9, 12, 19, 24, 31])
(23737, [1, 2, 9, 15, 16, 23, 31, 43])
(23738, [1, 2, 9, 11, 12, 13, 16, 23, 31])
(23739, [9])
(23740, [9])
(23741, [9])
(23742, [2, 9, 14, 19])
(23743, [3, 8, 9])
(23744, [9])
(23745, [9])
(23746, [4, 9])
(23747, [9, 14, 19, 26, 30, 36])
(23748, [1, 9, 24, 40, 41])
(23749, [9])
(23750, [1, 9, 11, 17])
(23751, [9])
(23752, [9, 23, 30])
(23753, [1, 9, 12, 23])
(23754, [1, 5, 9, 10, 12, 14, 21, 30, 41])
(23755, [0, 1, 2, 3, 4, 7, 9, 14, 15, 28, 43])
(23756, [9, 19, 23, 26])
(23757, [1, 2, 4, 6, 9, 14, 16, 17, 19, 24, 31, 41, 44])
(23758, [9])
(23759, [9])
(23760, [9])
(23761, [9])
(23762, [3, 9])
(23763, [9])
(23764, [9, 10, 31])
(23765, [9])
(23766, [9])
(23767, [0, 1, 2, 3, 5, 9, 15, 23, 41, 43, 44])
(23768, [9])
(23769, [9])
(23770, [9])
(23771, [9])
(23772, [9])
(23773, [9])
(23774, [9])
(23775, [9])
(23776, [9])
(23777, [9])
(23778, [7, 9, 43])
(23779, [2, 3, 9])
(23780, [2, 4, 6, 9, 30])
(23781, [9])
(23782, [9])
(23783, [0, 9, 11, 30, 31])
(23784, [1, 2, 3, 9, 11, 12, 25, 26])
(23785, [1, 9, 30, 31, 41, 44])
(23786, [0, 1, 3, 7, 9, 16, 17, 31, 39])
(23787, [9])
(23788, [9])
(23789, [0])
(23790, [0])
(23791, [0])
(23792, [0, 12])
(23793, [0])
(23794, [0, 12])
(23795, [0])
(23796, [0, 4, 15])
(23797, [0, 12])
(23798, [0])
(23799, [0])
(23800, [0, 10])
(23801, [0])
(23802, [0])
(23803, [0])
(23804, [0])
(23805, [0])
(23806, [0])
(23807, [0])
(23808, [0, 3, 11, 23, 44])
(23809, [0])
(23810, [0, 2, 10, 12])
(23811, [0])
(23812, [0, 1, 12, 19])
(23813, [0])
(23814, [0])
(23815, [0])
(23816, [0])
(23817, [0, 36])
(23818, [0])
(23819, [0])
(23820, [0])
(23821, [0])
(23822, [0])
(23823, [0])
(23824, [0])
(23825, [0])
(23826, [0])
(23827, [0])
(23828, [0, 12])
(23829, [0])
(23830, [0])
(23831, [0])
(23832, [0, 3])
(23833, [0, 12])
(23834, [0, 1])
(23835, [0, 2])
(23836, [0])
(23837, [0])
(23838, [0])
(23839, [0])
(23840, [0])
(23841, [0, 3, 4, 16, 42])
(23842, [0])
(23843, [0])
(23844, [0])
(23845, [0])
(23846, [0])
(23847, [0])
(23848, [0])
(23849, [0])
(23850, [0])
(23851, [0])
(23852, [0])
(23853, [0])
(23854, [0])
(23855, [0, 2, 12, 16, 24])
(23856, [0])
(23857, [0])
(23858, [0])
(23859, [0, 3])
(23860, [0])
(23861, [0, 1, 42])
(23862, [0, 12])
(23863, [0])
(23864, [0])
(23865, [0])
(23866, [0])
(23867, [0, 12])
(23868, [0])
(23869, [0, 17])
(23870, [0, 2, 6, 12, 22])
(23871, [0])
(23872, [0])
(23873, [0])
(23874, [0, 19])
(23875, [0])
(23876, [0, 3, 22])
(23877, [0, 26])
(23878, [0])
(23879, [0, 12])
(23880, [0, 12])
(23881, [0])
(23882, [0])
(23883, [0])
(23884, [0, 11])
(23885, [0])
(23886, [0])
(23887, [0])
(23888, [0])
(23889, [0])
(23890, [0])
(23891, [0])
(23892, [0])
(23893, [0, 12, 17, 36])
(23894, [0])
(23895, [0])
(23896, [0])
(23897, [0])
(23898, [0, 12])
(23899, [0])
(23900, [0])
(23901, [0, 2])
(23902, [0])
(23903, [0, 2])
(23904, [0, 3])
(23905, [0])
(23906, [0, 31, 39])
(23907, [0])
(23908, [0])
(23909, [0])
(23910, [0])
(23911, [0, 3, 6, 12, 41, 42])
(23912, [0])
(23913, [0])
(23914, [0])
(23915, [0])
(23916, [0])
(23917, [0])
(23918, [0])
(23919, [0, 12])
(23920, [0])
(23921, [0])
(23922, [0])
(23923, [0])
(23924, [0, 6])
(23925, [0])
(23926, [0])
(23927, [0])
(23928, [0])
(23929, [0])
(23930, [0])
(23931, [0])
(23932, [0])
(23933, [0, 12])
(23934, [0, 1, 3, 12, 36])
(23935, [0, 1, 3, 8, 19, 21, 23, 24, 26, 28])
(23936, [0])
(23937, [0])
(23938, [0])
(23939, [0])
(23940, [0])
(23941, [0])
(23942, [0])
(23943, [0])
(23944, [0, 11, 21, 44])
(23945, [0, 26, 36, 43])
(23946, [0, 12])
(23947, [0, 4, 12])
(23948, [0])
(23949, [0])
(23950, [0])
(23951, [0])
(23952, [0, 12, 19])
(23953, [0, 1, 3, 11, 16, 19, 23, 30, 31, 42])
(23954, [0])
(23955, [0])
(23956, [0])
(23957, [0, 12, 23])
(23958, [0, 3, 12, 21, 26])
(23959, [0, 1])
(23960, [0])
(23961, [0, 11, 12, 44])
(23962, [0])
(23963, [0])
(23964, [0])
(23965, [0])
(23966, [0])
(23967, [0])
(23968, [0])
(23969, [0, 11])
(23970, [0])
(23971, [0])
(23972, [0])
(23973, [0])
(23974, [0])
(23975, [0])
(23976, [0])
(23977, [0])
(23978, [0])
(23979, [0])
(23980, [0, 11])
(23981, [0, 7])
(23982, [0])
(23983, [0, 5, 7])
(23984, [0])
(23985, [0])
(23986, [0, 5, 17, 43])
(23987, [0])
(23988, [0])
(23989, [0])
(23990, [0])
(23991, [0, 1, 8, 38, 39])
(23992, [0, 1, 3])
(23993, [0, 16])
(23994, [0, 41])
(23995, [0])
(23996, [0])
(23997, [0, 3, 41])
(23998, [0])
(23999, [0, 10])
(24000, [0])
(24001, [0])
(24002, [0])
(24003, [0, 12])
(24004, [0])
(24005, [0])
(24006, [0])
(24007, [0])
(24008, [0])
(24009, [0, 5, 15, 41])
(24010, [1, 3, 11, 21, 26, 41])
(24011, [1, 7, 11, 30])
(24012, [2, 3, 11, 16])
(24013, [11])
(24014, [3, 7, 11, 14])
(24015, [1, 10, 11, 15, 30, 43, 44])
(24016, [2, 11, 13, 44])
(24017, [11])
(24018, [1, 3, 11, 29])
(24019, [11])
(24020, [11])
(24021, [2, 11, 16])
(24022, [11, 17, 42])
(24023, [11])
(24024, [11, 26])
(24025, [11])
(24026, [11, 17, 44])
(24027, [1, 2, 3, 11, 17, 19, 21, 22, 23, 26, 29, 39, 41])
(24028, [11])
(24029, [11, 44])
(24030, [11, 17, 19])
(24031, [2, 4, 6, 11, 15, 17, 26, 36, 43, 44])
(24032, [3, 11, 12, 23, 38])
(24033, [11])
(24034, [1, 11, 26, 42])
(24035, [11])
(24036, [10, 11, 17, 24])
(24037, [11])
(24038, [11])
(24039, [11, 13, 14, 26, 44])
(24040, [2, 6, 11, 17, 19, 44])
(24041, [11])
(24042, [1, 3, 11])
(24043, [11, 17])
(24044, [11])
(24045, [7])
(24046, [2, 3, 7])
(24047, [7])
(24048, [1, 3, 7])
(24049, [7])
(24050, [7])
(24051, [7])
(24052, [7])
(24053, [7, 14, 42])
(24054, [29])
(24055, [16])
(24056, [16])
(24057, [16])
(24058, [16, 21])
(24059, [16, 25])
(24060, [2, 8, 16, 19, 21, 22, 26, 31])
(24061, [16])
(24062, [16])
(24063, [12, 16])
(24064, [10, 16, 31])
(24065, [16])
(24066, [16, 23])
(24067, [16])
(24068, [16])
(24069, [16])
(24070, [21, 42])
(24071, [1, 3, 42])
(24072, [42])
(24073, [2, 3, 6, 12, 19, 21, 23, 26, 30, 31, 42])
(24074, [3, 21, 38, 42, 43])
(24075, [6, 31])
(24076, [6])
(24077, [6])
(24078, [2, 4, 6, 14, 31, 40, 41])
(24079, [6])
(24080, [6])
(24081, [6])
(24082, [1, 6, 23, 24])
(24083, [2, 6, 15, 23])
(24084, [28])
(24085, [28])
(24086, [1, 28, 43])
(24087, [19, 28])
(24088, [1, 2, 12, 14, 17, 25, 28, 36])
(24089, [24, 28, 41])
(24090, [17])
(24091, [17, 19])
(24092, [17])
(24093, [17])
(24094, [1, 2, 17, 23, 24, 26, 30, 40, 41, 43])
(24095, [17])
(24096, [17])
(24097, [14, 17])
(24098, [17])
(24099, [17])
(24100, [17])
(24101, [17])
(24102, [17])
(24103, [17])
(24104, [1, 3])
(24105, [1, 3, 14, 24, 36])
(24106, [1, 3, 5, 19, 22])
(24107, [1, 23])
(24108, [1, 3, 19])
(24109, [1])
(24110, [1, 3, 44])
(24111, [1, 3, 21])
(24112, [1])
(24113, [1, 3, 12, 21, 39, 41])
(24114, [1, 19, 30, 31])
(24115, [1, 21])
(24116, [1, 3, 12, 19])
(24117, [1, 3])
(24118, [1])
(24119, [1])
(24120, [1, 21, 22, 38, 44])
(24121, [1])
(24122, [1])
(24123, [1])
(24124, [1, 3, 24])
(24125, [1, 3, 44])
(24126, [1])
(24127, [1])
(24128, [1])
(24129, [1, 31])
(24130, [1, 19, 21, 23])
(24131, [1, 22])
(24132, [1, 21])
(24133, [1])
(24134, [1])
(24135, [1, 2])
(24136, [1, 3])
(24137, [1, 3])
(24138, [1, 21])
(24139, [1])
(24140, [1])
(24141, [1])
(24142, [1, 43])
(24143, [1])
(24144, [1])
(24145, [1])
(24146, [1, 3, 4, 44])
(24147, [1])
(24148, [1, 3])
(24149, [1])
(24150, [1])
(24151, [1, 40])
(24152, [1])
(24153, [10])
(24154, [10])
(24155, [10])
(24156, [10])
(24157, [10])
(24158, [10])
(24159, [10])
(24160, [10])
(24161, [19])
(24162, [19])
(24163, [19, 43])
(24164, [19])
(24165, [19])
(24166, [19])
(24167, [19])
(24168, [4, 19, 30])
(24169, [19])
(24170, [19])
(24171, [15, 19, 26])
(24172, [19])
(24173, [19])
(24174, [19])
(24175, [2, 14, 19])
(24176, [19])
(24177, [3, 19, 22])
(24178, [19])
(24179, [19])
(24180, [3, 12, 19])
(24181, [19])
(24182, [19])
(24183, [19])
(24184, [19, 41])
(24185, [19])
(24186, [19])
(24187, [19])
(24188, [26])
(24189, [26])
(24190, [26])
(24191, [26])
(24192, [26, 39])
(24193, [15, 26])
(24194, [26])
(24195, [26])
(24196, [26])
(24197, [26])
(24198, [26])
(24199, [26])
(24200, [26])
(24201, [26])
(24202, [26, 40, 41])
(24203, [26])
(24204, [26])
(24205, [26])
(24206, [26])
(24207, [26])
(24208, [23, 26])
(24209, [8])
(24210, [8])
(24211, [3, 8, 12, 21])
(24212, [8])
(24213, [8])
(24214, [8])
(24215, [8])
(24216, [8])
(24217, [8])
(24218, [8])
(24219, [5, 8, 12, 30, 43])
(24220, [2, 8, 12])
(24221, [8])
(24222, [8])
(24223, [8])
(24224, [8])
(24225, [8])
(24226, [8])
(24227, [8])
(24228, [8])
(24229, [8])
(24230, [8])
(24231, [5, 8, 23])
(24232, [8])
(24233, [8])
(24234, [21])
(24235, [21])
(24236, [21])
(24237, [21])
(24238, [21])
(24239, [3, 21])
(24240, [21])
(24241, [21])
(24242, [21])
(24243, [21, 22])
(24244, [21])
(24245, [21])
(24246, [21])
(24247, [21])
(24248, [21])
(24249, [21])
(24250, [21])
(24251, [21])
(24252, [21])
(24253, [21])
(24254, [21])
(24255, [21])
(24256, [21])
(24257, [21])
(24258, [21])
(24259, [21])
(24260, [3, 21])
(24261, [21])
(24262, [3, 14, 21])
(24263, [21])
(24264, [21])
(24265, [21])
(24266, [21])
(24267, [21])
(24268, [21])
(24269, [43, 44])
(24270, [44])
(24271, [44])
(24272, [44])
(24273, [44])
(24274, [44])
(24275, [44])
(24276, [44])
(24277, [44])
(24278, [44])
(24279, [44])
(24280, [44])
(24281, [44])
(24282, [43])
(24283, [43])
(24284, [43])
(24285, [43])
(24286, [43])
(24287, [43])
(24288, [43])
(24289, [43])
(24290, [43])
(24291, [43])
(24292, [2, 43])
(24293, [3, 12, 37, 43])
(24294, [43])
(24295, [43])
(24296, [43])
(24297, [43])
(24298, [43])
(24299, [43])
(24300, [22, 43])
(24301, [43])
(24302, [43])
(24303, [43])
(24304, [43])
(24305, [40, 43])
(24306, [43])
(24307, [41, 43])
(24308, [43])
(24309, [43])
(24310, [43])
(24311, [43])
(24312, [41, 43])
(24313, [43])
(24314, [43])
(24315, [13, 43])
(24316, [38])
(24317, [38])
(24318, [38])
(24319, [14, 36])
(24320, [14, 36])
(24321, [36])
(24322, [36])
(24323, [36])
(24324, [36])
(24325, [14, 36])
(24326, [36])
(24327, [12, 31, 36, 40])
(24328, [36])
(24329, [36])
(24330, [36])
(24331, [36])
(24332, [36])
(24333, [36])
(24334, [36])
(24335, [36])
(24336, [36])
(24337, [36])
(24338, [36])
(24339, [31, 36])
(24340, [36])
(24341, [36])
(24342, [36])
(24343, [36])
(24344, [36])
(24345, [36])
(24346, [36])
(24347, [36])
(24348, [36])
(24349, [36])
(24350, [36])
(24351, [31])
(24352, [31])
(24353, [31])
(24354, [31])
(24355, [31])
(24356, [3, 31])
(24357, [31])
(24358, [12, 31])
(24359, [31])
(24360, [31])
(24361, [31])
(24362, [31])
(24363, [31])
(24364, [31])
(24365, [31])
(24366, [23, 31])
(24367, [30])
(24368, [30])
(24369, [12, 30])
(24370, [30])
(24371, [30])
(24372, [30])
(24373, [30])
(24374, [30])
(24375, [30])
(24376, [30])
(24377, [30])
(24378, [37])
(24379, [37])
(24380, [37])
(24381, [41])
(24382, [41])
(24383, [41])
(24384, [41])
(24385, [41])
(24386, [41])
(24387, [41])
(24388, [41])
(24389, [41])
(24390, [41])
(24391, [41])
(24392, [41])
(24393, [41])
(24394, [41])
(24395, [41])
(24396, [41])
(24397, [24])
(24398, [24])
(24399, [24])
(24400, [24])
(24401, [24])
(24402, [23])
(24403, [23])
(24404, [23])
(24405, [23])
(24406, [23])
(24407, [23])
(24408, [23])
(24409, [23])
(24410, [23])
(24411, [23])
(24412, [23])
(24413, [23])
(24414, [23])
(24415, [23])
(24416, [23])
(24417, [23])
(24418, [23])
(24419, [23])
(24420, [23])
(24421, [23])
(24422, [23])
(24423, [23])
(24424, [23])
(24425, [23])
(24426, [23])
(24427, [23])
(24428, [23])
(24429, [23])
(24430, [23])
(24431, [23])
(24432, [23])
(24433, [23])
(24434, [23])
(24435, [23])
(24436, [23])
(24437, [23])
(24438, [23])
(24439, [23])
(24440, [23])
(24441, [23])
(24442, [23])
(24443, [23])
(24444, [2, 23])
(24445, [23])
(24446, [23])
(24447, [23])
(24448, [23])
(24449, [23])
(24450, [23])
(24451, [23])
(24452, [23])
(24453, [23])
(24454, [23])
(24455, [2, 4, 15])
(24456, [4, 15])
(24457, [4])
(24458, [4])
(24459, [4])
(24460, [4])
(24461, [2, 4, 14, 15])
(24462, [4])
(24463, [4, 14])
(24464, [4])
(24465, [4])
(24466, [4])
(24467, [4])
(24468, [4])
(24469, [15])
(24470, [15])
(24471, [15])
(24472, [15])
(24473, [15])
(24474, [15])
(24475, [15])
(24476, [3])
(24477, [3])
(24478, [3])
(24479, [3])
(24480, [3])
(24481, [3])
(24482, [3])
(24483, [3])
(24484, [2, 3, 12])
(24485, [3])
(24486, [3])
(24487, [3])
(24488, [3])
(24489, [3])
(24490, [3])
(24491, [3])
(24492, [3])
(24493, [3])
(24494, [3])
(24495, [3])
(24496, [3])
(24497, [3])
(24498, [3])
(24499, [3])
(24500, [3])
(24501, [3])
(24502, [3])
(24503, [3])
(24504, [3])
(24505, [3])
(24506, [3])
(24507, [12])
(24508, [12])
(24509, [12])
(24510, [12])
(24511, [12])
(24512, [12])
(24513, [12])
(24514, [12])
(24515, [12])
(24516, [12])
(24517, [12])
(24518, [12])
(24519, [12])
(24520, [12])
(24521, [12])
(24522, [12])
(24523, [12])
(24524, [12])
(24525, [12])
(24526, [12])
(24527, [12])
(24528, [12])
(24529, [12])
(24530, [12])
(24531, [12, 14])
(24532, [12])
(24533, [12])
(24534, [12])
(24535, [12])
(24536, [12])
(24537, [12])
(24538, [12])
(24539, [12])
(24540, [12])
(24541, [12])
(24542, [12])
(24543, [12])
(24544, [12])
(24545, [12])
(24546, [12])
(24547, [12])
(24548, [12])
(24549, [12])
(24550, [12])
(24551, [12])
(24552, [12])
(24553, [12])
(24554, [12])
(24555, [12])
(24556, [12])
(24557, [12])
(24558, [12])
(24559, [2, 12])
(24560, [12])
(24561, [12])
(24562, [12])
(24563, [12])
(24564, [12])
(24565, [12])
(24566, [12])
(24567, [12])
(24568, [12])
(24569, [12])
(24570, [12])
(24571, [12])
(24572, [12])
(24573, [12])
(24574, [12])
(24575, [12])
(24576, [12])
(24577, [12])
(24578, [12])
(24579, [12])
(24580, [12])
(24581, [12])
(24582, [12])
(24583, [12])
(24584, [12])
(24585, [12])
(24586, [12])
(24587, [12])
(24588, [12])
(24589, [12])
(24590, [40])
(24591, [40])
(24592, [40])
(24593, [40])
(24594, [40])
(24595, [2])
(24596, [2])
(24597, [2])
(24598, [2])
(24599, [2])
(24600, [2])
(24601, [2])
(24602, [2])
(24603, [2])
(24604, [2])
(24605, [2])
(24606, [2])
(24607, [2])
(24608, [2, 14])
(24609, [2])
(24610, [2])
(24611, [2])
(24612, [2])
(24613, [2])
(24614, [2])
(24615, [2])
(24616, [2])
(24617, [2])
(24618, [2])
(24619, [2])
(24620, [2])
(24621, [2])
(24622, [2])
(24623, [2])
(24624, [2, 14])
(24625, [2])
(24626, [2])
(24627, [2])
(24628, [2])
(24629, [2])
(24630, [2])
(24631, [2])
(24632, [2])
(24633, [2])
(24634, [2])
(24635, [2])
(24636, [2])
(24637, [2])
(24638, [2])
(24639, [2])
(24640, [2])
(24641, [2])
(24642, [2])
(24643, [2])
(24644, [2])
(24645, [2])
(24646, [2])
(24647, [2])
(24648, [2])
(24649, [2])
(24650, [2])
(24651, [2])
(24652, [2])
(24653, [2])
(24654, [2])
(24655, [2])
(24656, [2])
(24657, [2])
(24658, [2])
(24659, [2])
(24660, [2])
(24661, [2])
(24662, [2])
(24663, [2])
(24664, [2])
(24665, [2])
(24666, [2])
(24667, [2, 5])
(24668, [2])
(24669, [2])
(24670, [2])
(24671, [2])
(24672, [2])
(24673, [2])
(24674, [2])
(24675, [2])
(24676, [2])
(24677, [2])
(24678, [2])
(24679, [2])
(24680, [13])
(24681, [13])
(24682, [13])
(24683, [5])
(24684, [5])
(24685, [5])
(24686, [5])
(24687, [5])
(24688, [5])
(24689, [5])
(24690, [14])
(24691, [14])
(24692, [14])
(24693, [14])
(24694, [14])
(24695, [14])
(24696, [14])
(24697, [14])
(24698, [14])
(24699, [14])
(24700, [14])
(24701, [14])
(24702, [14])
(24703, [14])
(24704, [14])
(24705, [14])
(24706, [22])
(24707, [22])
(24708, [22])
(24709, [22])
(24710, [22])
(24711, [22])
(24712, [22])
(24713, [22])
(24714, [22])
(24715, [22])
(24716, [22])
