(19294, [0, 1, 2, 3, 4, 5, 6, 7, 8, 9, 10, 11, 12, 13, 14, 15, 16, 17, 18, 19, 20, 21, 22, 23, 24, 25, 26, 27, 28, 29, 30, 31, 32, 33, 34, 35, 36, 37, 38, 39, 40, 41, 42, 43, 44])
(19295, [0, 1, 2, 3, 4, 5, 6, 7, 8, 9, 10, 11, 12, 13, 14, 15, 16, 17, 18, 19, 20, 21, 22, 23, 24, 25, 26, 27, 28, 29, 30, 31, 32, 33, 34, 35, 36, 37, 38, 39, 40, 41, 42, 43, 44])
(19296, [0, 1, 2, 3, 4, 5, 6, 7, 8, 9, 10, 11, 12, 13, 14, 15, 16, 17, 18, 19, 20, 21, 22, 23, 24, 25, 26, 27, 28, 29, 30, 31, 32, 33, 34, 35, 36, 37, 38, 39, 40, 41, 42, 43, 44])
(19297, [0, 1, 2, 3, 4, 5, 6, 7, 8, 9, 10, 11, 12, 13, 14, 15, 16, 17, 18, 19, 20, 21, 22, 23, 24, 25, 26, 27, 28, 29, 30, 31, 32, 33, 34, 35, 36, 37, 38, 39, 40, 41, 42, 43, 44])
(19298, [0, 1, 2, 3, 4, 6, 7, 8, 9, 10, 11, 12, 13, 14, 15, 16, 17, 18, 19, 20, 21, 22, 23, 24, 26, 28, 29, 30, 31, 32, 33, 34, 36, 40, 41, 42, 43, 44])
(19299, [0, 1, 2, 3, 4, 5, 6, 7, 8, 9, 10, 11, 12, 13, 14, 15, 16, 17, 18, 19, 20, 21, 22, 23, 24, 25, 26, 28, 29, 30, 31, 32, 33, 34, 35, 36, 37, 38, 39, 40, 41, 42, 43, 44])
(19300, [0, 1, 2, 3, 4, 5, 7, 9, 10, 12, 15, 16, 17, 20, 21, 26, 28, 30, 31, 32, 33, 34, 38, 44])
(19301, [0, 1, 2, 3, 6, 7, 9, 10, 11, 12, 13, 14, 15, 16, 17, 18, 19, 20, 21, 23, 24, 26, 28, 30, 31, 32, 33, 34, 35, 40, 41, 42])
(19302, [1, 2, 3, 4, 9, 11, 12, 14, 16, 18, 19, 20, 23, 28, 30, 31, 32, 34, 35, 37, 40, 41, 42])
(19303, [0, 1, 2, 3, 4, 6, 8, 9, 11, 12, 13, 14, 15, 16, 18, 19, 20, 21, 22, 23, 24, 26, 30, 31, 32, 33, 34, 35, 36, 37, 38, 40, 42, 43, 44])
(19304, [0, 1, 2, 3, 4, 5, 6, 7, 8, 9, 11, 12, 13, 15, 16, 17, 18, 19, 20, 21, 22, 23, 24, 26, 27, 29, 30, 31, 32, 33, 34, 35, 36, 37, 38, 40, 41, 42, 43, 44])
(19305, [0, 1, 2, 3, 4, 5, 8, 9, 11, 12, 16, 18, 21, 22, 23, 24, 27, 29, 30, 31, 32, 33, 34, 35, 36, 37, 40, 43, 44])
(19306, [0, 1, 2, 3, 4, 6, 7, 8, 9, 11, 12, 13, 15, 16, 18, 19, 20, 21, 22, 23, 24, 26, 27, 30, 31, 32, 33, 34, 35, 38, 39, 40, 41, 42, 43, 44])
(19307, [19, 30, 32])
(19308, [17, 32])
(19309, [4, 14, 15, 24, 31, 32, 33])
(19310, [0, 1, 2, 3, 4, 6, 9, 10, 11, 12, 13, 14, 15, 16, 17, 18, 19, 21, 23, 24, 25, 26, 27, 28, 29, 30, 31, 32, 33, 34, 35, 36, 37, 39, 40, 41, 42, 43, 44])
(19311, [0, 1, 2, 3, 4, 6, 7, 8, 9, 11, 12, 13, 15, 16, 17, 18, 19, 20, 21, 22, 23, 24, 26, 27, 30, 31, 32, 33, 34, 36, 39, 41, 42, 43, 44])
(19312, [2, 10, 14, 17, 19, 24, 26, 30, 31, 32, 33])
(19313, [0, 1, 2, 3, 4, 5, 6, 7, 8, 9, 11, 12, 15, 16, 17, 18, 19, 20, 23, 24, 26, 27, 29, 30, 32, 33, 34, 35, 36, 40, 44])
(19314, [0, 1, 2, 4, 6, 9, 10, 11, 12, 13, 14, 15, 16, 17, 18, 19, 20, 24, 25, 26, 28, 30, 31, 32, 33, 34, 35, 36, 40, 41, 43])
(19315, [0, 1, 2, 3, 9, 10, 11, 12, 15, 17, 18, 19, 20, 23, 24, 26, 30, 31, 32, 33, 34, 38, 43, 44])
(19316, [0, 1, 2, 3, 4, 5, 6, 7, 8, 9, 10, 11, 12, 13, 14, 15, 16, 17, 18, 19, 20, 21, 22, 23, 24, 25, 26, 27, 28, 30, 31, 32, 33, 34, 35, 38, 39, 40, 41, 43, 44])
(19317, [0, 1, 2, 3, 4, 6, 7, 8, 9, 11, 12, 15, 16, 17, 18, 19, 20, 21, 22, 23, 26, 28, 29, 30, 31, 32, 33, 34, 35, 37, 38, 40, 41, 42, 43, 44])
(19318, [1, 2, 3, 4, 6, 9, 11, 13, 14, 15, 16, 18, 19, 22, 23, 24, 26, 27, 30, 31, 32, 33, 34, 35, 37, 39, 41, 43, 44])
(19319, [2, 4, 9, 15, 19, 31, 32, 33, 34])
(19320, [0, 8, 18, 21, 23, 32, 33, 41, 43])
(19321, [0, 1, 2, 3, 4, 5, 6, 8, 9, 10, 11, 15, 16, 18, 19, 20, 22, 23, 26, 28, 30, 31, 32, 33, 34, 35, 37, 40, 41, 42, 43, 44])
(19322, [0, 1, 2, 3, 4, 6, 7, 8, 9, 11, 12, 15, 17, 18, 19, 20, 21, 22, 23, 26, 30, 31, 32, 33, 34, 38, 39, 41, 43, 44])
(19323, [1, 2, 3, 4, 6, 8, 9, 11, 12, 14, 15, 16, 19, 21, 23, 24, 26, 30, 31, 32, 33, 34, 35, 40, 43, 44])
(19324, [3, 32])
(19325, [0, 1, 2, 3, 9, 11, 12, 19, 28, 29, 32, 33, 35, 40])
(19326, [0, 1, 3, 4, 6, 7, 14, 15, 18, 19, 30, 32, 36])
(19327, [32])
(19328, [0, 1, 2, 3, 4, 5, 6, 7, 11, 12, 15, 16, 18, 19, 20, 21, 22, 23, 26, 28, 29, 30, 31, 32, 33, 34, 35, 36, 38, 39, 40, 41, 43, 44])
(19329, [2, 4, 8, 9, 13, 14, 15, 20, 24, 26, 31, 32, 40, 41, 43])
(19330, [0, 1, 3, 4, 9, 16, 24, 27, 32, 44])
(19331, [0, 1, 2, 3, 4, 5, 7, 8, 9, 11, 12, 14, 15, 17, 18, 19, 21, 22, 23, 27, 30, 31, 32, 33, 34, 35, 39, 42, 43, 44])
(19332, [3, 8, 9, 10, 14, 15, 18, 23, 24, 26, 28, 30, 31, 32, 41, 43])
(19333, [0, 1, 3, 6, 16, 19, 21, 22, 24, 32, 40])
(19334, [4, 15, 32])
(19335, [1, 2, 3, 4, 6, 7, 9, 10, 11, 12, 13, 14, 15, 16, 17, 18, 19, 21, 22, 24, 25, 26, 30, 31, 32, 33, 34, 35, 39, 40, 41, 42, 43, 44])
(19336, [0, 1, 2, 3, 4, 5, 6, 8, 9, 12, 13, 15, 17, 18, 19, 21, 23, 26, 30, 31, 32, 33, 34, 35, 39, 41, 42, 43, 44])
(19337, [4, 15, 24, 32, 36, 37, 41])
(19338, [0, 1, 2, 3, 4, 6, 7, 9, 11, 12, 15, 16, 17, 18, 19, 21, 22, 23, 30, 31, 32, 33, 34, 41, 42, 44])
(19339, [4, 11, 17, 19, 26, 32])
(19340, [2, 3, 4, 9, 11, 12, 15, 23, 25, 32, 34])
(19341, [2, 4, 14, 15, 23, 24, 30, 32, 33, 39, 40, 41, 43])
(19342, [1, 2, 3, 4, 7, 9, 11, 14, 17, 18, 19, 26, 27, 30, 32, 33, 34, 40, 43, 44])
(19343, [2, 9, 11, 27, 32, 33, 43])
(19344, [0, 3, 6, 9, 11, 12, 15, 16, 18, 20, 21, 22, 23, 26, 30, 32, 44])
(19345, [32])
(19346, [1, 3, 4, 11, 19, 26, 30, 31, 32, 33, 40, 41, 43])
(19347, [0, 1, 2, 3, 4, 5, 9, 12, 18, 19, 21, 22, 23, 24, 30, 32, 34, 35, 39, 41, 43])
(19348, [0, 1, 3, 9, 11, 12, 15, 16, 19, 20, 22, 23, 27, 31, 32, 41, 42, 44])
(19349, [1, 2, 3, 4, 6, 9, 12, 14, 15, 16, 19, 20, 27, 32, 35, 41, 43, 44])
(19350, [9, 32])
(19351, [1, 2, 3, 4, 6, 15, 17, 18, 21, 26, 30, 31, 32, 33, 38, 40, 43, 44])
(19352, [0, 1, 2, 3, 5, 6, 8, 11, 12, 13, 15, 17, 18, 20, 23, 24, 26, 30, 31, 32, 33, 34, 39, 41, 43, 44])
(19353, [0, 1, 3, 4, 7, 12, 15, 20, 21, 23, 24, 30, 32, 42])
(19354, [0, 1, 2, 3, 4, 6, 7, 9, 11, 12, 13, 15, 17, 19, 21, 22, 23, 26, 29, 30, 31, 32, 33, 34, 37, 39, 40, 41, 43, 44])
(19355, [32])
(19356, [9, 32])
(19357, [0, 1, 2, 3, 4, 5, 8, 9, 12, 15, 16, 18, 19, 21, 23, 27, 28, 32, 36, 37, 38, 43])
(19358, [4, 26, 32])
(19359, [2, 3, 6, 15, 16, 18, 32, 43])
(19360, [1, 2, 3, 6, 9, 10, 11, 14, 15, 17, 19, 20, 24, 26, 30, 32, 34, 41, 43])
(19361, [1, 3, 4, 6, 9, 11, 12, 15, 18, 19, 21, 23, 26, 31, 32, 33, 34, 35, 42, 43, 44])
(19362, [0, 2, 4, 6, 7, 9, 14, 15, 24, 26, 31, 32, 33, 40, 41])
(19363, [0, 1, 2, 3, 5, 7, 11, 12, 13, 14, 16, 17, 18, 20, 21, 23, 24, 26, 32, 35, 37, 41, 42, 43, 44])
(19364, [2, 3, 9, 17, 24, 31, 32, 36, 44])
(19365, [1, 2, 3, 4, 5, 7, 8, 9, 11, 12, 13, 15, 17, 18, 19, 20, 21, 22, 23, 26, 30, 31, 32, 33, 38, 39, 41, 42, 43, 44])
(19366, [0, 1, 2, 3, 9, 11, 20, 30, 31, 32, 33, 44])
(19367, [3, 18, 30, 32, 33, 41])
(19368, [1, 2, 3, 4, 5, 6, 7, 8, 9, 11, 12, 14, 15, 16, 18, 19, 20, 21, 23, 24, 26, 28, 30, 31, 32, 33, 34, 35, 40, 41, 43, 44])
(19369, [2, 9, 18, 23, 31, 32, 33, 34, 41, 43])
(19370, [4, 15, 23, 27, 32, 43])
(19371, [0, 30, 31, 32])
(19372, [0, 3, 18, 19, 30, 32, 33, 36, 37, 44])
(19373, [0, 1, 2, 3, 8, 12, 15, 16, 17, 18, 19, 21, 22, 24, 30, 32, 33, 34, 44])
(19374, [0, 2, 3, 7, 8, 9, 11, 12, 15, 16, 17, 18, 21, 22, 27, 30, 32, 34, 43, 44])
(19375, [32])
(19376, [0, 1, 3, 6, 7, 14, 17, 18, 19, 22, 26, 30, 31, 32, 34, 39, 43, 44])
(19377, [0, 2, 3, 4, 9, 10, 12, 17, 18, 20, 23, 24, 28, 30, 32, 33, 34, 35, 36, 37, 41, 44])
(19378, [1, 2, 3, 4, 6, 7, 9, 12, 15, 18, 19, 23, 28, 30, 32, 33, 34, 39, 43])
(19379, [6, 9, 15, 30, 31, 32, 33])
(19380, [3, 4, 32, 33])
(19381, [0, 9, 16, 31, 32, 33, 34])
(19382, [0, 1, 32])
(19383, [1, 3, 18, 19, 31, 32])
(19384, [1, 3, 5, 7, 8, 9, 11, 23, 29, 30, 32, 33, 41])
(19385, [9, 12, 15, 16, 31, 32, 34, 43])
(19386, [1, 3, 4, 6, 9, 12, 15, 18, 20, 23, 24, 26, 30, 31, 32, 43])
(19387, [0, 1, 2, 3, 4, 10, 12, 17, 18, 22, 23, 26, 28, 30, 32, 35, 36, 37, 40, 43])
(19388, [32])
(19389, [0, 1, 2, 3, 4, 5, 6, 7, 8, 9, 10, 11, 12, 13, 14, 15, 16, 18, 19, 20, 21, 22, 23, 24, 25, 26, 27, 28, 29, 30, 31, 32, 33, 34, 35, 36, 37, 38, 39, 40, 41, 42, 43, 44])
(19390, [0, 1, 3, 4, 7, 9, 11, 12, 13, 17, 19, 20, 21, 24, 26, 30, 31, 32, 33, 34, 35, 44])
(19391, [32])
(19392, [32, 33])
(19393, [1, 12, 20, 21, 23, 30, 32])
(19394, [0, 1, 2, 4, 5, 7, 9, 11, 12, 13, 18, 19, 22, 26, 30, 31, 32, 33, 41])
(19395, [0, 1, 2, 3, 4, 7, 9, 11, 12, 14, 16, 18, 21, 22, 23, 26, 30, 32, 33, 34, 35, 40, 44])
(19396, [0, 1, 2, 3, 4, 6, 7, 9, 11, 12, 13, 15, 18, 21, 23, 24, 26, 27, 30, 31, 32, 33, 34, 35, 36, 37, 38, 42, 43])
(19397, [2, 3, 11, 17, 22, 24, 32, 34])
(19398, [1, 3, 5, 9, 11, 12, 18, 19, 23, 30, 32, 33, 34, 35])
(19399, [32])
(19400, [1, 2, 3, 4, 9, 14, 15, 18, 20, 23, 30, 32, 34, 36, 41])
(19401, [32, 34])
(19402, [1, 17, 19, 32])
(19403, [8, 19, 21, 24, 35, 43])
(19404, [35])
(19405, [0, 1, 2, 3, 8, 18, 21, 30, 35, 37, 41, 44])
(19406, [1, 12, 23, 35])
(19407, [35])
(19408, [23, 35])
(19409, [35])
(19410, [1, 3, 7, 12, 17, 21, 26, 31, 33, 35, 37, 43])
(19411, [35])
(19412, [35])
(19413, [3, 5, 8, 9, 11, 16, 19, 23, 26, 28, 34, 35, 38])
(19414, [35])
(19415, [0, 2, 3, 5, 8, 11, 12, 18, 19, 24, 26, 35, 43, 44])
(19416, [3, 9, 11, 12, 21, 35, 44])
(19417, [35])
(19418, [1, 3, 5, 14, 18, 20, 21, 23, 30, 33, 35, 39, 41, 43, 44])
(19419, [2, 35, 43])
(19420, [35])
(19421, [35])
(19422, [0, 1, 2, 3, 5, 8, 9, 10, 12, 14, 16, 17, 23, 35, 43])
(19423, [35])
(19424, [35])
(19425, [3, 7, 19, 21, 35])
(19426, [4, 9, 15, 23, 26, 34, 35, 39, 41, 43])
(19427, [35])
(19428, [12, 15, 19, 35])
(19429, [0, 1, 3, 10, 12, 16, 20, 26, 30, 34, 35, 41])
(19430, [1, 2, 12, 18, 19, 21, 22, 26, 30, 33, 35, 41, 44])
(19431, [35])
(19432, [35])
(19433, [0, 1, 2, 3, 6, 11, 12, 13, 16, 19, 21, 22, 23, 24, 28, 35, 41, 43])
(19434, [35])
(19435, [0, 1, 2, 3, 4, 9, 12, 16, 19, 20, 21, 23, 27, 28, 35, 39, 42, 43])
(19436, [1, 2, 3, 4, 6, 7, 9, 15, 17, 18, 22, 23, 26, 30, 31, 33, 35, 37, 39, 40, 43, 44])
(19437, [34])
(19438, [3, 6, 11, 15, 18, 23, 24, 30, 31, 34, 41, 43])
(19439, [34])
(19440, [3, 9, 34])
(19441, [0, 1, 2, 4, 6, 7, 8, 9, 11, 12, 13, 14, 15, 16, 17, 18, 20, 23, 24, 26, 27, 28, 31, 34, 36, 39, 40, 41, 43])
(19442, [0, 6, 13, 15, 18, 23, 34, 43])
(19443, [19, 34])
(19444, [1, 6, 21, 31, 34, 43])
(19445, [34])
(19446, [1, 3, 10, 11, 15, 30, 31, 33, 34, 39])
(19447, [34])
(19448, [1, 2, 3, 4, 11, 15, 19, 26, 33, 34, 40, 41])
(19449, [0, 22, 33, 34])
(19450, [16, 34])
(19451, [0, 1, 2, 3, 4, 7, 9, 11, 12, 13, 14, 15, 16, 17, 19, 21, 23, 24, 26, 30, 33, 34, 36, 40, 41, 42, 43, 44])
(19452, [34])
(19453, [34])
(19454, [14, 19, 34])
(19455, [2, 34])
(19456, [28, 34])
(19457, [34])
(19458, [1, 2, 3, 4, 30, 33, 34, 42])
(19459, [0, 1, 3, 7, 8, 11, 16, 18, 23, 31, 33, 34, 37, 44])
(19460, [34])
(19461, [34])
(19462, [13, 34, 36, 41])
(19463, [1, 2, 3, 7, 9, 30, 34, 44])
(19464, [3, 6, 7, 10, 15, 19, 30, 31, 33, 34, 41, 43, 44])
(19465, [14, 17, 24, 34])
(19466, [1, 19, 30, 34])
(19467, [0, 34])
(19468, [0, 3, 6, 9, 15, 19, 23, 24, 30, 31, 33, 34, 37, 40, 41])
(19469, [1, 2, 7, 11, 20, 24, 30, 33, 34])
(19470, [0, 2, 4, 7, 9, 11, 12, 13, 14, 15, 16, 18, 23, 24, 26, 31, 33, 34, 40, 41, 43, 44])
(19471, [34])
(19472, [0, 3, 5, 8, 10, 11, 12, 20, 29, 31, 34])
(19473, [6, 9, 12, 13, 34, 44])
(19474, [1, 3, 17, 18, 19, 23, 31, 33, 34])
(19475, [0, 1, 2, 3, 4, 6, 7, 11, 12, 13, 15, 17, 18, 19, 20, 21, 23, 24, 26, 30, 31, 34, 41, 43, 44])
(19476, [1, 2, 4, 5, 11, 12, 16, 17, 18, 23, 29, 34, 39, 43, 44])
(19477, [1, 2, 3, 7, 12, 16, 19, 20, 29, 31, 33, 34, 44])
(19478, [34, 37])
(19479, [0, 12, 34])
(19480, [34])
(19481, [34])
(19482, [0, 1, 2, 3, 9, 19, 21, 31, 34, 44])
(19483, [0, 34])
(19484, [34])
(19485, [0, 1, 2, 3, 6, 7, 9, 13, 14, 17, 20, 24, 33, 34, 36, 41])
(19486, [34])
(19487, [33])
(19488, [17, 26, 33])
(19489, [0, 11, 30, 33])
(19490, [0, 2, 4, 33, 41])
(19491, [33])
(19492, [10, 18, 33])
(19493, [4, 30, 33])
(19494, [33])
(19495, [24, 31, 33])
(19496, [2, 3, 19, 30, 33])
(19497, [1, 3, 33])
(19498, [0, 33])
(19499, [33])
(19500, [1, 7, 11, 12, 19, 33, 44])
(19501, [0, 1, 2, 7, 11, 16, 18, 20, 21, 22, 31, 33])
(19502, [1, 2, 3, 15, 18, 33, 43])
(19503, [0, 1, 2, 7, 33])
(19504, [3, 11, 22, 33])
(19505, [0, 12, 15, 16, 17, 20, 23, 29, 33, 41])
(19506, [33])
(19507, [1, 3, 19, 33])
(19508, [0, 4, 14, 33, 44])
(19509, [1, 2, 3, 10, 11, 12, 19, 20, 24, 26, 30, 33, 41])
(19510, [21, 31, 33, 37, 40])
(19511, [0, 2, 4, 9, 15, 22, 31, 33])
(19512, [31, 33])
(19513, [0, 2, 3, 6, 9, 10, 12, 17, 20, 31, 41])
(19514, [20])
(19515, [1, 2, 3, 4, 6, 8, 9, 13, 16, 18, 19, 20, 23, 42, 43])
(19516, [2, 11, 20])
(19517, [20])
(19518, [0, 1, 2, 3, 7, 11, 12, 13, 20, 21, 24, 30, 42])
(19519, [3, 4, 7, 19, 20])
(19520, [1, 2, 3, 9, 15, 16, 18, 19, 20, 23, 30, 38, 40, 44])
(19521, [0, 1, 3, 12, 20, 23, 31])
(19522, [0, 2, 20, 26])
(19523, [0, 1, 15, 20, 23])
(19524, [20])
(19525, [2, 4, 6, 7, 13, 19, 20, 26, 40, 41, 42])
(19526, [0, 1, 2, 3, 17, 18, 19, 20, 22, 39, 40])
(19527, [0, 20])
(19528, [0, 20, 28])
(19529, [1, 6, 8, 16, 20, 22, 23, 26, 38, 42, 43])
(19530, [0, 3, 4, 6, 9, 11, 12, 16, 18, 19, 20, 21, 27, 28, 43, 44])
(19531, [0, 2, 9, 13, 14, 18, 19, 20, 23, 24, 26, 40, 41, 43])
(19532, [20])
(19533, [0, 1, 2, 3, 4, 6, 9, 11, 12, 13, 14, 19, 20, 24, 26, 36, 38, 39, 41, 42, 43, 44])
(19534, [3, 12, 20, 44])
(19535, [0, 9, 11, 20, 40])
(19536, [20])
(19537, [12, 20])
(19538, [20])
(19539, [20])
(19540, [7, 15, 19, 20])
(19541, [0, 1, 2, 6, 9, 12, 14, 15, 19, 20, 31, 43, 44])
(19542, [12, 17, 20])
(19543, [18])
(19544, [18, 21])
(19545, [18])
(19546, [18])
(19547, [18])
(19548, [2, 18])
(19549, [5, 9, 18, 44])
(19550, [18])
(19551, [18, 23])
(19552, [0, 1, 2, 3, 4, 11, 12, 16, 17, 18, 22, 23, 26, 30, 41])
(19553, [18])
(19554, [2, 4, 9, 18])
(19555, [1, 2, 9, 18, 41, 43])
(19556, [2, 15, 18, 30])
(19557, [18])
(19558, [18, 41])
(19559, [3, 8, 12, 16, 18, 23])
(19560, [0, 1, 2, 3, 4, 5, 6, 7, 9, 11, 12, 13, 14, 15, 16, 18, 19, 21, 22, 23, 24, 38, 42, 43, 44])
(19561, [18])
(19562, [18, 23])
(19563, [0, 3, 6, 9, 11, 15, 16, 17, 18, 19, 21])
(19564, [4, 9, 16, 18, 23])
(19565, [1, 9, 15, 18, 23, 43, 44])
(19566, [2, 3, 18, 40])
(19567, [18, 23])
(19568, [0, 3, 12, 18, 23])
(19569, [18])
(19570, [18])
(19571, [8, 18, 23])
(19572, [0, 1, 16, 18])
(19573, [12, 18])
(19574, [8, 18, 23, 39, 42])
(19575, [18, 29])
(19576, [0, 1, 18, 22])
(19577, [0, 1, 2, 3, 7, 11, 18, 22, 31, 43])
(19578, [2, 8, 14, 17, 18, 19, 23, 43])
(19579, [0, 2, 4, 12, 13, 15, 16, 18, 23, 27, 31, 41, 43])
(19580, [18])
(19581, [0, 16, 18, 21, 23])
(19582, [18])
(19583, [8, 18, 23])
(19584, [1, 18, 23])
(19585, [18])
(19586, [18])
(19587, [16, 18])
(19588, [6, 18])
(19589, [18])
(19590, [18, 23])
(19591, [18])
(19592, [18, 23, 37])
(19593, [18])
(19594, [18])
(19595, [18])
(19596, [18, 23])
(19597, [18])
(19598, [16, 18, 28])
(19599, [18])
(19600, [18])
(19601, [18])
(19602, [18])
(19603, [18])
(19604, [18])
(19605, [1, 18])
(19606, [3, 18])
(19607, [18])
(19608, [0, 1, 3, 9, 11, 12, 16, 18, 26, 28, 30, 31, 42])
(19609, [18])
(19610, [18])
(19611, [18])
(19612, [18])
(19613, [18])
(19614, [2, 11, 16, 18, 44])
(19615, [18, 23])
(19616, [18])
(19617, [18])
(19618, [18])
(19619, [18])
(19620, [18])
(19621, [18])
(19622, [18])
(19623, [18])
(19624, [10, 12, 16, 18])
(19625, [18])
(19626, [18])
(19627, [18])
(19628, [18])
(19629, [18])
(19630, [18])
(19631, [0, 1, 3, 12, 18, 21, 22, 23, 30, 40])
(19632, [4, 6, 15, 23, 27])
(19633, [4, 15, 27])
(19634, [27])
(19635, [0, 2, 27])
(19636, [1, 2, 6, 12, 14, 19, 26, 27, 31, 41])
(19637, [27])
(19638, [27])
(19639, [27])
(19640, [27, 41])
(19641, [27])
(19642, [2, 10, 15, 19, 26, 27])
(19643, [9])
(19644, [9, 17])
(19645, [3, 9, 39])
(19646, [9])
(19647, [9, 11, 12, 26, 41])
(19648, [9])
(19649, [9, 11, 23, 26, 31, 41, 43])
(19650, [9])
(19651, [9])
(19652, [9])
(19653, [0, 9, 14, 23, 43])
(19654, [9])
(19655, [9])
(19656, [9, 15, 41])
(19657, [2, 9])
(19658, [1, 2, 3, 9, 11, 23, 40])
(19659, [9])
(19660, [9])
(19661, [9, 10])
(19662, [9])
(19663, [9])
(19664, [9, 13])
(19665, [9, 11])
(19666, [9])
(19667, [9, 21])
(19668, [1, 2, 3, 4, 6, 7, 9, 19, 21, 22, 23, 42])
(19669, [9])
(19670, [9])
(19671, [9])
(19672, [9, 23, 31])
(19673, [1, 4, 9, 11, 23, 24, 28])
(19674, [4, 9, 43])
(19675, [9])
(19676, [1, 3, 9, 11])
(19677, [9])
(19678, [0, 1, 2, 4, 6, 9, 11, 12, 13, 14, 15, 16, 17, 24, 31, 40, 44])
(19679, [9])
(19680, [9])
(19681, [1, 3, 9, 19, 24, 31])
(19682, [0, 9])
(19683, [1, 2, 9, 11, 14, 19, 21, 22, 23, 37, 40, 43])
(19684, [9])
(19685, [9])
(19686, [9])
(19687, [9])
(19688, [9, 15])
(19689, [9])
(19690, [1, 2, 9, 14, 36, 39, 44])
(19691, [9])
(19692, [9])
(19693, [9])
(19694, [9])
(19695, [9])
(19696, [9, 44])
(19697, [9])
(19698, [0])
(19699, [0])
(19700, [0])
(19701, [0, 12])
(19702, [0, 12])
(19703, [0, 3, 19, 21, 29, 39])
(19704, [0])
(19705, [0])
(19706, [0])
(19707, [0])
(19708, [0, 12])
(19709, [0])
(19710, [0, 2])
(19711, [0])
(19712, [0])
(19713, [0])
(19714, [0])
(19715, [0])
(19716, [0])
(19717, [0])
(19718, [0])
(19719, [0])
(19720, [0, 3, 26, 28, 36])
(19721, [0])
(19722, [0])
(19723, [0])
(19724, [0])
(19725, [0])
(19726, [0])
(19727, [0])
(19728, [0, 3])
(19729, [0, 3, 4])
(19730, [0])
(19731, [0])
(19732, [0])
(19733, [0])
(19734, [0])
(19735, [0])
(19736, [0])
(19737, [0])
(19738, [0])
(19739, [0])
(19740, [0])
(19741, [0])
(19742, [0])
(19743, [0])
(19744, [0, 2])
(19745, [0])
(19746, [0])
(19747, [0])
(19748, [0])
(19749, [0])
(19750, [0, 1, 2, 3, 12, 14, 17, 19, 21, 26, 30, 41, 42, 44])
(19751, [0])
(19752, [0])
(19753, [0])
(19754, [0])
(19755, [0])
(19756, [0])
(19757, [0])
(19758, [0])
(19759, [0])
(19760, [0])
(19761, [0, 1, 3, 12, 23])
(19762, [0])
(19763, [0])
(19764, [0])
(19765, [0, 12])
(19766, [0])
(19767, [0])
(19768, [0, 6])
(19769, [0, 4, 11, 12, 26, 41, 43])
(19770, [0])
(19771, [0])
(19772, [0])
(19773, [0])
(19774, [0])
(19775, [0])
(19776, [0])
(19777, [0, 21, 24])
(19778, [0, 36])
(19779, [0, 44])
(19780, [0])
(19781, [0, 3])
(19782, [0])
(19783, [0, 3])
(19784, [0])
(19785, [0])
(19786, [0])
(19787, [0])
(19788, [0, 12])
(19789, [0])
(19790, [0])
(19791, [0])
(19792, [0])
(19793, [0])
(19794, [0])
(19795, [0])
(19796, [0])
(19797, [0])
(19798, [0, 1])
(19799, [0])
(19800, [0])
(19801, [0])
(19802, [0])
(19803, [0])
(19804, [0])
(19805, [0])
(19806, [0])
(19807, [0, 2, 15, 16, 19, 22])
(19808, [0])
(19809, [0])
(19810, [0])
(19811, [0])
(19812, [0, 12])
(19813, [0])
(19814, [0, 39])
(19815, [0])
(19816, [0])
(19817, [0])
(19818, [0])
(19819, [0, 1, 3, 7, 12, 19, 21, 22])
(19820, [0])
(19821, [0])
(19822, [0])
(19823, [0, 3, 7, 31])
(19824, [0, 3, 11, 14, 21])
(19825, [0])
(19826, [0])
(19827, [0])
(19828, [0])
(19829, [0, 3, 5, 39])
(19830, [0])
(19831, [0])
(19832, [0, 14])
(19833, [0])
(19834, [0, 1, 2, 3, 12, 14, 17, 19, 21, 28, 41])
(19835, [0])
(19836, [0])
(19837, [0])
(19838, [0])
(19839, [0])
(19840, [0])
(19841, [0])
(19842, [0])
(19843, [0])
(19844, [0, 12, 15, 30])
(19845, [0, 12])
(19846, [0])
(19847, [0])
(19848, [0])
(19849, [0, 41])
(19850, [0])
(19851, [0])
(19852, [0])
(19853, [0, 11])
(19854, [0, 2, 8, 16, 23, 41])
(19855, [0, 12])
(19856, [0])
(19857, [0])
(19858, [0])
(19859, [0])
(19860, [0])
(19861, [0])
(19862, [0])
(19863, [0])
(19864, [0])
(19865, [0])
(19866, [0])
(19867, [0])
(19868, [0])
(19869, [0])
(19870, [0])
(19871, [0])
(19872, [0])
(19873, [0])
(19874, [0])
(19875, [0])
(19876, [0])
(19877, [0])
(19878, [0])
(19879, [0])
(19880, [0])
(19881, [0])
(19882, [0])
(19883, [0])
(19884, [0])
(19885, [0])
(19886, [0])
(19887, [0])
(19888, [0])
(19889, [0])
(19890, [0, 15])
(19891, [0])
(19892, [0, 31, 38])
(19893, [0])
(19894, [0])
(19895, [0])
(19896, [0])
(19897, [0])
(19898, [0, 2, 11, 12, 41, 44])
(19899, [0])
(19900, [0])
(19901, [0])
(19902, [0])
(19903, [0, 1, 3, 7, 12, 14, 21, 28])
(19904, [0])
(19905, [0, 2])
(19906, [0])
(19907, [0])
(19908, [0])
(19909, [0, 1, 2, 3, 43])
(19910, [0])
(19911, [0, 2, 11])
(19912, [0])
(19913, [0])
(19914, [0])
(19915, [0])
(19916, [0])
(19917, [0])
(19918, [0])
(19919, [0])
(19920, [0])
(19921, [0])
(19922, [0])
(19923, [0])
(19924, [0])
(19925, [0])
(19926, [0])
(19927, [0])
(19928, [0])
(19929, [0])
(19930, [0])
(19931, [11, 23, 38, 43, 44])
(19932, [3, 7, 11, 12])
(19933, [11])
(19934, [11, 40])
(19935, [11])
(19936, [11])
(19937, [2, 11, 43])
(19938, [11, 44])
(19939, [11])
(19940, [11, 26])
(19941, [11])
(19942, [1, 8, 11, 30, 31, 44])
(19943, [11])
(19944, [1, 3, 6, 10, 11, 15, 30, 37, 39, 41])
(19945, [2, 11, 19, 30, 31, 39])
(19946, [11])
(19947, [11, 17])
(19948, [4, 11, 43])
(19949, [11, 26, 43])
(19950, [11])
(19951, [11])
(19952, [11, 24, 44])
(19953, [11, 25, 30])
(19954, [1, 3, 11, 12, 16, 42])
(19955, [11])
(19956, [2, 3, 6, 11, 31])
(19957, [11])
(19958, [11])
(19959, [3, 11, 31])
(19960, [11])
(19961, [11])
(19962, [11])
(19963, [11, 12])
(19964, [1, 3, 7, 38])
(19965, [7])
(19966, [7])
(19967, [1, 7, 15, 22, 23])
(19968, [7])
(19969, [7])
(19970, [7, 12])
(19971, [6, 7, 23])
(19972, [7])
(19973, [7])
(19974, [7])
(19975, [7])
(19976, [7, 10, 21])
(19977, [7])
(19978, [3, 7, 17])
(19979, [7])
(19980, [1, 7, 8, 19, 22])
(19981, [2, 3, 21, 29, 44])
(19982, [16])
(19983, [16])
(19984, [2, 16])
(19985, [16])
(19986, [16])
(19987, [16, 17, 41])
(19988, [16])
(19989, [16])
(19990, [1, 42, 44])
(19991, [6])
(19992, [2, 6, 15, 21, 26])
(19993, [1, 3, 6, 21, 26])
(19994, [6])
(19995, [6])
(19996, [6, 23, 31])
(19997, [6])
(19998, [6])
(19999, [6])
(20000, [6])
(20001, [6, 17])
(20002, [2, 6, 22])
(20003, [6])
(20004, [6])
(20005, [28])
(20006, [2, 4, 13, 15, 17, 28, 43, 44])
(20007, [28])
(20008, [28])
(20009, [28])
(20010, [2, 14, 24, 28, 41])
(20011, [12, 28])
(20012, [1, 3, 26, 28])
(20013, [19, 26, 28, 44])
(20014, [17, 36])
(20015, [17])
(20016, [17])
(20017, [17, 26, 31, 39])
(20018, [17, 44])
(20019, [2, 17])
(20020, [17])
(20021, [2, 17, 19, 41])
(20022, [17, 26])
(20023, [3, 17, 26])
(20024, [17])
(20025, [17])
(20026, [1, 2, 14, 17, 36, 41])
(20027, [17])
(20028, [1, 3, 17, 44])
(20029, [17])
(20030, [17])
(20031, [17])
(20032, [1])
(20033, [1, 3])
(20034, [1, 22])
(20035, [1])
(20036, [1, 3])
(20037, [1])
(20038, [1, 22])
(20039, [1, 3, 19, 44])
(20040, [1, 3])
(20041, [1, 3])
(20042, [1])
(20043, [1])
(20044, [1, 3, 4])
(20045, [1, 3])
(20046, [1])
(20047, [1])
(20048, [1, 3, 24])
(20049, [1])
(20050, [1])
(20051, [1])
(20052, [1])
(20053, [1])
(20054, [1])
(20055, [1, 3, 21])
(20056, [1])
(20057, [1])
(20058, [1, 12, 23, 44])
(20059, [1])
(20060, [1, 24, 37])
(20061, [1, 2, 4, 19, 43])
(20062, [1, 19])
(20063, [1, 3])
(20064, [1])
(20065, [1])
(20066, [1, 21])
(20067, [1])
(20068, [1, 19])
(20069, [1])
(20070, [1, 4])
(20071, [1, 3, 22])
(20072, [1, 3, 12, 26, 43])
(20073, [1])
(20074, [1])
(20075, [1])
(20076, [1])
(20077, [1, 3, 21])
(20078, [10])
(20079, [10])
(20080, [10])
(20081, [10, 15, 19, 43])
(20082, [10])
(20083, [10])
(20084, [10])
(20085, [10])
(20086, [10])
(20087, [10])
(20088, [10])
(20089, [10])
(20090, [19])
(20091, [19])
(20092, [14, 19])
(20093, [19])
(20094, [2, 19, 26])
(20095, [2, 19, 43, 44])
(20096, [19])
(20097, [12, 19, 37, 41])
(20098, [2, 12, 19])
(20099, [19])
(20100, [19])
(20101, [3, 19, 21, 26])
(20102, [8, 19, 43])
(20103, [19])
(20104, [3, 19])
(20105, [19])
(20106, [19, 21])
(20107, [19])
(20108, [19])
(20109, [19])
(20110, [19])
(20111, [19])
(20112, [19])
(20113, [19])
(20114, [26])
(20115, [15, 26])
(20116, [26])
(20117, [24, 26, 31, 41, 43])
(20118, [3, 26, 40])
(20119, [26, 31])
(20120, [26])
(20121, [26])
(20122, [26])
(20123, [26])
(20124, [26])
(20125, [26, 41])
(20126, [26])
(20127, [26])
(20128, [26])
(20129, [26])
(20130, [26])
(20131, [26])
(20132, [26])
(20133, [26])
(20134, [26])
(20135, [8])
(20136, [8, 12, 30, 38])
(20137, [3, 8, 12, 24])
(20138, [8, 23])
(20139, [8])
(20140, [8])
(20141, [8])
(20142, [8])
(20143, [8, 23])
(20144, [8])
(20145, [8, 23])
(20146, [8])
(20147, [8, 23])
(20148, [8])
(20149, [8])
(20150, [8])
(20151, [8])
(20152, [8])
(20153, [8, 21])
(20154, [8])
(20155, [8])
(20156, [8])
(20157, [8])
(20158, [21])
(20159, [21])
(20160, [21])
(20161, [21])
(20162, [21])
(20163, [21])
(20164, [21])
(20165, [21])
(20166, [21])
(20167, [21])
(20168, [21])
(20169, [21])
(20170, [21])
(20171, [21])
(20172, [21])
(20173, [21])
(20174, [21])
(20175, [21])
(20176, [21])
(20177, [3, 21])
(20178, [21])
(20179, [21])
(20180, [21])
(20181, [21])
(20182, [12, 21])
(20183, [21])
(20184, [12, 21])
(20185, [44])
(20186, [44])
(20187, [44])
(20188, [44])
(20189, [44])
(20190, [44])
(20191, [41, 44])
(20192, [2, 44])
(20193, [4, 44])
(20194, [44])
(20195, [44])
(20196, [44])
(20197, [44])
(20198, [44])
(20199, [44])
(20200, [15, 44])
(20201, [44])
(20202, [44])
(20203, [44])
(20204, [44])
(20205, [44])
(20206, [43])
(20207, [43])
(20208, [43])
(20209, [43])
(20210, [43])
(20211, [43])
(20212, [43])
(20213, [43])
(20214, [43])
(20215, [43])
(20216, [2, 14, 43])
(20217, [31, 43])
(20218, [43])
(20219, [43])
(20220, [43])
(20221, [38])
(20222, [36])
(20223, [36])
(20224, [36])
(20225, [36])
(20226, [36])
(20227, [36])
(20228, [36])
(20229, [36])
(20230, [36])
(20231, [36])
(20232, [36])
(20233, [36])
(20234, [36])
(20235, [36])
(20236, [36])
(20237, [36])
(20238, [2, 36])
(20239, [36])
(20240, [36])
(20241, [36])
(20242, [36])
(20243, [36])
(20244, [36])
(20245, [36])
(20246, [36])
(20247, [36])
(20248, [36])
(20249, [36])
(20250, [36])
(20251, [36])
(20252, [36])
(20253, [36])
(20254, [31])
(20255, [31])
(20256, [31])
(20257, [15, 31])
(20258, [31])
(20259, [30, 31])
(20260, [31])
(20261, [31])
(20262, [31])
(20263, [30, 31])
(20264, [31])
(20265, [31])
(20266, [31])
(20267, [30])
(20268, [30])
(20269, [30])
(20270, [30])
(20271, [30])
(20272, [30])
(20273, [30])
(20274, [30])
(20275, [30])
(20276, [30])
(20277, [4, 12, 30])
(20278, [37])
(20279, [37])
(20280, [39])
(20281, [39])
(20282, [39])
(20283, [39])
(20284, [39])
(20285, [4, 39])
(20286, [39])
(20287, [39])
(20288, [39])
(20289, [3, 39])
(20290, [41])
(20291, [41])
(20292, [41])
(20293, [41])
(20294, [41])
(20295, [41])
(20296, [41])
(20297, [41])
(20298, [41])
(20299, [41])
(20300, [41])
(20301, [41])
(20302, [41])
(20303, [41])
(20304, [41])
(20305, [41])
(20306, [24])
(20307, [24])
(20308, [24])
(20309, [15, 24])
(20310, [2, 24])
(20311, [24])
(20312, [24])
(20313, [24])
(20314, [15, 24])
(20315, [2, 24])
(20316, [24])
(20317, [24])
(20318, [24])
(20319, [24])
(20320, [23])
(20321, [23])
(20322, [23])
(20323, [2, 23])
(20324, [23])
(20325, [23])
(20326, [23])
(20327, [23])
(20328, [23])
(20329, [23])
(20330, [23])
(20331, [23])
(20332, [4, 23])
(20333, [23])
(20334, [23])
(20335, [23])
(20336, [23])
(20337, [23])
(20338, [23])
(20339, [23])
(20340, [23])
(20341, [23])
(20342, [23])
(20343, [23])
(20344, [23])
(20345, [23])
(20346, [23])
(20347, [23])
(20348, [23])
(20349, [23])
(20350, [23])
(20351, [23])
(20352, [23])
(20353, [23])
(20354, [23])
(20355, [23])
(20356, [23])
(20357, [23])
(20358, [23])
(20359, [23])
(20360, [23])
(20361, [23])
(20362, [23])
(20363, [23])
(20364, [23])
(20365, [23])
(20366, [23])
(20367, [23])
(20368, [23])
(20369, [23])
(20370, [23])
(20371, [23])
(20372, [23])
(20373, [23])
(20374, [23])
(20375, [23])
(20376, [23])
(20377, [23])
(20378, [23])
(20379, [23])
(20380, [23])
(20381, [4])
(20382, [4])
(20383, [4])
(20384, [4])
(20385, [4])
(20386, [4, 15])
(20387, [4])
(20388, [4])
(20389, [2, 4, 14])
(20390, [2, 4])
(20391, [4])
(20392, [4])
(20393, [4])
(20394, [4])
(20395, [4])
(20396, [4])
(20397, [4])
(20398, [4])
(20399, [4])
(20400, [4])
(20401, [4, 12])
(20402, [4])
(20403, [15])
(20404, [15])
(20405, [15])
(20406, [14, 15])
(20407, [15])
(20408, [15])
(20409, [15])
(20410, [15])
(20411, [15])
(20412, [15])
(20413, [15])
(20414, [15])
(20415, [15])
(20416, [15])
(20417, [15])
(20418, [3])
(20419, [3])
(20420, [3])
(20421, [3])
(20422, [3])
(20423, [3])
(20424, [3])
(20425, [3])
(20426, [3])
(20427, [3])
(20428, [3])
(20429, [3])
(20430, [3])
(20431, [3])
(20432, [3])
(20433, [3])
(20434, [3])
(20435, [3])
(20436, [3])
(20437, [3])
(20438, [3])
(20439, [3])
(20440, [3])
(20441, [3])
(20442, [3])
(20443, [3, 40])
(20444, [3])
(20445, [3])
(20446, [3])
(20447, [12])
(20448, [12])
(20449, [12])
(20450, [12])
(20451, [12])
(20452, [12])
(20453, [12])
(20454, [12])
(20455, [12])
(20456, [12])
(20457, [12])
(20458, [12])
(20459, [2, 12])
(20460, [12])
(20461, [12])
(20462, [12])
(20463, [12])
(20464, [12])
(20465, [12])
(20466, [12])
(20467, [12, 13])
(20468, [12])
(20469, [12])
(20470, [12])
(20471, [12])
(20472, [12])
(20473, [12])
(20474, [12])
(20475, [12])
(20476, [12])
(20477, [12])
(20478, [12])
(20479, [12])
(20480, [12])
(20481, [12])
(20482, [12])
(20483, [12])
(20484, [12])
(20485, [12])
(20486, [12])
(20487, [12])
(20488, [12])
(20489, [12])
(20490, [12])
(20491, [12])
(20492, [12])
(20493, [12])
(20494, [12])
(20495, [40])
(20496, [2, 40])
(20497, [40])
(20498, [2])
(20499, [2])
(20500, [2])
(20501, [2])
(20502, [2])
(20503, [2])
(20504, [2])
(20505, [2])
(20506, [2])
(20507, [2])
(20508, [2, 14])
(20509, [2])
(20510, [2])
(20511, [2])
(20512, [2])
(20513, [2])
(20514, [2])
(20515, [2])
(20516, [2])
(20517, [2])
(20518, [2])
(20519, [2])
(20520, [2])
(20521, [2])
(20522, [2])
(20523, [2])
(20524, [2])
(20525, [2])
(20526, [2])
(20527, [2, 14])
(20528, [2])
(20529, [2])
(20530, [2])
(20531, [2])
(20532, [2])
(20533, [2])
(20534, [2])
(20535, [2])
(20536, [2])
(20537, [2])
(20538, [2])
(20539, [2])
(20540, [2])
(20541, [2])
(20542, [2])
(20543, [2])
(20544, [2])
(20545, [2])
(20546, [2, 14])
(20547, [2])
(20548, [2])
(20549, [2])
(20550, [2])
(20551, [2])
(20552, [2])
(20553, [2])
(20554, [2])
(20555, [2])
(20556, [2])
(20557, [2])
(20558, [2])
(20559, [2])
(20560, [2])
(20561, [2])
(20562, [2])
(20563, [2])
(20564, [2])
(20565, [2])
(20566, [2])
(20567, [2])
(20568, [2])
(20569, [13])
(20570, [13])
(20571, [13])
(20572, [5])
(20573, [5])
(20574, [5])
(20575, [5])
(20576, [5])
(20577, [5])
(20578, [5])
(20579, [5])
(20580, [5])
(20581, [5])
(20582, [14])
(20583, [14])
(20584, [14])
(20585, [14])
(20586, [14])
(20587, [14])
(20588, [14])
(20589, [14])
(20590, [14])
(20591, [14])
(20592, [14])
(20593, [14])
(20594, [14])
(20595, [22])
(20596, [22])
(20597, [22])
(20598, [22])
(20599, [22])
(20600, [22])
(20601, [22])
