(38410, [0, 1, 3, 4, 5, 8, 12, 15, 16, 17, 18, 19, 21, 22, 23, 27, 30, 31, 32, 33, 34, 35, 38, 39, 43, 44])
(38411, [0, 1, 2, 3, 4, 5, 6, 7, 8, 9, 10, 11, 12, 13, 14, 15, 16, 17, 18, 19, 20, 21, 22, 23, 24, 25, 26, 27, 28, 29, 30, 31, 32, 33, 34, 35, 36, 37, 38, 39, 40, 41, 42, 43, 44])
(38412, [0, 1, 2, 3, 4, 5, 6, 7, 8, 9, 10, 11, 12, 13, 14, 15, 16, 17, 18, 19, 20, 21, 22, 23, 24, 25, 26, 27, 28, 29, 30, 31, 32, 33, 34, 35, 36, 37, 38, 39, 40, 41, 42, 43, 44])
(38413, [12, 14, 17, 18, 23, 32, 35, 39, 44])
(38414, [0, 1, 2, 3, 4, 5, 6, 7, 8, 9, 10, 11, 12, 13, 14, 15, 16, 17, 18, 19, 20, 21, 22, 23, 24, 25, 26, 27, 28, 29, 30, 31, 32, 33, 34, 35, 36, 37, 38, 39, 40, 41, 42, 43, 44])
(38415, [0, 1, 2, 3, 4, 5, 6, 7, 8, 9, 10, 11, 12, 13, 14, 15, 16, 17, 18, 19, 20, 21, 22, 23, 24, 25, 26, 27, 28, 29, 30, 31, 32, 33, 34, 35, 36, 37, 38, 39, 40, 41, 42, 43, 44])
(38416, [0, 1, 3, 4, 5, 6, 7, 8, 9, 10, 11, 12, 13, 15, 16, 17, 18, 19, 21, 23, 24, 26, 27, 30, 31, 32, 33, 34, 35, 37, 38, 39, 40, 41, 42, 43])
(38417, [0, 1, 2, 3, 4, 5, 6, 7, 8, 9, 10, 11, 12, 13, 14, 15, 16, 17, 18, 19, 20, 21, 22, 23, 24, 25, 26, 27, 28, 29, 30, 31, 32, 33, 34, 35, 36, 37, 38, 39, 40, 41, 42, 43, 44])
(38418, [0, 1, 2, 3, 4, 5, 6, 7, 8, 9, 10, 11, 12, 13, 14, 15, 16, 17, 18, 19, 20, 21, 22, 23, 24, 25, 26, 27, 28, 29, 30, 31, 32, 33, 34, 35, 36, 37, 38, 39, 40, 41, 42, 43, 44])
(38419, [32])
(38420, [0, 1, 2, 3, 4, 5, 6, 7, 8, 9, 10, 11, 12, 13, 14, 15, 16, 17, 18, 19, 20, 21, 22, 23, 24, 26, 27, 28, 30, 31, 32, 33, 34, 37, 38, 39, 40, 41, 42, 43, 44])
(38421, [12, 15, 26, 29, 31, 32, 35, 40, 41])
(38422, [3, 18, 30, 32, 34])
(38423, [0, 1, 2, 3, 4, 5, 6, 7, 8, 9, 10, 11, 12, 13, 14, 15, 16, 17, 18, 19, 20, 21, 22, 23, 24, 25, 26, 27, 28, 29, 30, 31, 32, 33, 34, 35, 36, 37, 38, 39, 40, 41, 42, 43, 44])
(38424, [0, 1, 2, 3, 4, 5, 6, 7, 8, 9, 10, 11, 12, 13, 14, 15, 16, 17, 18, 19, 20, 21, 22, 23, 24, 25, 26, 27, 28, 29, 30, 31, 32, 33, 34, 35, 36, 37, 38, 39, 40, 41, 42, 43, 44])
(38425, [0, 1, 2, 3, 4, 6, 7, 9, 11, 12, 13, 14, 15, 16, 17, 18, 19, 22, 24, 25, 26, 27, 30, 31, 32, 33, 34, 36, 38, 40, 41, 43, 44])
(38426, [0, 1, 2, 3, 4, 6, 7, 8, 9, 11, 12, 13, 14, 15, 16, 17, 18, 19, 21, 24, 25, 26, 27, 28, 29, 30, 31, 32, 33, 34, 35, 36, 40, 41, 43, 44])
(38427, [0, 1, 2, 3, 4, 5, 6, 7, 8, 9, 11, 12, 13, 14, 15, 16, 17, 18, 19, 20, 21, 22, 23, 24, 25, 26, 27, 28, 30, 31, 32, 33, 34, 36, 37, 39, 40, 41, 42, 43, 44])
(38428, [0, 1, 2, 3, 4, 9, 10, 11, 13, 15, 16, 17, 18, 19, 20, 23, 24, 26, 27, 28, 30, 31, 32, 33, 34, 35, 41, 43, 44])
(38429, [7, 30, 32])
(38430, [1, 2, 3, 4, 6, 7, 8, 9, 11, 12, 14, 15, 17, 18, 19, 22, 23, 24, 26, 27, 28, 30, 31, 32, 33, 34, 35, 36, 39, 40, 42, 43, 44])
(38431, [4, 15, 24, 30, 32, 43])
(38432, [9, 32])
(38433, [0, 1, 2, 4, 6, 9, 12, 15, 18, 23, 24, 26, 29, 30, 32, 33, 34, 40, 41, 43, 44])
(38434, [0, 1, 2, 3, 4, 6, 8, 9, 11, 12, 13, 14, 15, 16, 19, 20, 23, 24, 26, 27, 30, 31, 32, 33, 34, 40, 43, 44])
(38435, [0, 1, 2, 3, 4, 6, 7, 8, 9, 10, 11, 12, 15, 16, 17, 18, 19, 20, 21, 22, 23, 24, 26, 29, 30, 31, 32, 33, 34, 35, 36, 37, 39, 40, 41, 42, 43, 44])
(38436, [11, 15, 30, 31, 32, 33])
(38437, [0, 1, 2, 3, 4, 6, 7, 8, 9, 10, 11, 12, 14, 15, 16, 17, 18, 19, 20, 21, 23, 24, 26, 28, 29, 30, 31, 32, 33, 34, 35, 36, 40, 41, 42, 43, 44])
(38438, [1, 2, 8, 19, 23, 25, 30, 32, 33, 35, 40])
(38439, [11, 18, 24, 32, 33])
(38440, [32])
(38441, [1, 3, 7, 11, 22, 23, 31, 32, 33, 34, 44])
(38442, [4, 11, 13, 15, 27, 32, 33, 34, 43])
(38443, [0, 1, 2, 3, 4, 5, 6, 7, 8, 9, 10, 11, 12, 13, 14, 15, 16, 17, 18, 19, 20, 22, 23, 24, 25, 26, 27, 28, 30, 31, 32, 33, 34, 35, 36, 37, 38, 39, 40, 41, 42, 43, 44])
(38444, [0, 2, 4, 7, 9, 11, 16, 19, 24, 30, 32, 33, 36, 43])
(38445, [1, 2, 3, 4, 5, 6, 8, 9, 11, 12, 13, 15, 16, 18, 19, 21, 22, 23, 26, 27, 30, 31, 32, 33, 34, 35, 36, 37, 38, 40, 41, 43, 44])
(38446, [2, 9, 20, 31, 32, 33])
(38447, [0, 1, 3, 9, 21, 32, 42])
(38448, [1, 2, 3, 9, 10, 11, 20, 21, 32, 36, 41])
(38449, [0, 1, 2, 3, 4, 6, 7, 9, 10, 11, 12, 15, 16, 17, 19, 20, 21, 22, 23, 24, 26, 30, 31, 32, 33, 34, 35, 38, 41, 43, 44])
(38450, [1, 2, 3, 5, 11, 14, 17, 19, 20, 21, 24, 30, 31, 32, 33, 34, 44])
(38451, [1, 2, 3, 4, 5, 6, 7, 9, 10, 11, 12, 13, 15, 16, 17, 18, 19, 21, 22, 23, 24, 26, 27, 28, 30, 31, 32, 33, 34, 35, 37, 38, 40, 41, 42, 43, 44])
(38452, [1, 3, 9, 11, 14, 16, 18, 19, 22, 30, 31, 32, 33, 34, 43])
(38453, [2, 9, 31, 32, 41])
(38454, [0, 1, 2, 3, 4, 6, 7, 8, 9, 14, 15, 16, 17, 18, 19, 21, 22, 23, 24, 26, 29, 30, 31, 32, 33, 34, 38, 39, 40, 43, 44])
(38455, [0, 1, 2, 3, 5, 6, 8, 11, 12, 15, 16, 18, 19, 21, 22, 23, 24, 31, 32, 33, 36, 38, 39, 42, 43, 44])
(38456, [0, 2, 4, 9, 15, 17, 19, 20, 24, 30, 31, 32, 33, 36, 40, 41, 42])
(38457, [0, 1, 2, 3, 4, 7, 11, 12, 13, 14, 15, 17, 18, 19, 23, 24, 25, 26, 27, 28, 30, 31, 32, 37, 41, 44])
(38458, [1, 3, 18, 32, 37])
(38459, [2, 3, 4, 6, 7, 9, 11, 12, 13, 15, 16, 17, 18, 19, 20, 23, 24, 26, 27, 28, 30, 31, 32, 34, 35, 36, 37, 41, 43, 44])
(38460, [0, 1, 2, 3, 4, 6, 7, 9, 10, 13, 15, 16, 17, 18, 19, 21, 23, 24, 30, 31, 32, 34, 36, 40, 41, 43, 44])
(38461, [32])
(38462, [32])
(38463, [6, 15, 17, 23, 26, 32, 36, 41])
(38464, [11, 32, 36])
(38465, [15, 18, 23, 24, 30, 32])
(38466, [32])
(38467, [2, 6, 11, 13, 14, 18, 19, 23, 32, 36, 43])
(38468, [1, 2, 3, 4, 6, 11, 18, 19, 21, 22, 23, 24, 26, 31, 32, 35, 38, 44])
(38469, [32])
(38470, [0, 1, 2, 3, 4, 5, 6, 7, 8, 9, 10, 11, 12, 13, 14, 15, 16, 17, 18, 19, 20, 22, 23, 24, 26, 27, 28, 30, 31, 32, 33, 34, 35, 36, 37, 39, 40, 41, 42, 43, 44])
(38471, [0, 2, 4, 6, 9, 11, 12, 13, 14, 23, 26, 27, 30, 32])
(38472, [0, 1, 3, 4, 5, 6, 11, 16, 17, 18, 19, 20, 21, 23, 31, 32, 35, 42])
(38473, [9, 23, 24, 31, 32, 34, 41])
(38474, [1, 3, 4, 5, 6, 8, 9, 11, 12, 13, 15, 16, 18, 19, 21, 22, 23, 27, 32, 35, 37, 42, 43, 44])
(38475, [0, 2, 9, 12, 20, 26, 32, 34, 43])
(38476, [1, 2, 7, 10, 11, 21, 23, 26, 31, 32, 38, 39, 41, 44])
(38477, [31, 32, 34])
(38478, [32])
(38479, [1, 3, 16, 23, 32])
(38480, [1, 2, 3, 5, 9, 11, 12, 13, 14, 15, 16, 17, 20, 24, 26, 28, 32, 33, 34, 41, 43, 44])
(38481, [1, 3, 5, 32])
(38482, [1, 3, 12, 17, 18, 21, 22, 23, 30, 32, 37])
(38483, [2, 18, 24, 29, 32, 40, 43])
(38484, [9, 12, 14, 15, 21, 30, 31, 32, 33, 34, 44])
(38485, [1, 18, 22, 23, 24, 32, 42, 43])
(38486, [32])
(38487, [0, 1, 2, 3, 4, 5, 7, 8, 9, 10, 11, 12, 14, 15, 16, 17, 18, 19, 20, 21, 22, 23, 24, 26, 27, 28, 31, 32, 33, 34, 35, 36, 38, 39, 40, 41, 42, 43, 44])
(38488, [1, 2, 7, 19, 32, 33, 44])
(38489, [2, 3, 11, 31, 32, 33, 38, 44])
(38490, [12, 19, 32])
(38491, [1, 3, 4, 19, 22, 30, 32, 33, 44])
(38492, [0, 1, 2, 3, 4, 5, 6, 7, 8, 9, 10, 11, 12, 13, 15, 16, 17, 18, 19, 20, 21, 22, 23, 24, 26, 28, 30, 31, 32, 33, 35, 37, 38, 41, 42, 43, 44])
(38493, [1, 2, 3, 4, 8, 9, 11, 12, 16, 17, 18, 19, 21, 22, 23, 32, 33, 35, 38, 39, 41, 42, 43])
(38494, [30, 31, 32, 33])
(38495, [0, 1, 2, 3, 4, 5, 6, 7, 8, 9, 10, 11, 12, 14, 15, 16, 17, 18, 19, 20, 21, 22, 23, 26, 27, 28, 30, 31, 32, 33, 34, 35, 36, 37, 38, 40, 41, 42, 43, 44])
(38496, [32, 40])
(38497, [0, 1, 3, 4, 7, 11, 12, 16, 17, 19, 21, 22, 23, 31, 32, 38, 42, 44])
(38498, [0, 1, 2, 4, 7, 9, 10, 12, 14, 15, 17, 20, 26, 31, 32, 33, 34, 41, 43])
(38499, [2, 3, 11, 14, 16, 18, 19, 31, 32, 33])
(38500, [35, 44])
(38501, [3, 35])
(38502, [8, 18, 23, 35])
(38503, [35])
(38504, [0, 1, 2, 3, 12, 13, 19, 25, 26, 33, 34, 35, 41, 43])
(38505, [1, 11, 21, 22, 23, 35])
(38506, [2, 9, 10, 12, 17, 20, 30, 35, 39, 41, 43])
(38507, [35])
(38508, [35])
(38509, [35])
(38510, [35])
(38511, [35])
(38512, [0, 1, 2, 3, 4, 5, 8, 9, 11, 12, 18, 19, 21, 22, 23, 26, 30, 31, 34, 35, 41, 42, 43, 44])
(38513, [35])
(38514, [0, 1, 2, 3, 6, 7, 8, 9, 11, 13, 14, 15, 17, 18, 19, 20, 23, 24, 26, 31, 33, 34, 35, 36, 40, 41, 42, 43, 44])
(38515, [29, 33, 35])
(38516, [35])
(38517, [1, 3, 8, 10, 17, 18, 23, 35, 41, 44])
(38518, [1, 11, 12, 19, 21, 35, 44])
(38519, [0, 1, 3, 15, 16, 35, 38, 43, 44])
(38520, [35])
(38521, [35])
(38522, [1, 8, 16, 26, 31, 33, 35, 37, 43])
(38523, [35])
(38524, [6, 8, 9, 12, 18, 21, 22, 23, 30, 33, 35, 41, 44])
(38525, [3, 18, 23, 27, 30, 35, 43, 44])
(38526, [35])
(38527, [35])
(38528, [1, 2, 3, 18, 19, 21, 29, 30, 31, 35, 41])
(38529, [35])
(38530, [0, 1, 3, 4, 6, 7, 8, 9, 11, 15, 17, 18, 19, 20, 21, 23, 30, 31, 33, 35, 41, 44])
(38531, [0, 1, 2, 3, 4, 6, 7, 8, 9, 10, 11, 12, 13, 14, 15, 16, 17, 19, 20, 21, 23, 25, 26, 30, 31, 33, 34, 35, 37, 40, 41, 42, 43, 44])
(38532, [35])
(38533, [35])
(38534, [35])
(38535, [0, 1, 3, 7, 11, 12, 17, 18, 19, 21, 33, 34, 35, 44])
(38536, [35])
(38537, [35])
(38538, [14, 17, 35])
(38539, [22, 23, 33, 35])
(38540, [6, 9, 14, 18, 25, 27, 30, 35, 44])
(38541, [0, 1, 2, 3, 9, 11, 12, 15, 16, 18, 21, 35, 42, 44])
(38542, [1, 2, 3, 6, 11, 12, 19, 20, 25, 31, 35, 40, 41])
(38543, [1, 3, 17, 20, 35])
(38544, [30, 34])
(38545, [31, 34])
(38546, [34])
(38547, [34])
(38548, [1, 2, 3, 4, 11, 19, 24, 34])
(38549, [2, 34, 40, 41])
(38550, [0, 1, 3, 6, 7, 11, 12, 18, 19, 21, 22, 30, 31, 34])
(38551, [34])
(38552, [3, 34])
(38553, [2, 4, 9, 10, 13, 14, 15, 17, 18, 19, 20, 24, 26, 34, 41, 43, 44])
(38554, [0, 1, 2, 3, 4, 12, 16, 17, 18, 20, 34, 36, 38])
(38555, [1, 2, 4, 26, 34, 43])
(38556, [0, 1, 2, 3, 4, 9, 11, 12, 13, 15, 16, 17, 18, 19, 20, 21, 22, 26, 30, 31, 33, 34, 37, 41, 42, 43])
(38557, [1, 2, 4, 11, 13, 14, 15, 16, 17, 19, 21, 26, 27, 28, 30, 33, 34, 36, 43, 44])
(38558, [2, 3, 7, 9, 11, 12, 13, 17, 21, 22, 34, 44])
(38559, [0, 1, 3, 7, 10, 11, 17, 34, 44])
(38560, [34])
(38561, [34])
(38562, [34])
(38563, [19, 34])
(38564, [1, 3, 6, 7, 9, 11, 15, 18, 19, 20, 30, 31, 33, 34, 40, 42, 44])
(38565, [4, 6, 13, 14, 15, 17, 18, 30, 34, 43])
(38566, [0, 2, 6, 8, 18, 23, 26, 34, 41, 43])
(38567, [0, 2, 3, 4, 6, 9, 12, 13, 14, 15, 17, 18, 23, 24, 26, 28, 31, 34, 36, 41, 43])
(38568, [19, 33, 34])
(38569, [0, 1, 2, 3, 4, 7, 11, 12, 14, 15, 16, 17, 19, 33, 34, 39, 43])
(38570, [1, 2, 3, 21, 34])
(38571, [3, 8, 18, 33, 34])
(38572, [1, 2, 3, 6, 15, 21, 34])
(38573, [16, 18, 34, 44])
(38574, [34])
(38575, [30, 34])
(38576, [6, 10, 16, 20, 23, 24, 31, 34, 40, 41])
(38577, [0, 2, 34])
(38578, [14, 34])
(38579, [4, 33, 34])
(38580, [34])
(38581, [0, 1, 3, 9, 11, 12, 15, 26, 31, 34, 43])
(38582, [0, 1, 2, 3, 6, 7, 9, 11, 12, 14, 15, 16, 17, 21, 22, 23, 26, 31, 33, 34, 41, 42, 44])
(38583, [0, 1, 2, 3, 4, 6, 7, 9, 11, 12, 17, 20, 23, 26, 28, 30, 31, 33, 34, 36, 41, 43, 44])
(38584, [0, 24, 34])
(38585, [34])
(38586, [34])
(38587, [1, 2, 3, 6, 7, 12, 15, 19, 20, 24, 33, 34, 44])
(38588, [0, 1, 3, 15, 18, 19, 34, 42])
(38589, [6, 15, 28, 34])
(38590, [34])
(38591, [30, 34])
(38592, [0, 34])
(38593, [9, 34])
(38594, [34])
(38595, [2, 34])
(38596, [2, 7, 9, 10, 23, 34])
(38597, [34])
(38598, [33])
(38599, [2, 5, 6, 9, 13, 14, 15, 23, 24, 30, 31, 33, 36, 40, 41, 43])
(38600, [33])
(38601, [2, 3, 5, 6, 8, 12, 14, 18, 19, 22, 33, 41])
(38602, [33])
(38603, [0, 2, 6, 14, 15, 17, 20, 24, 26, 33, 40, 43, 44])
(38604, [33])
(38605, [33])
(38606, [12, 33])
(38607, [33])
(38608, [3, 9, 13, 19, 33])
(38609, [33])
(38610, [0, 2, 4, 6, 17, 26, 33, 42, 43])
(38611, [33])
(38612, [1, 3, 5, 10, 12, 16, 21, 22, 23, 31, 33])
(38613, [0, 2, 3, 9, 12, 18, 30, 33])
(38614, [1, 4, 12, 19, 20, 22, 30, 33])
(38615, [0, 2, 3, 12, 20, 33, 37])
(38616, [0, 2, 3, 9, 33, 44])
(38617, [33])
(38618, [1, 3, 14, 15, 16, 19, 20, 23, 31, 33, 43])
(38619, [33])
(38620, [0, 2, 3, 5, 8, 12, 18, 19, 21, 23, 24, 30, 33, 36, 44])
(38621, [1, 2, 19, 30, 33])
(38622, [0, 1, 3, 4, 11, 12, 18, 21, 33, 39, 42, 44])
(38623, [0, 2, 3, 4, 7, 9, 10, 11, 12, 14, 15, 16, 17, 19, 20, 22, 23, 24, 30, 31, 33, 41, 42, 43])
(38624, [2, 17, 33])
(38625, [1, 3, 9, 12, 16, 19, 21, 24, 33, 41, 43])
(38626, [3, 30, 33])
(38627, [33])
(38628, [4, 15, 21, 22, 26, 30, 33, 43])
(38629, [12, 33])
(38630, [18, 26, 33, 40, 44])
(38631, [0, 33, 42])
(38632, [0, 33])
(38633, [12, 23, 33])
(38634, [33])
(38635, [33])
(38636, [1, 3, 21, 33, 40])
(38637, [1, 3, 6, 11, 12, 16, 19, 33, 43, 44])
(38638, [0, 12, 31, 33])
(38639, [2, 6, 9, 11, 12, 14, 15, 18, 26, 31, 33, 41, 43])
(38640, [0, 1, 3, 8, 18, 19, 21, 22, 31, 33, 36, 37])
(38641, [0, 1, 3, 4, 7, 9, 14, 16, 19, 20, 21, 22, 23, 25, 30, 31, 33, 36, 39, 41])
(38642, [23, 26, 33, 41])
(38643, [1, 2, 11, 12, 18, 23, 30, 33])
(38644, [2, 5, 8, 10, 12, 19, 21, 23, 26, 30, 31, 33])
(38645, [9, 19, 24, 33])
(38646, [1, 2, 3, 4, 5, 9, 10, 11, 12, 19, 20, 23, 26, 33, 43])
(38647, [2, 9, 12, 33])
(38648, [0, 1, 2, 4, 8, 10, 17, 20, 22, 23, 24, 26, 31, 38, 39])
(38649, [7, 9, 10, 12, 13, 16, 19, 20, 31, 38, 43, 44])
(38650, [20])
(38651, [20])
(38652, [1, 2, 3, 4, 7, 11, 12, 13, 14, 16, 19, 20, 21, 23, 24, 26, 30, 39, 41, 43, 44])
(38653, [0, 1, 2, 3, 4, 7, 9, 12, 15, 17, 19, 20, 23, 24, 26, 28, 41])
(38654, [20])
(38655, [0, 2, 4, 11, 12, 14, 16, 20, 31, 36, 37, 40])
(38656, [20])
(38657, [0, 2, 4, 7, 9, 13, 14, 17, 18, 20, 30, 31, 41, 42, 44])
(38658, [20])
(38659, [0, 1, 3, 9, 11, 12, 16, 17, 19, 20, 30, 31, 41, 44])
(38660, [1, 3, 11, 12, 20])
(38661, [20])
(38662, [0, 4, 10, 11, 20, 21])
(38663, [0, 1, 3, 7, 12, 20, 21, 40, 44])
(38664, [0, 1, 3, 5, 19, 20, 31, 39, 41])
(38665, [1, 3, 7, 19, 20])
(38666, [20])
(38667, [0, 3, 5, 11, 12, 20, 23])
(38668, [0, 1, 3, 12, 18, 20, 21, 38, 42, 43])
(38669, [1, 2, 3, 19, 20])
(38670, [20])
(38671, [1, 2, 3, 8, 11, 12, 15, 17, 18, 21, 23, 30, 31, 40, 43])
(38672, [18])
(38673, [18])
(38674, [15, 18, 19, 23])
(38675, [0, 3, 8, 13, 18, 21, 22, 23, 29])
(38676, [18, 23])
(38677, [18, 29])
(38678, [3, 12, 15, 18, 26])
(38679, [18])
(38680, [0, 1, 2, 3, 6, 8, 12, 16, 18, 21])
(38681, [18, 23])
(38682, [1, 5, 8, 9, 12, 15, 18, 19, 21, 23, 31])
(38683, [17, 18, 37, 44])
(38684, [1, 2, 3, 4, 14, 18, 26])
(38685, [15, 18, 27, 41])
(38686, [18])
(38687, [18])
(38688, [18])
(38689, [0, 1, 2, 3, 9, 11, 18, 19, 21])
(38690, [1, 2, 4, 11, 12, 17, 18, 19, 27, 41])
(38691, [18])
(38692, [1, 3, 18])
(38693, [18])
(38694, [0, 1, 2, 4, 7, 8, 11, 16, 18, 43])
(38695, [18, 23])
(38696, [0, 9, 18, 43])
(38697, [2, 15, 17, 18, 19, 24, 26, 41])
(38698, [3, 18])
(38699, [8, 18])
(38700, [0, 18, 39])
(38701, [1, 2, 3, 8, 16, 18, 19, 23, 24, 30, 31, 41, 43])
(38702, [18])
(38703, [18])
(38704, [18])
(38705, [18])
(38706, [18])
(38707, [18, 26, 44])
(38708, [18])
(38709, [18])
(38710, [18])
(38711, [18, 42])
(38712, [18])
(38713, [18])
(38714, [18])
(38715, [18])
(38716, [18])
(38717, [0, 3, 11, 18, 31])
(38718, [18])
(38719, [18])
(38720, [18])
(38721, [2, 18])
(38722, [12, 18, 23])
(38723, [0, 1, 3, 9, 14, 18, 29])
(38724, [18])
(38725, [18])
(38726, [18, 31])
(38727, [0, 3, 11, 15, 18])
(38728, [18])
(38729, [1, 2, 3, 7, 9, 11, 15, 17, 18, 19, 21, 22, 23, 24, 26, 28, 30, 38, 42, 43])
(38730, [18])
(38731, [18])
(38732, [18])
(38733, [0, 18])
(38734, [4, 6, 18, 19])
(38735, [2, 4, 17, 18, 23, 43])
(38736, [18])
(38737, [18])
(38738, [18])
(38739, [18])
(38740, [1, 18])
(38741, [3, 7, 18, 42, 44])
(38742, [1, 3, 18, 23, 26, 43])
(38743, [6, 18])
(38744, [8, 18, 23])
(38745, [18])
(38746, [1, 2, 18, 26, 30, 43])
(38747, [0, 1, 2, 18, 23])
(38748, [18])
(38749, [0, 9, 12, 15, 18, 23])
(38750, [18])
(38751, [18])
(38752, [6, 18])
(38753, [18])
(38754, [18, 29])
(38755, [18])
(38756, [18])
(38757, [18])
(38758, [18])
(38759, [1, 18])
(38760, [12, 18])
(38761, [1, 2, 3, 12, 17, 18, 19, 25])
(38762, [18])
(38763, [18])
(38764, [18])
(38765, [27])
(38766, [27])
(38767, [22, 27, 30])
(38768, [7, 27, 30])
(38769, [9])
(38770, [9])
(38771, [2, 9, 43])
(38772, [9])
(38773, [0, 9])
(38774, [9])
(38775, [9])
(38776, [9])
(38777, [1, 3, 9])
(38778, [9, 16])
(38779, [9, 11, 12, 13, 26, 30])
(38780, [9])
(38781, [3, 9, 11, 13, 19, 26, 31, 43])
(38782, [3, 4, 9, 11, 15, 21, 26, 39, 44])
(38783, [9, 31, 41])
(38784, [5, 9])
(38785, [9])
(38786, [0, 1, 2, 3, 6, 9, 15, 16, 19, 23, 44])
(38787, [1, 2, 3, 4, 9, 19, 22, 39, 43])
(38788, [9])
(38789, [2, 9, 10, 12])
(38790, [2, 4, 9, 12])
(38791, [9])
(38792, [0, 2, 9, 23])
(38793, [4, 9])
(38794, [9])
(38795, [1, 6, 9, 13, 17, 26, 43])
(38796, [9])
(38797, [2, 9, 16, 17, 21, 30])
(38798, [9])
(38799, [9])
(38800, [9])
(38801, [9])
(38802, [9])
(38803, [9])
(38804, [9])
(38805, [2, 9, 13, 14, 24, 43])
(38806, [9])
(38807, [9])
(38808, [2, 3, 9])
(38809, [9])
(38810, [9])
(38811, [9, 13])
(38812, [9])
(38813, [2, 6, 9, 13, 17, 19, 21, 24, 41, 43, 44])
(38814, [2, 9, 17, 44])
(38815, [9])
(38816, [9])
(38817, [0, 4, 9, 15, 41])
(38818, [1, 2, 3, 9, 16, 19, 21, 30, 38, 40])
(38819, [2, 9])
(38820, [2, 4, 9, 10, 11, 14, 15, 43])
(38821, [9])
(38822, [9])
(38823, [9, 41])
(38824, [9])
(38825, [9])
(38826, [9])
(38827, [9, 23])
(38828, [9])
(38829, [0, 1, 3, 44])
(38830, [0, 1, 12, 44])
(38831, [0])
(38832, [0, 1, 3, 4, 5, 8, 11, 12, 21, 22, 42, 44])
(38833, [0])
(38834, [0])
(38835, [0])
(38836, [0])
(38837, [0])
(38838, [0])
(38839, [0])
(38840, [0])
(38841, [0])
(38842, [0])
(38843, [0])
(38844, [0])
(38845, [0])
(38846, [0])
(38847, [0])
(38848, [0])
(38849, [0])
(38850, [0])
(38851, [0])
(38852, [0, 12])
(38853, [0])
(38854, [0])
(38855, [0, 44])
(38856, [0])
(38857, [0])
(38858, [0])
(38859, [0, 3, 21, 42, 44])
(38860, [0])
(38861, [0])
(38862, [0])
(38863, [0, 3, 6, 44])
(38864, [0])
(38865, [0])
(38866, [0])
(38867, [0])
(38868, [0])
(38869, [0])
(38870, [0])
(38871, [0])
(38872, [0, 12])
(38873, [0])
(38874, [0])
(38875, [0])
(38876, [0])
(38877, [0])
(38878, [0])
(38879, [0])
(38880, [0, 12])
(38881, [0])
(38882, [0])
(38883, [0])
(38884, [0])
(38885, [0])
(38886, [0, 12])
(38887, [0])
(38888, [0])
(38889, [0])
(38890, [0])
(38891, [0])
(38892, [0])
(38893, [0])
(38894, [0])
(38895, [0])
(38896, [0])
(38897, [0, 21, 23, 29])
(38898, [0, 12, 16, 23])
(38899, [0])
(38900, [0])
(38901, [0])
(38902, [0])
(38903, [0])
(38904, [0])
(38905, [0])
(38906, [0])
(38907, [0])
(38908, [0])
(38909, [0, 1, 3, 7, 19])
(38910, [0])
(38911, [0, 12])
(38912, [0])
(38913, [0])
(38914, [0])
(38915, [0])
(38916, [0])
(38917, [0, 2, 12, 26, 42, 44])
(38918, [0])
(38919, [0])
(38920, [0])
(38921, [0])
(38922, [0])
(38923, [0])
(38924, [0])
(38925, [0])
(38926, [0])
(38927, [0])
(38928, [0])
(38929, [0])
(38930, [0])
(38931, [0])
(38932, [0])
(38933, [0])
(38934, [0])
(38935, [0])
(38936, [0])
(38937, [0, 12, 23])
(38938, [0])
(38939, [0, 1, 44])
(38940, [0])
(38941, [0])
(38942, [0])
(38943, [0])
(38944, [0])
(38945, [0])
(38946, [0])
(38947, [0])
(38948, [0])
(38949, [0])
(38950, [0, 1, 3, 17, 41])
(38951, [0])
(38952, [0])
(38953, [0])
(38954, [0])
(38955, [0, 12])
(38956, [0])
(38957, [0])
(38958, [0])
(38959, [0])
(38960, [0])
(38961, [0])
(38962, [0])
(38963, [0])
(38964, [0])
(38965, [0])
(38966, [0])
(38967, [0])
(38968, [0, 19])
(38969, [0])
(38970, [0])
(38971, [0])
(38972, [0])
(38973, [0, 12, 19])
(38974, [0])
(38975, [0])
(38976, [0])
(38977, [0])
(38978, [0])
(38979, [0])
(38980, [0])
(38981, [0])
(38982, [0, 10, 12])
(38983, [0, 1, 2, 3, 11, 12, 17, 19, 21, 22, 23, 26, 31])
(38984, [0])
(38985, [0])
(38986, [0, 1, 3, 23])
(38987, [0])
(38988, [0])
(38989, [0])
(38990, [0])
(38991, [0])
(38992, [0])
(38993, [0])
(38994, [0])
(38995, [0])
(38996, [0])
(38997, [0])
(38998, [0])
(38999, [0])
(39000, [0])
(39001, [0])
(39002, [0, 2, 3, 6, 11])
(39003, [0])
(39004, [0])
(39005, [0])
(39006, [0])
(39007, [0])
(39008, [0])
(39009, [0])
(39010, [0])
(39011, [0, 12])
(39012, [0, 19])
(39013, [0])
(39014, [0])
(39015, [0])
(39016, [0])
(39017, [0])
(39018, [0])
(39019, [0])
(39020, [0])
(39021, [0])
(39022, [0])
(39023, [0])
(39024, [0])
(39025, [0])
(39026, [0])
(39027, [0, 12, 19])
(39028, [0])
(39029, [0])
(39030, [0, 1, 3, 26, 37])
(39031, [0])
(39032, [0])
(39033, [0])
(39034, [0])
(39035, [0])
(39036, [0])
(39037, [0])
(39038, [0])
(39039, [0])
(39040, [0])
(39041, [0])
(39042, [0, 1, 21, 39])
(39043, [0])
(39044, [0])
(39045, [0])
(39046, [0])
(39047, [0])
(39048, [0])
(39049, [0])
(39050, [0])
(39051, [0, 1, 3, 12, 21, 44])
(39052, [0])
(39053, [0])
(39054, [0])
(39055, [0])
(39056, [0])
(39057, [0])
(39058, [0])
(39059, [0])
(39060, [0])
(39061, [0])
(39062, [0])
(39063, [0])
(39064, [0])
(39065, [0])
(39066, [0])
(39067, [0, 11])
(39068, [0])
(39069, [0])
(39070, [0, 11])
(39071, [0, 4, 6, 14, 21, 23, 39])
(39072, [0])
(39073, [0])
(39074, [0])
(39075, [0])
(39076, [0])
(39077, [0])
(39078, [0])
(39079, [0])
(39080, [0])
(39081, [0])
(39082, [0, 1, 2, 11, 12])
(39083, [0])
(39084, [0])
(39085, [0])
(39086, [0])
(39087, [0, 36])
(39088, [0])
(39089, [0])
(39090, [0])
(39091, [0])
(39092, [0])
(39093, [11])
(39094, [11])
(39095, [1, 11, 44])
(39096, [11])
(39097, [2, 11, 44])
(39098, [11, 24, 44])
(39099, [5, 10, 11, 15, 22, 23, 24])
(39100, [1, 2, 3, 11, 16, 40, 41])
(39101, [11, 44])
(39102, [11, 15])
(39103, [11, 24, 26, 31])
(39104, [1, 11, 17, 24, 43])
(39105, [11])
(39106, [11, 19, 44])
(39107, [11])
(39108, [11])
(39109, [11])
(39110, [11])
(39111, [2, 11, 14, 17, 24, 28, 39, 44])
(39112, [11, 12, 36])
(39113, [11])
(39114, [11])
(39115, [11, 26])
(39116, [2, 11, 14, 28])
(39117, [11])
(39118, [2, 11, 23, 44])
(39119, [1, 11])
(39120, [11, 26, 41])
(39121, [11])
(39122, [7])
(39123, [2, 4, 7, 19, 43, 44])
(39124, [7])
(39125, [7])
(39126, [7])
(39127, [7])
(39128, [7])
(39129, [7])
(39130, [3, 7, 26, 30, 41])
(39131, [2, 3, 7])
(39132, [7])
(39133, [1, 7, 16, 23])
(39134, [29])
(39135, [2, 3, 29])
(39136, [3, 26, 29])
(39137, [2, 4, 14, 24, 26, 29, 36, 43])
(39138, [29])
(39139, [16])
(39140, [16])
(39141, [1, 2, 16])
(39142, [16])
(39143, [16])
(39144, [4, 16])
(39145, [16])
(39146, [2, 15, 16, 24, 41])
(39147, [2, 16])
(39148, [16])
(39149, [16])
(39150, [16, 30])
(39151, [1, 16, 42, 44])
(39152, [16])
(39153, [1, 3, 12, 21, 42, 44])
(39154, [42])
(39155, [1, 2, 3, 15, 40, 41, 42, 44])
(39156, [42])
(39157, [42])
(39158, [42])
(39159, [42])
(39160, [6, 24])
(39161, [1, 4, 6, 14, 15, 23, 26, 30, 41, 43, 44])
(39162, [6])
(39163, [6])
(39164, [2, 6, 30])
(39165, [6, 19, 30])
(39166, [6])
(39167, [3, 6, 23])
(39168, [6, 31, 36, 43])
(39169, [6])
(39170, [6])
(39171, [19, 28, 40])
(39172, [28])
(39173, [28])
(39174, [4, 28])
(39175, [4, 14, 15, 17, 28, 31, 43])
(39176, [14, 28])
(39177, [28])
(39178, [17])
(39179, [17])
(39180, [17])
(39181, [17])
(39182, [17])
(39183, [17])
(39184, [2, 17])
(39185, [17])
(39186, [17, 23, 24, 41, 44])
(39187, [2, 17, 40])
(39188, [2, 17, 41])
(39189, [17, 21])
(39190, [17])
(39191, [3, 4, 5, 8, 15, 17, 19, 21, 24, 30, 37, 43])
(39192, [17, 39, 40])
(39193, [17])
(39194, [17])
(39195, [1, 3, 17])
(39196, [17])
(39197, [12, 17, 44])
(39198, [17])
(39199, [17, 19, 21])
(39200, [17, 44])
(39201, [2, 17])
(39202, [17])
(39203, [1, 3, 4, 17, 19, 21, 22, 39, 43])
(39204, [1, 13, 19, 21, 26])
(39205, [1, 4, 37])
(39206, [1, 23, 37, 44])
(39207, [1, 21])
(39208, [1])
(39209, [1])
(39210, [1, 19, 23, 24])
(39211, [1])
(39212, [1, 3, 21])
(39213, [1, 19])
(39214, [1, 3])
(39215, [1, 2])
(39216, [1, 3, 12])
(39217, [1])
(39218, [1, 19])
(39219, [1])
(39220, [1])
(39221, [1, 3, 19, 23, 31])
(39222, [1])
(39223, [1])
(39224, [1, 3, 10, 41])
(39225, [1, 3])
(39226, [1, 2, 19, 22])
(39227, [1])
(39228, [1, 3, 21])
(39229, [1])
(39230, [1])
(39231, [1])
(39232, [1])
(39233, [1])
(39234, [1])
(39235, [1])
(39236, [1])
(39237, [1])
(39238, [1, 3])
(39239, [1, 19, 26, 30, 41])
(39240, [1])
(39241, [1, 3, 19, 31])
(39242, [2, 10])
(39243, [10])
(39244, [10])
(39245, [10])
(39246, [2, 10, 12, 13, 41])
(39247, [10])
(39248, [10])
(39249, [10])
(39250, [19])
(39251, [3, 4, 19])
(39252, [19, 24])
(39253, [19])
(39254, [19])
(39255, [19])
(39256, [2, 19])
(39257, [2, 19])
(39258, [19])
(39259, [19])
(39260, [19])
(39261, [2, 19, 24])
(39262, [2, 3, 14, 15, 19, 26, 40, 41, 43])
(39263, [19])
(39264, [19])
(39265, [19])
(39266, [19])
(39267, [19, 44])
(39268, [19])
(39269, [19])
(39270, [26])
(39271, [2, 26])
(39272, [2, 26, 30, 41])
(39273, [26])
(39274, [26])
(39275, [26])
(39276, [26])
(39277, [4, 26, 30, 31, 43])
(39278, [26])
(39279, [26])
(39280, [26, 44])
(39281, [12, 26])
(39282, [14, 26])
(39283, [26])
(39284, [26])
(39285, [26])
(39286, [26])
(39287, [26, 31])
(39288, [26])
(39289, [3, 26])
(39290, [26])
(39291, [26])
(39292, [26])
(39293, [26])
(39294, [26, 36])
(39295, [26])
(39296, [26])
(39297, [12, 25, 26])
(39298, [26])
(39299, [26])
(39300, [8])
(39301, [8])
(39302, [8])
(39303, [8])
(39304, [8, 12, 41])
(39305, [8])
(39306, [8])
(39307, [8])
(39308, [8, 12])
(39309, [8])
(39310, [8])
(39311, [5, 8])
(39312, [8])
(39313, [8, 23])
(39314, [8])
(39315, [8])
(39316, [8])
(39317, [8])
(39318, [8])
(39319, [8])
(39320, [21])
(39321, [21])
(39322, [21])
(39323, [21])
(39324, [21])
(39325, [21])
(39326, [21])
(39327, [21])
(39328, [21])
(39329, [21])
(39330, [21])
(39331, [21])
(39332, [12, 21])
(39333, [21])
(39334, [21])
(39335, [21])
(39336, [21])
(39337, [21])
(39338, [21])
(39339, [21])
(39340, [21])
(39341, [21])
(39342, [21])
(39343, [21])
(39344, [21])
(39345, [21])
(39346, [21])
(39347, [21])
(39348, [21])
(39349, [21])
(39350, [21])
(39351, [21])
(39352, [21])
(39353, [21])
(39354, [21, 44])
(39355, [21, 23])
(39356, [21])
(39357, [21])
(39358, [21])
(39359, [44])
(39360, [44])
(39361, [44])
(39362, [44])
(39363, [44])
(39364, [44])
(39365, [44])
(39366, [2, 44])
(39367, [44])
(39368, [44])
(39369, [44])
(39370, [44])
(39371, [44])
(39372, [44])
(39373, [44])
(39374, [44])
(39375, [44])
(39376, [44])
(39377, [44])
(39378, [44])
(39379, [24, 41, 44])
(39380, [43])
(39381, [43])
(39382, [43])
(39383, [43])
(39384, [43])
(39385, [43])
(39386, [43])
(39387, [43])
(39388, [43])
(39389, [43])
(39390, [43])
(39391, [43])
(39392, [43])
(39393, [43])
(39394, [43])
(39395, [43])
(39396, [43])
(39397, [4, 43])
(39398, [43])
(39399, [43])
(39400, [43])
(39401, [43])
(39402, [43])
(39403, [43])
(39404, [43])
(39405, [39, 43])
(39406, [43])
(39407, [43])
(39408, [39, 43])
(39409, [43])
(39410, [2, 4, 15, 43])
(39411, [30, 43])
(39412, [36, 39])
(39413, [36])
(39414, [36])
(39415, [2, 14, 36])
(39416, [36])
(39417, [14, 36])
(39418, [2, 14, 36])
(39419, [36])
(39420, [2, 14, 36])
(39421, [36])
(39422, [36])
(39423, [36])
(39424, [36])
(39425, [36])
(39426, [36])
(39427, [36])
(39428, [36])
(39429, [36])
(39430, [36])
(39431, [36])
(39432, [36])
(39433, [36])
(39434, [36])
(39435, [36, 41])
(39436, [36])
(39437, [31])
(39438, [31])
(39439, [31])
(39440, [31])
(39441, [15, 31])
(39442, [31])
(39443, [31])
(39444, [2, 30, 31])
(39445, [31])
(39446, [31])
(39447, [31])
(39448, [31])
(39449, [31])
(39450, [31])
(39451, [3, 31])
(39452, [31])
(39453, [31])
(39454, [31])
(39455, [30])
(39456, [30])
(39457, [30])
(39458, [30])
(39459, [30])
(39460, [15, 30])
(39461, [30])
(39462, [30])
(39463, [30])
(39464, [30])
(39465, [12, 30])
(39466, [12, 30])
(39467, [30])
(39468, [30])
(39469, [30])
(39470, [30])
(39471, [30])
(39472, [37])
(39473, [37])
(39474, [23, 37])
(39475, [3, 39])
(39476, [39])
(39477, [4, 39])
(39478, [39])
(39479, [12, 22, 39])
(39480, [39])
(39481, [39])
(39482, [23, 39])
(39483, [4, 39])
(39484, [41])
(39485, [41])
(39486, [41])
(39487, [24, 41])
(39488, [41])
(39489, [41])
(39490, [41])
(39491, [41])
(39492, [41])
(39493, [41])
(39494, [41])
(39495, [4, 41])
(39496, [41])
(39497, [41])
(39498, [41])
(39499, [41])
(39500, [41])
(39501, [41])
(39502, [41])
(39503, [41])
(39504, [24])
(39505, [24])
(39506, [24])
(39507, [24])
(39508, [23])
(39509, [23])
(39510, [23])
(39511, [23])
(39512, [23])
(39513, [23])
(39514, [23])
(39515, [23])
(39516, [23])
(39517, [23])
(39518, [23])
(39519, [23])
(39520, [23])
(39521, [23])
(39522, [23])
(39523, [23])
(39524, [23])
(39525, [23])
(39526, [23])
(39527, [23])
(39528, [23])
(39529, [23])
(39530, [23])
(39531, [23])
(39532, [23])
(39533, [23])
(39534, [23])
(39535, [23])
(39536, [23])
(39537, [23])
(39538, [23])
(39539, [23])
(39540, [23])
(39541, [23])
(39542, [23])
(39543, [23])
(39544, [23])
(39545, [23])
(39546, [23])
(39547, [2, 15, 23])
(39548, [23])
(39549, [23])
(39550, [23])
(39551, [23])
(39552, [23])
(39553, [23])
(39554, [23])
(39555, [23])
(39556, [23])
(39557, [23])
(39558, [23])
(39559, [23])
(39560, [3, 23])
(39561, [23])
(39562, [23])
(39563, [23])
(39564, [12, 23])
(39565, [23])
(39566, [4])
(39567, [4])
(39568, [4])
(39569, [4])
(39570, [4])
(39571, [4])
(39572, [4])
(39573, [4])
(39574, [4])
(39575, [2, 4])
(39576, [4])
(39577, [4])
(39578, [4])
(39579, [4])
(39580, [4])
(39581, [4])
(39582, [4])
(39583, [15])
(39584, [15])
(39585, [15])
(39586, [15])
(39587, [15])
(39588, [15])
(39589, [15])
(39590, [15])
(39591, [15])
(39592, [15])
(39593, [15])
(39594, [15])
(39595, [15])
(39596, [15])
(39597, [2, 3, 15])
(39598, [3, 15])
(39599, [2, 15])
(39600, [15])
(39601, [15])
(39602, [3])
(39603, [3, 12])
(39604, [3])
(39605, [3])
(39606, [3])
(39607, [3])
(39608, [3])
(39609, [3])
(39610, [3])
(39611, [3])
(39612, [3])
(39613, [3, 12])
(39614, [3])
(39615, [3])
(39616, [3])
(39617, [3, 12])
(39618, [3])
(39619, [3])
(39620, [3, 13])
(39621, [3])
(39622, [3])
(39623, [3])
(39624, [3])
(39625, [3])
(39626, [3])
(39627, [3])
(39628, [3])
(39629, [3])
(39630, [3, 12])
(39631, [3])
(39632, [3])
(39633, [3])
(39634, [2, 3])
(39635, [3])
(39636, [3])
(39637, [3])
(39638, [3])
(39639, [3])
(39640, [3])
(39641, [12])
(39642, [12])
(39643, [12])
(39644, [12])
(39645, [12])
(39646, [12])
(39647, [12])
(39648, [12])
(39649, [12])
(39650, [12])
(39651, [12])
(39652, [12])
(39653, [12])
(39654, [12])
(39655, [12])
(39656, [12])
(39657, [12])
(39658, [12])
(39659, [12])
(39660, [12])
(39661, [12])
(39662, [12])
(39663, [12])
(39664, [12])
(39665, [12])
(39666, [12])
(39667, [12])
(39668, [12])
(39669, [12])
(39670, [12])
(39671, [12])
(39672, [12])
(39673, [12])
(39674, [12])
(39675, [12])
(39676, [12])
(39677, [12])
(39678, [12])
(39679, [12])
(39680, [12])
(39681, [12])
(39682, [12])
(39683, [12])
(39684, [12])
(39685, [12])
(39686, [12])
(39687, [12])
(39688, [12])
(39689, [12])
(39690, [12])
(39691, [12])
(39692, [12])
(39693, [2, 12])
(39694, [12])
(39695, [12])
(39696, [12])
(39697, [12])
(39698, [12])
(39699, [12])
(39700, [12])
(39701, [12])
(39702, [12])
(39703, [12])
(39704, [12])
(39705, [12])
(39706, [12])
(39707, [12])
(39708, [12])
(39709, [12])
(39710, [12])
(39711, [12])
(39712, [12])
(39713, [12])
(39714, [12])
(39715, [12])
(39716, [40])
(39717, [40])
(39718, [40])
(39719, [40])
(39720, [40])
(39721, [40])
(39722, [2, 40])
(39723, [40])
(39724, [40])
(39725, [40])
(39726, [40])
(39727, [40])
(39728, [2])
(39729, [2])
(39730, [2])
(39731, [2])
(39732, [2])
(39733, [2])
(39734, [2])
(39735, [2])
(39736, [2])
(39737, [2])
(39738, [2])
(39739, [2])
(39740, [2])
(39741, [2, 14])
(39742, [2])
(39743, [2])
(39744, [2])
(39745, [2])
(39746, [2])
(39747, [2])
(39748, [2])
(39749, [2])
(39750, [2])
(39751, [2])
(39752, [2])
(39753, [2])
(39754, [2])
(39755, [2])
(39756, [2, 14])
(39757, [2])
(39758, [2])
(39759, [2])
(39760, [2])
(39761, [2])
(39762, [2])
(39763, [2])
(39764, [2])
(39765, [2])
(39766, [2])
(39767, [2])
(39768, [2])
(39769, [2])
(39770, [2])
(39771, [2])
(39772, [2])
(39773, [2])
(39774, [2])
(39775, [2])
(39776, [2])
(39777, [2])
(39778, [2])
(39779, [2])
(39780, [2])
(39781, [2])
(39782, [2])
(39783, [2])
(39784, [2])
(39785, [2])
(39786, [2])
(39787, [2])
(39788, [2])
(39789, [2])
(39790, [2])
(39791, [2])
(39792, [2])
(39793, [2])
(39794, [2])
(39795, [2])
(39796, [2])
(39797, [2])
(39798, [2])
(39799, [2])
(39800, [2])
(39801, [2])
(39802, [2])
(39803, [2])
(39804, [2])
(39805, [2])
(39806, [2])
(39807, [2])
(39808, [2])
(39809, [2])
(39810, [13])
(39811, [13])
(39812, [5])
(39813, [5])
(39814, [5])
(39815, [5])
(39816, [5])
(39817, [5])
(39818, [5])
(39819, [5])
(39820, [5])
(39821, [5])
(39822, [14])
(39823, [14])
(39824, [14])
(39825, [14])
(39826, [14])
(39827, [14])
(39828, [14])
(39829, [14])
(39830, [14])
(39831, [14])
(39832, [14])
(39833, [14])
(39834, [14])
(39835, [14])
(39836, [14])
(39837, [14])
(39838, [14])
(39839, [22])
(39840, [22])
(39841, [22])
(39842, [22])
(39843, [22])
(39844, [22])
(39845, [25])
