(6879, [32, 35, 34, 33, 20, 18, 27, 9, 0, 11, 7, 29, 16, 42, 6, 28, 17, 1, 10, 19, 26, 8, 21, 44, 43, 38, 36, 31, 30, 37, 39, 41, 24, 23, 4, 15, 3, 12, 40, 2, 13, 5, 14, 22, 25])
(6880, [32, 35, 34, 33, 20, 18, 27, 9, 0, 11, 7, 29, 16, 42, 6, 28, 17, 1, 10, 19, 26, 8, 21, 44, 43, 38, 36, 31, 30, 37, 39, 41, 24, 23, 4, 15, 3, 12, 40, 2, 13, 5, 14, 22, 25])
(6881, [32, 35, 34, 33, 20, 18, 27, 9, 0, 11, 7, 29, 16, 42, 6, 28, 17, 1, 10, 19, 26, 8, 21, 44, 43, 38, 36, 31, 30, 37, 39, 41, 24, 23, 4, 15, 3, 12, 40, 2, 13, 5, 14, 22, 25])
(6882, [32, 35, 34, 33, 20, 18, 27, 9, 0, 11, 7, 29, 16, 42, 6, 28, 17, 1, 19, 26, 8, 21, 44, 43, 38, 36, 31, 30, 37, 41, 24, 23, 4, 15, 3, 12, 40, 2, 13, 5, 14, 22])
(6883, [32, 35, 34, 33, 20, 18, 27, 9, 0, 11, 7, 29, 16, 42, 6, 28, 17, 1, 10, 19, 26, 8, 21, 44, 43, 38, 36, 31, 30, 37, 39, 41, 24, 23, 4, 15, 3, 12, 40, 2, 13, 5, 14, 22, 25])
(6884, [32, 35, 34, 33, 20, 18, 27, 9, 0, 11, 7, 29, 16, 42, 6, 28, 17, 1, 10, 19, 26, 8, 21, 44, 43, 38, 36, 31, 30, 37, 39, 41, 24, 23, 4, 15, 3, 12, 40, 2, 13, 5, 14, 22, 25])
(6885, [32, 18, 6, 17, 19, 26, 8, 21, 23, 4, 15, 2])
(6886, [32, 35, 34, 33, 20, 18, 27, 9, 0, 11, 7, 29, 16, 42, 6, 28, 17, 1, 10, 19, 26, 8, 21, 44, 43, 38, 36, 31, 30, 37, 39, 41, 24, 23, 4, 15, 3, 12, 40, 2, 13, 5, 14, 22, 25])
(6887, [32, 35, 34, 33, 20, 18, 27, 9, 0, 11, 7, 29, 16, 42, 6, 28, 17, 1, 10, 19, 26, 8, 21, 44, 43, 38, 36, 31, 30, 37, 39, 41, 24, 23, 4, 15, 3, 12, 40, 2, 13, 5, 14, 22, 25])
(6888, [32, 35, 34, 33, 20, 18, 27, 9, 0, 11, 7, 29, 16, 42, 6, 28, 17, 1, 10, 19, 26, 8, 21, 44, 43, 38, 36, 31, 30, 37, 39, 41, 24, 23, 4, 15, 3, 12, 40, 2, 13, 5, 14, 22, 25])
(6889, [32, 35, 18, 11, 7, 29, 16, 17, 1, 26, 21, 44, 38, 37, 39, 24, 23, 15, 12, 40, 2, 13])
(6890, [32, 16, 1, 31, 30, 5])
(6891, [32, 35, 34, 33, 20, 27, 9, 0, 11, 42, 6, 1, 10, 19, 26, 8, 44, 43, 36, 31, 30, 39, 41, 24, 23, 4, 15, 3, 12, 2, 13, 5])
(6892, [32, 1, 30, 3])
(6893, [32, 9, 0, 16, 6, 1, 31, 30, 23, 4, 15, 3])
(6894, [32, 35, 34, 33, 20, 18, 27, 9, 0, 11, 7, 16, 42, 6, 28, 17, 1, 10, 19, 26, 8, 21, 44, 43, 31, 30, 39, 41, 24, 23, 4, 15, 3, 12, 40, 2, 13, 5, 14, 22])
(6895, [32, 35, 34, 33, 20, 18, 27, 9, 0, 11, 7, 29, 16, 42, 6, 28, 17, 1, 10, 19, 26, 8, 21, 44, 43, 38, 36, 31, 30, 37, 39, 41, 24, 23, 4, 15, 3, 12, 40, 2, 13, 5, 14, 22, 25])
(6896, [32, 35, 34, 33, 20, 18, 27, 9, 0, 11, 7, 29, 16, 42, 6, 28, 17, 1, 10, 19, 26, 8, 21, 44, 43, 38, 36, 31, 30, 37, 39, 41, 24, 23, 4, 15, 3, 12, 40, 2, 13, 5, 14, 22, 25])
(6897, [32, 9, 0, 11, 1, 26, 8, 43, 41, 23, 15, 3, 12])
(6898, [32, 34, 9, 11, 1, 19, 26, 44, 31, 39, 15, 3, 12, 2])
(6899, [32, 34, 18, 27, 9, 0, 11, 7, 16, 6, 17, 19, 26, 21, 44, 43, 41, 24, 4, 15, 3, 40, 2, 13, 14, 22])
(6900, [32, 34, 33, 18, 9, 11, 17, 10, 19, 26, 43, 31, 30, 39, 24, 15, 3, 2, 13])
(6901, [32, 35, 33, 18, 0, 11, 7, 1, 19, 26, 8, 21, 44, 31, 39, 41, 24, 23, 4, 15, 3, 12, 40, 2, 5])
(6902, [32, 35, 34, 20, 18, 27, 9, 0, 11, 42, 6, 17, 1, 10, 19, 26, 8, 21, 44, 43, 36, 31, 30, 39, 41, 24, 23, 4, 15, 3, 12, 2, 14, 22])
(6903, [32, 35, 34, 33, 18, 0, 11, 6, 28, 1, 19, 26, 44, 43, 31, 30, 37, 41, 24, 4, 15, 3, 12, 2, 22, 25])
(6904, [32, 35, 34, 33, 18, 27, 9, 0, 11, 16, 42, 6, 1, 19, 26, 21, 44, 43, 38, 31, 30, 39, 41, 23, 4, 15, 3, 12, 2, 5, 22])
(6905, [32, 34, 33, 18, 9, 0, 11, 16, 42, 6, 17, 1, 19, 26, 21, 44, 43, 31, 30, 37, 39, 41, 24, 23, 4, 15, 3, 12, 2, 22])
(6906, [32, 34, 33, 20, 18, 27, 9, 0, 11, 7, 16, 6, 1, 19, 26, 21, 44, 43, 38, 36, 31, 30, 41, 24, 23, 4, 15, 3, 12, 40, 13])
(6907, [32, 9, 11, 17, 36, 31, 30, 41, 40, 2, 13, 25])
(6908, [32, 33, 20, 9, 0, 11, 16, 42, 1, 43, 31, 30, 41, 23, 15, 3, 12, 2, 22, 25])
(6909, [32, 33, 18, 9, 0, 11, 7, 16, 6, 1, 19, 26, 8, 21, 44, 31, 30, 37, 41, 24, 23, 4, 15, 3, 12, 40, 22])
(6910, [32, 34, 9, 17, 21, 44, 43, 41, 24, 23, 3, 2, 22])
(6911, [32, 34, 33, 18, 9, 0, 11, 29, 16, 6, 17, 1, 19, 26, 8, 21, 44, 43, 38, 36, 31, 30, 41, 24, 23, 4, 15, 3, 12, 40, 2, 14, 22, 25])
(6912, [32, 35, 34, 33, 20, 18, 27, 9, 0, 11, 7, 29, 16, 42, 6, 17, 1, 19, 26, 8, 21, 44, 43, 38, 36, 31, 30, 37, 39, 41, 24, 23, 4, 15, 3, 12, 40, 2, 13, 14, 22, 25])
(6913, [32, 18, 19, 21, 30, 37, 24])
(6914, [32, 35, 34, 33, 18, 9, 0, 11, 7, 16, 6, 17, 1, 10, 19, 26, 8, 44, 43, 38, 36, 31, 30, 41, 23, 4, 15, 3, 12, 40, 2, 14, 22])
(6915, [32, 35, 34, 33, 18, 27, 9, 0, 11, 7, 16, 42, 6, 1, 19, 26, 8, 21, 44, 43, 30, 41, 24, 23, 4, 15, 3, 12, 40, 2, 13, 5, 14, 22])
(6916, [32, 34, 33, 18, 27, 9, 11, 7, 29, 16, 17, 1, 19, 26, 21, 44, 43, 36, 31, 30, 41, 23, 4, 15, 3, 12, 40, 2, 13, 22, 25])
(6917, [32, 9, 24, 4, 15, 40, 2, 14])
(6918, [32, 33, 18, 9, 11, 19, 31, 41, 4, 3, 12])
(6919, [32, 35, 18, 0, 7, 6, 1, 19, 8, 36, 31, 30, 39, 41, 23, 4, 15, 3, 12, 2, 13, 22])
(6920, [32, 31, 30, 4, 15])
(6921, [32, 0, 1, 23])
(6922, [32])
(6923, [32, 18, 0, 8, 44, 43, 31, 4, 14])
(6924, [32, 35, 34, 33, 20, 18, 27, 9, 0, 11, 7, 16, 42, 6, 28, 17, 1, 10, 19, 26, 8, 21, 44, 43, 38, 36, 31, 30, 37, 39, 41, 24, 23, 4, 15, 3, 12, 40, 2, 13, 5, 14, 22, 25])
(6925, [32, 18, 9, 0, 42, 1, 19, 31, 23, 15, 3, 12, 2, 13])
(6926, [32, 35, 1, 26, 21, 3, 12])
(6927, [32, 34, 18, 27, 16, 17, 21, 30, 2, 22])
(6928, [32, 33, 9, 16, 17, 19, 26, 43, 31, 30, 24, 4, 15, 12, 2, 14])
(6929, [32, 34, 33, 20, 18, 0, 1, 19, 31, 30, 15, 3, 12, 13])
(6930, [32, 35, 34, 20, 18, 9, 0, 7, 6, 28, 10, 19, 26, 43, 36, 41, 24, 23, 4, 2, 14])
(6931, [32, 34, 33, 20, 27, 9, 16, 42, 6, 1, 26, 31, 30, 23, 4, 15, 3, 12, 2, 13])
(6932, [32, 20, 9, 0, 16, 42, 17, 1, 19, 26, 21, 44, 31, 24, 4, 15, 3])
(6933, [32, 27, 9, 0, 7, 16, 42, 28, 1, 19, 39, 23, 4, 12, 5])
(6934, [32, 34, 33, 18, 9, 11, 6, 17, 26, 43, 31, 41, 24, 12, 40, 2, 13, 14])
(6935, [32, 18, 42, 1, 26, 21, 36, 4, 15, 3, 12, 2, 14])
(6936, [32, 35, 18, 27, 16, 8, 43, 23, 4, 3, 12, 13])
(6937, [32, 33, 6, 1, 19, 26, 23, 4, 15, 3, 2])
(6938, [32, 18, 16, 10, 8, 23, 15, 12, 22])
(6939, [32, 35, 34, 33, 18, 9, 11, 29, 16, 6, 17, 1, 19, 26, 8, 21, 44, 43, 36, 31, 30, 39, 41, 24, 23, 4, 15, 3, 12, 40, 2, 13, 5, 25])
(6940, [32])
(6941, [32, 4])
(6942, [32, 18, 9, 16, 1, 43, 41, 23, 12, 2])
(6943, [32, 34, 33, 20, 18, 27, 0, 6, 19, 43, 36, 2, 14])
(6944, [32, 34, 33, 18, 27, 11, 29, 42, 6, 17, 26, 44, 43, 31, 3, 12, 2, 5, 22])
(6945, [32, 35, 34, 33, 18, 9, 0, 11, 7, 29, 42, 6, 17, 1, 19, 26, 8, 21, 44, 43, 31, 30, 41, 24, 23, 4, 15, 3, 12, 40, 2, 13, 5, 22])
(6946, [32, 34, 33, 20, 9, 11, 6, 1, 19, 21, 44, 43, 31, 37, 39, 41, 23, 4, 15, 3, 13])
(6947, [32, 35, 34, 20, 18, 9, 0, 11, 7, 42, 6, 17, 1, 10, 19, 26, 21, 44, 43, 30, 41, 24, 23, 4, 15, 3, 12, 40, 2, 13])
(6948, [32, 43])
(6949, [32, 30, 24])
(6950, [32, 34, 33, 9, 0, 16, 1, 10, 26, 36, 31, 30, 39, 24, 4])
(6951, [32, 33, 20, 18, 9, 11, 17, 1, 26, 43, 31, 15, 3, 2, 13])
(6952, [32, 35, 34, 33, 9, 0, 11, 16, 1, 10, 19, 26, 44, 43, 31, 30, 41, 24, 15, 3, 2])
(6953, [32, 33, 44, 31, 30, 39])
(6954, [32, 33])
(6955, [32, 35, 18, 0, 6, 1, 19, 15])
(6956, [32, 9, 11, 3])
(6957, [32, 35, 34, 33, 20, 18, 9, 0, 11, 16, 6, 28, 17, 1, 10, 19, 26, 21, 44, 43, 36, 31, 30, 37, 39, 41, 24, 23, 4, 15, 3, 12, 40, 2, 5, 14, 25])
(6958, [32, 33, 31, 30, 15])
(6959, [32, 34, 33, 11, 16, 6, 17, 1, 19, 26, 21, 44, 43, 31, 30, 41, 24, 23, 15, 3, 12, 40, 2, 13])
(6960, [32, 34, 33, 9, 6, 19, 26, 31, 30, 4, 15])
(6961, [32, 1, 26, 43, 39, 12])
(6962, [32, 34, 33, 9, 0, 11, 16, 17, 1, 31, 24, 3, 40])
(6963, [32, 34, 33, 0, 11, 7, 28, 17, 1, 19, 26, 44, 36, 31, 30, 41, 24, 15, 3, 12, 40, 2, 14, 22])
(6964, [32, 35, 34, 33, 20, 18, 0, 11, 29, 6, 17, 1, 10, 19, 26, 8, 21, 44, 43, 38, 31, 30, 37, 39, 24, 23, 4, 15, 3, 12, 2, 13, 5, 14])
(6965, [32, 34, 20, 9, 0, 11, 7, 16, 42, 17, 1, 19, 26, 21, 44, 43, 38, 36, 31, 30, 41, 24, 4, 15, 3, 12, 2, 14])
(6966, [32, 34, 33, 9, 11, 16, 1, 26, 21, 44, 38, 31, 30, 39, 41, 4, 15, 3, 2])
(6967, [32, 35, 16, 1, 21, 36, 39])
(6968, [32, 34, 33, 11, 17, 1, 44, 4, 3])
(6969, [32, 33, 18, 9, 0, 11, 1, 44, 39, 23, 3, 12])
(6970, [32, 4])
(6971, [32, 34, 33, 43, 31, 30, 41, 3])
(6972, [32])
(6973, [32, 35, 34, 33, 20, 18, 9, 0, 11, 7, 16, 42, 1, 19, 26, 8, 21, 43, 38, 31, 30, 37, 23, 3, 12, 2, 5])
(6974, [32, 20, 0, 1, 12, 2])
(6975, [32, 18, 1, 31])
(6976, [35, 21, 37, 24, 23])
(6977, [35, 34, 33, 20, 18, 27, 9, 0, 11, 7, 29, 16, 42, 6, 28, 1, 10, 19, 26, 8, 21, 44, 43, 38, 36, 31, 30, 37, 39, 41, 24, 23, 4, 15, 3, 12, 40, 2, 13, 5, 14, 22, 25])
(6978, [35, 34, 33, 20, 18, 27, 9, 0, 11, 7, 29, 16, 42, 6, 28, 1, 10, 19, 26, 8, 21, 44, 43, 38, 36, 31, 30, 37, 39, 41, 24, 23, 4, 3, 12, 40, 2, 13, 5, 14, 22, 25])
(6979, [35, 18, 0, 11, 30, 4])
(6980, [35])
(6981, [35, 0, 7, 19, 21, 3])
(6982, [35, 18, 23, 15])
(6983, [35, 19])
(6984, [35])
(6985, [35, 18, 44, 43, 23, 15])
(6986, [35, 9, 41, 12, 2])
(6987, [35, 33, 18, 9, 11, 7, 16, 1, 21, 31, 3, 12])
(6988, [35])
(6989, [35])
(6990, [35])
(6991, [35, 34, 0, 28, 19, 30, 39, 41, 24, 4, 15, 3, 14])
(6992, [35])
(6993, [35, 18, 27, 0, 11, 7, 16, 42, 1, 19, 26, 8, 21, 44, 43, 31, 30, 23, 4, 15, 3, 12, 40, 2])
(6994, [35, 18, 16, 8, 44, 23, 12])
(6995, [35])
(6996, [35])
(6997, [35])
(6998, [35])
(6999, [35, 9, 10, 39])
(7000, [35])
(7001, [35])
(7002, [35, 34, 20, 0, 11, 7, 1, 19, 26, 8, 21, 43, 31, 30, 23, 4, 15, 3, 13, 22])
(7003, [35])
(7004, [35, 22])
(7005, [35, 29, 30, 12])
(7006, [35])
(7007, [35, 34, 18, 9, 0, 11, 7, 16, 42, 6, 17, 1, 19, 21, 44, 43, 30, 23, 4, 15, 3, 12, 2, 13, 22])
(7008, [35, 26])
(7009, [35])
(7010, [35, 11, 19, 8, 44, 43, 36, 23, 4, 12])
(7011, [35, 1, 2])
(7012, [35, 34, 20, 9, 0, 16, 1, 10, 8, 43, 31, 37, 41, 24, 23, 3, 12])
(7013, [35, 20, 9, 1, 19, 44, 15, 3, 2, 22])
(7014, [35])
(7015, [35, 34, 33, 18, 27, 9, 0, 11, 7, 16, 42, 6, 28, 17, 1, 19, 26, 8, 44, 43, 37, 41, 23, 4, 15, 3, 12, 40, 2, 13, 5, 14, 22])
(7016, [34, 18, 9, 0, 11, 28, 17, 1, 19, 26, 21, 44, 43, 36, 31, 30, 37, 41, 24, 4, 15, 3, 12, 2, 14])
(7017, [34, 6, 1, 31, 22])
(7018, [34, 28, 17, 39, 41, 12, 2])
(7019, [34, 18, 9, 0, 16, 1, 21, 44, 23, 3])
(7020, [34])
(7021, [34, 20, 23, 2])
(7022, [34])
(7023, [34, 33, 18, 9, 0, 11, 6, 17, 1, 19, 26, 21, 44, 31, 30, 23, 15, 3, 12, 5])
(7024, [34, 20, 11, 7, 29, 1, 19, 26, 44, 36, 31, 24, 4, 15, 3, 12, 2, 14])
(7025, [34, 33, 20, 0, 7, 16, 17, 1, 19, 26, 44, 43, 31, 3, 12, 2, 13, 14, 22])
(7026, [34, 9, 43, 13])
(7027, [34, 33, 20, 18, 0, 16, 6, 1, 43, 23, 3, 2])
(7028, [34, 17, 43, 30, 41, 24])
(7029, [34, 18, 31])
(7030, [34, 18, 9, 11, 1, 8, 21, 38, 3, 12, 22])
(7031, [34, 33, 18, 29, 6, 17, 1, 19, 21, 31, 30, 23, 3, 2, 22])
(7032, [34, 20, 19, 26, 21, 44, 43, 39, 4, 3, 2])
(7033, [34, 19, 8])
(7034, [34])
(7035, [34, 14])
(7036, [34])
(7037, [34, 18, 11, 7, 16, 42, 17, 1, 26, 21, 43, 3])
(7038, [34, 33, 11, 16, 1, 23, 15, 3, 12, 2])
(7039, [34])
(7040, [34])
(7041, [34])
(7042, [34, 11, 26, 41])
(7043, [34, 33, 11, 17, 41, 12, 5])
(7044, [34])
(7045, [34, 21, 3, 22])
(7046, [34, 20, 9, 11, 16, 42, 6, 17, 10, 43, 38, 31, 30, 37, 41, 24, 4, 15, 3, 12, 2, 22])
(7047, [34, 9, 6, 1, 26, 21, 43, 36, 30, 41, 12, 2, 14])
(7048, [34, 9, 0, 11, 7, 16, 6, 17, 1, 43, 30, 41, 23, 15, 3, 12, 40, 2, 14])
(7049, [34, 18, 1, 19, 8, 43, 31, 24, 23, 3, 12])
(7050, [34])
(7051, [34, 0])
(7052, [34, 33, 20, 0, 11, 7, 6, 1, 26, 44, 31, 24, 4, 3, 2])
(7053, [34])
(7054, [34, 20, 18, 9, 0, 11, 7, 16, 1, 10, 26, 31, 30, 41, 24, 23, 4, 15, 3, 12, 2, 13, 14])
(7055, [34])
(7056, [34, 27, 0, 16, 28, 1, 10, 30, 41, 23, 15, 3])
(7057, [34, 2])
(7058, [34, 20, 9, 0, 7, 41, 3, 12, 2])
(7059, [34, 15])
(7060, [34, 33, 20, 18, 9, 0, 11, 7, 16, 17, 1, 19, 26, 21, 44, 43, 41, 24, 23, 4, 15, 3, 12, 2, 13, 14])
(7061, [34, 11, 17, 19, 44, 30, 24, 3, 40, 2])
(7062, [34, 33, 20, 18, 9, 0, 7, 1, 19, 30, 41, 24, 23, 4, 15, 3, 12, 2, 14, 22])
(7063, [34])
(7064, [34, 33, 18, 9, 0, 11, 19, 38, 30, 23, 4, 3, 12, 2])
(7065, [34])
(7066, [34, 18, 9, 0, 11, 6, 1, 10, 19, 26, 43, 39, 41, 24, 3, 2])
(7067, [34])
(7068, [34, 18, 9, 0, 7, 6, 28, 1, 19, 26, 8, 43, 24, 4, 15, 3, 12, 2])
(7069, [34, 33, 20, 9, 0, 11, 7, 17, 1, 19, 21, 44, 30, 15, 3, 12, 2])
(7070, [34, 33, 20, 18, 27, 9, 0, 11, 16, 42, 1, 10, 19, 8, 21, 23, 4, 15, 3, 12, 2, 22])
(7071, [34, 18, 31])
(7072, [34])
(7073, [34, 0, 30])
(7074, [34, 21])
(7075, [33, 3, 2])
(7076, [33, 6, 15])
(7077, [33])
(7078, [33])
(7079, [33])
(7080, [33])
(7081, [33])
(7082, [33, 20, 18, 0, 11, 16, 42, 6, 17, 1, 21, 44, 41, 4, 3, 12, 13])
(7083, [33, 18, 9, 0, 7, 42, 1, 10, 26, 21, 23, 15, 3, 13])
(7084, [33, 20, 9, 0, 11, 31, 41, 24, 12, 2])
(7085, [33, 18, 9, 0, 11, 7, 16, 6, 17, 1, 19, 26, 44, 43, 36, 31, 30, 37, 41, 23, 15, 3, 12, 40, 2, 14, 22, 25])
(7086, [33])
(7087, [33, 9, 0, 16, 1, 44, 23, 4, 2, 14, 25])
(7088, [33])
(7089, [33, 20, 27, 9, 0, 7, 6, 17, 19, 26, 44, 12])
(7090, [33, 20, 11, 7, 42, 28, 1, 19, 43, 31, 41, 4, 3, 2])
(7091, [33, 17, 41, 14])
(7092, [33])
(7093, [33])
(7094, [33, 20, 0, 7, 28, 1, 10, 26, 44, 36, 37, 24, 23, 4, 15, 12, 40, 2, 13, 14])
(7095, [33, 11, 44, 3, 14])
(7096, [33, 18, 0, 42, 6, 28, 26, 44, 43, 38, 41, 40, 2, 14])
(7097, [33])
(7098, [33, 31])
(7099, [33])
(7100, [33])
(7101, [33])
(7102, [33, 20, 18, 7, 6, 1, 19, 26, 21, 44, 30, 41, 3, 14])
(7103, [33, 1, 21, 3, 2])
(7104, [33, 9, 28, 15])
(7105, [33, 18, 31, 37, 23])
(7106, [33, 20, 18, 11, 7, 42, 6, 1, 19, 21, 44, 38, 31, 30, 41, 15, 3, 5, 22])
(7107, [33, 6, 1, 19, 24, 3])
(7108, [33, 20, 18, 0, 28, 19, 26, 44, 43, 31, 30, 41, 24, 4, 15])
(7109, [33, 9, 11, 6, 1, 8, 44, 31, 30, 37, 41, 23, 2, 14, 22])
(7110, [33, 20, 16, 42, 19, 26, 44, 43, 3, 14])
(7111, [33])
(7112, [33])
(7113, [33, 1, 2])
(7114, [33, 16, 1, 44, 31, 3])
(7115, [33, 20, 18, 9, 1, 19, 8, 21, 44, 43, 38, 31, 30, 39, 23, 4, 3, 2, 13, 22, 25])
(7116, [33, 1, 26, 3, 2])
(7117, [33, 9, 11, 19, 31, 30, 23, 2])
(7118, [33])
(7119, [33])
(7120, [20, 7, 42, 1, 21, 39, 3, 2])
(7121, [20])
(7122, [20, 18, 9, 11, 16, 6, 1, 19, 21, 44, 38, 15, 3, 40, 2])
(7123, [20])
(7124, [20, 0, 11, 16, 1, 19, 26, 44, 31, 41, 15, 3, 2])
(7125, [20, 18, 3])
(7126, [20])
(7127, [20, 18, 6, 17, 19, 8, 44, 31, 30, 37, 3, 12, 40, 2])
(7128, [20])
(7129, [20, 9, 11, 1, 19, 26, 21, 44, 43, 41, 3, 12, 2])
(7130, [20])
(7131, [20, 18, 0, 11, 7, 17, 24, 3, 2])
(7132, [20, 1, 2])
(7133, [20, 9, 0, 11, 30, 3, 12, 2])
(7134, [20, 26, 36])
(7135, [20])
(7136, [20, 2])
(7137, [20, 9, 0, 11, 7])
(7138, [20, 6, 1, 26, 43, 31, 30, 41, 23, 15, 12, 40, 2])
(7139, [20, 0, 1, 12])
(7140, [20, 0, 1, 21, 2])
(7141, [20, 0, 28, 1, 21, 44, 41, 3])
(7142, [20])
(7143, [20, 0, 11, 1, 3])
(7144, [20, 9, 0, 7, 16, 42, 1, 21, 44, 15, 3, 12, 22, 25])
(7145, [20])
(7146, [20, 9, 1, 21, 4, 3, 2])
(7147, [20, 1, 3])
(7148, [18])
(7149, [18, 11, 3])
(7150, [18])
(7151, [18])
(7152, [18])
(7153, [18])
(7154, [18])
(7155, [18, 6, 28, 1, 21, 44, 30, 39, 3, 22])
(7156, [18, 0, 7, 1, 19, 38, 23])
(7157, [18, 1])
(7158, [18])
(7159, [18])
(7160, [18])
(7161, [18, 37, 23])
(7162, [18])
(7163, [18])
(7164, [18])
(7165, [18, 0, 42, 6, 17, 26, 44, 43, 41, 12, 2, 13, 14, 25])
(7166, [18, 0, 11, 7, 26, 24, 40, 13])
(7167, [18, 9, 0, 8, 43, 31, 41, 23, 2])
(7168, [18])
(7169, [18, 0, 1, 26, 36, 30, 23, 4, 3, 2])
(7170, [18, 11, 16, 6, 17, 23, 22, 25])
(7171, [18])
(7172, [18, 1, 10, 23, 3])
(7173, [18])
(7174, [18])
(7175, [18, 22])
(7176, [18, 1])
(7177, [18])
(7178, [18, 0, 2])
(7179, [18, 23, 4, 15])
(7180, [18])
(7181, [18, 29, 31, 12])
(7182, [18, 6])
(7183, [18, 9])
(7184, [18, 23])
(7185, [18, 43, 41])
(7186, [18])
(7187, [18])
(7188, [18, 7, 6, 19, 43, 3])
(7189, [18, 27, 0, 42, 6, 10, 26, 44, 41, 23, 15, 12, 2])
(7190, [18])
(7191, [18])
(7192, [18])
(7193, [18, 23])
(7194, [18, 26, 43, 41, 23, 15, 25])
(7195, [18, 29, 19, 43, 23, 15])
(7196, [18])
(7197, [18])
(7198, [18])
(7199, [18, 0])
(7200, [18])
(7201, [18, 0])
(7202, [18, 43])
(7203, [18])
(7204, [18])
(7205, [18, 8, 23])
(7206, [18, 23])
(7207, [18])
(7208, [18, 5])
(7209, [18, 0, 5, 22])
(7210, [18, 43])
(7211, [18])
(7212, [18, 17, 23])
(7213, [18])
(7214, [18, 23])
(7215, [18])
(7216, [18, 23])
(7217, [18, 4])
(7218, [18, 12])
(7219, [18])
(7220, [18])
(7221, [18])
(7222, [18])
(7223, [18])
(7224, [18, 0, 19, 30])
(7225, [18, 26])
(7226, [18])
(7227, [18, 0, 1, 26, 41])
(7228, [18, 23])
(7229, [18])
(7230, [18])
(7231, [18])
(7232, [27, 0, 16, 42, 6, 1, 10, 26, 21, 23, 15, 3, 12, 2, 5])
(7233, [27])
(7234, [27])
(7235, [27])
(7236, [27])
(7237, [27])
(7238, [27])
(7239, [27])
(7240, [27])
(7241, [27])
(7242, [27, 21])
(7243, [9])
(7244, [9, 10])
(7245, [9, 23])
(7246, [9, 11, 7, 17, 1, 19, 26, 8, 21, 44, 43, 31, 37, 4, 3, 12, 2])
(7247, [9])
(7248, [9, 17, 19, 26, 43, 41, 24])
(7249, [9, 0, 11, 6, 1, 26, 21, 31, 4, 2, 22])
(7250, [9, 7, 17, 1, 44, 4, 15, 3, 12, 2])
(7251, [9])
(7252, [9, 17, 1, 19, 44, 43, 41, 24, 23, 4, 15, 40, 2])
(7253, [9, 30, 13, 25])
(7254, [9])
(7255, [9, 0, 1, 38, 4, 22])
(7256, [9, 0, 7, 16, 19, 21, 44, 24, 3, 12, 40, 22])
(7257, [9, 28, 26, 43])
(7258, [9, 30, 39, 23, 22])
(7259, [9, 16, 24])
(7260, [9, 0, 17, 36, 2])
(7261, [9])
(7262, [9])
(7263, [9, 0, 6, 15, 3, 12])
(7264, [9])
(7265, [9, 15])
(7266, [9, 0, 6, 10, 19, 43, 15, 12, 2])
(7267, [9, 16, 17, 19, 44, 43, 41, 15, 40, 2, 14])
(7268, [9])
(7269, [9])
(7270, [9])
(7271, [9])
(7272, [9])
(7273, [9])
(7274, [9])
(7275, [9])
(7276, [9])
(7277, [9, 1, 26, 24, 23, 3, 12, 2])
(7278, [9])
(7279, [9])
(7280, [9])
(7281, [9, 26, 44, 15, 2, 13])
(7282, [9])
(7283, [9, 1, 3])
(7284, [9, 0, 7, 16, 6, 26, 44, 12, 13])
(7285, [9, 37])
(7286, [9])
(7287, [9])
(7288, [9, 0, 10, 12])
(7289, [9, 21, 3, 12])
(7290, [9])
(7291, [9, 0, 43, 24])
(7292, [9])
(7293, [9])
(7294, [9, 0, 1, 3, 12])
(7295, [9, 17])
(7296, [9, 41])
(7297, [9, 1, 31, 3])
(7298, [9])
(7299, [0])
(7300, [0, 12])
(7301, [0, 12])
(7302, [0, 12])
(7303, [0])
(7304, [0])
(7305, [0])
(7306, [0])
(7307, [0, 12])
(7308, [0])
(7309, [0, 6, 26, 41, 15, 12, 13])
(7310, [0])
(7311, [0])
(7312, [0, 11])
(7313, [0])
(7314, [0])
(7315, [0])
(7316, [0, 15, 3, 12])
(7317, [0])
(7318, [0])
(7319, [0])
(7320, [0])
(7321, [0])
(7322, [0, 12])
(7323, [0, 3])
(7324, [0])
(7325, [0])
(7326, [0])
(7327, [0])
(7328, [0, 19, 36])
(7329, [0])
(7330, [0])
(7331, [0])
(7332, [0, 1])
(7333, [0])
(7334, [0])
(7335, [0])
(7336, [0])
(7337, [0, 36, 31, 30, 41, 24, 4, 2, 13])
(7338, [0])
(7339, [0, 2])
(7340, [0])
(7341, [0])
(7342, [0, 1, 10, 21, 39, 3, 12])
(7343, [0])
(7344, [0])
(7345, [0])
(7346, [0, 12])
(7347, [0])
(7348, [0])
(7349, [0, 7, 16, 6, 17, 26, 43, 3, 12, 2])
(7350, [0])
(7351, [0])
(7352, [0, 12])
(7353, [0, 43])
(7354, [0])
(7355, [0])
(7356, [0, 43, 12])
(7357, [0, 43])
(7358, [0])
(7359, [0])
(7360, [0])
(7361, [0])
(7362, [0])
(7363, [0])
(7364, [0])
(7365, [0])
(7366, [0])
(7367, [0, 30, 14])
(7368, [0])
(7369, [0])
(7370, [0, 23, 3])
(7371, [0])
(7372, [0, 24])
(7373, [0])
(7374, [0])
(7375, [0])
(7376, [0])
(7377, [0])
(7378, [0])
(7379, [0])
(7380, [0, 41, 24, 2])
(7381, [0])
(7382, [0])
(7383, [0])
(7384, [0])
(7385, [0])
(7386, [0])
(7387, [0])
(7388, [0])
(7389, [0, 12])
(7390, [0])
(7391, [0])
(7392, [0])
(7393, [0])
(7394, [0])
(7395, [0])
(7396, [0])
(7397, [0])
(7398, [0, 2])
(7399, [0])
(7400, [0])
(7401, [0, 30])
(7402, [0])
(7403, [0])
(7404, [0])
(7405, [0])
(7406, [0])
(7407, [0])
(7408, [0])
(7409, [0])
(7410, [0])
(7411, [0])
(7412, [0, 4])
(7413, [0])
(7414, [0, 11, 1, 21, 3, 12, 14])
(7415, [0])
(7416, [0, 16, 42, 28, 1, 19, 36, 3, 12, 2])
(7417, [0])
(7418, [0])
(7419, [0, 1, 12])
(7420, [0])
(7421, [0, 1])
(7422, [0])
(7423, [0])
(7424, [0])
(7425, [0])
(7426, [0])
(7427, [0])
(7428, [0])
(7429, [0])
(7430, [0])
(7431, [0])
(7432, [0])
(7433, [0])
(7434, [0])
(7435, [0])
(7436, [0])
(7437, [0])
(7438, [0])
(7439, [0, 40])
(7440, [0])
(7441, [0])
(7442, [0])
(7443, [0])
(7444, [0, 1])
(7445, [0])
(7446, [0])
(7447, [0])
(7448, [0])
(7449, [0, 12])
(7450, [0])
(7451, [0])
(7452, [0])
(7453, [0])
(7454, [0, 41])
(7455, [0])
(7456, [0])
(7457, [0, 39, 12, 2])
(7458, [0])
(7459, [0, 16, 42, 3])
(7460, [0, 26, 44, 4, 2, 22])
(7461, [0])
(7462, [0, 31, 12])
(7463, [0, 36, 12])
(7464, [0])
(7465, [0, 7])
(7466, [0])
(7467, [0])
(7468, [0])
(7469, [0, 12])
(7470, [0])
(7471, [0, 12])
(7472, [0])
(7473, [0])
(7474, [0])
(7475, [0])
(7476, [0])
(7477, [0, 31])
(7478, [0])
(7479, [0])
(7480, [0])
(7481, [0, 12])
(7482, [0])
(7483, [0, 16, 1, 3])
(7484, [0])
(7485, [0])
(7486, [0, 42, 44, 3, 12])
(7487, [0])
(7488, [0])
(7489, [0])
(7490, [0])
(7491, [0, 11, 1, 44])
(7492, [0])
(7493, [0])
(7494, [0])
(7495, [0])
(7496, [0])
(7497, [0])
(7498, [0])
(7499, [0])
(7500, [0])
(7501, [0])
(7502, [0])
(7503, [0])
(7504, [0])
(7505, [0, 41])
(7506, [0])
(7507, [0])
(7508, [0])
(7509, [0])
(7510, [0])
(7511, [0])
(7512, [0])
(7513, [0])
(7514, [0])
(7515, [0])
(7516, [0])
(7517, [0])
(7518, [0])
(7519, [0])
(7520, [0])
(7521, [0])
(7522, [0])
(7523, [0])
(7524, [0])
(7525, [0])
(7526, [0])
(7527, [0, 2])
(7528, [0])
(7529, [0])
(7530, [0, 42, 6, 1, 19, 3, 2, 22])
(7531, [0])
(7532, [0])
(7533, [0, 42])
(7534, [0])
(7535, [0])
(7536, [0, 12])
(7537, [0])
(7538, [0])
(7539, [11, 3])
(7540, [11])
(7541, [11, 17, 22])
(7542, [11])
(7543, [11])
(7544, [11, 4])
(7545, [11])
(7546, [11, 1, 21, 3])
(7547, [11, 7, 1, 44, 2, 13])
(7548, [11, 21, 44, 41, 3, 13])
(7549, [11, 14])
(7550, [11])
(7551, [11, 17, 1, 30, 2])
(7552, [11])
(7553, [11])
(7554, [11])
(7555, [11])
(7556, [11, 8, 23, 5])
(7557, [11, 1, 3, 22])
(7558, [11, 1, 31, 23, 15, 22])
(7559, [11])
(7560, [11, 15, 2, 14, 22])
(7561, [11])
(7562, [11])
(7563, [11, 3, 12, 14])
(7564, [7])
(7565, [7])
(7566, [7])
(7567, [7])
(7568, [7, 17, 1, 43, 30, 41, 15, 3])
(7569, [7])
(7570, [7])
(7571, [7])
(7572, [7])
(7573, [7])
(7574, [29])
(7575, [29, 19])
(7576, [16])
(7577, [16])
(7578, [16])
(7579, [16, 10, 15, 12, 5])
(7580, [16, 21, 38, 36])
(7581, [16])
(7582, [16, 4])
(7583, [16])
(7584, [16])
(7585, [16, 44, 4])
(7586, [16])
(7587, [16])
(7588, [16, 1, 19, 44, 31, 41, 4, 3, 40])
(7589, [16, 28])
(7590, [16])
(7591, [16])
(7592, [42])
(7593, [42])
(7594, [42, 41])
(7595, [42, 6, 26, 44, 43, 30, 41, 24, 3, 2])
(7596, [6, 43])
(7597, [6, 2])
(7598, [6])
(7599, [6])
(7600, [6])
(7601, [6])
(7602, [6, 15])
(7603, [6])
(7604, [6, 28])
(7605, [6, 17, 19, 44, 23, 3, 22])
(7606, [6, 23, 4, 40, 2])
(7607, [28, 26, 44, 24, 2])
(7608, [28])
(7609, [28])
(7610, [17])
(7611, [17])
(7612, [17, 44, 15])
(7613, [17, 22])
(7614, [17])
(7615, [17, 1, 19, 26, 23, 12])
(7616, [17])
(7617, [17])
(7618, [17])
(7619, [17])
(7620, [17, 43, 23])
(7621, [17, 2])
(7622, [17])
(7623, [17, 12, 2])
(7624, [17])
(7625, [17, 12])
(7626, [17, 41, 2])
(7627, [17, 30, 2])
(7628, [17])
(7629, [17, 36, 14])
(7630, [17, 14])
(7631, [1, 21])
(7632, [1])
(7633, [1])
(7634, [1])
(7635, [1])
(7636, [1, 3])
(7637, [1, 21, 2])
(7638, [1, 21])
(7639, [1, 41])
(7640, [1])
(7641, [1, 4])
(7642, [1])
(7643, [1])
(7644, [1])
(7645, [1, 39])
(7646, [1, 21])
(7647, [1])
(7648, [1])
(7649, [1, 3])
(7650, [1])
(7651, [1])
(7652, [1])
(7653, [1, 22])
(7654, [1, 19])
(7655, [1, 3])
(7656, [1, 4])
(7657, [1, 3])
(7658, [1])
(7659, [1])
(7660, [1])
(7661, [1, 3])
(7662, [1])
(7663, [1])
(7664, [1, 8, 3, 22])
(7665, [1])
(7666, [1, 43])
(7667, [1])
(7668, [1, 19, 26, 44, 43, 31, 24, 12])
(7669, [1])
(7670, [1, 2])
(7671, [1, 19, 21, 23, 3])
(7672, [1, 21, 39, 3])
(7673, [1])
(7674, [1])
(7675, [1])
(7676, [1])
(7677, [10, 21, 3])
(7678, [10, 14])
(7679, [10])
(7680, [10, 26, 4])
(7681, [10])
(7682, [10])
(7683, [10])
(7684, [10, 44, 12])
(7685, [10])
(7686, [10])
(7687, [19])
(7688, [19])
(7689, [19, 44])
(7690, [19])
(7691, [19, 26, 23, 3])
(7692, [19])
(7693, [19])
(7694, [19, 3])
(7695, [19, 25])
(7696, [19, 26, 41, 40, 2])
(7697, [19])
(7698, [19, 43])
(7699, [19, 44, 24, 5, 14])
(7700, [19, 26, 41])
(7701, [19, 36, 41, 2])
(7702, [19])
(7703, [19])
(7704, [19])
(7705, [19])
(7706, [19, 44])
(7707, [19])
(7708, [19])
(7709, [19])
(7710, [26])
(7711, [26])
(7712, [26, 43, 2, 13])
(7713, [26])
(7714, [26])
(7715, [26, 43])
(7716, [26, 23])
(7717, [26])
(7718, [26, 30, 15])
(7719, [26])
(7720, [26])
(7721, [26])
(7722, [8, 21])
(7723, [8])
(7724, [8])
(7725, [8])
(7726, [8])
(7727, [8])
(7728, [8, 5])
(7729, [8])
(7730, [8])
(7731, [8])
(7732, [8])
(7733, [8])
(7734, [8])
(7735, [8, 23])
(7736, [8])
(7737, [8])
(7738, [21])
(7739, [21])
(7740, [21])
(7741, [21])
(7742, [21, 3, 12])
(7743, [21])
(7744, [21])
(7745, [21])
(7746, [21])
(7747, [21])
(7748, [21, 12])
(7749, [21])
(7750, [21])
(7751, [21, 44])
(7752, [21, 43, 3])
(7753, [21])
(7754, [21])
(7755, [21, 41])
(7756, [21])
(7757, [21])
(7758, [21])
(7759, [21])
(7760, [21])
(7761, [21])
(7762, [21])
(7763, [21])
(7764, [21])
(7765, [21, 40, 2])
(7766, [21, 23])
(7767, [21])
(7768, [21])
(7769, [21, 3])
(7770, [21])
(7771, [21])
(7772, [21])
(7773, [21])
(7774, [21])
(7775, [21])
(7776, [21])
(7777, [21])
(7778, [21])
(7779, [21])
(7780, [44])
(7781, [44])
(7782, [44])
(7783, [44])
(7784, [44, 4, 13])
(7785, [44])
(7786, [44])
(7787, [44])
(7788, [44])
(7789, [44, 3])
(7790, [44])
(7791, [44])
(7792, [44])
(7793, [44])
(7794, [44])
(7795, [44])
(7796, [43])
(7797, [43])
(7798, [43, 41, 2])
(7799, [43])
(7800, [43])
(7801, [43, 3, 12, 2])
(7802, [43])
(7803, [43, 4, 12, 13])
(7804, [43])
(7805, [43])
(7806, [43])
(7807, [43])
(7808, [43])
(7809, [43])
(7810, [43])
(7811, [43])
(7812, [43])
(7813, [43])
(7814, [43])
(7815, [43])
(7816, [43])
(7817, [43])
(7818, [43, 23])
(7819, [43])
(7820, [43])
(7821, [43])
(7822, [43])
(7823, [43])
(7824, [43])
(7825, [43])
(7826, [43])
(7827, [38, 3, 13, 22])
(7828, [36])
(7829, [36])
(7830, [36])
(7831, [36])
(7832, [36])
(7833, [36])
(7834, [36])
(7835, [36])
(7836, [36])
(7837, [36])
(7838, [36])
(7839, [36])
(7840, [36])
(7841, [36])
(7842, [36])
(7843, [36, 14])
(7844, [36])
(7845, [36])
(7846, [36])
(7847, [36])
(7848, [36, 30])
(7849, [36])
(7850, [36])
(7851, [36])
(7852, [36])
(7853, [36])
(7854, [36])
(7855, [36])
(7856, [36])
(7857, [36])
(7858, [36])
(7859, [36])
(7860, [31, 41])
(7861, [31])
(7862, [31, 23, 15, 40])
(7863, [31])
(7864, [31])
(7865, [31])
(7866, [31])
(7867, [31, 13])
(7868, [31])
(7869, [31])
(7870, [31])
(7871, [31])
(7872, [31])
(7873, [31])
(7874, [30])
(7875, [30])
(7876, [30])
(7877, [30])
(7878, [30])
(7879, [30, 41])
(7880, [30, 23])
(7881, [37])
(7882, [37])
(7883, [37])
(7884, [37])
(7885, [39])
(7886, [39, 22])
(7887, [39])
(7888, [41])
(7889, [41])
(7890, [41])
(7891, [41])
(7892, [41])
(7893, [41, 2])
(7894, [41])
(7895, [41])
(7896, [41, 2, 14])
(7897, [41])
(7898, [41])
(7899, [41])
(7900, [41])
(7901, [24])
(7902, [24])
(7903, [24, 4])
(7904, [24])
(7905, [24])
(7906, [24])
(7907, [23])
(7908, [23])
(7909, [23])
(7910, [23])
(7911, [23])
(7912, [23])
(7913, [23])
(7914, [23])
(7915, [23])
(7916, [23])
(7917, [23])
(7918, [23])
(7919, [23])
(7920, [23])
(7921, [23])
(7922, [23])
(7923, [23])
(7924, [23, 12])
(7925, [23])
(7926, [23])
(7927, [23])
(7928, [23])
(7929, [23])
(7930, [23])
(7931, [23])
(7932, [23])
(7933, [23])
(7934, [23])
(7935, [23])
(7936, [23])
(7937, [23, 2])
(7938, [23])
(7939, [23])
(7940, [23])
(7941, [23])
(7942, [23])
(7943, [23])
(7944, [23])
(7945, [23])
(7946, [23])
(7947, [23])
(7948, [23])
(7949, [23])
(7950, [23])
(7951, [4])
(7952, [4])
(7953, [4])
(7954, [4])
(7955, [4])
(7956, [4])
(7957, [4])
(7958, [4, 14])
(7959, [4])
(7960, [4])
(7961, [4])
(7962, [4, 2, 13])
(7963, [4])
(7964, [4])
(7965, [15])
(7966, [15])
(7967, [15])
(7968, [15])
(7969, [15])
(7970, [15])
(7971, [15])
(7972, [15])
(7973, [15])
(7974, [15])
(7975, [15])
(7976, [15, 2])
(7977, [15, 12])
(7978, [15])
(7979, [3])
(7980, [3])
(7981, [3])
(7982, [3])
(7983, [3, 12])
(7984, [3, 12])
(7985, [3])
(7986, [3])
(7987, [3])
(7988, [3])
(7989, [3])
(7990, [3])
(7991, [3])
(7992, [3])
(7993, [3])
(7994, [3])
(7995, [3])
(7996, [3])
(7997, [3])
(7998, [3])
(7999, [3])
(8000, [3])
(8001, [3])
(8002, [3])
(8003, [3])
(8004, [3])
(8005, [3])
(8006, [3])
(8007, [3])
(8008, [3])
(8009, [3])
(8010, [3])
(8011, [3])
(8012, [3])
(8013, [3])
(8014, [3])
(8015, [3])
(8016, [3])
(8017, [12])
(8018, [12])
(8019, [12])
(8020, [12])
(8021, [12])
(8022, [12])
(8023, [12])
(8024, [12])
(8025, [12])
(8026, [12])
(8027, [12])
(8028, [12])
(8029, [12, 2])
(8030, [12])
(8031, [12])
(8032, [12])
(8033, [12])
(8034, [12])
(8035, [12])
(8036, [12])
(8037, [12])
(8038, [12])
(8039, [12])
(8040, [12])
(8041, [12])
(8042, [12])
(8043, [12])
(8044, [12])
(8045, [12])
(8046, [12])
(8047, [12])
(8048, [12])
(8049, [12])
(8050, [12])
(8051, [12])
(8052, [12])
(8053, [12])
(8054, [12])
(8055, [12])
(8056, [12])
(8057, [12])
(8058, [12])
(8059, [12])
(8060, [12])
(8061, [12])
(8062, [12])
(8063, [12])
(8064, [12])
(8065, [12])
(8066, [12])
(8067, [12])
(8068, [12])
(8069, [12])
(8070, [12])
(8071, [12])
(8072, [12])
(8073, [12])
(8074, [12])
(8075, [12])
(8076, [12])
(8077, [12])
(8078, [12])
(8079, [12])
(8080, [12])
(8081, [40])
(8082, [40])
(8083, [40])
(8084, [2])
(8085, [2])
(8086, [2])
(8087, [2])
(8088, [2])
(8089, [2])
(8090, [2])
(8091, [2])
(8092, [2])
(8093, [2])
(8094, [2])
(8095, [2])
(8096, [2])
(8097, [2])
(8098, [2])
(8099, [2])
(8100, [2])
(8101, [2])
(8102, [2])
(8103, [2])
(8104, [2])
(8105, [2])
(8106, [2])
(8107, [2])
(8108, [2])
(8109, [2])
(8110, [2])
(8111, [2])
(8112, [2])
(8113, [2])
(8114, [2])
(8115, [2])
(8116, [2])
(8117, [2])
(8118, [2])
(8119, [2])
(8120, [2])
(8121, [2])
(8122, [2, 14])
(8123, [2])
(8124, [2])
(8125, [2])
(8126, [2])
(8127, [2])
(8128, [2])
(8129, [2])
(8130, [2])
(8131, [2])
(8132, [2])
(8133, [2])
(8134, [2])
(8135, [2])
(8136, [2])
(8137, [2])
(8138, [2])
(8139, [2])
(8140, [2])
(8141, [2])
(8142, [2])
(8143, [2])
(8144, [2])
(8145, [2])
(8146, [2])
(8147, [2])
(8148, [2])
(8149, [2])
(8150, [2])
(8151, [2])
(8152, [2])
(8153, [2])
(8154, [13])
(8155, [13])
(8156, [13])
(8157, [5])
(8158, [5])
(8159, [5])
(8160, [5])
(8161, [5])
(8162, [5])
(8163, [5])
(8164, [14])
(8165, [14])
(8166, [14])
(8167, [14])
(8168, [14])
(8169, [14])
(8170, [14])
(8171, [14])
(8172, [14])
(8173, [14])
(8174, [14])
(8175, [14])
(8176, [14])
(8177, [14])
(8178, [14])
(8179, [14])
(8180, [14])
(8181, [14])
(8182, [14])
(8183, [14])
(8184, [14])
(8185, [14])
(8186, [14])
(8187, [22])
(8188, [22])
(8189, [22])
(8190, [22])
(8191, [22])
(8192, [22])
(8193, [22])
(8194, [22])
(8195, [22])
(8196, [22])
(8197, [22])
(8198, [22])
