(100145, [32, 35, 34, 33, 20, 18, 27, 9, 0, 11, 7, 29, 16, 42, 6, 28, 17, 1, 10, 19, 26, 8, 21, 44, 43, 38, 36, 31, 30, 37, 39, 41, 24, 23, 4, 15, 3, 12, 40, 2, 13, 5, 14, 22, 25])
(100146, [32, 35, 20, 18, 17, 8, 43, 41, 23, 12])
(100147, [32, 18, 17, 43])
(100148, [32, 35, 34, 33, 20, 18, 27, 9, 0, 11, 7, 29, 16, 42, 6, 28, 17, 1, 10, 19, 26, 8, 21, 44, 43, 38, 36, 31, 30, 37, 39, 41, 24, 23, 4, 15, 3, 12, 40, 2, 13, 5, 14, 22, 25])
(100149, [32, 35, 34, 33, 20, 18, 27, 9, 0, 11, 7, 29, 16, 42, 6, 28, 17, 1, 10, 19, 26, 8, 21, 44, 43, 38, 36, 31, 30, 37, 39, 41, 24, 23, 4, 15, 3, 12, 40, 2, 13, 5, 14, 22, 25])
(100150, [32, 35, 34, 33, 20, 18, 27, 9, 0, 11, 7, 29, 16, 42, 6, 28, 17, 1, 10, 19, 26, 8, 21, 44, 43, 38, 36, 31, 30, 37, 39, 41, 24, 23, 4, 15, 3, 12, 40, 2, 13, 5, 14, 22, 25])
(100151, [32, 35, 34, 33, 20, 18, 27, 9, 0, 11, 7, 29, 16, 42, 6, 28, 17, 1, 10, 19, 26, 8, 21, 44, 43, 38, 36, 31, 30, 37, 39, 41, 24, 23, 4, 15, 3, 12, 40, 2, 13, 5, 14, 22, 25])
(100152, [32, 35, 34, 33, 20, 18, 27, 9, 0, 11, 7, 29, 16, 42, 6, 28, 17, 1, 10, 19, 26, 8, 21, 44, 43, 38, 36, 31, 30, 37, 39, 41, 24, 23, 4, 15, 3, 12, 40, 2, 13, 5, 14, 22, 25])
(100153, [32, 35, 34, 33, 27, 0, 7, 1, 44, 36, 31, 30, 23, 15, 3, 12])
(100154, [32, 35, 34, 33, 20, 18, 9, 0, 11, 7, 16, 6, 28, 17, 1, 10, 19, 26, 21, 44, 43, 36, 31, 30, 39, 41, 24, 23, 4, 15, 3, 12, 40, 2, 13, 14, 25])
(100155, [32, 34, 33, 20, 18, 27, 9, 0, 11, 7, 42, 6, 28, 17, 1, 19, 26, 44, 43, 36, 31, 30, 41, 24, 23, 4, 15, 3, 12, 40, 2, 13, 14, 22, 25])
(100156, [32, 34, 33, 20, 18, 27, 9, 0, 11, 7, 16, 42, 6, 28, 17, 1, 10, 19, 26, 21, 44, 43, 36, 31, 30, 37, 39, 41, 24, 23, 4, 15, 3, 12, 40, 2, 13, 14, 22])
(100157, [32, 35, 34, 33, 20, 18, 27, 9, 0, 11, 7, 16, 42, 6, 28, 17, 1, 19, 26, 8, 21, 44, 43, 36, 31, 30, 37, 39, 41, 24, 23, 4, 15, 3, 12, 40, 2, 13, 5, 14, 22, 25])
(100158, [32, 35, 34, 33, 18, 9, 11, 7, 29, 16, 6, 28, 17, 1, 19, 26, 8, 21, 44, 43, 36, 31, 30, 37, 41, 24, 23, 4, 15, 3, 12, 40, 2, 13, 14, 22])
(100159, [32])
(100160, [32, 35, 34, 33, 20, 18, 27, 9, 0, 11, 7, 16, 42, 6, 17, 1, 19, 26, 8, 21, 44, 43, 38, 36, 31, 30, 41, 24, 23, 4, 15, 3, 12, 40, 2, 13, 5, 14])
(100161, [32, 35, 34, 33, 20, 18, 9, 11, 7, 42, 6, 17, 1, 19, 26, 8, 21, 44, 43, 31, 30, 37, 41, 24, 23, 4, 15, 3, 12, 2, 5, 14, 22])
(100162, [32, 35, 33, 20, 18, 27, 9, 0, 11, 7, 29, 16, 42, 6, 17, 1, 10, 19, 26, 8, 21, 44, 43, 31, 30, 41, 24, 23, 4, 15, 3, 12, 40, 2, 13, 5, 14, 22, 25])
(100163, [32, 16, 19, 44, 41])
(100164, [32, 35, 34, 33, 20, 18, 27, 9, 0, 11, 7, 29, 16, 42, 6, 28, 17, 1, 10, 19, 26, 8, 21, 44, 43, 38, 36, 31, 30, 37, 39, 41, 24, 23, 4, 15, 3, 12, 40, 2, 13, 5, 14, 22, 25])
(100165, [32, 34, 18, 9, 0, 11, 7, 16, 17, 1, 10, 19, 26, 44, 36, 31, 30, 41, 24, 4, 15, 3, 12, 2, 25])
(100166, [32, 34, 20, 18, 0, 11, 7, 6, 1, 19, 26, 21, 44, 31, 30, 39, 24, 4, 15, 3, 2])
(100167, [32, 34, 33, 20, 18, 9, 0, 11, 7, 16, 6, 17, 1, 26, 44, 43, 31, 30, 39, 41, 24, 4, 15, 3, 12, 40, 2, 14])
(100168, [32, 35, 20, 9, 16, 6, 1, 19, 26, 43, 31, 30, 39, 24, 4, 15, 3, 12, 2, 13, 14])
(100169, [32, 34, 33, 20, 18, 9, 0, 11, 7, 29, 1, 19, 26, 21, 44, 43, 31, 30, 37, 39, 41, 24, 23, 15, 3, 40, 2, 13, 22])
(100170, [32, 34, 33, 20, 18, 9, 0, 11, 7, 16, 42, 6, 1, 19, 21, 44, 43, 38, 31, 30, 39, 24, 23, 4, 15, 3, 12, 40, 2, 22])
(100171, [32, 35, 34, 33, 20, 18, 27, 9, 0, 11, 7, 16, 42, 6, 28, 17, 1, 10, 19, 26, 8, 21, 44, 43, 38, 31, 30, 37, 41, 24, 23, 4, 15, 3, 12, 40, 2, 5, 14, 22])
(100172, [32, 35, 34, 33, 18, 9, 0, 11, 7, 29, 16, 42, 6, 17, 1, 19, 26, 8, 21, 44, 43, 36, 31, 30, 37, 39, 41, 24, 23, 4, 15, 3, 12, 40, 2, 13, 5, 22])
(100173, [32, 16, 6])
(100174, [32, 34, 11, 6, 1, 19, 26, 15, 40, 2])
(100175, [32, 33, 6, 17, 26, 43, 31, 30, 39, 41, 24, 4, 15, 12, 40, 2, 14])
(100176, [32, 34, 20, 27, 9, 0, 11, 16, 17, 19, 26, 44, 43, 30, 41, 24, 15, 3, 12, 40, 2, 14])
(100177, [32, 35, 34, 20, 27, 9, 11, 16, 42, 6, 17, 1, 19, 26, 8, 21, 43, 38, 31, 30, 37, 24, 23, 4, 15, 3, 12, 2, 22])
(100178, [32, 34, 33, 18, 9, 0, 11, 7, 6, 17, 1, 19, 26, 21, 44, 43, 31, 37, 23, 4, 15, 3, 12, 2])
(100179, [32, 11, 17, 31, 30, 41, 24])
(100180, [32, 33, 20, 18, 27, 9, 0, 11, 7, 16, 6, 17, 1, 19, 26, 8, 44, 43, 36, 37, 39, 41, 23, 4, 15, 3, 12, 2, 13, 14, 22])
(100181, [32, 33, 20, 0, 16, 17, 19, 43, 31, 30, 41, 15, 12, 2])
(100182, [32, 27, 9, 0, 11, 16, 6, 1, 10, 19, 44, 43, 36, 31, 41, 23, 4, 3, 12])
(100183, [32, 33, 18, 9, 0, 11, 16, 17, 1, 19, 26, 8, 21, 44, 43, 31, 30, 24, 23, 3, 12, 40, 2, 22])
(100184, [32, 35, 34, 33, 18, 27, 9, 0, 11, 16, 42, 6, 28, 17, 1, 19, 26, 8, 44, 43, 36, 31, 30, 41, 24, 23, 4, 15, 3, 40, 2, 13, 14, 25])
(100185, [32, 34, 33, 18, 0, 7, 6, 1, 21, 43, 31, 30, 4, 15, 3, 12, 2, 22])
(100186, [32, 20, 18, 9, 0, 7, 42, 6, 1, 19, 26, 8, 43, 31, 4, 3, 12, 22])
(100187, [32, 34, 33, 18, 27, 9, 0, 11, 7, 29, 16, 42, 6, 17, 1, 19, 26, 8, 21, 44, 43, 36, 31, 30, 39, 41, 24, 23, 4, 15, 3, 12, 40, 2, 13, 22, 25])
(100188, [32, 34, 33, 9, 17, 26, 43, 30, 24, 23, 15, 2])
(100189, [32, 34, 33, 20, 18, 27, 9, 0, 11, 7, 16, 42, 6, 28, 17, 1, 10, 19, 26, 8, 21, 44, 43, 38, 31, 30, 41, 23, 4, 15, 3, 12, 40, 2, 13, 14, 22])
(100190, [32, 34, 33, 20, 18, 9, 11, 7, 29, 16, 42, 6, 17, 1, 10, 19, 26, 8, 21, 44, 43, 31, 30, 41, 24, 23, 4, 15, 3, 12, 40, 2, 13, 22])
(100191, [32, 33, 18, 9, 11, 7, 42, 6, 1, 19, 26, 8, 21, 44, 31, 30, 3, 40, 2, 13, 5, 22])
(100192, [32, 20, 0, 11, 1, 19, 4, 3, 2])
(100193, [32])
(100194, [32, 34, 33, 18, 27, 9, 16, 6, 1, 19, 26, 8, 44, 43, 38, 41, 23, 4, 15, 3, 12, 2, 5])
(100195, [32, 11, 16, 28, 17, 1, 41, 4, 15, 12, 2, 14])
(100196, [32, 34, 33, 20, 18, 27, 9, 0, 11, 7, 16, 17, 19, 26, 8, 43, 31, 41, 4, 15, 3, 12, 40, 2, 13, 14])
(100197, [32, 30, 40])
(100198, [32, 33, 18])
(100199, [32, 34, 33, 20, 18, 9, 0, 11, 7, 6, 28, 17, 1, 10, 19, 26, 44, 43, 31, 30, 41, 24, 23, 4, 15, 3, 2, 13])
(100200, [32, 35, 34, 20, 0, 7, 6, 17, 26, 44, 43, 36, 31, 30, 37, 41, 24, 23, 15, 3, 40, 2])
(100201, [32, 35, 34, 33, 20, 18, 9, 0, 11, 16, 6, 28, 17, 1, 10, 19, 26, 44, 43, 30, 41, 23, 4, 15, 3, 12, 2, 13, 14])
(100202, [32, 35, 34, 20, 9, 0, 6, 17, 1, 26, 44, 43, 38, 36, 30, 41, 24, 4, 15, 3, 2, 14, 22])
(100203, [32, 18, 11, 7, 6, 1, 19, 44, 43, 31, 41, 24, 23, 3, 2, 22])
(100204, [32, 9, 19])
(100205, [32, 35, 33, 18, 7, 6, 1, 26, 8, 30, 24, 23, 4, 3, 12, 2, 5, 14])
(100206, [32, 18, 27, 9, 0, 16, 6, 1, 21, 43, 39, 24, 23, 3, 12, 13, 22])
(100207, [32, 20, 18, 9, 16, 28, 17, 1, 10, 19, 38, 37, 41, 24, 23, 4, 15, 3, 40, 2, 22])
(100208, [32, 20, 18, 0, 42, 6, 44, 43, 39, 2])
(100209, [32, 0, 6, 43, 41, 23, 4, 15, 2])
(100210, [32, 35, 34, 33, 20, 18, 0, 11, 7, 42, 6, 28, 1, 26, 8, 21, 44, 31, 4, 15, 3, 2, 14])
(100211, [32, 18, 21, 23])
(100212, [32, 31])
(100213, [32, 6, 26, 36, 2])
(100214, [32, 34, 33, 18, 27, 9, 0, 11, 7, 16, 6, 17, 1, 19, 26, 21, 44, 43, 31, 30, 41, 23, 4, 15, 3, 12, 40, 2, 13, 14, 22])
(100215, [32, 34, 0, 43, 12])
(100216, [32, 34, 33, 18, 0, 1, 31, 12, 2])
(100217, [32])
(100218, [32, 34, 33, 18, 9, 0, 11, 16, 6, 28, 17, 1, 8, 21, 44, 36, 30, 41, 24, 4, 15, 3, 12, 40, 2, 14])
(100219, [32, 0, 19, 23])
(100220, [32, 9, 17])
(100221, [32, 33, 9, 11, 42, 6, 17, 1, 19, 21, 44, 43, 31, 30, 39, 41, 23, 4, 15, 3, 12, 2, 13, 22])
(100222, [32, 20, 11, 7, 16, 1, 19, 26, 21, 44, 30, 15, 3, 12, 2, 22])
(100223, [32, 34, 33, 20, 18, 9, 0, 11, 7, 29, 16, 42, 17, 1, 19, 26, 8, 21, 44, 38, 31, 30, 41, 24, 23, 15, 3, 12, 40, 2, 14, 22])
(100224, [32, 4])
(100225, [32, 34, 33, 6, 31, 30, 15])
(100226, [32, 33, 18, 9, 1, 19, 31, 30, 23, 12, 2, 14])
(100227, [32, 9, 6, 19, 38, 3, 2])
(100228, [32, 35, 18, 7, 1, 21])
(100229, [32, 3])
(100230, [32, 34, 33, 18, 11, 29, 1, 19, 26, 8, 21, 43, 31, 30, 41, 4, 15, 3, 40, 2, 13, 14])
(100231, [32, 33, 20, 18, 9, 0, 7, 16, 42, 6, 17, 1, 19, 26, 8, 21, 44, 43, 31, 30, 39, 41, 23, 4, 15, 3, 2, 5])
(100232, [32, 9, 17, 44, 43, 41, 2])
(100233, [32, 9, 11, 16, 21, 44, 12, 13])
(100234, [32, 0, 11, 17, 1, 19, 26, 44, 23, 3, 12, 2, 14])
(100235, [32, 33, 9, 6, 17, 1, 19, 26, 21, 44, 43, 38, 30, 41, 24, 4, 15, 12, 40, 2, 13, 14, 22])
(100236, [32, 31])
(100237, [32, 34, 20, 18, 9, 0, 11, 1, 44, 31, 39, 3])
(100238, [32])
(100239, [32, 34, 33, 18, 9, 11, 16, 6, 26, 8, 44, 43, 31, 41, 15, 3, 12, 2, 14, 22])
(100240, [32])
(100241, [32, 17])
(100242, [32, 34, 20, 9, 0, 7, 42, 6, 17, 1, 10, 19, 26, 36, 30, 23, 4, 15, 3, 12, 2, 13, 5, 14])
(100243, [32, 9, 0, 11, 1, 41, 23, 2])
(100244, [32, 33, 11, 17, 19, 31, 30, 41, 24, 15, 3, 2])
(100245, [32, 15, 2])
(100246, [32, 34, 33, 20, 9, 0, 11, 16, 6, 1, 26, 44, 43, 31, 3, 12, 2])
(100247, [32, 35, 9, 17, 21, 44, 43, 38, 39, 2])
(100248, [32, 34, 2])
(100249, [32, 34, 33, 20, 18, 9, 0, 11, 7, 16, 42, 6, 1, 19, 26, 8, 21, 44, 43, 31, 39, 23, 4, 3, 12, 40, 2])
(100250, [32, 33, 0, 11, 31, 30, 12])
(100251, [32, 34, 33, 20, 18, 11, 7, 16, 1, 10, 8, 44, 31, 30, 41, 4, 15, 3, 12, 2, 22, 25])
(100252, [32, 35, 34, 11, 16, 6, 17, 1, 21, 44, 4, 3, 12, 2, 13, 22])
(100253, [32, 7, 44, 41, 3, 13])
(100254, [32, 34, 33, 18, 9, 0, 11, 16, 26, 44, 43, 31, 30, 41, 24, 23, 15, 2, 13])
(100255, [32, 34, 33, 9, 0, 31, 30, 23, 2])
(100256, [32, 0])
(100257, [32, 35, 34, 33, 20, 18, 9, 0, 11, 7, 16, 42, 17, 1, 10, 19, 26, 8, 21, 44, 43, 31, 30, 41, 24, 23, 4, 15, 3, 12, 40, 2, 13, 14, 22])
(100258, [32])
(100259, [35, 33, 42, 19, 31, 37, 3])
(100260, [35, 7, 1, 21, 23, 3])
(100261, [35, 18, 37, 3, 12])
(100262, [35, 19, 31, 30, 3])
(100263, [35])
(100264, [35])
(100265, [35, 18, 43, 5])
(100266, [35, 34, 20, 27, 9, 0, 7, 28, 17, 1, 10, 19, 26, 21, 44, 41, 24, 3, 12, 2, 13, 14])
(100267, [35, 11, 19, 21, 44, 40])
(100268, [35, 20, 3, 2])
(100269, [35])
(100270, [35, 9, 0, 16, 1, 10, 26, 15, 2])
(100271, [35, 34, 9, 0, 11, 7, 6, 17, 1, 19, 44, 43, 30, 41, 4, 15, 3, 5, 25])
(100272, [35, 34, 20, 18, 7, 16, 1, 8, 44, 43, 39, 24, 23, 3, 12, 13])
(100273, [35, 34, 0, 11, 12])
(100274, [35, 43])
(100275, [35, 2])
(100276, [35])
(100277, [35])
(100278, [35, 18, 23])
(100279, [35])
(100280, [35])
(100281, [35])
(100282, [35, 33])
(100283, [35])
(100284, [35])
(100285, [35, 20, 18, 27, 0, 11, 16, 6, 17, 44, 43, 36, 30, 39, 41, 24, 23, 4, 15, 3, 12, 2, 13, 14])
(100286, [35])
(100287, [35])
(100288, [35, 33, 10, 19, 26, 31, 30, 23, 4, 2])
(100289, [35])
(100290, [35, 34, 20, 9, 0, 11, 16, 6, 17, 10, 19, 8, 21, 44, 43, 41, 3, 12, 2, 13, 14])
(100291, [35])
(100292, [34, 9, 23, 2])
(100293, [34, 33, 18, 9, 11, 16, 6, 17, 1, 19, 26, 44, 43, 31, 30, 41, 24, 23, 4, 15, 3, 12, 40, 2, 25])
(100294, [34, 9, 0, 16, 1, 31, 3])
(100295, [34, 11, 17, 1, 19, 26, 30, 4, 15, 2])
(100296, [34, 20, 9, 7, 1, 19, 26, 24, 15, 3])
(100297, [34, 41, 12, 2, 14])
(100298, [34, 9, 0, 11, 7, 6, 17, 1, 19, 26, 8, 44, 43, 38, 36, 31, 39, 41, 24, 2, 13, 14])
(100299, [34, 0, 6, 1, 26, 36, 41, 4, 3, 2, 13, 22])
(100300, [34, 20, 9, 0, 11, 1, 21, 44, 31, 30, 41, 24, 23, 3, 2, 14, 22])
(100301, [34, 33, 20, 18, 9, 0, 11, 7, 16, 6, 28, 1, 10, 19, 26, 21, 44, 43, 36, 31, 24, 23, 4, 15, 3, 12, 2, 22])
(100302, [34, 18])
(100303, [34])
(100304, [34, 18, 0, 44])
(100305, [34])
(100306, [34])
(100307, [34, 42, 1, 26, 44, 30, 12])
(100308, [34, 9, 0, 17, 1, 19, 43, 4, 15, 3, 12, 13])
(100309, [34])
(100310, [34, 23])
(100311, [34, 1, 21, 38, 23, 3, 12])
(100312, [34, 18, 7, 6, 19, 21, 43, 31, 41, 40, 22])
(100313, [34, 36])
(100314, [34])
(100315, [34, 33, 20, 18, 27, 9, 0, 11, 7, 29, 16, 42, 6, 28, 17, 1, 10, 19, 26, 8, 21, 44, 43, 38, 36, 31, 30, 37, 39, 41, 24, 23, 4, 15, 3, 12, 40, 2, 13, 5, 14])
(100316, [34, 9, 1, 21, 44, 31, 15, 2])
(100317, [34])
(100318, [34, 0, 41])
(100319, [34, 33, 2, 14])
(100320, [34, 0, 16, 17, 3, 12, 2, 14])
(100321, [34, 33, 20, 18, 0, 6, 26, 31, 30, 39, 23, 3, 2])
(100322, [34, 7, 1, 3])
(100323, [34])
(100324, [34, 3])
(100325, [34])
(100326, [34])
(100327, [34, 16, 15, 3])
(100328, [34, 9, 0, 6, 28, 26, 44, 43, 36, 39, 41, 23, 4, 3, 12, 2, 13, 14])
(100329, [34])
(100330, [34])
(100331, [34, 19, 3])
(100332, [34])
(100333, [34, 0])
(100334, [34])
(100335, [34, 0, 12])
(100336, [34, 18, 7, 26, 21, 43, 30, 4, 15, 3, 2, 22])
(100337, [34, 33, 2])
(100338, [33, 18, 43, 41, 24, 4, 40, 2, 13, 14])
(100339, [33, 17])
(100340, [33])
(100341, [33, 11, 1])
(100342, [33])
(100343, [33, 20, 27, 9, 0, 11, 16, 28, 17, 1, 19, 26, 21, 44, 43, 31, 30, 39, 23, 4, 15, 3, 12, 5])
(100344, [33, 9, 11, 1, 21, 44, 30])
(100345, [33, 11, 31, 4])
(100346, [33, 0])
(100347, [33, 4, 15, 3, 25])
(100348, [33, 18, 9, 11, 42, 17, 1, 26, 39, 41, 4, 40, 2, 13, 14])
(100349, [33, 9, 6, 26, 43, 24, 12, 40, 2, 14])
(100350, [33])
(100351, [33, 0, 11, 7, 17, 1, 40, 2, 13, 25])
(100352, [33, 20, 18, 0, 11, 6, 17, 1, 19, 44, 43, 39, 3, 12, 40, 2])
(100353, [33, 9, 11, 43, 30, 4, 2, 13, 14])
(100354, [33])
(100355, [33])
(100356, [33, 9, 0, 16, 6, 28, 26, 8, 44, 24, 23, 12, 2, 5])
(100357, [33])
(100358, [33, 30])
(100359, [33, 16, 26, 36, 30, 2, 14])
(100360, [33, 4])
(100361, [33])
(100362, [33, 9, 0, 11, 16, 6, 17, 26, 36, 41, 12, 2, 13, 14])
(100363, [33, 20, 1, 31])
(100364, [33, 31])
(100365, [33, 11, 44, 4, 40])
(100366, [33])
(100367, [33, 0, 19, 31, 23, 40])
(100368, [20, 9, 0, 11, 29, 19, 38, 41, 3, 12, 40, 2])
(100369, [20])
(100370, [20, 3, 12])
(100371, [20, 18, 11, 7, 19, 31, 41, 24, 4, 3])
(100372, [20])
(100373, [20, 18, 16, 42, 23, 15, 3])
(100374, [20, 0, 11, 16, 1, 19, 8, 21, 44, 43, 38, 37, 23, 3, 12, 2, 22])
(100375, [20, 0, 11, 1, 38, 3, 12, 2])
(100376, [20])
(100377, [20, 18, 9, 11, 29, 42, 6, 19, 8, 44, 31, 30, 39, 41, 4, 3])
(100378, [20, 0, 6, 43, 12, 22])
(100379, [20, 9, 0, 44, 43, 30, 15, 12, 13])
(100380, [20])
(100381, [20, 0, 23, 3, 12])
(100382, [20, 0, 26, 43, 41, 3, 13, 14])
(100383, [20])
(100384, [20, 18, 0, 11, 7, 1, 21, 43, 31, 41])
(100385, [20, 1, 3])
(100386, [20, 4, 5])
(100387, [20])
(100388, [20, 18, 9, 0, 11, 16, 42, 6, 28, 17, 1, 19, 26, 44, 43, 38, 30, 41, 24, 4, 15, 3, 12, 40, 2, 13, 5, 14])
(100389, [20, 1, 19, 26])
(100390, [20])
(100391, [20, 0, 12])
(100392, [18, 43])
(100393, [18])
(100394, [18, 40, 2])
(100395, [18])
(100396, [18, 30, 40])
(100397, [18])
(100398, [18, 12])
(100399, [18, 21])
(100400, [18])
(100401, [18, 29, 1, 19, 21, 44, 39, 4, 15, 22])
(100402, [18])
(100403, [18])
(100404, [18, 8])
(100405, [18, 43, 31])
(100406, [18, 1, 19, 23, 15, 3])
(100407, [18])
(100408, [18, 0, 1, 3])
(100409, [18, 27, 9, 0, 11, 16, 1, 19, 8, 21, 44, 38, 23, 15, 3, 12, 22, 25])
(100410, [18, 19, 26, 22])
(100411, [18, 8, 43, 23, 40, 2])
(100412, [18])
(100413, [18])
(100414, [18, 9, 6, 1, 19, 8, 21, 39, 24, 4, 3, 22])
(100415, [18, 14])
(100416, [18, 7, 1, 19, 22])
(100417, [18, 27, 9, 0, 7, 1, 19, 26, 8, 21, 44, 43, 36, 30, 39, 24, 23, 4, 15, 3, 12, 2, 25])
(100418, [18])
(100419, [18, 9, 44, 43, 3])
(100420, [18, 11, 7, 1, 21, 43, 3, 2])
(100421, [18])
(100422, [18])
(100423, [18])
(100424, [18, 0, 11, 6, 1, 19, 30, 12])
(100425, [18, 11, 7, 1, 26, 38, 15, 3])
(100426, [18])
(100427, [18, 17, 30])
(100428, [18])
(100429, [18, 23])
(100430, [18, 26, 21, 30, 5, 22])
(100431, [18])
(100432, [18])
(100433, [18, 19])
(100434, [18, 23])
(100435, [18, 9, 0, 11, 7, 16, 42, 6, 17, 19, 26, 21, 4, 15, 12, 13])
(100436, [18, 17])
(100437, [18])
(100438, [18])
(100439, [18, 3])
(100440, [18, 23])
(100441, [18])
(100442, [18])
(100443, [18, 27])
(100444, [18, 27, 1, 30, 15])
(100445, [18, 27, 6, 1, 8, 23])
(100446, [18])
(100447, [18, 21, 12])
(100448, [18, 44, 2])
(100449, [18, 19, 14])
(100450, [18])
(100451, [18])
(100452, [18, 0, 23, 15, 12, 5])
(100453, [18])
(100454, [18, 1, 23, 3])
(100455, [18])
(100456, [18, 36])
(100457, [18])
(100458, [18])
(100459, [18])
(100460, [18, 12])
(100461, [18, 11, 6, 26, 44, 43, 41, 4, 15, 40, 2, 14])
(100462, [18])
(100463, [18])
(100464, [18])
(100465, [18, 1, 21, 44, 4, 15, 3, 12, 2])
(100466, [18, 0, 1, 19, 26, 44, 43, 36, 31, 23, 3, 12, 2, 13])
(100467, [18])
(100468, [18])
(100469, [18])
(100470, [18])
(100471, [18])
(100472, [18, 9, 16, 1, 10, 26, 21, 43, 15])
(100473, [18])
(100474, [18, 23])
(100475, [18])
(100476, [18])
(100477, [18])
(100478, [18, 23])
(100479, [18, 9, 11, 41, 24])
(100480, [18])
(100481, [18, 29, 16, 21, 43, 23])
(100482, [18, 26, 3])
(100483, [18])
(100484, [18, 0, 21, 12, 2])
(100485, [18])
(100486, [18, 6])
(100487, [18])
(100488, [18])
(100489, [18])
(100490, [18, 9, 16, 1, 23, 3, 22])
(100491, [18])
(100492, [27])
(100493, [27])
(100494, [27])
(100495, [27])
(100496, [27, 3])
(100497, [27])
(100498, [27])
(100499, [27])
(100500, [9, 6, 1])
(100501, [9, 11, 6, 26, 43, 31, 41, 2])
(100502, [9])
(100503, [9])
(100504, [9, 17, 44, 13])
(100505, [9, 0, 10, 26, 31, 30, 4, 3, 12, 2])
(100506, [9])
(100507, [9, 21, 22])
(100508, [9])
(100509, [9])
(100510, [9, 16])
(100511, [9, 1, 23])
(100512, [9])
(100513, [9, 17])
(100514, [9])
(100515, [9, 1, 26, 31, 23, 3, 12])
(100516, [9])
(100517, [9])
(100518, [9])
(100519, [9])
(100520, [9, 24])
(100521, [9, 17, 8, 41, 15])
(100522, [9])
(100523, [9])
(100524, [9])
(100525, [9])
(100526, [9])
(100527, [9])
(100528, [9, 28, 1, 26, 31, 30, 3, 12, 13, 25])
(100529, [9, 6, 10])
(100530, [9])
(100531, [9])
(100532, [9])
(100533, [9, 23, 2])
(100534, [9])
(100535, [9, 30])
(100536, [9, 0, 26, 41, 23])
(100537, [9])
(100538, [9])
(100539, [9])
(100540, [9])
(100541, [9])
(100542, [9, 1])
(100543, [9, 1])
(100544, [9, 30, 23, 2, 14])
(100545, [9])
(100546, [0])
(100547, [0])
(100548, [0, 1])
(100549, [0])
(100550, [0, 12])
(100551, [0])
(100552, [0, 16, 1, 8, 44, 43, 30, 41, 4, 3])
(100553, [0])
(100554, [0])
(100555, [0])
(100556, [0, 12])
(100557, [0])
(100558, [0])
(100559, [0, 12])
(100560, [0])
(100561, [0, 12])
(100562, [0, 12])
(100563, [0])
(100564, [0])
(100565, [0])
(100566, [0])
(100567, [0])
(100568, [0])
(100569, [0])
(100570, [0])
(100571, [0])
(100572, [0])
(100573, [0])
(100574, [0])
(100575, [0])
(100576, [0])
(100577, [0])
(100578, [0, 7, 42, 3, 12])
(100579, [0, 41])
(100580, [0])
(100581, [0])
(100582, [0])
(100583, [0, 1, 10, 44, 12])
(100584, [0, 12])
(100585, [0])
(100586, [0])
(100587, [0])
(100588, [0])
(100589, [0, 1, 21, 23, 2])
(100590, [0, 12])
(100591, [0])
(100592, [0])
(100593, [0])
(100594, [0, 21, 31, 23, 12])
(100595, [0])
(100596, [0, 23])
(100597, [0])
(100598, [0, 3])
(100599, [0])
(100600, [0])
(100601, [0])
(100602, [0])
(100603, [0])
(100604, [0])
(100605, [0, 11, 17, 1, 31, 23, 4, 3, 2])
(100606, [0])
(100607, [0])
(100608, [0])
(100609, [0, 12])
(100610, [0])
(100611, [0, 12])
(100612, [0])
(100613, [0])
(100614, [0, 15, 2])
(100615, [0])
(100616, [0])
(100617, [0, 41])
(100618, [0])
(100619, [0])
(100620, [0])
(100621, [0])
(100622, [0])
(100623, [0])
(100624, [0])
(100625, [0, 4])
(100626, [0, 19, 41])
(100627, [0])
(100628, [0])
(100629, [0])
(100630, [0])
(100631, [0])
(100632, [0])
(100633, [0])
(100634, [0])
(100635, [0])
(100636, [0])
(100637, [0])
(100638, [0])
(100639, [0])
(100640, [0])
(100641, [0, 12])
(100642, [0])
(100643, [0, 12])
(100644, [0])
(100645, [0])
(100646, [0])
(100647, [0, 19, 15, 14])
(100648, [0])
(100649, [0])
(100650, [0])
(100651, [0])
(100652, [0])
(100653, [0])
(100654, [0, 12])
(100655, [0])
(100656, [0])
(100657, [0])
(100658, [0])
(100659, [0])
(100660, [0])
(100661, [0])
(100662, [0])
(100663, [0, 12])
(100664, [0])
(100665, [0])
(100666, [0])
(100667, [0])
(100668, [0])
(100669, [0])
(100670, [0])
(100671, [0])
(100672, [0])
(100673, [0])
(100674, [0, 12])
(100675, [0])
(100676, [0])
(100677, [0, 1, 3, 12, 2])
(100678, [0])
(100679, [0])
(100680, [0])
(100681, [0])
(100682, [0])
(100683, [0])
(100684, [0, 36, 15, 12, 2])
(100685, [0, 1, 3, 12])
(100686, [0, 12])
(100687, [0])
(100688, [0])
(100689, [0])
(100690, [0])
(100691, [0])
(100692, [0])
(100693, [0])
(100694, [0])
(100695, [0])
(100696, [0])
(100697, [0])
(100698, [0])
(100699, [0])
(100700, [0])
(100701, [0])
(100702, [0, 24])
(100703, [0])
(100704, [0])
(100705, [0])
(100706, [0])
(100707, [0])
(100708, [0])
(100709, [0])
(100710, [0])
(100711, [0, 15])
(100712, [0])
(100713, [0, 11, 41])
(100714, [0])
(100715, [0])
(100716, [0])
(100717, [0])
(100718, [0])
(100719, [0])
(100720, [0])
(100721, [0])
(100722, [0])
(100723, [0, 19])
(100724, [0])
(100725, [0])
(100726, [0])
(100727, [0])
(100728, [0])
(100729, [0])
(100730, [0])
(100731, [0])
(100732, [0])
(100733, [0])
(100734, [0])
(100735, [0])
(100736, [0])
(100737, [0])
(100738, [0, 1, 21, 31, 3, 12, 14])
(100739, [0])
(100740, [0, 12])
(100741, [0])
(100742, [0])
(100743, [0, 12])
(100744, [0])
(100745, [0])
(100746, [0])
(100747, [0])
(100748, [0, 36])
(100749, [0])
(100750, [0])
(100751, [0])
(100752, [0])
(100753, [0])
(100754, [0, 1, 3, 12])
(100755, [0])
(100756, [0])
(100757, [0, 12])
(100758, [0])
(100759, [0])
(100760, [0])
(100761, [0])
(100762, [0])
(100763, [0, 31])
(100764, [0])
(100765, [0])
(100766, [0])
(100767, [0, 42, 1, 3, 12, 2])
(100768, [0])
(100769, [0])
(100770, [0])
(100771, [0])
(100772, [0])
(100773, [0])
(100774, [0])
(100775, [0])
(100776, [0])
(100777, [0])
(100778, [0])
(100779, [0])
(100780, [0])
(100781, [0, 12])
(100782, [0])
(100783, [0])
(100784, [0])
(100785, [0])
(100786, [0])
(100787, [0])
(100788, [0])
(100789, [0])
(100790, [0])
(100791, [11])
(100792, [11, 17, 1, 19, 21, 44, 3])
(100793, [11])
(100794, [11])
(100795, [11, 17, 1, 19, 26, 44, 3, 2])
(100796, [11])
(100797, [11])
(100798, [11, 16, 19, 26, 44, 41, 23, 13])
(100799, [11])
(100800, [11, 26])
(100801, [11, 16, 44, 31, 2])
(100802, [11, 26, 21, 23, 4, 3, 2, 22])
(100803, [11])
(100804, [11, 44])
(100805, [11])
(100806, [11])
(100807, [11, 14])
(100808, [11, 36, 3])
(100809, [11])
(100810, [7, 29, 6, 43])
(100811, [7, 19, 26, 24, 4])
(100812, [7])
(100813, [7])
(100814, [7])
(100815, [7])
(100816, [7])
(100817, [7])
(100818, [7])
(100819, [7, 23])
(100820, [29, 1, 8, 43, 22])
(100821, [29])
(100822, [29])
(100823, [29])
(100824, [29, 21, 44, 3, 12])
(100825, [16])
(100826, [16])
(100827, [16, 23])
(100828, [16])
(100829, [16, 44])
(100830, [16])
(100831, [16])
(100832, [16])
(100833, [16])
(100834, [16, 6, 23, 3, 12])
(100835, [16])
(100836, [16, 10, 23])
(100837, [16])
(100838, [16, 19, 21, 12])
(100839, [16])
(100840, [16, 1, 12])
(100841, [16, 23, 3, 12])
(100842, [16])
(100843, [16])
(100844, [16])
(100845, [16, 1, 12])
(100846, [16])
(100847, [16, 19])
(100848, [42])
(100849, [42])
(100850, [42])
(100851, [6])
(100852, [6])
(100853, [6, 1, 3])
(100854, [6, 26])
(100855, [6])
(100856, [6, 43, 2])
(100857, [6, 26, 15])
(100858, [6, 12])
(100859, [6, 31])
(100860, [6])
(100861, [6])
(100862, [6, 12, 2])
(100863, [6])
(100864, [6])
(100865, [6, 43])
(100866, [6, 1, 10, 2])
(100867, [28])
(100868, [28])
(100869, [28])
(100870, [28, 2])
(100871, [28])
(100872, [17, 15])
(100873, [17])
(100874, [17])
(100875, [17])
(100876, [17])
(100877, [17, 15])
(100878, [17, 26])
(100879, [17])
(100880, [17])
(100881, [17, 36])
(100882, [17])
(100883, [17])
(100884, [17])
(100885, [17])
(100886, [17])
(100887, [17, 8])
(100888, [17, 41, 2, 14])
(100889, [17, 24])
(100890, [17, 2])
(100891, [17])
(100892, [17])
(100893, [17])
(100894, [17])
(100895, [1])
(100896, [1])
(100897, [1, 31])
(100898, [1, 12])
(100899, [1, 15, 3])
(100900, [1, 44, 39, 3, 22])
(100901, [1, 3])
(100902, [1, 23, 3])
(100903, [1])
(100904, [1, 12])
(100905, [1])
(100906, [1, 26, 3])
(100907, [1, 3, 12])
(100908, [1, 2])
(100909, [1, 23])
(100910, [1, 31, 13])
(100911, [1, 31, 23])
(100912, [1])
(100913, [1, 21])
(100914, [1, 43, 3])
(100915, [1, 3, 2])
(100916, [1, 19, 22])
(100917, [1])
(100918, [1])
(100919, [1])
(100920, [1])
(100921, [1, 14])
(100922, [1])
(100923, [1])
(100924, [1, 19, 44, 3, 2])
(100925, [1])
(100926, [1, 21])
(100927, [1, 19, 31, 39, 41, 15, 3, 22])
(100928, [1, 3])
(100929, [1])
(100930, [1, 21])
(100931, [1])
(100932, [1])
(100933, [1])
(100934, [1, 10])
(100935, [1, 21, 3, 2])
(100936, [1])
(100937, [1, 19, 3])
(100938, [1])
(100939, [1])
(100940, [1, 22])
(100941, [1, 19, 2, 14])
(100942, [1, 4])
(100943, [1, 21, 15])
(100944, [1])
(100945, [1])
(100946, [10])
(100947, [10])
(100948, [10])
(100949, [10])
(100950, [10])
(100951, [10, 44, 2])
(100952, [19])
(100953, [19])
(100954, [19])
(100955, [19])
(100956, [19])
(100957, [19])
(100958, [19])
(100959, [19])
(100960, [19])
(100961, [19, 21, 31, 39, 2])
(100962, [19])
(100963, [19, 30, 3, 12])
(100964, [19])
(100965, [19])
(100966, [19])
(100967, [19])
(100968, [19])
(100969, [19])
(100970, [19, 3])
(100971, [19])
(100972, [19])
(100973, [19])
(100974, [19])
(100975, [19])
(100976, [19, 23])
(100977, [19])
(100978, [19])
(100979, [19])
(100980, [19])
(100981, [19, 23])
(100982, [26, 43, 12])
(100983, [26])
(100984, [26])
(100985, [26, 23, 14])
(100986, [26])
(100987, [26])
(100988, [26, 30])
(100989, [26, 23])
(100990, [26])
(100991, [26, 2, 13])
(100992, [26])
(100993, [26])
(100994, [26, 4])
(100995, [26, 22])
(100996, [26])
(100997, [26])
(100998, [26])
(100999, [26])
(101000, [26])
(101001, [26])
(101002, [26])
(101003, [8, 12, 5])
(101004, [8])
(101005, [8])
(101006, [8])
(101007, [8])
(101008, [8])
(101009, [8])
(101010, [8])
(101011, [8])
(101012, [8])
(101013, [8])
(101014, [8])
(101015, [8])
(101016, [8])
(101017, [8, 44])
(101018, [8])
(101019, [8, 21])
(101020, [21])
(101021, [21])
(101022, [21, 3])
(101023, [21, 3])
(101024, [21, 3, 12])
(101025, [21, 12])
(101026, [21])
(101027, [21])
(101028, [21])
(101029, [21])
(101030, [21])
(101031, [21, 30, 3, 22])
(101032, [21])
(101033, [21])
(101034, [21])
(101035, [21])
(101036, [21])
(101037, [21])
(101038, [21])
(101039, [21])
(101040, [21])
(101041, [21])
(101042, [21])
(101043, [21])
(101044, [21])
(101045, [21])
(101046, [21])
(101047, [21])
(101048, [21])
(101049, [21])
(101050, [21])
(101051, [21])
(101052, [21, 23, 12])
(101053, [21])
(101054, [21])
(101055, [21])
(101056, [44])
(101057, [44])
(101058, [44])
(101059, [44])
(101060, [44, 12])
(101061, [44])
(101062, [44])
(101063, [44, 24])
(101064, [44])
(101065, [44, 23, 4, 3])
(101066, [44, 15, 2])
(101067, [44])
(101068, [44])
(101069, [44])
(101070, [44, 2, 22])
(101071, [44])
(101072, [44])
(101073, [44])
(101074, [44])
(101075, [44])
(101076, [44])
(101077, [44])
(101078, [44])
(101079, [44, 3])
(101080, [43])
(101081, [43])
(101082, [43])
(101083, [43])
(101084, [43])
(101085, [43, 12])
(101086, [43])
(101087, [43, 3])
(101088, [43])
(101089, [43])
(101090, [43])
(101091, [43])
(101092, [43])
(101093, [43, 3, 2])
(101094, [43])
(101095, [43])
(101096, [43])
(101097, [43])
(101098, [43])
(101099, [43])
(101100, [38, 12])
(101101, [36])
(101102, [36])
(101103, [36])
(101104, [36])
(101105, [36])
(101106, [36, 2, 14])
(101107, [36])
(101108, [36])
(101109, [36])
(101110, [36])
(101111, [36])
(101112, [36])
(101113, [36, 2])
(101114, [36])
(101115, [36])
(101116, [36])
(101117, [36, 39])
(101118, [36])
(101119, [36, 14])
(101120, [36])
(101121, [36, 31, 15, 12])
(101122, [36])
(101123, [36])
(101124, [36, 40, 14])
(101125, [36])
(101126, [36])
(101127, [36])
(101128, [31])
(101129, [31, 2, 25])
(101130, [31, 3])
(101131, [31, 30, 2])
(101132, [31, 30])
(101133, [31])
(101134, [31])
(101135, [31])
(101136, [31])
(101137, [31])
(101138, [30])
(101139, [30])
(101140, [30])
(101141, [30])
(101142, [30])
(101143, [30, 3])
(101144, [30])
(101145, [30])
(101146, [30])
(101147, [30])
(101148, [30])
(101149, [30])
(101150, [30, 40])
(101151, [30])
(101152, [37, 3])
(101153, [37])
(101154, [39])
(101155, [39])
(101156, [39, 40, 22])
(101157, [39])
(101158, [39])
(101159, [41, 4])
(101160, [41])
(101161, [41])
(101162, [41])
(101163, [41])
(101164, [41])
(101165, [41])
(101166, [41])
(101167, [41])
(101168, [41, 12])
(101169, [41])
(101170, [41])
(101171, [24])
(101172, [24])
(101173, [24])
(101174, [24])
(101175, [24, 3])
(101176, [24])
(101177, [24])
(101178, [24, 15])
(101179, [24])
(101180, [24, 4, 3, 14])
(101181, [24])
(101182, [24, 12, 2])
(101183, [24, 12])
(101184, [24])
(101185, [23])
(101186, [23])
(101187, [23])
(101188, [23])
(101189, [23])
(101190, [23])
(101191, [23])
(101192, [23])
(101193, [23])
(101194, [23])
(101195, [23])
(101196, [23])
(101197, [23])
(101198, [23])
(101199, [23])
(101200, [23])
(101201, [23])
(101202, [23])
(101203, [23])
(101204, [23])
(101205, [23])
(101206, [23])
(101207, [23])
(101208, [23])
(101209, [23])
(101210, [23])
(101211, [23, 3])
(101212, [23])
(101213, [23])
(101214, [23])
(101215, [23])
(101216, [23])
(101217, [23])
(101218, [23])
(101219, [23])
(101220, [23])
(101221, [23])
(101222, [23])
(101223, [23])
(101224, [23])
(101225, [23])
(101226, [23])
(101227, [23])
(101228, [23])
(101229, [23])
(101230, [23])
(101231, [23])
(101232, [23])
(101233, [23])
(101234, [23])
(101235, [23])
(101236, [23])
(101237, [23])
(101238, [23])
(101239, [23])
(101240, [23])
(101241, [23])
(101242, [23])
(101243, [23])
(101244, [23])
(101245, [23])
(101246, [4])
(101247, [4])
(101248, [4])
(101249, [4])
(101250, [4])
(101251, [4])
(101252, [4])
(101253, [4])
(101254, [4])
(101255, [4, 2])
(101256, [4])
(101257, [4])
(101258, [4])
(101259, [4])
(101260, [4])
(101261, [4])
(101262, [4])
(101263, [4])
(101264, [4])
(101265, [4])
(101266, [4])
(101267, [4])
(101268, [4])
(101269, [15, 22])
(101270, [15])
(101271, [15])
(101272, [15])
(101273, [15])
(101274, [15])
(101275, [15])
(101276, [15])
(101277, [15])
(101278, [3])
(101279, [3])
(101280, [3])
(101281, [3])
(101282, [3])
(101283, [3])
(101284, [3])
(101285, [3])
(101286, [3])
(101287, [3])
(101288, [3])
(101289, [3])
(101290, [3])
(101291, [3])
(101292, [3])
(101293, [3])
(101294, [3])
(101295, [3])
(101296, [3])
(101297, [3])
(101298, [3])
(101299, [3])
(101300, [3])
(101301, [3])
(101302, [3])
(101303, [3])
(101304, [3])
(101305, [12])
(101306, [12])
(101307, [12])
(101308, [12])
(101309, [12])
(101310, [12])
(101311, [12])
(101312, [12])
(101313, [12])
(101314, [12])
(101315, [12])
(101316, [12])
(101317, [12, 2])
(101318, [12])
(101319, [12])
(101320, [12])
(101321, [12])
(101322, [12])
(101323, [12])
(101324, [12])
(101325, [12])
(101326, [12])
(101327, [12])
(101328, [12])
(101329, [12])
(101330, [12])
(101331, [12])
(101332, [12])
(101333, [12])
(101334, [12])
(101335, [12])
(101336, [12])
(101337, [12])
(101338, [12])
(101339, [12])
(101340, [12])
(101341, [12])
(101342, [12])
(101343, [12])
(101344, [12])
(101345, [12])
(101346, [12])
(101347, [12])
(101348, [12])
(101349, [12])
(101350, [12])
(101351, [12])
(101352, [12])
(101353, [12])
(101354, [12])
(101355, [12])
(101356, [40, 2])
(101357, [40])
(101358, [40])
(101359, [40])
(101360, [2])
(101361, [2])
(101362, [2])
(101363, [2])
(101364, [2])
(101365, [2])
(101366, [2])
(101367, [2])
(101368, [2])
(101369, [2])
(101370, [2])
(101371, [2])
(101372, [2])
(101373, [2])
(101374, [2])
(101375, [2])
(101376, [2])
(101377, [2, 25])
(101378, [2])
(101379, [2])
(101380, [2])
(101381, [2])
(101382, [2])
(101383, [2])
(101384, [2])
(101385, [2])
(101386, [2])
(101387, [2])
(101388, [2])
(101389, [2])
(101390, [2])
(101391, [2])
(101392, [2])
(101393, [2])
(101394, [2])
(101395, [2])
(101396, [2])
(101397, [2])
(101398, [2, 22])
(101399, [2])
(101400, [2])
(101401, [2])
(101402, [2])
(101403, [2])
(101404, [2])
(101405, [2])
(101406, [2])
(101407, [2])
(101408, [2])
(101409, [2])
(101410, [2])
(101411, [2])
(101412, [2])
(101413, [2])
(101414, [2])
(101415, [2])
(101416, [2])
(101417, [2])
(101418, [2])
(101419, [2])
(101420, [2])
(101421, [2])
(101422, [2])
(101423, [2])
(101424, [2])
(101425, [2])
(101426, [2])
(101427, [2])
(101428, [2])
(101429, [2])
(101430, [2])
(101431, [13])
(101432, [13])
(101433, [13])
(101434, [13])
(101435, [13])
(101436, [13])
(101437, [13])
(101438, [13])
(101439, [5])
(101440, [5])
(101441, [5])
(101442, [5])
(101443, [5])
(101444, [5])
(101445, [5])
(101446, [5])
(101447, [14])
(101448, [14])
(101449, [14])
(101450, [14])
(101451, [14])
(101452, [14])
(101453, [14])
(101454, [14])
(101455, [14])
(101456, [14])
(101457, [14])
(101458, [14])
(101459, [14])
(101460, [14])
(101461, [14])
(101462, [14])
(101463, [14])
(101464, [14])
(101465, [14])
(101466, [14])
(101467, [14])
(101468, [14])
(101469, [22])
(101470, [22])
(101471, [22])
(101472, [22])
(101473, [22])
(101474, [22])
(101475, [22])
(101476, [22])
(101477, [22])
(101478, [22])
(101479, [22])
