(79587, [32, 35, 34, 33, 20, 18, 27, 9, 0, 11, 7, 29, 16, 42, 6, 28, 17, 1, 10, 19, 26, 8, 21, 44, 43, 38, 36, 31, 30, 37, 39, 41, 24, 23, 4, 15, 3, 12, 40, 2, 13, 5, 14, 22, 25])
(79588, [32, 35, 34, 33, 20, 18, 27, 9, 0, 11, 7, 29, 16, 42, 6, 28, 17, 1, 10, 19, 26, 8, 21, 44, 43, 38, 36, 31, 30, 37, 39, 41, 24, 23, 4, 15, 3, 12, 40, 2, 13, 5, 14, 22, 25])
(79589, [32, 34, 33, 18, 27, 9, 0, 11, 7, 29, 6, 17, 1, 19, 26, 8, 21, 44, 43, 36, 31, 30, 41, 24, 23, 4, 15, 3, 12, 40, 2, 5, 14, 22])
(79590, [32, 17, 22])
(79591, [32, 35, 34, 33, 20, 18, 27, 9, 0, 11, 7, 29, 16, 42, 6, 28, 17, 1, 10, 19, 26, 8, 21, 44, 43, 38, 36, 31, 30, 37, 39, 41, 24, 23, 4, 15, 3, 12, 40, 2, 13, 5, 14, 22, 25])
(79592, [32, 35, 34, 33, 20, 18, 27, 9, 0, 11, 7, 29, 16, 42, 6, 28, 17, 1, 10, 19, 26, 8, 21, 44, 43, 38, 36, 31, 30, 37, 39, 41, 24, 23, 4, 15, 3, 12, 40, 2, 13, 5, 14, 22, 25])
(79593, [32, 35, 34, 33, 20, 18, 27, 9, 0, 11, 7, 29, 16, 42, 6, 28, 17, 1, 10, 19, 26, 8, 21, 44, 43, 38, 36, 31, 30, 37, 39, 41, 24, 23, 4, 15, 3, 12, 40, 2, 13, 5, 14, 22, 25])
(79594, [32, 35, 34, 33, 20, 18, 27, 9, 0, 11, 7, 29, 16, 42, 6, 28, 17, 1, 10, 19, 26, 8, 21, 44, 43, 38, 36, 31, 30, 37, 39, 41, 24, 23, 4, 15, 3, 12, 40, 2, 13, 5, 14, 22, 25])
(79595, [32, 35, 33, 18, 9, 7, 42, 17, 1, 8, 44, 31, 30, 39, 41, 24, 23, 4, 15, 3, 12, 2, 13, 5, 22])
(79596, [32, 34, 33, 20, 9, 0, 11, 7, 16, 42, 6, 17, 1, 10, 19, 26, 21, 44, 43, 36, 31, 30, 39, 41, 24, 4, 15, 3, 12, 2, 13, 14])
(79597, [32, 33, 18, 27, 42, 6, 17, 1, 19, 21, 43, 31, 41, 23, 4, 15, 3, 40, 2])
(79598, [32, 34, 33, 9, 6, 19, 26, 38, 31, 30, 4, 15, 40, 2, 25])
(79599, [32, 34, 33, 20, 18, 27, 9, 0, 11, 7, 29, 16, 42, 6, 28, 17, 1, 10, 19, 26, 8, 21, 44, 43, 36, 31, 30, 37, 39, 41, 24, 23, 4, 15, 3, 12, 40, 2, 13, 5, 14, 22, 25])
(79600, [32, 34, 33, 18, 27, 9, 0, 11, 7, 6, 17, 1, 19, 26, 21, 44, 43, 31, 30, 41, 24, 23, 4, 15, 3, 2, 22, 25])
(79601, [32, 35, 34, 33, 20, 18, 9, 11, 7, 29, 16, 6, 28, 17, 1, 19, 26, 8, 21, 44, 43, 38, 31, 30, 37, 39, 41, 24, 23, 15, 3, 40, 2, 13, 5, 22, 25])
(79602, [32, 35, 34, 33, 20, 18, 9, 0, 11, 16, 6, 28, 1, 10, 19, 26, 8, 44, 43, 36, 31, 30, 37, 39, 41, 24, 23, 4, 15, 3, 12, 40, 2, 13, 14, 25])
(79603, [32, 14])
(79604, [32, 35, 34, 33, 9, 0, 42, 6, 17, 1, 19, 26, 8, 44, 43, 31, 30, 41, 24, 23, 4, 15, 3, 12, 40, 2, 14])
(79605, [32, 35, 34, 33, 20, 18, 27, 9, 0, 11, 7, 16, 6, 28, 17, 1, 10, 19, 26, 44, 43, 38, 36, 31, 30, 41, 24, 23, 4, 15, 3, 12, 40, 2, 13, 14, 22])
(79606, [32, 35, 34, 33, 18, 27, 9, 0, 11, 7, 29, 16, 42, 6, 17, 1, 19, 26, 8, 21, 44, 43, 36, 31, 30, 39, 41, 24, 23, 4, 15, 3, 12, 2, 5, 14, 22])
(79607, [32, 34, 18, 0, 42, 6, 17, 8, 21, 44, 43, 41, 23, 15, 3, 12, 2])
(79608, [32, 35, 34, 33, 18, 27, 9, 11, 7, 16, 6, 28, 17, 1, 19, 26, 44, 43, 36, 31, 30, 41, 24, 23, 4, 15, 3, 12, 40, 2, 13, 5, 14, 22])
(79609, [32, 26, 44])
(79610, [32, 35, 34, 33, 20, 18, 9, 11, 29, 16, 6, 28, 1, 10, 19, 26, 8, 21, 44, 43, 31, 30, 39, 41, 24, 23, 4, 15, 3, 12, 40, 2, 13, 14])
(79611, [32, 34, 27, 9, 0, 11, 16, 6, 19, 26, 8, 43, 36, 30, 39, 41, 24, 4, 15, 3, 12, 40, 2])
(79612, [32, 34, 33, 20, 27, 9, 0, 11, 7, 16, 42, 6, 17, 1, 10, 19, 26, 8, 44, 31, 30, 37, 41, 24, 23, 3, 12, 5])
(79613, [32, 35, 33, 20, 18, 9, 6, 1, 26, 43, 31, 30, 41, 23, 15, 3, 2, 13])
(79614, [32, 35, 34, 33, 18, 11, 42, 1, 19, 26, 8, 21, 44, 43, 38, 31, 30, 41, 23, 4, 3, 2, 14])
(79615, [32, 19, 4, 15, 14])
(79616, [32, 35, 34, 33, 20, 18, 27, 9, 0, 11, 7, 16, 6, 28, 17, 1, 19, 26, 8, 44, 43, 36, 31, 41, 23, 4, 15, 3, 40, 2, 13, 14, 25])
(79617, [32, 17, 19, 43, 3, 2])
(79618, [32, 34, 33, 18, 9, 7, 42, 17, 19, 21, 44, 43, 38, 36, 31, 30, 41, 15, 2, 13, 14])
(79619, [32, 35, 34, 33, 18, 9, 0, 7, 29, 16, 6, 10, 8, 44, 43, 38, 31, 30, 41, 4, 15, 3, 12, 5])
(79620, [32, 0, 17, 1, 26, 37, 3, 2])
(79621, [32, 34, 33, 18, 9, 11, 1, 19, 26, 44, 31, 30, 24, 15, 40, 2, 14])
(79622, [32, 18, 9, 7, 26, 44, 43, 31, 41, 4, 15, 40, 2, 14])
(79623, [32, 34, 33, 20, 18, 9, 0, 11, 7, 29, 28, 17, 1, 19, 26, 8, 21, 44, 43, 38, 36, 31, 30, 39, 24, 4, 15, 3, 40, 2, 13, 14, 22, 25])
(79624, [32, 34, 33, 18, 9, 0, 11, 16, 42, 6, 1, 19, 26, 30, 41, 23, 4, 15, 3, 12, 2, 13])
(79625, [32, 35, 34, 33, 18, 9, 0, 11, 16, 6, 28, 17, 1, 10, 19, 26, 8, 44, 43, 31, 30, 41, 24, 4, 15, 3, 12, 40, 2, 13, 14])
(79626, [32, 27, 26, 43, 30, 41, 12, 2, 13])
(79627, [32, 35, 34, 33, 18, 9, 11, 7, 6, 1, 8, 21, 44, 36, 31, 30, 37, 39, 41, 24, 23, 15, 3, 12, 40, 2, 13, 5, 22])
(79628, [32, 35, 34, 18, 1, 8, 21, 43, 30, 23, 3, 2, 5])
(79629, [32, 34, 33, 20, 18, 9, 0, 11, 16, 42, 6, 1, 10, 19, 26, 8, 44, 43, 31, 30, 37, 41, 23, 4, 15, 3, 12, 2, 13, 5, 14])
(79630, [32, 34, 20, 18, 27, 9, 0, 11, 7, 16, 28, 17, 1, 19, 26, 8, 21, 44, 43, 38, 30, 37, 41, 24, 23, 4, 15, 3, 12, 40, 2, 13, 5, 14, 22, 25])
(79631, [32, 35, 34, 33, 18, 9, 0, 11, 7, 29, 42, 6, 17, 1, 19, 26, 21, 44, 43, 31, 30, 37, 39, 41, 23, 4, 15, 3, 12, 2, 13, 5, 14, 22])
(79632, [32, 6, 1, 21, 23, 4, 3, 22])
(79633, [32, 20, 9, 0, 16, 6, 17, 1, 31, 39, 41, 4, 15, 12, 40, 2, 13, 14, 25])
(79634, [32, 33, 18, 9, 11, 7, 16, 6, 1, 26, 21, 43, 31, 30, 37, 15, 3, 12, 40, 5, 22])
(79635, [32, 34, 33, 18, 9, 0, 16, 6, 17, 1, 19, 26, 8, 44, 43, 36, 31, 30, 23, 15, 3, 40, 2, 14])
(79636, [32, 4, 15, 14])
(79637, [32, 0, 41, 14])
(79638, [32, 34, 33, 27, 9, 11, 16, 17, 19, 26, 44, 31, 30, 41, 24, 4, 15, 3, 2, 13])
(79639, [32, 27, 31, 4, 15, 2, 14])
(79640, [32, 9, 17])
(79641, [32, 34, 9, 11, 6, 17, 41, 24])
(79642, [32, 34, 33, 18, 9, 0, 11, 29, 16, 6, 17, 1, 19, 26, 8, 21, 44, 38, 31, 30, 41, 23, 4, 3, 12, 2, 22, 25])
(79643, [32, 34, 33, 20, 7, 16, 42, 1, 31, 30, 41, 4, 15, 3, 12])
(79644, [32, 18, 11, 1, 31, 3])
(79645, [32, 33, 9, 0, 1, 26, 44, 41, 24, 23, 15, 2])
(79646, [32, 35, 18, 9, 1, 10, 21, 43, 31, 30, 41, 24, 23, 13, 5])
(79647, [32, 11, 7, 16, 42, 6, 1, 26, 21, 44, 41, 23, 15, 3, 12, 22])
(79648, [32, 35, 34, 33, 18, 11, 29, 6, 17, 1, 19, 26, 8, 21, 44, 43, 31, 30, 37, 39, 41, 24, 23, 4, 3, 12, 22])
(79649, [32, 1, 21])
(79650, [32, 35, 34, 18, 27, 9, 16, 19, 8, 21, 43, 31, 23, 4, 15, 3, 12, 5, 14, 22])
(79651, [32, 18, 27, 9, 11, 6, 1, 21, 44, 31, 30, 41, 24, 23, 15, 3, 12, 40, 2, 5])
(79652, [32, 35, 18, 9, 17, 1, 8, 21, 31, 37, 23, 3, 12, 40, 2, 5, 22])
(79653, [32, 0, 7, 6, 5, 14])
(79654, [32, 35, 27, 9, 29, 16, 6, 28, 1, 26, 44, 43, 41, 4, 15, 40, 2, 13, 14])
(79655, [32, 34, 7, 16, 42, 1, 19, 21, 31, 23, 15, 3, 14])
(79656, [32, 34, 9, 6, 19, 8, 38, 24, 4, 15, 2])
(79657, [32, 34, 33, 9, 29, 6, 17, 21, 31, 30, 24, 4, 3, 12])
(79658, [32, 11, 1, 19, 26, 8, 44, 23, 3, 12, 2])
(79659, [32])
(79660, [32, 20, 9, 0, 11, 6, 17, 19, 26, 21, 44, 43, 37, 41, 24, 15, 40, 2, 13, 14])
(79661, [32, 33, 18, 9, 0, 11, 6, 17, 1, 36, 31, 30, 23, 4, 15, 3, 12])
(79662, [32, 9, 11, 16, 26, 21, 31, 41, 3, 22])
(79663, [32, 33, 18, 16, 8, 23, 3])
(79664, [32, 34, 33, 18, 0, 16, 1, 26, 36, 41, 4, 3, 2, 14])
(79665, [32, 34, 33, 20, 9, 0, 16, 6, 1, 19, 26, 8, 43, 38, 31, 30, 37, 41, 24, 23, 4, 15, 3, 2, 5])
(79666, [32, 34, 9, 16, 6, 17, 30, 41, 24, 2, 22, 25])
(79667, [32, 16, 6, 43, 41])
(79668, [32, 34, 33, 18, 9, 6, 17, 1, 19, 26, 21, 31, 30, 37, 24, 15, 3, 2])
(79669, [32, 27, 0, 17, 43, 4])
(79670, [32, 1, 12, 5])
(79671, [32])
(79672, [32, 9, 1, 10, 44, 43, 3])
(79673, [32, 34])
(79674, [32, 10, 19, 41, 24, 2])
(79675, [32, 34, 7, 26, 43, 31, 41, 24])
(79676, [32])
(79677, [32, 9, 0, 11, 16, 6, 17, 1, 19, 26, 21, 43, 31, 30, 41, 15, 3, 12, 2])
(79678, [32, 33, 18, 9, 0, 6, 17, 1, 19, 26, 44, 43, 36, 41, 24, 23, 4, 2, 14])
(79679, [32, 35, 33, 20, 9, 7, 42, 6, 1, 10, 26, 38, 31, 39, 24, 23, 15, 3, 12, 13])
(79680, [32, 34, 18, 9, 43, 31, 2])
(79681, [32, 33, 20, 18, 0, 11, 16, 1, 19, 26, 21, 44, 38, 30, 41, 23, 15, 3, 12, 40, 2])
(79682, [32, 34, 33, 0, 11, 7, 17, 1, 10, 21, 44, 31, 24, 23, 3, 12, 2, 13])
(79683, [32, 22])
(79684, [32])
(79685, [32, 33])
(79686, [32, 35, 34, 33, 18, 9, 11, 16, 6, 17, 10, 19, 26, 8, 21, 38, 31, 30, 41, 24, 23, 15, 3, 12, 40, 2, 13, 5, 25])
(79687, [32, 34, 33, 20, 18, 9, 0, 11, 7, 16, 42, 6, 28, 17, 1, 10, 19, 26, 44, 43, 38, 36, 31, 30, 37, 39, 41, 24, 23, 4, 15, 3, 12, 40, 2, 13, 14, 22, 25])
(79688, [32, 20, 11, 26, 44])
(79689, [32, 33, 18, 6, 1, 19, 44, 3, 13])
(79690, [32, 34, 33, 0, 11, 6, 1, 19, 2])
(79691, [32])
(79692, [32, 34, 33, 9, 0, 11, 7, 17, 1, 19, 26, 43, 36, 31, 30, 37, 4, 15, 3, 12, 40, 2])
(79693, [32])
(79694, [32, 34, 33, 20, 9, 0, 11, 1, 19, 26, 43, 41, 15, 3, 12, 40, 2, 14, 22])
(79695, [32])
(79696, [32, 33])
(79697, [32, 34, 33, 18, 9, 0, 19, 26, 44, 43, 36, 31, 39, 41, 24, 4, 3, 12, 40, 2, 13, 14])
(79698, [32])
(79699, [32, 20, 0, 11, 7, 29, 1, 44, 39, 23, 3, 12])
(79700, [32, 9, 11, 16, 17, 26, 44, 38, 30, 41, 4, 15, 12, 40, 2, 22])
(79701, [32, 33])
(79702, [35, 20, 18, 9, 0, 42, 17, 1, 19, 26, 44, 39, 4, 15, 3, 12, 40, 2, 14])
(79703, [35, 8, 37, 23])
(79704, [35])
(79705, [35, 11, 1, 19, 26, 21, 44, 3, 12, 2])
(79706, [35])
(79707, [35, 40, 2])
(79708, [35])
(79709, [35])
(79710, [35])
(79711, [35])
(79712, [35, 27, 9, 0, 16, 43, 30, 23, 4, 15, 2])
(79713, [35])
(79714, [35])
(79715, [35])
(79716, [35, 20, 18, 9, 0, 11, 16, 17, 1, 26, 21, 44, 31, 23, 15, 3])
(79717, [35, 6, 43, 31, 39, 23, 4, 15])
(79718, [35, 34, 18, 11, 16, 42, 1, 19, 21, 24, 23, 3, 12, 25])
(79719, [35])
(79720, [35, 18, 23, 3, 12])
(79721, [35])
(79722, [35, 33, 18, 27, 6, 19, 26, 43, 31, 30, 24, 23, 4, 15, 3])
(79723, [35])
(79724, [35, 33, 11, 6, 31, 30, 3, 12, 2])
(79725, [35, 0, 11, 42, 6, 1, 26, 21, 44, 24, 23, 3, 12, 13, 22])
(79726, [35, 33, 20, 18, 9, 0, 11, 7, 29, 16, 17, 1, 10, 19, 8, 21, 44, 43, 30, 39, 41, 24, 23, 4, 15, 3, 12, 2, 5, 14, 22])
(79727, [35, 20, 18, 27, 0, 1, 19, 21, 44, 37, 41, 23, 40, 2, 22])
(79728, [35, 18, 23, 15])
(79729, [35])
(79730, [35, 33, 1, 26, 43, 31, 24, 23, 12])
(79731, [35, 34, 33, 20, 18, 9, 11, 16, 6, 21, 44, 38, 31, 30, 41, 23, 15, 3, 12, 22])
(79732, [35, 20, 0, 7, 29, 1, 36, 3, 2, 14])
(79733, [35])
(79734, [35])
(79735, [35, 37, 23, 5])
(79736, [35, 11, 17, 1, 19, 8, 44, 31, 15, 3, 13, 22])
(79737, [35, 33, 18, 9, 0, 16, 1, 10, 21, 43, 31, 39, 41, 3, 12, 5, 22])
(79738, [35])
(79739, [35, 0, 1, 43, 15, 2])
(79740, [35, 21])
(79741, [35])
(79742, [35])
(79743, [35, 18, 0, 7, 16, 1, 21, 44, 36, 30, 23, 15, 3, 12])
(79744, [35])
(79745, [35, 0, 29, 41, 23, 15, 3, 12])
(79746, [35, 34, 33, 9, 0, 16, 42, 28, 17, 1, 19, 26, 21, 43, 31, 30, 24, 4, 15, 3, 12, 2, 13, 14])
(79747, [35, 18, 0, 11, 6, 17, 1, 19, 26, 44, 43, 36, 31, 24, 23, 4, 15, 12, 2])
(79748, [35, 2])
(79749, [35, 34, 23, 3])
(79750, [34, 33, 18, 31, 30, 3])
(79751, [34, 1, 31, 3, 22])
(79752, [34, 33, 26])
(79753, [34, 11, 23])
(79754, [34])
(79755, [34])
(79756, [34, 18, 9, 16, 6, 2])
(79757, [34, 33, 18, 9, 11, 42, 19, 44, 43, 31, 24, 3])
(79758, [34, 18])
(79759, [34, 33, 18, 1, 19, 21, 43, 30, 23, 4, 3, 2, 14])
(79760, [34, 11, 26, 31, 30])
(79761, [34, 33, 43, 31])
(79762, [34, 33, 18])
(79763, [34, 9, 11, 17, 26, 43, 41, 15, 2])
(79764, [34])
(79765, [34, 33, 18, 9, 0, 11, 7, 16, 28, 1, 36, 41, 24, 23, 12, 40, 2, 13, 14])
(79766, [34])
(79767, [34, 33, 20, 27, 0, 11, 7, 42, 1, 19, 26, 21, 44, 43, 3, 12, 40, 2, 14, 22])
(79768, [34, 0, 3, 40])
(79769, [34])
(79770, [34, 17, 1, 26, 41, 40, 2])
(79771, [34, 11, 1, 19, 8, 44, 4, 15, 3, 12, 2, 14])
(79772, [34, 31])
(79773, [34, 33, 18, 7, 29, 42, 1, 26, 8, 21, 31, 30, 39, 23, 15, 3, 12, 40])
(79774, [34, 33, 9, 4])
(79775, [34])
(79776, [34])
(79777, [34])
(79778, [34])
(79779, [34, 7, 19, 26, 21])
(79780, [34, 33, 18, 0, 44, 43, 31, 30, 4, 2])
(79781, [34, 18, 1, 19, 21, 44, 39, 3, 12, 22])
(79782, [34, 33, 9, 0, 11, 28, 17, 1, 19, 26, 8, 44, 43, 31, 23, 4, 15, 3, 40])
(79783, [34, 20, 0, 11, 16, 6, 43, 12, 2])
(79784, [34, 18, 0, 1, 8, 21, 43, 30, 24, 15, 3, 12, 2])
(79785, [34, 20, 9, 0, 11, 42, 17, 1, 19, 3, 12, 2])
(79786, [34])
(79787, [34, 33, 0, 11, 1, 26, 44, 24, 23, 4, 3, 12, 2])
(79788, [34, 33, 6, 26, 43, 36, 3, 2])
(79789, [34, 20, 0, 11, 7, 17, 10, 30, 41, 24, 3, 2, 14])
(79790, [34, 9, 16, 43, 41, 15, 40, 2])
(79791, [34, 20, 9, 11, 1, 19, 44, 39, 41, 24, 23, 3, 12, 2, 14])
(79792, [34, 33, 20, 18, 9, 0, 11, 7, 16, 42, 1, 19, 26, 8, 21, 43, 38, 31, 30, 23, 15, 3, 12, 2, 22])
(79793, [34, 9, 3])
(79794, [34, 33, 20, 9, 29, 6, 31, 30, 3, 2])
(79795, [34, 18, 11, 16, 6, 26, 21, 43, 41, 23, 15, 40, 2, 14, 25])
(79796, [34, 9, 2])
(79797, [34, 20, 18, 9, 0, 7, 29, 6, 17, 1, 19, 21, 44, 38, 31, 30, 37, 23, 4, 15, 3, 12])
(79798, [34, 27, 0, 3])
(79799, [34, 9, 11, 6, 21, 43, 24, 4, 15, 12, 2])
(79800, [34, 0, 17, 1, 2])
(79801, [34, 11, 1, 8, 3, 12])
(79802, [34, 20, 31, 41])
(79803, [34, 23])
(79804, [34, 0, 31, 30, 15, 2])
(79805, [34, 33, 2])
(79806, [34, 0, 11, 16, 31, 41, 12])
(79807, [34, 33, 24])
(79808, [34, 20, 0, 10, 8, 41])
(79809, [34])
(79810, [34, 33, 20, 9, 0, 11, 6, 36, 31, 23, 4, 12, 2])
(79811, [34, 20, 0, 1, 26, 3])
(79812, [34, 11, 1, 44, 41, 23, 4, 3, 13, 22])
(79813, [34])
(79814, [34, 23])
(79815, [34, 20, 9, 0, 17, 1, 19, 21, 3, 12, 14])
(79816, [34, 0, 12])
(79817, [34])
(79818, [33, 26, 44])
(79819, [33, 9, 11, 16, 17, 19, 26, 21, 36, 41, 4, 15, 12, 40, 2])
(79820, [33, 20, 0, 11, 42, 6, 28, 17, 26, 44, 43, 36, 30, 41, 24, 23, 4, 15, 12, 2])
(79821, [33, 20, 18, 9, 11, 16, 42, 6, 1, 10, 19, 26, 21, 44, 38, 31, 30, 41, 23, 3, 12, 2, 22])
(79822, [33])
(79823, [33])
(79824, [33, 11, 1, 19, 21, 15, 22])
(79825, [33, 9, 0, 6, 26, 44, 43, 30, 41, 12, 2, 25])
(79826, [33, 18, 0, 11, 6, 23])
(79827, [33])
(79828, [33, 18, 9, 24, 15, 12, 40, 13])
(79829, [33, 20, 9, 11, 16, 17, 1, 26, 8, 43, 31, 30, 39, 15, 12])
(79830, [33, 6, 3])
(79831, [33, 18, 9, 6, 1, 26, 21, 43, 30, 24, 3, 2])
(79832, [33, 20, 3])
(79833, [33, 19, 36])
(79834, [33, 18, 0, 11, 1, 3, 12, 2, 22])
(79835, [33])
(79836, [33, 18, 29, 19, 21, 39, 23, 5, 22])
(79837, [33, 1, 26, 43, 41, 13])
(79838, [33, 20, 18, 9, 11, 16, 6, 17, 1, 19, 21, 43, 31, 24, 23, 4, 3, 12, 22])
(79839, [33, 18, 9, 0, 11, 7, 16, 42, 1, 26, 21, 36, 37, 24, 23, 15, 3, 12, 2, 5, 14])
(79840, [33, 18, 9, 42, 17, 1, 19, 8, 21, 44, 43, 39, 2])
(79841, [33, 0, 41, 2])
(79842, [33])
(79843, [33])
(79844, [33])
(79845, [33, 6, 17, 1, 21, 31, 2])
(79846, [33, 20, 18, 0, 11, 6, 1, 44, 43, 3, 12, 2])
(79847, [33])
(79848, [33, 31, 24, 15, 3])
(79849, [33, 9, 16, 44, 3, 2])
(79850, [20])
(79851, [20])
(79852, [20, 0, 7, 1, 19, 44, 39, 3, 12, 2])
(79853, [20, 18])
(79854, [20])
(79855, [20, 42, 15, 3])
(79856, [20, 18, 9, 36])
(79857, [20, 0, 11, 16, 1, 26, 44, 3, 40, 14])
(79858, [20, 18, 9, 0, 6, 28, 17, 1, 10, 19, 44, 43, 30, 41, 24, 15, 3, 12, 40, 2, 22])
(79859, [20, 18, 1, 4])
(79860, [20, 9, 1, 10, 3, 12])
(79861, [20, 18, 16, 23, 4, 15, 3, 12])
(79862, [20, 9, 0, 11, 10, 19, 44, 31, 4, 12, 2, 13])
(79863, [20])
(79864, [20])
(79865, [20, 0, 11, 7, 42, 6, 1, 26, 3, 12])
(79866, [20])
(79867, [20, 3])
(79868, [20, 0, 16, 19])
(79869, [20, 26])
(79870, [20])
(79871, [20, 3])
(79872, [20, 9, 11, 7, 1, 10, 19, 43, 2, 14])
(79873, [20])
(79874, [20, 18, 9, 0, 11, 16, 42, 6, 1, 19, 8, 21, 44, 41, 23, 15, 3, 12, 2, 13, 5])
(79875, [20, 19])
(79876, [20, 0, 1, 36, 31, 15, 12])
(79877, [20])
(79878, [20])
(79879, [18, 9, 29, 6, 1, 19, 8, 44, 31, 30, 37, 3, 12, 2])
(79880, [18])
(79881, [18])
(79882, [18, 23])
(79883, [18, 19, 21, 15, 22])
(79884, [18, 23])
(79885, [18])
(79886, [18])
(79887, [18])
(79888, [18, 9, 0, 17, 1, 26, 43, 30, 41, 24, 4, 15, 2, 13])
(79889, [18])
(79890, [18, 29])
(79891, [18])
(79892, [18, 9, 0, 11, 16, 6, 17, 1, 19, 44, 43, 30, 41, 23, 15, 3, 12, 40, 2])
(79893, [18, 9, 1, 19, 8, 41, 23, 15, 3, 40, 2])
(79894, [18, 26, 15])
(79895, [18])
(79896, [18, 0, 11, 10, 19])
(79897, [18])
(79898, [18])
(79899, [18])
(79900, [18, 9, 0, 11, 16, 1, 19, 44, 43, 41, 15, 3, 12, 2])
(79901, [18, 21])
(79902, [18, 10, 24, 13])
(79903, [18, 29, 26, 15])
(79904, [18, 4])
(79905, [18, 3, 2])
(79906, [18, 8, 23])
(79907, [18])
(79908, [18])
(79909, [18, 43, 23])
(79910, [18, 23])
(79911, [18, 9, 41])
(79912, [18, 43, 41, 23, 2, 14, 22])
(79913, [18, 3])
(79914, [18])
(79915, [18])
(79916, [18])
(79917, [18, 16, 12, 2])
(79918, [18])
(79919, [18])
(79920, [18])
(79921, [18, 2])
(79922, [18])
(79923, [18])
(79924, [18])
(79925, [18])
(79926, [18])
(79927, [18])
(79928, [18])
(79929, [18])
(79930, [18, 0, 11, 2])
(79931, [18])
(79932, [18, 6, 26, 43, 23])
(79933, [18])
(79934, [18, 2])
(79935, [18])
(79936, [18, 19, 26, 43])
(79937, [18])
(79938, [18])
(79939, [18, 23])
(79940, [18])
(79941, [18])
(79942, [18])
(79943, [18])
(79944, [18])
(79945, [18])
(79946, [18, 27, 7, 8, 21, 30, 37, 23, 3, 12])
(79947, [18, 9, 16, 17, 1, 19, 43, 23, 4, 3])
(79948, [18, 41, 23, 14])
(79949, [18])
(79950, [18, 41])
(79951, [18])
(79952, [18, 30, 40, 2, 14])
(79953, [18])
(79954, [18, 28, 31])
(79955, [18])
(79956, [18])
(79957, [18])
(79958, [18])
(79959, [18, 2])
(79960, [18])
(79961, [27])
(79962, [27, 9, 16, 6, 28, 1, 21, 43, 23, 4, 3, 22])
(79963, [27])
(79964, [27])
(79965, [27])
(79966, [27])
(79967, [27])
(79968, [27, 19, 21])
(79969, [9])
(79970, [9, 6, 1, 26, 44, 43, 31, 41, 4, 15, 3, 12, 2])
(79971, [9, 2])
(79972, [9, 16, 6, 17, 1, 10, 44, 31, 41, 24, 15, 3, 12, 2, 22])
(79973, [9])
(79974, [9])
(79975, [9])
(79976, [9, 1, 2])
(79977, [9, 11, 42, 26, 44, 15, 3])
(79978, [9])
(79979, [9])
(79980, [9, 1, 19, 21, 43, 15, 3, 12, 2, 22])
(79981, [9])
(79982, [9, 31, 41, 2])
(79983, [9])
(79984, [9])
(79985, [9, 1, 38, 3])
(79986, [9])
(79987, [9, 41, 24, 2])
(79988, [9, 17, 43, 41, 15, 40, 2, 14])
(79989, [9])
(79990, [9, 0, 29, 42, 1, 26, 44, 43, 41, 4, 15, 3, 12, 2, 13, 22])
(79991, [9])
(79992, [9, 19, 21, 3])
(79993, [9, 0])
(79994, [9])
(79995, [9, 12])
(79996, [9])
(79997, [9, 0, 11, 1, 19, 39, 3, 2, 13])
(79998, [9, 17, 1, 10, 21, 3])
(79999, [9])
(80000, [9])
(80001, [9])
(80002, [9])
(80003, [9, 1, 23])
(80004, [9, 0, 2])
(80005, [9, 0, 11, 19, 26, 43, 41, 12, 2, 13])
(80006, [9])
(80007, [9])
(80008, [9])
(80009, [9])
(80010, [9, 7, 3, 22])
(80011, [9])
(80012, [9, 19, 23])
(80013, [9])
(80014, [9])
(80015, [9, 0, 11, 16, 6, 1, 10, 43, 3, 12, 2, 22])
(80016, [9])
(80017, [9])
(80018, [9])
(80019, [9, 12])
(80020, [9])
(80021, [9, 23])
(80022, [9])
(80023, [9, 0, 1, 21, 31, 3, 14])
(80024, [9])
(80025, [9])
(80026, [0])
(80027, [0])
(80028, [0, 12])
(80029, [0])
(80030, [0])
(80031, [0])
(80032, [0, 11, 7, 16, 6, 1, 26, 8, 24, 3, 12, 2, 14])
(80033, [0])
(80034, [0])
(80035, [0])
(80036, [0, 7, 26, 43, 14])
(80037, [0])
(80038, [0])
(80039, [0, 7, 41, 24, 15, 12, 40])
(80040, [0])
(80041, [0])
(80042, [0])
(80043, [0, 12])
(80044, [0, 1])
(80045, [0])
(80046, [0])
(80047, [0, 2, 13])
(80048, [0])
(80049, [0])
(80050, [0])
(80051, [0])
(80052, [0])
(80053, [0])
(80054, [0])
(80055, [0])
(80056, [0])
(80057, [0])
(80058, [0])
(80059, [0])
(80060, [0])
(80061, [0, 39, 12])
(80062, [0])
(80063, [0])
(80064, [0])
(80065, [0, 6, 17, 26, 43, 31, 41, 23, 12, 40, 2, 13])
(80066, [0, 21])
(80067, [0])
(80068, [0])
(80069, [0])
(80070, [0])
(80071, [0])
(80072, [0])
(80073, [0])
(80074, [0])
(80075, [0])
(80076, [0, 1, 4, 3])
(80077, [0])
(80078, [0])
(80079, [0])
(80080, [0, 11, 42, 1, 19, 44, 43, 38, 3, 12, 22])
(80081, [0])
(80082, [0])
(80083, [0])
(80084, [0])
(80085, [0])
(80086, [0])
(80087, [0])
(80088, [0])
(80089, [0])
(80090, [0])
(80091, [0])
(80092, [0, 17, 21, 3])
(80093, [0])
(80094, [0])
(80095, [0])
(80096, [0])
(80097, [0])
(80098, [0])
(80099, [0])
(80100, [0])
(80101, [0])
(80102, [0])
(80103, [0])
(80104, [0])
(80105, [0])
(80106, [0])
(80107, [0])
(80108, [0])
(80109, [0, 12])
(80110, [0, 12])
(80111, [0])
(80112, [0])
(80113, [0])
(80114, [0, 11, 1, 19, 21, 23, 3, 22])
(80115, [0])
(80116, [0])
(80117, [0, 12])
(80118, [0])
(80119, [0, 12])
(80120, [0])
(80121, [0])
(80122, [0])
(80123, [0])
(80124, [0])
(80125, [0])
(80126, [0, 16, 1])
(80127, [0])
(80128, [0])
(80129, [0])
(80130, [0, 11, 42])
(80131, [0])
(80132, [0, 42, 6, 1, 43, 4])
(80133, [0, 44])
(80134, [0])
(80135, [0])
(80136, [0])
(80137, [0])
(80138, [0])
(80139, [0, 1, 43, 41, 3, 12, 13, 5])
(80140, [0])
(80141, [0])
(80142, [0])
(80143, [0])
(80144, [0])
(80145, [0])
(80146, [0])
(80147, [0])
(80148, [0])
(80149, [0])
(80150, [0])
(80151, [0, 23, 12])
(80152, [0])
(80153, [0])
(80154, [0])
(80155, [0])
(80156, [0])
(80157, [0, 1, 3])
(80158, [0, 12])
(80159, [0, 12])
(80160, [0])
(80161, [0])
(80162, [0])
(80163, [0])
(80164, [0])
(80165, [0])
(80166, [0])
(80167, [0])
(80168, [0])
(80169, [0])
(80170, [0])
(80171, [0])
(80172, [0])
(80173, [0])
(80174, [0])
(80175, [0])
(80176, [0])
(80177, [0])
(80178, [0, 5])
(80179, [0])
(80180, [0])
(80181, [0])
(80182, [0, 11, 6, 26, 44, 3, 12, 2])
(80183, [0])
(80184, [0, 11, 7, 17, 26, 21, 43, 31, 30, 4, 3, 2, 22])
(80185, [0, 22])
(80186, [0])
(80187, [0])
(80188, [0])
(80189, [0])
(80190, [0])
(80191, [0])
(80192, [0, 11])
(80193, [0])
(80194, [0, 12])
(80195, [0])
(80196, [0])
(80197, [0])
(80198, [0])
(80199, [0])
(80200, [0, 6, 17, 40])
(80201, [0])
(80202, [0])
(80203, [0])
(80204, [0])
(80205, [0])
(80206, [0])
(80207, [0])
(80208, [0])
(80209, [0])
(80210, [0])
(80211, [0])
(80212, [0])
(80213, [0])
(80214, [0])
(80215, [0, 23])
(80216, [0])
(80217, [0])
(80218, [0])
(80219, [0, 12])
(80220, [0])
(80221, [0])
(80222, [0])
(80223, [0, 1, 4, 3])
(80224, [0])
(80225, [0])
(80226, [0])
(80227, [0])
(80228, [0])
(80229, [0])
(80230, [0])
(80231, [0])
(80232, [0])
(80233, [0])
(80234, [0])
(80235, [0])
(80236, [0])
(80237, [0])
(80238, [0])
(80239, [0])
(80240, [0])
(80241, [0])
(80242, [0])
(80243, [0])
(80244, [0])
(80245, [0])
(80246, [0])
(80247, [0])
(80248, [0])
(80249, [0])
(80250, [0])
(80251, [0])
(80252, [0])
(80253, [0])
(80254, [0])
(80255, [0])
(80256, [0])
(80257, [0])
(80258, [0, 17, 41, 24, 4])
(80259, [0])
(80260, [0])
(80261, [0])
(80262, [0])
(80263, [0, 26, 44, 2])
(80264, [0, 1, 44, 12])
(80265, [0])
(80266, [0])
(80267, [0, 4, 12])
(80268, [0])
(80269, [0, 7, 3])
(80270, [0])
(80271, [0])
(80272, [0])
(80273, [0])
(80274, [0])
(80275, [0])
(80276, [0, 11, 6, 19, 26, 3])
(80277, [0])
(80278, [0, 2])
(80279, [0])
(80280, [0])
(80281, [0])
(80282, [0])
(80283, [0, 7, 17, 1, 41, 23, 3, 12])
(80284, [0])
(80285, [0, 12])
(80286, [0])
(80287, [0, 16, 44])
(80288, [0])
(80289, [0, 1])
(80290, [0])
(80291, [0])
(80292, [0])
(80293, [0])
(80294, [0])
(80295, [0])
(80296, [0, 1, 12])
(80297, [0])
(80298, [0])
(80299, [0])
(80300, [11])
(80301, [11, 7, 1, 43, 3, 40])
(80302, [11, 21])
(80303, [11, 16, 30, 39, 41, 2])
(80304, [11, 29, 42, 17, 1, 44, 31, 39, 15, 3, 2, 13, 22])
(80305, [11, 31])
(80306, [11, 2])
(80307, [11, 4])
(80308, [11, 2])
(80309, [11])
(80310, [11, 2])
(80311, [11])
(80312, [11])
(80313, [11, 16, 21, 41])
(80314, [11])
(80315, [11, 31])
(80316, [11])
(80317, [11])
(80318, [11, 44, 12, 2])
(80319, [11])
(80320, [11])
(80321, [11, 17, 19, 26, 24, 15, 3])
(80322, [7])
(80323, [7])
(80324, [7])
(80325, [7])
(80326, [7, 40])
(80327, [7])
(80328, [7])
(80329, [7, 17, 23])
(80330, [7])
(80331, [7])
(80332, [7])
(80333, [7, 44, 3])
(80334, [7])
(80335, [7, 26, 44, 36, 3, 2])
(80336, [29, 12])
(80337, [29, 15])
(80338, [29, 19])
(80339, [29, 6, 1, 19, 44, 36, 39, 3, 40, 2, 25])
(80340, [29, 30, 22])
(80341, [16])
(80342, [16, 23])
(80343, [16])
(80344, [16, 1, 44, 3])
(80345, [16])
(80346, [16])
(80347, [16])
(80348, [16])
(80349, [16, 43, 2])
(80350, [16])
(80351, [16, 21, 31, 30, 3, 22])
(80352, [16])
(80353, [16, 17, 43, 30, 4, 2])
(80354, [16, 6, 2])
(80355, [16])
(80356, [16])
(80357, [16, 19, 43, 41])
(80358, [16, 38, 23])
(80359, [16, 1, 43, 3])
(80360, [42, 1, 3, 2])
(80361, [42, 3, 12])
(80362, [42, 3])
(80363, [42, 12])
(80364, [42])
(80365, [6])
(80366, [6])
(80367, [6, 17, 3, 2])
(80368, [6])
(80369, [6, 26, 44, 31, 15])
(80370, [6, 1, 8, 31, 2, 14])
(80371, [6, 23])
(80372, [6])
(80373, [6, 12])
(80374, [6, 26, 2])
(80375, [6])
(80376, [6, 31, 30, 2])
(80377, [6])
(80378, [6, 21, 3, 2])
(80379, [6])
(80380, [6, 44, 43, 41, 23, 3, 2, 14])
(80381, [28])
(80382, [28])
(80383, [28])
(80384, [28])
(80385, [28])
(80386, [28])
(80387, [28])
(80388, [28, 21, 12])
(80389, [28])
(80390, [17, 12])
(80391, [17, 41])
(80392, [17])
(80393, [17])
(80394, [17, 43, 36, 23])
(80395, [17])
(80396, [17])
(80397, [17])
(80398, [17, 1, 2])
(80399, [17, 19, 2])
(80400, [17])
(80401, [17])
(80402, [17])
(80403, [17])
(80404, [17])
(80405, [17, 44])
(80406, [17])
(80407, [17, 2])
(80408, [17, 40, 2])
(80409, [17])
(80410, [1, 4, 15, 3, 2, 14])
(80411, [1, 30, 3, 13, 22])
(80412, [1])
(80413, [1])
(80414, [1])
(80415, [1, 21])
(80416, [1])
(80417, [1, 21, 3])
(80418, [1, 23])
(80419, [1])
(80420, [1])
(80421, [1])
(80422, [1])
(80423, [1])
(80424, [1, 21, 30, 23])
(80425, [1])
(80426, [1, 3])
(80427, [1, 19, 26, 12])
(80428, [1, 44])
(80429, [1])
(80430, [1])
(80431, [1, 40, 2])
(80432, [1])
(80433, [1])
(80434, [1, 3])
(80435, [1])
(80436, [1])
(80437, [1])
(80438, [1, 21, 3])
(80439, [1, 19, 12])
(80440, [10])
(80441, [10])
(80442, [10, 2])
(80443, [10])
(80444, [10, 43])
(80445, [10])
(80446, [10])
(80447, [10])
(80448, [10])
(80449, [10])
(80450, [10])
(80451, [10])
(80452, [10])
(80453, [10])
(80454, [10])
(80455, [10])
(80456, [10])
(80457, [19, 31, 40, 13])
(80458, [19])
(80459, [19, 30])
(80460, [19])
(80461, [19])
(80462, [19, 12])
(80463, [19])
(80464, [19])
(80465, [19])
(80466, [19])
(80467, [19])
(80468, [19])
(80469, [19])
(80470, [19, 26, 40, 2])
(80471, [19, 21, 23, 12])
(80472, [19])
(80473, [19])
(80474, [19])
(80475, [19])
(80476, [19])
(80477, [19])
(80478, [19])
(80479, [19])
(80480, [19])
(80481, [19, 43, 39, 15, 2])
(80482, [26])
(80483, [26])
(80484, [26])
(80485, [26, 43, 31, 41, 23])
(80486, [26, 2])
(80487, [26])
(80488, [26, 41, 13])
(80489, [26, 2])
(80490, [26])
(80491, [26])
(80492, [26])
(80493, [26])
(80494, [26])
(80495, [26])
(80496, [26])
(80497, [26])
(80498, [26, 4])
(80499, [26, 2])
(80500, [26, 15])
(80501, [26, 41])
(80502, [8])
(80503, [8, 41, 23])
(80504, [8, 21, 23])
(80505, [8, 21, 44, 23, 3, 2])
(80506, [8])
(80507, [8])
(80508, [8])
(80509, [8])
(80510, [8])
(80511, [8])
(80512, [8])
(80513, [8, 23])
(80514, [8])
(80515, [8])
(80516, [8])
(80517, [8])
(80518, [8])
(80519, [8])
(80520, [8])
(80521, [8])
(80522, [8])
(80523, [8])
(80524, [8])
(80525, [8])
(80526, [8])
(80527, [8])
(80528, [8])
(80529, [8])
(80530, [8])
(80531, [8])
(80532, [8])
(80533, [21, 3, 12])
(80534, [21, 3])
(80535, [21, 12])
(80536, [21])
(80537, [21])
(80538, [21])
(80539, [21])
(80540, [21])
(80541, [21])
(80542, [21])
(80543, [21])
(80544, [21])
(80545, [21])
(80546, [21])
(80547, [21])
(80548, [21])
(80549, [21])
(80550, [21])
(80551, [21])
(80552, [21, 39, 3, 12])
(80553, [21])
(80554, [21])
(80555, [21])
(80556, [21, 31, 12])
(80557, [21])
(80558, [21])
(80559, [21, 44])
(80560, [21])
(80561, [21])
(80562, [21, 39, 3])
(80563, [21])
(80564, [21])
(80565, [21, 4, 3])
(80566, [21])
(80567, [21])
(80568, [21])
(80569, [21])
(80570, [21])
(80571, [21])
(80572, [21])
(80573, [21, 23])
(80574, [21])
(80575, [21])
(80576, [21])
(80577, [21])
(80578, [44])
(80579, [44])
(80580, [44])
(80581, [44])
(80582, [44])
(80583, [44])
(80584, [44])
(80585, [44])
(80586, [44])
(80587, [44, 41, 40, 2])
(80588, [44])
(80589, [44])
(80590, [44, 2])
(80591, [44])
(80592, [44])
(80593, [44])
(80594, [44, 14])
(80595, [44])
(80596, [44])
(80597, [43])
(80598, [43])
(80599, [43, 31, 4])
(80600, [43])
(80601, [43])
(80602, [43])
(80603, [43])
(80604, [43])
(80605, [43])
(80606, [43])
(80607, [43])
(80608, [43])
(80609, [43])
(80610, [43])
(80611, [43])
(80612, [43])
(80613, [43])
(80614, [43, 39])
(80615, [43])
(80616, [43])
(80617, [43])
(80618, [43])
(80619, [43])
(80620, [43, 41])
(80621, [43])
(80622, [43])
(80623, [43])
(80624, [43])
(80625, [38])
(80626, [38])
(80627, [36])
(80628, [36])
(80629, [36])
(80630, [36])
(80631, [36, 30])
(80632, [36, 14])
(80633, [36])
(80634, [36])
(80635, [36])
(80636, [36])
(80637, [36])
(80638, [36])
(80639, [36])
(80640, [36])
(80641, [36])
(80642, [36])
(80643, [36])
(80644, [36, 14])
(80645, [36])
(80646, [36])
(80647, [36])
(80648, [36])
(80649, [36])
(80650, [36])
(80651, [36, 2])
(80652, [36])
(80653, [36])
(80654, [36])
(80655, [36])
(80656, [36])
(80657, [36])
(80658, [31, 30])
(80659, [31])
(80660, [31])
(80661, [31])
(80662, [31])
(80663, [31, 2])
(80664, [31])
(80665, [31])
(80666, [31, 41])
(80667, [31, 41])
(80668, [31])
(80669, [30])
(80670, [30])
(80671, [30, 12])
(80672, [30])
(80673, [30])
(80674, [30])
(80675, [30])
(80676, [30])
(80677, [30])
(80678, [30])
(80679, [30])
(80680, [30])
(80681, [30, 15])
(80682, [30])
(80683, [37, 5])
(80684, [37])
(80685, [37])
(80686, [37])
(80687, [39])
(80688, [41])
(80689, [41, 23])
(80690, [41, 3])
(80691, [41])
(80692, [41, 12])
(80693, [41])
(80694, [41])
(80695, [41])
(80696, [41, 12])
(80697, [41, 2])
(80698, [41, 2])
(80699, [41])
(80700, [41])
(80701, [41])
(80702, [41])
(80703, [41])
(80704, [41])
(80705, [41])
(80706, [41, 12])
(80707, [41])
(80708, [41])
(80709, [41])
(80710, [41])
(80711, [41])
(80712, [41])
(80713, [41])
(80714, [24])
(80715, [24])
(80716, [24])
(80717, [24, 15])
(80718, [24])
(80719, [24])
(80720, [24, 4, 15, 14])
(80721, [23])
(80722, [23])
(80723, [23])
(80724, [23])
(80725, [23])
(80726, [23])
(80727, [23])
(80728, [23])
(80729, [23])
(80730, [23])
(80731, [23])
(80732, [23])
(80733, [23])
(80734, [23])
(80735, [23])
(80736, [23])
(80737, [23])
(80738, [23, 3])
(80739, [23])
(80740, [23])
(80741, [23])
(80742, [23])
(80743, [23])
(80744, [23])
(80745, [23])
(80746, [23])
(80747, [23])
(80748, [23])
(80749, [23])
(80750, [23])
(80751, [23])
(80752, [23])
(80753, [23])
(80754, [23])
(80755, [23])
(80756, [23])
(80757, [23])
(80758, [23])
(80759, [23])
(80760, [23])
(80761, [23])
(80762, [23])
(80763, [23])
(80764, [23])
(80765, [23])
(80766, [23])
(80767, [23])
(80768, [23])
(80769, [23])
(80770, [23])
(80771, [23])
(80772, [23])
(80773, [23])
(80774, [23])
(80775, [23])
(80776, [23, 3])
(80777, [23, 3])
(80778, [4])
(80779, [4])
(80780, [4])
(80781, [4, 14])
(80782, [4])
(80783, [4])
(80784, [4])
(80785, [4])
(80786, [4])
(80787, [4])
(80788, [4])
(80789, [4])
(80790, [4])
(80791, [4])
(80792, [4])
(80793, [4])
(80794, [4])
(80795, [4])
(80796, [4])
(80797, [4])
(80798, [4])
(80799, [4])
(80800, [4])
(80801, [4])
(80802, [4, 22])
(80803, [4])
(80804, [15])
(80805, [15])
(80806, [15])
(80807, [15])
(80808, [15])
(80809, [15, 12])
(80810, [15])
(80811, [15])
(80812, [15])
(80813, [15])
(80814, [3])
(80815, [3])
(80816, [3])
(80817, [3])
(80818, [3])
(80819, [3])
(80820, [3])
(80821, [3, 2])
(80822, [3])
(80823, [3])
(80824, [3, 12])
(80825, [3])
(80826, [3])
(80827, [3])
(80828, [3])
(80829, [3, 12])
(80830, [3])
(80831, [3])
(80832, [3])
(80833, [3])
(80834, [3])
(80835, [3])
(80836, [3, 2])
(80837, [3])
(80838, [3])
(80839, [3])
(80840, [3])
(80841, [3])
(80842, [3])
(80843, [3])
(80844, [3])
(80845, [3])
(80846, [3])
(80847, [3])
(80848, [3, 2])
(80849, [12])
(80850, [12])
(80851, [12])
(80852, [12])
(80853, [12])
(80854, [12])
(80855, [12])
(80856, [12])
(80857, [12])
(80858, [12])
(80859, [12])
(80860, [12])
(80861, [12])
(80862, [12])
(80863, [12])
(80864, [12])
(80865, [12, 2])
(80866, [12])
(80867, [12])
(80868, [12])
(80869, [12])
(80870, [12])
(80871, [12])
(80872, [12])
(80873, [12])
(80874, [12])
(80875, [12])
(80876, [12])
(80877, [12])
(80878, [12])
(80879, [12])
(80880, [12])
(80881, [12])
(80882, [12])
(80883, [12])
(80884, [12])
(80885, [12])
(80886, [12])
(80887, [12])
(80888, [12])
(80889, [12])
(80890, [12])
(80891, [12])
(80892, [12])
(80893, [12])
(80894, [12])
(80895, [12])
(80896, [12])
(80897, [12])
(80898, [12])
(80899, [12])
(80900, [12])
(80901, [12])
(80902, [12])
(80903, [12])
(80904, [12])
(80905, [12])
(80906, [12])
(80907, [12])
(80908, [40])
(80909, [40])
(80910, [40])
(80911, [2])
(80912, [2])
(80913, [2])
(80914, [2])
(80915, [2])
(80916, [2])
(80917, [2])
(80918, [2])
(80919, [2])
(80920, [2])
(80921, [2])
(80922, [2])
(80923, [2])
(80924, [2])
(80925, [2, 14])
(80926, [2])
(80927, [2])
(80928, [2])
(80929, [2])
(80930, [2])
(80931, [2, 14])
(80932, [2])
(80933, [2])
(80934, [2])
(80935, [2])
(80936, [2])
(80937, [2])
(80938, [2])
(80939, [2])
(80940, [2])
(80941, [2])
(80942, [2])
(80943, [2])
(80944, [2])
(80945, [2])
(80946, [2])
(80947, [2])
(80948, [2])
(80949, [2])
(80950, [2])
(80951, [2])
(80952, [2])
(80953, [2])
(80954, [2])
(80955, [2])
(80956, [2])
(80957, [2])
(80958, [2])
(80959, [2])
(80960, [2])
(80961, [2])
(80962, [2])
(80963, [2])
(80964, [2])
(80965, [2])
(80966, [2])
(80967, [2])
(80968, [2])
(80969, [2])
(80970, [2])
(80971, [2])
(80972, [2])
(80973, [2])
(80974, [2])
(80975, [2])
(80976, [2])
(80977, [2])
(80978, [2])
(80979, [2])
(80980, [2])
(80981, [2])
(80982, [2])
(80983, [2])
(80984, [2])
(80985, [2])
(80986, [2])
(80987, [2])
(80988, [2])
(80989, [2])
(80990, [2])
(80991, [2])
(80992, [13])
(80993, [13])
(80994, [13])
(80995, [5])
(80996, [5])
(80997, [5])
(80998, [5])
(80999, [5])
(81000, [14])
(81001, [14])
(81002, [14])
(81003, [14])
(81004, [14])
(81005, [14])
(81006, [14])
(81007, [14])
(81008, [14])
(81009, [14])
(81010, [14])
(81011, [14])
(81012, [14])
(81013, [14])
(81014, [14])
(81015, [14])
(81016, [14])
(81017, [14])
(81018, [22])
(81019, [22])
(81020, [22])
(81021, [22])
(81022, [22])
(81023, [22])
(81024, [22])
(81025, [22])
