(53414, [32, 35, 34, 33, 20, 18, 27, 9, 0, 11, 7, 29, 16, 42, 6, 28, 17, 1, 10, 19, 26, 8, 21, 44, 43, 38, 36, 31, 30, 37, 39, 41, 24, 23, 4, 15, 3, 12, 40, 2, 13, 5, 14, 22, 25])
(53415, [32, 35, 34, 33, 20, 18, 27, 9, 0, 11, 7, 29, 16, 42, 6, 28, 17, 1, 10, 19, 26, 8, 21, 44, 43, 38, 36, 31, 30, 37, 39, 41, 24, 23, 4, 15, 3, 12, 40, 2, 13, 5, 14, 22, 25])
(53416, [32, 35, 34, 33, 20, 18, 27, 9, 0, 11, 7, 29, 16, 42, 6, 28, 17, 1, 10, 19, 26, 8, 21, 44, 43, 38, 36, 31, 30, 37, 39, 41, 24, 23, 4, 15, 3, 12, 40, 2, 13, 5, 14, 22, 25])
(53417, [32, 35, 34, 33, 20, 18, 27, 9, 0, 11, 7, 29, 16, 42, 6, 28, 17, 1, 10, 19, 26, 8, 21, 44, 43, 38, 36, 31, 30, 37, 39, 41, 24, 23, 4, 15, 3, 12, 40, 2, 13, 5, 14, 22, 25])
(53418, [32, 35, 34, 33, 20, 18, 27, 9, 0, 11, 7, 29, 16, 42, 6, 28, 17, 1, 10, 19, 26, 8, 21, 44, 43, 38, 36, 31, 30, 37, 39, 41, 24, 23, 4, 15, 3, 12, 40, 2, 13, 5, 14, 22, 25])
(53419, [32, 35, 34, 33, 20, 18, 27, 9, 0, 11, 7, 29, 16, 42, 6, 28, 17, 1, 10, 19, 26, 8, 21, 44, 43, 38, 36, 31, 30, 37, 39, 41, 24, 23, 4, 15, 3, 12, 40, 2, 13, 5, 14, 22, 25])
(53420, [32, 34, 33, 27, 9, 0, 11, 7, 16, 28, 17, 1, 19, 8, 44, 43, 30, 37, 41, 4, 15, 3, 12, 40, 2, 13, 14, 22])
(53421, [32])
(53422, [32, 35, 34, 33, 20, 18, 27, 9, 0, 11, 7, 29, 16, 42, 6, 28, 17, 1, 10, 19, 26, 8, 21, 44, 43, 38, 36, 31, 30, 37, 39, 41, 24, 23, 4, 15, 3, 12, 40, 2, 13, 5, 14, 22, 25])
(53423, [32, 35, 34, 33, 20, 18, 27, 9, 0, 11, 7, 29, 16, 42, 6, 28, 17, 1, 10, 19, 26, 8, 21, 44, 43, 38, 36, 31, 30, 37, 39, 41, 24, 23, 4, 15, 3, 12, 40, 2, 13, 5, 14, 22, 25])
(53424, [32, 35, 34, 33, 20, 18, 27, 9, 0, 11, 7, 29, 16, 42, 6, 28, 17, 1, 10, 19, 26, 8, 21, 44, 43, 38, 36, 31, 30, 37, 39, 41, 24, 23, 4, 15, 3, 12, 40, 2, 13, 5, 14, 22, 25])
(53425, [32, 35, 34, 33, 20, 18, 27, 9, 0, 11, 7, 42, 1, 19, 26, 21, 43, 31, 30, 37, 24, 23, 3, 12, 2, 13, 5])
(53426, [32, 35, 34, 27, 9, 0, 11, 7, 16, 42, 28, 17, 1, 10, 19, 26, 21, 44, 43, 36, 31, 41, 24, 4, 15, 3, 12, 40, 2, 13, 14])
(53427, [32, 34, 18, 1, 19, 26, 43, 31, 30, 39, 24, 4, 15, 3, 14])
(53428, [32, 35, 34, 33, 20, 18, 27, 9, 0, 11, 7, 29, 16, 42, 6, 17, 1, 19, 26, 21, 44, 43, 38, 31, 30, 37, 39, 41, 24, 23, 4, 15, 3, 12, 2, 13, 5, 22])
(53429, [32, 35, 33, 9, 11, 17, 1, 26, 44, 31, 24, 23, 3, 40, 2, 13])
(53430, [32, 9, 0, 17, 4, 15, 12, 2, 14])
(53431, [32, 35, 34, 33, 20, 18, 27, 9, 0, 11, 7, 42, 6, 28, 17, 10, 19, 26, 8, 44, 43, 36, 31, 30, 37, 39, 41, 24, 23, 4, 15, 3, 12, 40, 2, 13, 5, 14, 22])
(53432, [32, 34, 20, 18, 9, 11, 16, 6, 17, 26, 31, 30, 4, 3, 12, 2])
(53433, [32, 35, 34, 18, 6, 28, 10, 31, 30, 24, 2, 5])
(53434, [32, 35, 33, 20, 18, 9, 0, 11, 42, 6, 28, 1, 26, 21, 31, 37, 41, 24, 23, 4, 3, 12, 40, 2, 13, 14, 22])
(53435, [32, 34, 33, 9, 0, 1, 26, 8, 43, 31, 41, 24, 15, 3, 13])
(53436, [32, 34, 33, 18, 9, 0, 7, 6, 17, 1, 21, 44, 31, 30, 41, 23, 15, 3, 13, 22])
(53437, [32, 34, 33, 18, 9, 0, 11, 7, 16, 1, 19, 26, 8, 21, 31, 30, 41, 23, 4, 15, 3, 12, 40, 2, 13, 5])
(53438, [32, 31, 4])
(53439, [32, 16, 44, 30, 2])
(53440, [32, 35, 34, 33, 20, 18, 27, 9, 0, 11, 7, 29, 16, 42, 6, 28, 17, 1, 10, 19, 26, 8, 21, 44, 43, 38, 36, 31, 30, 37, 39, 41, 24, 23, 4, 15, 3, 12, 40, 2, 13, 5, 14, 22, 25])
(53441, [32, 18, 9, 0, 11, 7, 42, 1, 19, 41, 23, 4, 3, 12, 2])
(53442, [32, 35, 33, 18, 29, 17, 1, 19, 26, 8, 44, 31, 30, 39, 41, 23, 15, 3, 12, 2, 5, 22])
(53443, [32, 35, 34, 33, 20, 18, 27, 9, 11, 7, 16, 42, 6, 28, 17, 1, 10, 19, 26, 8, 44, 43, 36, 31, 30, 39, 41, 24, 23, 4, 15, 3, 12, 40, 2, 13, 5, 14, 22, 25])
(53444, [32, 33, 6, 24, 4, 15, 2, 14])
(53445, [32, 17, 31, 24, 3, 40, 14])
(53446, [32, 35, 34, 33, 20, 18, 9, 0, 11, 7, 29, 16, 6, 17, 1, 10, 19, 8, 44, 43, 31, 30, 41, 24, 4, 15, 3, 12, 2])
(53447, [32, 34, 33, 18, 9, 0, 11, 16, 6, 1, 19, 26, 8, 21, 43, 36, 31, 30, 41, 23, 4, 15, 3, 12, 2, 13, 22])
(53448, [32, 35, 34, 33, 20, 18, 9, 0, 11, 7, 16, 42, 6, 28, 17, 1, 10, 19, 26, 21, 44, 43, 31, 30, 41, 24, 23, 4, 15, 3, 12, 2, 13, 14, 22])
(53449, [32, 34, 18, 27, 9, 0, 7, 16, 6, 1, 31, 30, 41, 23, 15, 3, 12, 2, 14])
(53450, [32])
(53451, [32, 34, 33, 7, 19, 31, 30, 3, 2])
(53452, [32])
(53453, [32])
(53454, [32, 9])
(53455, [32, 33, 18, 9, 7, 1, 19, 26, 44, 31, 41, 23, 4, 15, 3, 2])
(53456, [32, 9, 0, 26, 43, 41, 23, 4, 3, 12])
(53457, [32, 33, 18, 11, 6, 1, 19, 26, 21, 41, 24, 15, 3, 12, 2, 13, 14, 22])
(53458, [32, 20, 18, 11, 42, 6, 17, 21, 44, 43, 41, 23, 13])
(53459, [32, 34, 18, 0, 11, 16, 6, 17, 26, 21, 43, 31, 30, 41, 24, 15, 3, 12, 2, 14, 22])
(53460, [32, 35, 34, 33, 20, 18, 9, 0, 11, 7, 16, 42, 6, 1, 19, 8, 21, 44, 43, 31, 30, 39, 41, 24, 23, 4, 15, 3, 12, 2, 13, 5, 14, 22])
(53461, [32, 21, 2, 14])
(53462, [32, 9, 44, 43, 36, 4, 15, 2, 14])
(53463, [32, 30, 24, 2])
(53464, [32, 18, 9, 19, 43, 39, 4, 15, 2, 14])
(53465, [32, 35, 18, 9, 0, 11, 16, 17, 1, 10, 19, 26, 21, 31, 30, 41, 15, 2, 14])
(53466, [32, 35, 20, 17, 1, 19, 21, 44, 24, 23, 3, 12, 22])
(53467, [32, 6, 26, 30, 41, 23, 15])
(53468, [32, 33, 9, 1, 30, 24, 3, 12])
(53469, [32, 35, 34, 33, 20, 18, 27, 9, 0, 11, 6, 28, 17, 1, 10, 19, 26, 8, 44, 43, 30, 39, 41, 23, 4, 15, 3, 12, 2, 13, 14])
(53470, [32, 18, 9, 6, 43, 30, 23, 4, 15])
(53471, [32, 35, 34, 33, 20, 27, 9, 16, 17, 1, 10, 26, 8, 21, 44, 31, 37, 23, 4, 3, 12, 2, 22])
(53472, [32, 35, 33, 18, 9, 11, 7, 6, 17, 1, 19, 21, 44, 43, 31, 30, 41, 24, 23, 4, 15, 3, 40, 2, 14, 22, 25])
(53473, [32, 9, 0, 11, 7, 16, 42, 17, 19, 26, 8, 44, 41, 23, 4, 3, 12, 40, 2, 13, 5, 22])
(53474, [32, 33, 30, 41])
(53475, [32, 35, 34, 33, 20, 27, 9, 11, 7, 29, 16, 42, 6, 28, 17, 1, 19, 26, 8, 21, 44, 43, 38, 31, 30, 41, 24, 23, 4, 15, 3, 12, 40, 2, 13, 22])
(53476, [32, 9, 0, 29, 6, 31, 12])
(53477, [32, 35, 34, 33, 18, 9, 0, 11, 16, 6, 17, 19, 26, 21, 44, 43, 36, 31, 30, 39, 41, 24, 4, 15, 3, 12, 40, 2, 13, 14])
(53478, [32, 34, 9, 0, 42, 19, 26, 36, 39, 41, 4, 15, 12, 40, 2, 14])
(53479, [32, 33, 18, 9, 11, 7, 16, 42, 6, 1, 19, 26, 44, 43, 31, 41, 23, 4, 15, 3, 13])
(53480, [32, 35, 34, 33, 20, 18, 27, 9, 0, 11, 42, 6, 17, 1, 10, 26, 44, 43, 31, 30, 37, 41, 24, 23, 4, 15, 3, 12, 40, 2, 13])
(53481, [32, 34, 33, 11, 16, 6, 28, 1, 19, 26, 21, 44, 43, 36, 31, 30, 4, 15, 3, 12, 40, 2])
(53482, [32, 34, 33, 20, 18, 27, 9, 11, 7, 42, 28, 17, 1, 19, 26, 44, 36, 31, 30, 24, 23, 15, 3, 12, 13, 5, 22])
(53483, [32, 33, 41, 23])
(53484, [32, 33, 11, 17, 26, 43, 31, 30, 39, 41, 15, 40])
(53485, [32, 35, 18, 27, 11, 7, 16, 42, 1, 10, 21, 44, 43, 31, 23, 15, 3, 12])
(53486, [32, 18, 11, 6, 8, 43, 31, 30, 23, 2])
(53487, [32, 18, 27, 9, 0, 16, 6, 28, 41, 23, 3, 5])
(53488, [32, 34, 33, 18, 9, 6, 28, 1, 19, 26, 8, 31, 30, 41, 24, 23, 4, 15, 3, 12, 40, 2, 13, 22])
(53489, [32, 34, 33, 0, 36, 31, 15, 13])
(53490, [32, 34, 18, 9, 0, 7, 19, 26, 8, 38, 31, 3, 12])
(53491, [32, 9])
(53492, [32, 34, 18, 29, 6, 44, 31, 30, 41, 3])
(53493, [32, 34, 33, 20, 9, 16, 42, 1, 19, 44, 38, 36, 3, 12])
(53494, [32, 18, 0, 6, 19, 31, 41, 23, 15, 3, 40])
(53495, [32, 34, 20, 9, 0, 6, 28, 17, 19, 26, 8, 44, 43, 38, 31, 41, 24, 4, 15, 12, 2, 13, 5, 14])
(53496, [32, 18, 6, 43, 23])
(53497, [32, 34, 18, 11, 7, 6, 17, 26, 44, 43, 36, 30, 4, 15, 3, 40, 2, 13, 14])
(53498, [32, 16, 31, 3])
(53499, [32, 33, 8, 44, 31, 3])
(53500, [32, 20, 0, 7, 19, 3, 12])
(53501, [32, 33, 9, 11, 7, 29, 42, 21, 44, 43, 38, 31, 30, 41, 23, 4, 15, 3, 12, 2, 5, 22])
(53502, [32])
(53503, [32, 33, 0, 11, 6, 1, 43, 31, 30, 23, 4, 3, 12, 13])
(53504, [32, 11, 7, 44, 43, 30, 41, 3, 12])
(53505, [32, 34, 33, 20, 27, 9, 0, 11, 7, 16, 42, 6, 28, 17, 1, 19, 26, 44, 43, 36, 31, 30, 39, 41, 24, 4, 15, 3, 12, 40, 2, 13, 14])
(53506, [32, 0, 8, 31, 12, 14])
(53507, [32, 18, 27, 9, 0, 16, 41, 4, 15, 40, 2, 13, 14])
(53508, [32, 9, 0, 16, 42, 6, 1, 15, 3, 2])
(53509, [32, 34, 33, 9, 16, 17, 1, 19, 26, 44, 43, 31, 30, 41, 24, 40, 2, 14])
(53510, [32, 18, 9, 0, 16, 42, 6, 28, 1, 10, 26, 21, 44, 43, 31, 30, 37, 39, 41, 24, 23, 4, 15, 3, 12, 2, 14])
(53511, [32, 33, 7, 30])
(53512, [32, 1, 19, 23, 4])
(53513, [32, 6, 21, 41, 24, 23, 3])
(53514, [32, 34, 33, 20, 18, 27, 0, 7, 1, 19, 44, 43, 24, 23, 15, 3, 12, 14])
(53515, [35, 34, 33, 20, 18, 27, 9, 0, 11, 7, 29, 16, 42, 6, 28, 1, 10, 19, 26, 8, 21, 44, 43, 38, 36, 31, 30, 37, 39, 41, 24, 23, 4, 15, 3, 12, 40, 2, 13, 5, 14, 22, 25])
(53516, [35, 1, 10, 43, 2])
(53517, [35, 34, 18, 17, 1, 26, 8, 21, 43, 36, 23, 3, 12, 2, 5, 14])
(53518, [35, 34])
(53519, [35, 34, 33, 20, 18, 9, 11, 7, 29, 16, 42, 6, 17, 1, 10, 19, 26, 8, 44, 43, 38, 36, 31, 30, 41, 23, 4, 3, 12, 40, 2, 13, 5, 14, 22, 25])
(53520, [35, 33, 20, 18, 9, 0, 11, 7, 6, 1, 10, 19, 26, 8, 21, 43, 36, 37, 39, 23, 4, 15, 3, 12, 2, 5])
(53521, [35, 21, 43])
(53522, [35])
(53523, [35])
(53524, [35])
(53525, [35, 34, 9, 30, 23, 3])
(53526, [35, 12])
(53527, [35, 34, 33, 18, 9, 29, 28, 17, 1, 19, 26, 44, 36, 31, 30, 41, 24, 4, 15, 3, 40, 2])
(53528, [35])
(53529, [35, 33, 18, 9, 0, 16, 42, 6, 28, 26, 8, 44, 43, 31, 30, 24, 23, 4, 15, 3, 12, 40, 2, 22])
(53530, [35, 0, 16, 26, 43, 41, 15, 12, 22])
(53531, [35, 18])
(53532, [35, 34, 33, 20, 18, 27, 9, 11, 29, 16, 6, 17, 1, 19, 8, 21, 44, 38, 36, 31, 30, 37, 41, 23, 4, 15, 3, 12, 40, 2, 5, 22])
(53533, [35])
(53534, [35, 44, 15])
(53535, [35, 20, 18, 0, 7, 21, 31, 22, 25])
(53536, [35])
(53537, [35, 0, 11, 16, 1, 21, 31, 12])
(53538, [35])
(53539, [35, 18, 8, 23, 15])
(53540, [35, 6, 43, 41, 2, 14])
(53541, [35, 1])
(53542, [35])
(53543, [35])
(53544, [35, 20, 9, 0, 16, 1, 19, 26, 41, 23, 15, 3, 12, 5])
(53545, [35, 20, 9, 7, 6, 1, 21, 44, 31, 3])
(53546, [35])
(53547, [35, 18, 0, 23, 15])
(53548, [35])
(53549, [35])
(53550, [35])
(53551, [35, 34, 20, 7, 1, 36, 30, 41, 3, 12, 14])
(53552, [35])
(53553, [34, 33, 9, 11, 16, 17, 1, 19, 26, 21, 44, 43, 31, 30, 24, 23, 4, 40, 2, 13, 14])
(53554, [34, 18, 6, 30, 4, 2])
(53555, [34, 0, 11, 7, 6, 17, 19, 26, 44, 43, 31, 30, 24, 4, 3, 12, 2])
(53556, [34, 6, 19, 41, 24, 2])
(53557, [34, 33, 18, 9, 7, 16, 42, 6, 1, 19, 8, 21, 43, 31, 30, 23, 4, 15, 2, 14, 22])
(53558, [34])
(53559, [34, 31])
(53560, [34, 18])
(53561, [34])
(53562, [34])
(53563, [34, 18, 27, 6, 1, 19, 26, 21, 30, 3, 12])
(53564, [34, 7, 4, 15])
(53565, [34, 18, 10, 31])
(53566, [34, 33, 0, 11, 7, 16, 1, 19, 26, 8, 21, 44, 31, 30, 24, 23, 4, 15, 3, 12, 2, 13, 22])
(53567, [34])
(53568, [34])
(53569, [34, 18, 40])
(53570, [34, 31])
(53571, [34])
(53572, [34, 18, 6, 8, 30, 15, 12, 22])
(53573, [34, 18, 11, 7, 6, 3])
(53574, [34, 1, 26, 21, 23, 3, 22])
(53575, [34, 1, 3])
(53576, [34, 9, 11, 1, 44, 12])
(53577, [34, 33, 1, 19, 38, 31, 15])
(53578, [34, 33, 20, 9, 0, 11, 7, 17, 10, 19, 26, 44, 41, 15, 12, 2, 14, 22])
(53579, [34])
(53580, [34, 0])
(53581, [34, 17, 1, 44, 40, 2])
(53582, [34, 0, 17, 31, 24, 23, 4])
(53583, [34, 6, 26, 8, 15])
(53584, [34, 31])
(53585, [34])
(53586, [34, 9, 0, 1, 10, 31, 2])
(53587, [34, 0, 41, 40])
(53588, [34, 33, 9, 0, 11, 7, 1, 10, 19, 44, 30, 24, 3, 2])
(53589, [34])
(53590, [34])
(53591, [34, 18, 15])
(53592, [34])
(53593, [34, 11, 6, 19, 43, 41, 24, 23, 2])
(53594, [34])
(53595, [34, 33, 20, 9, 0, 16, 42, 28, 1, 8, 21, 43, 41, 23, 3, 12, 2, 5])
(53596, [34, 9, 29, 6, 17, 1, 19, 26, 44, 43, 15, 3, 40, 2, 14])
(53597, [34])
(53598, [34, 33, 18, 9, 0, 11, 26, 31, 24, 23, 4, 15, 12])
(53599, [34, 0])
(53600, [34])
(53601, [33, 27, 0, 11, 6, 1, 26, 44, 43, 4, 3, 40, 2, 13, 14])
(53602, [33, 30])
(53603, [33, 31])
(53604, [33, 26, 23, 12])
(53605, [33, 1, 3])
(53606, [33, 0, 11, 6, 21, 36, 30, 41, 2])
(53607, [33, 21, 30])
(53608, [33])
(53609, [33])
(53610, [33])
(53611, [33, 20, 9, 0, 11, 19, 30, 15, 12, 2])
(53612, [33, 18, 9, 0, 16, 42, 6, 1, 10, 44, 38, 36, 31, 30, 39, 24, 4, 15, 12, 40, 2, 13])
(53613, [33, 17])
(53614, [33, 1, 24, 4, 15, 2, 14])
(53615, [33, 11])
(53616, [33])
(53617, [33, 19, 44, 31, 25])
(53618, [33, 9, 1, 31, 30, 3, 13, 22])
(53619, [33, 20, 13])
(53620, [33, 9, 0, 16, 6, 17, 1, 26, 44, 43, 41, 15, 2, 13, 25])
(53621, [33])
(53622, [33, 12])
(53623, [33])
(53624, [33, 6, 28, 43, 41, 4, 15, 2])
(53625, [33, 0, 1, 19, 21, 30, 12])
(53626, [33])
(53627, [33, 18, 1, 31])
(53628, [33])
(53629, [33, 9, 11, 17, 19, 31, 2])
(53630, [33])
(53631, [33])
(53632, [33, 19, 44, 43, 24, 40, 2, 14])
(53633, [33, 1, 21, 3])
(53634, [33, 17])
(53635, [33])
(53636, [33, 23, 12, 2])
(53637, [33, 11, 1, 44, 31, 3])
(53638, [33])
(53639, [33, 16])
(53640, [33])
(53641, [20, 15])
(53642, [20, 6, 10, 40])
(53643, [20, 9, 11, 1, 19, 26, 23, 3, 2])
(53644, [20, 11, 16, 6, 17, 1, 19, 8, 21, 44, 38, 23, 3, 12, 40, 2, 14])
(53645, [20, 1, 44, 3])
(53646, [20, 41, 24, 23, 3, 13])
(53647, [20, 9, 19, 31, 41, 24, 2])
(53648, [20])
(53649, [20])
(53650, [20, 18, 9, 0, 7, 16, 6, 1, 26, 3, 2, 25])
(53651, [20, 18, 9, 7, 1, 19, 8, 44, 39, 23, 15, 3, 12, 2, 22])
(53652, [20, 0, 1, 23])
(53653, [20, 44, 39, 3])
(53654, [20, 9, 31])
(53655, [20])
(53656, [20, 0, 7, 17, 1, 15, 3, 12])
(53657, [20, 18, 11, 7, 16, 42, 17, 1, 21, 44, 43, 23, 4, 15, 3, 12, 22])
(53658, [20, 0, 30, 12])
(53659, [20, 18, 21, 4, 3])
(53660, [20, 3])
(53661, [20, 0, 11, 7, 16, 42, 44, 43, 23, 3, 12])
(53662, [20, 27, 0, 42, 1, 19, 26, 8, 21, 3, 12])
(53663, [20, 9, 10, 24, 3, 2, 14])
(53664, [20, 27, 9, 11, 42, 6, 43, 30, 23, 4, 2, 22])
(53665, [20, 9, 1, 21, 41, 3, 13])
(53666, [20, 17, 1, 19, 26, 44, 41, 23, 3, 12])
(53667, [18])
(53668, [18])
(53669, [18])
(53670, [18])
(53671, [18])
(53672, [18])
(53673, [18])
(53674, [18])
(53675, [18])
(53676, [18])
(53677, [18, 9, 42, 6, 1, 19, 26, 8, 21, 44, 43, 39, 41, 23, 4, 15, 3, 12, 2])
(53678, [18, 0, 11, 16, 6, 19, 43, 36, 23, 4, 2, 22])
(53679, [18, 0])
(53680, [18])
(53681, [18, 6, 19, 43, 2])
(53682, [18, 4])
(53683, [18, 17, 4])
(53684, [18])
(53685, [18, 0, 16, 19, 8])
(53686, [18, 21])
(53687, [18])
(53688, [18, 1])
(53689, [18, 9, 29, 1, 26, 8, 23, 15, 3])
(53690, [18])
(53691, [18])
(53692, [18])
(53693, [18])
(53694, [18, 0, 31, 2])
(53695, [18, 23, 22])
(53696, [18])
(53697, [18, 1, 4])
(53698, [18])
(53699, [18])
(53700, [18, 7, 16, 41, 2])
(53701, [18, 4, 3])
(53702, [18, 11, 6])
(53703, [18])
(53704, [18, 26, 30])
(53705, [18])
(53706, [18])
(53707, [18])
(53708, [18, 23, 3])
(53709, [18, 44])
(53710, [18, 6])
(53711, [18])
(53712, [18, 9, 28, 1, 26, 8, 23, 15, 40, 2])
(53713, [18])
(53714, [18, 9, 6, 17, 44, 36, 41, 24, 15, 3])
(53715, [18])
(53716, [18])
(53717, [18])
(53718, [18])
(53719, [18])
(53720, [18])
(53721, [18])
(53722, [18])
(53723, [18, 6])
(53724, [18])
(53725, [18, 7, 21, 15])
(53726, [18, 7, 43, 24, 23, 4])
(53727, [18])
(53728, [18, 30])
(53729, [18, 37, 23, 3])
(53730, [18])
(53731, [18])
(53732, [18])
(53733, [18, 16])
(53734, [18])
(53735, [18, 4])
(53736, [18])
(53737, [18])
(53738, [18])
(53739, [18])
(53740, [18])
(53741, [18])
(53742, [18])
(53743, [18, 1, 8, 30, 3, 5])
(53744, [18, 19, 37, 13])
(53745, [27])
(53746, [27, 9, 0, 42, 6, 17, 19, 26, 41, 12, 2, 13, 14])
(53747, [27])
(53748, [27])
(53749, [27])
(53750, [27, 1, 21])
(53751, [27])
(53752, [27, 28])
(53753, [9, 23])
(53754, [9])
(53755, [9, 43, 23, 15])
(53756, [9, 1, 8, 41, 23, 40, 2])
(53757, [9])
(53758, [9, 11, 16, 28, 1, 19, 44, 36, 4, 3, 12, 2, 22])
(53759, [9, 43, 23, 14])
(53760, [9, 12])
(53761, [9, 1, 3, 40])
(53762, [9, 44, 24, 15, 12, 2])
(53763, [9, 0, 11, 30])
(53764, [9, 11, 1, 26, 3, 13])
(53765, [9])
(53766, [9])
(53767, [9, 43, 2])
(53768, [9])
(53769, [9, 0, 24, 4, 12, 2])
(53770, [9])
(53771, [9, 11, 23])
(53772, [9, 16, 44, 31])
(53773, [9])
(53774, [9])
(53775, [9, 0, 41, 3])
(53776, [9, 6, 19, 26, 44, 43, 31, 41, 2])
(53777, [9])
(53778, [9])
(53779, [9])
(53780, [9])
(53781, [9, 11, 17, 1, 26, 43, 31, 3, 2, 14])
(53782, [9, 42, 10, 30, 3, 12])
(53783, [9])
(53784, [9, 11, 26, 43, 41, 12])
(53785, [9])
(53786, [9])
(53787, [9, 21, 30])
(53788, [9])
(53789, [9, 23])
(53790, [9, 26])
(53791, [9])
(53792, [9, 7, 19, 23, 3, 12, 2, 22])
(53793, [9])
(53794, [9])
(53795, [9])
(53796, [9])
(53797, [9, 26, 41])
(53798, [9])
(53799, [9])
(53800, [9])
(53801, [9])
(53802, [9, 16, 2])
(53803, [9])
(53804, [9, 1, 26, 44, 3])
(53805, [9, 11, 42, 43, 23])
(53806, [9, 19, 26, 41])
(53807, [9])
(53808, [9, 0, 11, 28, 1, 19, 21, 24, 15, 3, 40, 2])
(53809, [9])
(53810, [9])
(53811, [9, 6, 24])
(53812, [9])
(53813, [9, 11, 26, 44, 43, 3, 12])
(53814, [9, 11, 3])
(53815, [9])
(53816, [9])
(53817, [9])
(53818, [9])
(53819, [0])
(53820, [0, 12])
(53821, [0])
(53822, [0, 2])
(53823, [0])
(53824, [0])
(53825, [0, 12])
(53826, [0])
(53827, [0, 12])
(53828, [0])
(53829, [0])
(53830, [0])
(53831, [0])
(53832, [0])
(53833, [0])
(53834, [0])
(53835, [0, 5])
(53836, [0])
(53837, [0])
(53838, [0])
(53839, [0])
(53840, [0])
(53841, [0])
(53842, [0])
(53843, [0])
(53844, [0, 12])
(53845, [0])
(53846, [0])
(53847, [0])
(53848, [0, 26, 43, 23])
(53849, [0])
(53850, [0])
(53851, [0])
(53852, [0])
(53853, [0])
(53854, [0])
(53855, [0])
(53856, [0])
(53857, [0])
(53858, [0])
(53859, [0, 7, 19, 31, 15, 12])
(53860, [0, 1, 26, 44, 41, 3])
(53861, [0])
(53862, [0])
(53863, [0])
(53864, [0, 11, 7, 16, 42, 1, 10, 8, 43, 38, 37, 41, 12, 13])
(53865, [0])
(53866, [0])
(53867, [0])
(53868, [0])
(53869, [0])
(53870, [0])
(53871, [0])
(53872, [0, 17, 1, 21, 41, 24, 3, 12])
(53873, [0, 1, 31, 3])
(53874, [0])
(53875, [0, 17, 12, 2])
(53876, [0])
(53877, [0])
(53878, [0])
(53879, [0])
(53880, [0])
(53881, [0])
(53882, [0])
(53883, [0, 3])
(53884, [0, 11, 5])
(53885, [0])
(53886, [0])
(53887, [0])
(53888, [0])
(53889, [0])
(53890, [0])
(53891, [0])
(53892, [0])
(53893, [0])
(53894, [0])
(53895, [0])
(53896, [0, 15, 13])
(53897, [0])
(53898, [0])
(53899, [0, 3, 12])
(53900, [0])
(53901, [0])
(53902, [0])
(53903, [0])
(53904, [0])
(53905, [0])
(53906, [0, 1])
(53907, [0])
(53908, [0])
(53909, [0])
(53910, [0])
(53911, [0])
(53912, [0])
(53913, [0])
(53914, [0])
(53915, [0])
(53916, [0, 31, 15, 2])
(53917, [0])
(53918, [0])
(53919, [0])
(53920, [0])
(53921, [0])
(53922, [0])
(53923, [0])
(53924, [0])
(53925, [0])
(53926, [0])
(53927, [0])
(53928, [0])
(53929, [0])
(53930, [0])
(53931, [0])
(53932, [0])
(53933, [0, 1, 19, 44, 31, 24, 3, 5])
(53934, [0])
(53935, [0])
(53936, [0])
(53937, [0])
(53938, [0])
(53939, [0, 21, 3, 12, 25])
(53940, [0, 28, 19, 23, 3])
(53941, [0])
(53942, [0])
(53943, [0])
(53944, [0])
(53945, [0])
(53946, [0])
(53947, [0, 43])
(53948, [0, 3])
(53949, [0])
(53950, [0])
(53951, [0])
(53952, [0])
(53953, [0])
(53954, [0])
(53955, [0])
(53956, [0])
(53957, [0])
(53958, [0])
(53959, [0])
(53960, [0])
(53961, [0])
(53962, [0])
(53963, [0, 12, 2])
(53964, [0])
(53965, [0])
(53966, [0])
(53967, [0, 2])
(53968, [0])
(53969, [0])
(53970, [0, 10])
(53971, [0])
(53972, [0])
(53973, [0])
(53974, [0])
(53975, [0])
(53976, [0])
(53977, [0])
(53978, [0])
(53979, [0, 1, 44])
(53980, [0])
(53981, [0])
(53982, [0])
(53983, [0])
(53984, [0])
(53985, [0])
(53986, [0])
(53987, [0, 12])
(53988, [0, 12])
(53989, [0])
(53990, [0])
(53991, [0])
(53992, [0, 21])
(53993, [0])
(53994, [0])
(53995, [0])
(53996, [0])
(53997, [0])
(53998, [0])
(53999, [0])
(54000, [0, 15])
(54001, [0])
(54002, [0])
(54003, [0])
(54004, [0])
(54005, [0])
(54006, [0])
(54007, [0, 41])
(54008, [0])
(54009, [0])
(54010, [0, 12])
(54011, [0])
(54012, [0])
(54013, [0])
(54014, [0])
(54015, [0, 19, 4, 2, 14])
(54016, [0])
(54017, [0])
(54018, [0])
(54019, [0])
(54020, [0])
(54021, [0])
(54022, [0])
(54023, [0])
(54024, [0])
(54025, [0])
(54026, [0])
(54027, [0])
(54028, [0])
(54029, [0])
(54030, [0])
(54031, [0])
(54032, [0])
(54033, [0])
(54034, [0])
(54035, [0])
(54036, [0])
(54037, [0])
(54038, [0])
(54039, [0])
(54040, [0])
(54041, [0])
(54042, [0])
(54043, [0])
(54044, [0, 11, 12])
(54045, [0])
(54046, [0])
(54047, [0, 43])
(54048, [0])
(54049, [0])
(54050, [0, 16, 1, 21, 44, 30, 12, 2])
(54051, [0])
(54052, [0])
(54053, [0])
(54054, [0])
(54055, [0])
(54056, [0])
(54057, [0])
(54058, [0, 1, 3])
(54059, [0])
(54060, [0])
(54061, [0])
(54062, [11, 17, 19, 44, 43, 4, 40, 2, 14])
(54063, [11])
(54064, [11])
(54065, [11, 1, 19, 21, 39, 3, 12])
(54066, [11, 15])
(54067, [11, 29, 26, 41, 2])
(54068, [11])
(54069, [11, 21])
(54070, [11])
(54071, [11, 19, 37, 3])
(54072, [11, 15])
(54073, [11, 1, 19, 26, 41, 24, 4, 15, 12, 2, 14])
(54074, [11, 1])
(54075, [11, 30, 12])
(54076, [11])
(54077, [11, 3])
(54078, [11])
(54079, [11, 19, 44, 2])
(54080, [11, 41])
(54081, [11, 12])
(54082, [11, 1, 12, 2])
(54083, [11, 19])
(54084, [11])
(54085, [11, 6, 19, 44, 43, 23])
(54086, [11])
(54087, [11, 44])
(54088, [7])
(54089, [7])
(54090, [7])
(54091, [7, 1, 3])
(54092, [7, 1, 26, 3, 40, 5])
(54093, [7, 6, 26, 30, 23, 12])
(54094, [7])
(54095, [7])
(54096, [7, 31])
(54097, [7, 43, 41, 15, 2])
(54098, [7])
(54099, [29])
(54100, [29])
(54101, [29])
(54102, [16, 1, 15, 3, 12])
(54103, [16])
(54104, [16])
(54105, [16])
(54106, [16, 41, 13])
(54107, [16])
(54108, [16])
(54109, [16])
(54110, [16])
(54111, [16, 26, 21, 43, 40, 2, 13, 14])
(54112, [16])
(54113, [16])
(54114, [42, 23])
(54115, [42])
(54116, [42, 44, 12])
(54117, [42])
(54118, [6])
(54119, [6, 17, 1, 19, 26, 8, 14])
(54120, [6, 1, 39, 4, 15, 3])
(54121, [6])
(54122, [6])
(54123, [6])
(54124, [6, 1, 44, 23, 4, 15, 3, 2, 14])
(54125, [6, 2])
(54126, [6])
(54127, [6, 43])
(54128, [6, 28, 44, 4, 2, 14])
(54129, [6])
(54130, [6, 28, 2])
(54131, [28])
(54132, [28, 43])
(54133, [28])
(54134, [28, 44])
(54135, [28])
(54136, [17, 1, 3])
(54137, [17])
(54138, [17, 2])
(54139, [17, 43, 41, 2])
(54140, [17])
(54141, [17, 3])
(54142, [17, 19, 26])
(54143, [17, 21])
(54144, [17])
(54145, [17])
(54146, [17])
(54147, [17, 14])
(54148, [17])
(54149, [17, 19])
(54150, [17])
(54151, [17])
(54152, [17])
(54153, [17, 23])
(54154, [17, 24])
(54155, [17, 1, 24])
(54156, [1, 23])
(54157, [1])
(54158, [1, 3, 14])
(54159, [1, 44])
(54160, [1, 3, 40, 2])
(54161, [1, 30, 39, 23, 4, 3])
(54162, [1])
(54163, [1, 3])
(54164, [1, 3, 12])
(54165, [1, 3, 2])
(54166, [1])
(54167, [1, 44])
(54168, [1])
(54169, [1, 43])
(54170, [1])
(54171, [1, 3])
(54172, [1])
(54173, [1])
(54174, [1, 21, 24, 3, 12])
(54175, [1, 26, 15, 3, 40])
(54176, [1])
(54177, [1, 12, 22])
(54178, [1])
(54179, [1])
(54180, [1, 19, 3, 12])
(54181, [1, 12])
(54182, [1])
(54183, [1, 3, 12])
(54184, [1])
(54185, [1])
(54186, [1, 8])
(54187, [1])
(54188, [1])
(54189, [1])
(54190, [1])
(54191, [1, 19, 44, 39])
(54192, [1, 3, 12])
(54193, [1])
(54194, [1])
(54195, [1, 21])
(54196, [1, 3])
(54197, [10])
(54198, [10, 26])
(54199, [10])
(54200, [10])
(54201, [10])
(54202, [10])
(54203, [10])
(54204, [10, 2])
(54205, [10])
(54206, [10])
(54207, [10])
(54208, [19, 4])
(54209, [19, 43])
(54210, [19, 26])
(54211, [19])
(54212, [19])
(54213, [19])
(54214, [19])
(54215, [19])
(54216, [19])
(54217, [19, 43, 36, 15, 2])
(54218, [19])
(54219, [19, 4, 2])
(54220, [19])
(54221, [19, 43, 31, 30, 2])
(54222, [19, 8, 21, 37, 5])
(54223, [19])
(54224, [19, 31, 23])
(54225, [19, 12])
(54226, [19])
(54227, [19])
(54228, [19, 15, 3, 14])
(54229, [19])
(54230, [19])
(54231, [19, 13])
(54232, [19])
(54233, [19, 30, 4, 12])
(54234, [19, 26, 13])
(54235, [19, 44])
(54236, [19])
(54237, [19, 21])
(54238, [19])
(54239, [26])
(54240, [26])
(54241, [26])
(54242, [26, 44])
(54243, [26])
(54244, [26])
(54245, [26, 24])
(54246, [26, 3])
(54247, [26, 3])
(54248, [26])
(54249, [26, 44, 2])
(54250, [26])
(54251, [26])
(54252, [26])
(54253, [26])
(54254, [26, 21, 24, 3, 12])
(54255, [26, 2])
(54256, [26, 41])
(54257, [26])
(54258, [26, 43, 31, 15, 2])
(54259, [26])
(54260, [26, 44, 3, 40])
(54261, [26])
(54262, [26])
(54263, [8])
(54264, [8, 14])
(54265, [8])
(54266, [8])
(54267, [8, 12])
(54268, [8])
(54269, [8])
(54270, [8])
(54271, [8])
(54272, [8])
(54273, [8])
(54274, [8])
(54275, [8])
(54276, [8, 5])
(54277, [21])
(54278, [21])
(54279, [21])
(54280, [21])
(54281, [21])
(54282, [21])
(54283, [21])
(54284, [21])
(54285, [21])
(54286, [21])
(54287, [21])
(54288, [21])
(54289, [21])
(54290, [21])
(54291, [21])
(54292, [21])
(54293, [21])
(54294, [21])
(54295, [21])
(54296, [21])
(54297, [21, 23, 3])
(54298, [21])
(54299, [21])
(54300, [21])
(54301, [21])
(54302, [21, 12])
(54303, [21])
(54304, [21, 3])
(54305, [21])
(54306, [21])
(54307, [21])
(54308, [21, 3])
(54309, [21])
(54310, [21])
(54311, [21])
(54312, [44])
(54313, [44])
(54314, [44])
(54315, [44])
(54316, [44])
(54317, [44])
(54318, [44])
(54319, [44])
(54320, [44])
(54321, [44])
(54322, [44])
(54323, [44])
(54324, [44])
(54325, [43])
(54326, [43])
(54327, [43, 4])
(54328, [43])
(54329, [43])
(54330, [43])
(54331, [43])
(54332, [43])
(54333, [43])
(54334, [43])
(54335, [43])
(54336, [43])
(54337, [43])
(54338, [43])
(54339, [43])
(54340, [43])
(54341, [43])
(54342, [43])
(54343, [43])
(54344, [43])
(54345, [43])
(54346, [43])
(54347, [43])
(54348, [43])
(54349, [43])
(54350, [43])
(54351, [43])
(54352, [38])
(54353, [38])
(54354, [38])
(54355, [36, 22])
(54356, [36])
(54357, [36])
(54358, [36])
(54359, [36])
(54360, [36])
(54361, [36])
(54362, [36])
(54363, [36])
(54364, [36])
(54365, [36])
(54366, [36])
(54367, [36])
(54368, [36])
(54369, [36])
(54370, [36])
(54371, [36])
(54372, [36])
(54373, [36])
(54374, [36])
(54375, [36])
(54376, [36])
(54377, [36, 14])
(54378, [36])
(54379, [36])
(54380, [36])
(54381, [36, 41, 24, 2, 14])
(54382, [36])
(54383, [36, 14])
(54384, [36])
(54385, [36])
(54386, [36])
(54387, [31, 4])
(54388, [31])
(54389, [31])
(54390, [31])
(54391, [31])
(54392, [31])
(54393, [31, 3])
(54394, [31])
(54395, [31, 39])
(54396, [31])
(54397, [31, 41, 4, 3, 40, 2])
(54398, [31])
(54399, [31])
(54400, [30])
(54401, [30, 41, 15])
(54402, [30, 15])
(54403, [30])
(54404, [30])
(54405, [30])
(54406, [30])
(54407, [30])
(54408, [30])
(54409, [30])
(54410, [37, 2])
(54411, [37])
(54412, [37])
(54413, [39])
(54414, [39])
(54415, [39])
(54416, [39, 4])
(54417, [39])
(54418, [39])
(54419, [39, 4, 14])
(54420, [39, 2])
(54421, [39])
(54422, [39, 3, 12])
(54423, [39])
(54424, [41])
(54425, [41])
(54426, [41])
(54427, [41])
(54428, [41])
(54429, [41, 2])
(54430, [41])
(54431, [41])
(54432, [41])
(54433, [41])
(54434, [41])
(54435, [41, 23, 15])
(54436, [41])
(54437, [41])
(54438, [41])
(54439, [41])
(54440, [41])
(54441, [41])
(54442, [24])
(54443, [24])
(54444, [24])
(54445, [24])
(54446, [24])
(54447, [24])
(54448, [24])
(54449, [24])
(54450, [24])
(54451, [24, 2])
(54452, [23])
(54453, [23])
(54454, [23])
(54455, [23])
(54456, [23])
(54457, [23])
(54458, [23])
(54459, [23])
(54460, [23])
(54461, [23])
(54462, [23, 15])
(54463, [23])
(54464, [23])
(54465, [23])
(54466, [23])
(54467, [23])
(54468, [23])
(54469, [23])
(54470, [23])
(54471, [23])
(54472, [23])
(54473, [23])
(54474, [23])
(54475, [23])
(54476, [23])
(54477, [23])
(54478, [23])
(54479, [23, 3])
(54480, [23])
(54481, [23])
(54482, [23])
(54483, [23])
(54484, [23])
(54485, [23])
(54486, [23])
(54487, [23, 3])
(54488, [23])
(54489, [23])
(54490, [23])
(54491, [23])
(54492, [23])
(54493, [23])
(54494, [23])
(54495, [23])
(54496, [23])
(54497, [23])
(54498, [23])
(54499, [23])
(54500, [23])
(54501, [23])
(54502, [23])
(54503, [23])
(54504, [23])
(54505, [23])
(54506, [23])
(54507, [23])
(54508, [23])
(54509, [23])
(54510, [23])
(54511, [23])
(54512, [23])
(54513, [23])
(54514, [23])
(54515, [23])
(54516, [23])
(54517, [23])
(54518, [23])
(54519, [23])
(54520, [23])
(54521, [4])
(54522, [4])
(54523, [4])
(54524, [4])
(54525, [4])
(54526, [4])
(54527, [4])
(54528, [4])
(54529, [4, 15])
(54530, [4, 14])
(54531, [4])
(54532, [4])
(54533, [4])
(54534, [4])
(54535, [4])
(54536, [15])
(54537, [15])
(54538, [15])
(54539, [15])
(54540, [15])
(54541, [15])
(54542, [15])
(54543, [15])
(54544, [15])
(54545, [15])
(54546, [3])
(54547, [3])
(54548, [3])
(54549, [3])
(54550, [3])
(54551, [3, 12])
(54552, [3])
(54553, [3])
(54554, [3, 12])
(54555, [3])
(54556, [3])
(54557, [3])
(54558, [3])
(54559, [3])
(54560, [3])
(54561, [3])
(54562, [3])
(54563, [3, 2])
(54564, [3])
(54565, [3])
(54566, [3])
(54567, [3])
(54568, [3])
(54569, [3])
(54570, [3])
(54571, [3])
(54572, [3])
(54573, [3])
(54574, [3])
(54575, [3])
(54576, [3])
(54577, [3])
(54578, [3])
(54579, [3])
(54580, [3])
(54581, [12])
(54582, [12])
(54583, [12])
(54584, [12])
(54585, [12])
(54586, [12])
(54587, [12])
(54588, [12])
(54589, [12])
(54590, [12])
(54591, [12])
(54592, [12, 2])
(54593, [12])
(54594, [12])
(54595, [12])
(54596, [12])
(54597, [12])
(54598, [12])
(54599, [12])
(54600, [12])
(54601, [12])
(54602, [12])
(54603, [12])
(54604, [12])
(54605, [12])
(54606, [12])
(54607, [12])
(54608, [12])
(54609, [12])
(54610, [12])
(54611, [12])
(54612, [12])
(54613, [12])
(54614, [12])
(54615, [12])
(54616, [12])
(54617, [12])
(54618, [12])
(54619, [12])
(54620, [12])
(54621, [12])
(54622, [12])
(54623, [12])
(54624, [12])
(54625, [12])
(54626, [12])
(54627, [12])
(54628, [12])
(54629, [12])
(54630, [12])
(54631, [12])
(54632, [12])
(54633, [12])
(54634, [12])
(54635, [12])
(54636, [12])
(54637, [12])
(54638, [12])
(54639, [12])
(54640, [12])
(54641, [12])
(54642, [12])
(54643, [12])
(54644, [12])
(54645, [40])
(54646, [40, 2])
(54647, [40, 25])
(54648, [40])
(54649, [40])
(54650, [40, 2])
(54651, [40, 2])
(54652, [2])
(54653, [2])
(54654, [2])
(54655, [2])
(54656, [2])
(54657, [2, 5])
(54658, [2])
(54659, [2])
(54660, [2])
(54661, [2])
(54662, [2])
(54663, [2])
(54664, [2, 22])
(54665, [2])
(54666, [2])
(54667, [2, 14])
(54668, [2])
(54669, [2])
(54670, [2])
(54671, [2])
(54672, [2])
(54673, [2])
(54674, [2])
(54675, [2])
(54676, [2])
(54677, [2])
(54678, [2])
(54679, [2])
(54680, [2])
(54681, [2])
(54682, [2])
(54683, [2])
(54684, [2])
(54685, [2])
(54686, [2])
(54687, [2, 14])
(54688, [2])
(54689, [2])
(54690, [2])
(54691, [2])
(54692, [2])
(54693, [2])
(54694, [2])
(54695, [2])
(54696, [2])
(54697, [2])
(54698, [2])
(54699, [2])
(54700, [2])
(54701, [2])
(54702, [2])
(54703, [2])
(54704, [2])
(54705, [2])
(54706, [2])
(54707, [2])
(54708, [2])
(54709, [2])
(54710, [2])
(54711, [2])
(54712, [2])
(54713, [2])
(54714, [2])
(54715, [2])
(54716, [2])
(54717, [2])
(54718, [2])
(54719, [2])
(54720, [2])
(54721, [2])
(54722, [2])
(54723, [2])
(54724, [2])
(54725, [2])
(54726, [2])
(54727, [2])
(54728, [2])
(54729, [2])
(54730, [2])
(54731, [13])
(54732, [13])
(54733, [13])
(54734, [13])
(54735, [13])
(54736, [5])
(54737, [5])
(54738, [5])
(54739, [5])
(54740, [5])
(54741, [5])
(54742, [5])
(54743, [5])
(54744, [5])
(54745, [5])
(54746, [5])
(54747, [5])
(54748, [14])
(54749, [14])
(54750, [14])
(54751, [14])
(54752, [14])
(54753, [14])
(54754, [14])
(54755, [14])
(54756, [14])
(54757, [14])
(54758, [14])
(54759, [14])
(54760, [14])
(54761, [14])
(54762, [14])
(54763, [14])
(54764, [14])
(54765, [14])
(54766, [14])
(54767, [14])
(54768, [14])
(54769, [14])
(54770, [22])
(54771, [22])
(54772, [22])
(54773, [22])
(54774, [22])
(54775, [22])
