(12369, [0, 1, 2, 3, 4, 5, 6, 7, 8, 9, 10, 11, 12, 13, 14, 15, 16, 17, 18, 19, 20, 21, 22, 23, 24, 25, 26, 27, 28, 29, 30, 31, 32, 33, 34, 35, 36, 37, 38, 39, 40, 41, 42, 43, 44])
(12370, [0, 1, 2, 3, 4, 5, 6, 7, 8, 9, 10, 11, 12, 13, 14, 15, 16, 17, 18, 19, 20, 21, 22, 23, 24, 25, 26, 27, 28, 29, 30, 31, 32, 33, 34, 35, 36, 37, 38, 39, 40, 41, 42, 43, 44])
(12371, [0, 1, 2, 3, 4, 5, 6, 7, 8, 9, 10, 11, 12, 13, 14, 15, 16, 17, 18, 19, 20, 21, 22, 23, 24, 25, 26, 27, 28, 29, 30, 31, 32, 33, 34, 35, 36, 37, 38, 39, 40, 41, 42, 43, 44])
(12372, [0, 1, 2, 3, 4, 5, 6, 7, 8, 9, 10, 11, 12, 13, 14, 15, 16, 18, 19, 20, 21, 22, 23, 24, 25, 26, 27, 28, 29, 30, 31, 32, 33, 34, 35, 36, 37, 38, 39, 40, 41, 42, 43, 44])
(12373, [0, 1, 2, 3, 4, 5, 6, 7, 8, 9, 10, 11, 12, 13, 14, 15, 16, 17, 18, 19, 20, 21, 22, 23, 24, 25, 26, 27, 28, 29, 30, 31, 32, 33, 34, 35, 36, 37, 38, 39, 40, 41, 42, 43, 44])
(12374, [0, 1, 2, 3, 4, 5, 6, 7, 8, 9, 10, 11, 12, 13, 14, 15, 16, 17, 18, 19, 20, 21, 22, 23, 24, 25, 26, 27, 28, 29, 30, 31, 32, 33, 34, 35, 36, 37, 38, 39, 40, 41, 42, 43, 44])
(12375, [0, 1, 2, 3, 4, 5, 6, 7, 8, 9, 10, 11, 12, 13, 14, 15, 16, 17, 18, 19, 20, 21, 22, 23, 24, 25, 26, 27, 28, 29, 30, 31, 32, 33, 34, 35, 36, 37, 38, 39, 40, 41, 42, 43, 44])
(12376, [0, 1, 2, 3, 4, 5, 6, 7, 8, 9, 10, 11, 12, 13, 14, 15, 16, 17, 18, 19, 20, 21, 22, 23, 24, 25, 26, 27, 28, 29, 30, 31, 32, 33, 34, 35, 36, 37, 38, 39, 40, 41, 42, 43, 44])
(12377, [0, 1, 2, 3, 4, 5, 6, 8, 14, 15, 17, 18, 19, 22, 23, 30, 32, 33, 34, 35, 36, 37, 40, 43])
(12378, [0, 1, 2, 3, 4, 5, 6, 7, 8, 9, 10, 11, 12, 13, 14, 15, 16, 17, 18, 19, 20, 21, 22, 23, 24, 25, 26, 27, 28, 29, 30, 31, 32, 33, 34, 35, 36, 37, 38, 39, 40, 41, 42, 43, 44])
(12379, [0, 1, 2, 3, 4, 5, 6, 7, 8, 9, 10, 11, 12, 13, 14, 15, 16, 17, 18, 19, 20, 21, 22, 23, 24, 25, 26, 27, 28, 29, 30, 31, 32, 33, 34, 35, 36, 37, 38, 39, 40, 41, 42, 43, 44])
(12380, [2, 3, 4, 7, 9, 12, 15, 16, 20, 25, 26, 31, 32, 33, 40, 44])
(12381, [0, 1, 2, 3, 4, 6, 7, 8, 9, 11, 12, 13, 14, 15, 16, 17, 18, 19, 20, 23, 24, 26, 27, 28, 30, 31, 32, 33, 34, 35, 37, 39, 40, 41, 42, 43, 44])
(12382, [0, 1, 2, 3, 4, 6, 7, 8, 9, 11, 12, 13, 14, 15, 16, 17, 18, 19, 20, 22, 23, 24, 26, 27, 30, 31, 32, 33, 34, 37, 38, 41, 43, 44])
(12383, [0, 1, 2, 3, 4, 5, 6, 7, 8, 9, 10, 11, 12, 13, 14, 15, 16, 17, 18, 19, 20, 21, 22, 23, 26, 27, 28, 29, 30, 31, 32, 33, 34, 35, 36, 38, 39, 40, 42, 43, 44])
(12384, [0, 1, 2, 3, 4, 5, 6, 8, 9, 10, 11, 12, 14, 15, 16, 18, 19, 20, 21, 23, 24, 27, 28, 30, 31, 32, 33, 34, 35, 39, 40, 41, 42, 43, 44])
(12385, [2, 3, 4, 9, 11, 14, 16, 20, 26, 30, 32, 36, 44])
(12386, [0, 1, 2, 3, 4, 5, 6, 7, 8, 9, 10, 11, 12, 13, 14, 15, 16, 17, 18, 19, 20, 21, 22, 23, 24, 25, 26, 27, 30, 31, 32, 33, 34, 35, 36, 37, 38, 40, 41, 42, 43, 44])
(12387, [0, 7, 12, 16, 22, 23, 32, 34])
(12388, [0, 1, 2, 3, 4, 5, 6, 7, 8, 9, 10, 11, 12, 13, 14, 15, 16, 17, 18, 19, 20, 21, 22, 23, 24, 25, 26, 27, 28, 29, 30, 31, 32, 33, 34, 35, 36, 37, 38, 39, 40, 41, 42, 43, 44])
(12389, [1, 2, 3, 4, 15, 19, 22, 23, 32])
(12390, [0, 1, 2, 3, 4, 5, 7, 9, 12, 13, 14, 15, 16, 17, 19, 21, 22, 24, 26, 30, 31, 32, 33, 34, 35, 36, 39, 40, 41, 43, 44])
(12391, [1, 5, 11, 12, 15, 16, 23, 24, 30, 31, 32, 34, 37, 43])
(12392, [0, 1, 2, 3, 4, 6, 8, 9, 11, 12, 13, 15, 16, 17, 19, 21, 22, 23, 24, 26, 27, 29, 30, 31, 32, 33, 34, 35, 36, 37, 38, 39, 41, 43, 44])
(12393, [2, 3, 4, 17, 19, 30, 32, 44])
(12394, [32])
(12395, [0, 1, 2, 3, 4, 6, 7, 9, 10, 11, 13, 15, 17, 18, 19, 20, 21, 23, 24, 26, 27, 30, 32, 33, 37, 38, 42, 43, 44])
(12396, [1, 2, 3, 4, 6, 9, 10, 13, 14, 15, 17, 18, 20, 24, 26, 30, 31, 32, 34, 35, 38, 41, 43, 44])
(12397, [0, 1, 2, 3, 4, 6, 8, 9, 12, 13, 16, 18, 26, 30, 31, 32, 36, 40, 41, 43, 44])
(12398, [1, 2, 30, 31, 32, 44])
(12399, [32, 40])
(12400, [0, 1, 2, 3, 4, 5, 6, 7, 9, 11, 12, 13, 14, 15, 16, 17, 18, 19, 21, 22, 23, 25, 26, 29, 30, 31, 32, 33, 34, 35, 38, 39, 40, 41, 42, 43, 44])
(12401, [0, 1, 2, 3, 4, 6, 7, 9, 10, 11, 12, 13, 14, 15, 16, 17, 19, 20, 21, 22, 24, 26, 27, 28, 30, 31, 32, 33, 34, 35, 36, 37, 38, 39, 40, 41, 42, 43, 44])
(12402, [0, 1, 2, 3, 4, 5, 6, 7, 8, 9, 11, 12, 13, 15, 16, 17, 18, 20, 23, 26, 27, 28, 30, 31, 32, 33, 34, 35, 41, 42, 43])
(12403, [12, 23, 30, 32, 34, 36, 41])
(12404, [3, 9, 21, 23, 31, 32, 43, 44])
(12405, [0, 1, 2, 3, 4, 5, 6, 7, 8, 9, 11, 12, 13, 14, 15, 16, 17, 18, 19, 20, 21, 23, 24, 26, 27, 30, 31, 32, 33, 35, 38, 40, 41, 43, 44])
(12406, [1, 2, 4, 6, 9, 11, 17, 18, 19, 24, 26, 27, 30, 31, 32, 36, 41, 43, 44])
(12407, [0, 1, 2, 3, 4, 6, 7, 8, 11, 15, 18, 19, 21, 32, 40, 42, 43, 44])
(12408, [0, 1, 12, 20, 32, 41, 44])
(12409, [0, 1, 2, 3, 4, 6, 7, 8, 9, 10, 11, 12, 13, 14, 15, 16, 18, 19, 20, 21, 23, 26, 27, 30, 31, 32, 33, 34, 35, 36, 37, 38, 40, 41, 42, 43, 44])
(12410, [0, 1, 2, 3, 7, 9, 11, 13, 15, 17, 19, 21, 23, 24, 26, 31, 32, 34, 40, 41, 43, 44])
(12411, [0, 1, 2, 3, 4, 5, 6, 8, 9, 11, 12, 13, 14, 15, 16, 17, 18, 19, 21, 22, 23, 24, 25, 26, 27, 29, 30, 31, 32, 33, 34, 35, 37, 38, 39, 40, 41, 42, 43, 44])
(12412, [1, 16, 17, 23, 30, 32, 37, 43])
(12413, [32, 33])
(12414, [1, 2, 3, 4, 6, 9, 12, 13, 16, 17, 18, 19, 20, 22, 23, 24, 25, 26, 30, 31, 32, 33, 34, 40, 41, 43, 44])
(12415, [9, 11, 19, 30, 31, 32, 34, 38])
(12416, [0, 1, 2, 3, 9, 11, 12, 13, 15, 18, 19, 24, 26, 30, 31, 32, 33, 34, 40, 43, 44])
(12417, [2, 13, 32])
(12418, [1, 2, 3, 6, 7, 9, 11, 15, 16, 17, 18, 19, 21, 26, 27, 30, 31, 32, 33, 34, 39, 44])
(12419, [0, 3, 32])
(12420, [0, 1, 3, 4, 9, 11, 14, 15, 17, 18, 20, 22, 23, 31, 32, 33, 34])
(12421, [1, 2, 3, 6, 7, 8, 9, 11, 12, 13, 15, 16, 17, 19, 20, 21, 23, 24, 26, 32, 41, 43, 44])
(12422, [2, 4, 6, 8, 9, 14, 17, 19, 22, 24, 25, 31, 32, 39, 40])
(12423, [0, 1, 3, 9, 15, 23, 24, 31, 32, 35, 43])
(12424, [0, 1, 2, 3, 4, 6, 7, 8, 11, 12, 13, 14, 15, 16, 17, 18, 19, 20, 21, 23, 24, 26, 27, 28, 29, 30, 31, 32, 33, 34, 35, 36, 37, 39, 40, 43, 44])
(12425, [0, 15, 21, 24, 26, 30, 32, 40])
(12426, [15, 26, 32])
(12427, [32])
(12428, [4, 9, 15, 23, 32])
(12429, [0, 2, 3, 7, 8, 9, 12, 18, 20, 23, 28, 32, 41, 42, 43])
(12430, [0, 2, 4, 6, 11, 12, 13, 15, 17, 18, 23, 24, 26, 30, 32, 34, 36, 41, 43, 44])
(12431, [3, 6, 18, 30, 31, 32])
(12432, [12, 32])
(12433, [1, 3, 5, 6, 21, 23, 26, 32, 39])
(12434, [32])
(12435, [0, 1, 2, 3, 4, 11, 12, 16, 18, 19, 20, 23, 26, 30, 31, 32, 33, 40, 41, 42, 43, 44])
(12436, [1, 2, 4, 5, 6, 11, 12, 15, 17, 23, 26, 31, 32, 40, 41, 43])
(12437, [0, 1, 2, 4, 18, 32])
(12438, [1, 3, 4, 9, 11, 12, 15, 19, 21, 22, 30, 32, 33])
(12439, [8, 28, 31, 32])
(12440, [2, 9, 15, 18, 23, 26, 30, 31, 32, 34, 40, 41, 43])
(12441, [2, 15, 30, 32])
(12442, [1, 2, 3, 4, 5, 8, 9, 11, 15, 19, 23, 32, 35, 41, 43])
(12443, [1, 2, 3, 8, 9, 11, 12, 13, 15, 16, 17, 19, 21, 22, 23, 31, 32, 33, 34, 44])
(12444, [32])
(12445, [1, 2, 3, 4, 6, 7, 9, 11, 15, 17, 24, 30, 32, 34, 43])
(12446, [16, 32])
(12447, [0, 2, 18, 19, 32, 34])
(12448, [0, 1, 3, 6, 7, 9, 11, 14, 16, 19, 21, 23, 24, 26, 30, 31, 32, 33])
(12449, [9, 12, 32])
(12450, [0, 2, 3, 4, 5, 6, 8, 9, 11, 17, 18, 19, 20, 22, 23, 24, 30, 31, 32, 33, 34, 35, 38, 43, 44])
(12451, [0, 1, 2, 3, 4, 6, 9, 11, 12, 13, 14, 15, 17, 18, 20, 22, 24, 26, 28, 30, 31, 32, 33, 34, 40, 41, 43, 44])
(12452, [0, 2, 12, 18, 31, 32, 33, 34, 41])
(12453, [1, 9, 11, 17, 21, 30, 31, 32, 33, 40, 43])
(12454, [1, 3, 30, 31, 32, 41])
(12455, [0, 1, 3, 4, 5, 7, 11, 12, 16, 18, 19, 21, 23, 26, 30, 31, 32, 33, 34, 39, 42, 43, 44])
(12456, [2, 32])
(12457, [11, 15, 26, 32])
(12458, [2, 9, 14, 15, 16, 17, 19, 20, 23, 24, 26, 30, 31, 32, 34, 43, 44])
(12459, [1, 2, 4, 20, 26, 31, 32, 34, 41])
(12460, [2, 3, 4, 18, 23, 24, 26, 31, 32, 41])
(12461, [9, 15, 18, 32])
(12462, [0, 1, 2, 3, 4, 8, 9, 11, 12, 15, 16, 17, 19, 21, 23, 24, 32, 34, 35, 36, 41, 44])
(12463, [1, 2, 3, 6, 7, 9, 10, 11, 12, 15, 16, 18, 19, 20, 21, 26, 32, 33, 34, 35, 37, 38, 42, 43, 44])
(12464, [0, 1, 3, 12, 23, 26, 31, 32, 33, 44])
(12465, [32])
(12466, [9, 32])
(12467, [0, 1, 2, 3, 4, 5, 6, 8, 9, 11, 12, 13, 15, 16, 17, 18, 19, 20, 21, 23, 24, 26, 30, 31, 32, 33, 34, 35, 37, 40, 41, 44])
(12468, [1, 2, 3, 11, 12, 13, 15, 17, 20, 26, 30, 31, 32, 33, 40, 41, 42, 43, 44])
(12469, [0, 2, 3, 11, 12, 13, 17, 19, 20, 21, 23, 26, 27, 32, 33, 34, 35, 38, 41, 44])
(12470, [0, 1, 2, 3, 4, 7, 8, 9, 10, 11, 12, 13, 14, 15, 16, 17, 18, 19, 20, 21, 22, 23, 24, 26, 28, 30, 31, 32, 33, 34, 35, 36, 38, 39, 41, 42, 43, 44])
(12471, [0, 2, 4, 9, 15, 19, 31, 32, 33, 34, 39, 40])
(12472, [0, 2, 3, 12, 14, 19, 32])
(12473, [24, 32, 33, 41])
(12474, [0, 1, 3, 5, 7, 8, 9, 10, 11, 14, 16, 17, 19, 20, 23, 24, 26, 32, 34, 35, 43, 44])
(12475, [1, 2, 3, 6, 9, 12, 14, 15, 20, 23, 24, 26, 27, 31, 32, 41, 43])
(12476, [0, 9, 16, 32, 35, 36, 41])
(12477, [1, 2, 3, 9, 14, 15, 19, 24, 26, 31, 32, 34, 35, 39, 43])
(12478, [0, 2, 11, 19, 24, 26, 30, 32, 33, 44])
(12479, [0, 3, 8, 12, 22, 24, 31, 32, 33, 34])
(12480, [6, 32, 33, 34, 41])
(12481, [3, 5, 7, 8, 11, 12, 13, 21, 23, 30, 31, 35])
(12482, [35])
(12483, [6, 9, 16, 19, 28, 35, 40, 43])
(12484, [35, 37])
(12485, [1, 2, 3, 5, 8, 9, 11, 16, 17, 18, 19, 21, 22, 23, 26, 29, 31, 33, 35, 38, 41, 43, 44])
(12486, [35, 37])
(12487, [35])
(12488, [0, 2, 5, 7, 9, 12, 14, 15, 20, 22, 23, 26, 30, 31, 35, 40, 41])
(12489, [1, 9, 18, 22, 30, 31, 33, 35, 44])
(12490, [35])
(12491, [35])
(12492, [0, 1, 2, 3, 4, 6, 7, 8, 9, 10, 12, 13, 14, 15, 16, 17, 18, 19, 20, 21, 23, 24, 25, 26, 27, 33, 34, 35, 36, 37, 41, 42, 44])
(12493, [8, 35])
(12494, [0, 1, 2, 3, 5, 7, 8, 9, 10, 11, 12, 19, 20, 21, 22, 24, 31, 33, 34, 35, 37, 41])
(12495, [35])
(12496, [35])
(12497, [1, 3, 8, 11, 12, 18, 22, 23, 24, 34, 35, 37, 42, 44])
(12498, [16, 35])
(12499, [0, 2, 3, 4, 5, 6, 9, 11, 12, 13, 14, 17, 20, 24, 27, 31, 35, 36, 39, 41, 43, 44])
(12500, [35])
(12501, [0, 1, 3, 12, 19, 21, 22, 24, 26, 34, 35, 43])
(12502, [35])
(12503, [35])
(12504, [3, 35, 43])
(12505, [1, 21, 35])
(12506, [1, 2, 3, 13, 15, 17, 18, 19, 21, 22, 23, 26, 30, 31, 34, 35, 36, 39, 40, 41, 43, 44])
(12507, [35])
(12508, [35])
(12509, [6, 35])
(12510, [35])
(12511, [35])
(12512, [35])
(12513, [35])
(12514, [35])
(12515, [35])
(12516, [35])
(12517, [35])
(12518, [35])
(12519, [35])
(12520, [35])
(12521, [0, 4, 15, 35])
(12522, [0, 1, 3, 4, 6, 7, 12, 15, 16, 20, 23, 26, 27, 28, 35, 37, 41, 42])
(12523, [35])
(12524, [0, 11, 12, 30, 35, 41])
(12525, [1, 3, 15, 18, 21, 23, 31, 35, 40])
(12526, [1, 3, 4, 9, 18, 19, 21, 22, 31, 33, 34, 38])
(12527, [9, 11, 26, 30, 31, 33, 34, 41, 43])
(12528, [4, 6, 9, 15, 18, 23, 31, 34, 41, 43])
(12529, [1, 9, 12, 26, 33, 34, 41, 44])
(12530, [0, 2, 6, 7, 11, 18, 19, 20, 23, 26, 31, 34, 38])
(12531, [1, 2, 3, 4, 11, 15, 21, 22, 23, 33, 34, 36, 41, 42])
(12532, [1, 33, 34])
(12533, [17, 34, 41])
(12534, [34])
(12535, [0, 2, 3, 19, 34, 44])
(12536, [12, 34, 41, 42])
(12537, [2, 9, 34])
(12538, [1, 2, 3, 6, 7, 9, 12, 18, 22, 31, 33, 34])
(12539, [7, 11, 31, 33, 34])
(12540, [3, 11, 14, 18, 33, 34, 41, 43])
(12541, [1, 2, 3, 7, 11, 14, 15, 16, 18, 19, 22, 26, 33, 34, 41, 44])
(12542, [1, 31, 33, 34, 39])
(12543, [2, 4, 6, 13, 14, 15, 16, 23, 34, 36, 40, 43])
(12544, [0, 1, 3, 34])
(12545, [14, 15, 30, 33, 34, 36])
(12546, [2, 14, 34, 36, 40])
(12547, [34])
(12548, [30, 34])
(12549, [2, 3, 5, 6, 7, 11, 15, 18, 23, 31, 34, 42, 43, 44])
(12550, [34])
(12551, [0, 1, 4, 5, 6, 7, 8, 9, 12, 17, 30, 34, 41])
(12552, [2, 13, 15, 18, 19, 22, 24, 34, 40, 41, 43, 44])
(12553, [2, 31, 34, 41, 43])
(12554, [0, 21, 29, 33, 34])
(12555, [6, 9, 14, 15, 19, 27, 34, 36])
(12556, [31, 34])
(12557, [2, 4, 6, 11, 14, 18, 26, 31, 33, 34, 36, 40])
(12558, [23, 34])
(12559, [0, 1, 3, 7, 22, 30, 33, 34, 41])
(12560, [34])
(12561, [34])
(12562, [6, 16, 34])
(12563, [2, 3, 4, 6, 7, 10, 20, 22, 23, 30, 34])
(12564, [1, 2, 3, 9, 19, 34, 40])
(12565, [2, 4, 8, 11, 14, 24, 34, 43, 44])
(12566, [27, 34, 42])
(12567, [0, 4, 5, 6, 8, 18, 19, 21, 23, 30, 31, 34, 42, 43])
(12568, [3, 25, 34])
(12569, [4, 6, 18, 19, 24, 29, 34, 37, 38, 39, 44])
(12570, [2, 10, 12, 17, 30, 34])
(12571, [0, 1, 2, 3, 4, 7, 9, 12, 16, 19, 21, 23, 24, 26, 33, 34, 37, 41, 42, 43])
(12572, [0, 3, 34])
(12573, [2, 14, 20, 34, 36, 41])
(12574, [2, 18, 31, 33, 34])
(12575, [34])
(12576, [23, 34])
(12577, [0, 34])
(12578, [34])
(12579, [34])
(12580, [33])
(12581, [12, 33])
(12582, [1, 3, 11, 24, 33, 38])
(12583, [1, 33])
(12584, [11, 12, 18, 21, 23, 29, 33])
(12585, [0, 1, 2, 4, 7, 12, 15, 16, 18, 20, 23, 27, 33, 36, 42, 44])
(12586, [33])
(12587, [33])
(12588, [1, 2, 12, 26, 30, 33, 41, 43, 44])
(12589, [9, 13, 15, 17, 23, 33, 43])
(12590, [12, 33])
(12591, [4, 17, 33])
(12592, [6, 33, 43, 44])
(12593, [0, 3, 20, 33])
(12594, [33])
(12595, [1, 3, 4, 11, 21, 33, 44])
(12596, [0, 9, 15, 23, 31, 33, 39, 40, 43])
(12597, [0, 11, 18, 23, 30, 33, 39, 40, 41])
(12598, [1, 2, 3, 6, 7, 11, 15, 16, 17, 18, 20, 21, 22, 23, 26, 27, 30, 33, 41, 42, 43, 44])
(12599, [0, 1, 2, 8, 9, 19, 22, 33, 36, 43])
(12600, [2, 33])
(12601, [33])
(12602, [33])
(12603, [0, 3, 4, 8, 17, 19, 23, 30, 33, 37])
(12604, [2, 13, 18, 29, 33, 44])
(12605, [1, 3, 7, 19, 21, 33])
(12606, [33])
(12607, [9, 19, 21, 22, 33, 38, 43])
(12608, [0, 1, 3, 6, 9, 11, 21, 31, 33, 44])
(12609, [15, 20])
(12610, [20])
(12611, [3, 6, 13, 15, 17, 18, 19, 20, 23, 26, 30, 31, 41, 43])
(12612, [0, 2, 3, 9, 11, 12, 15, 16, 17, 18, 20, 30, 43])
(12613, [20])
(12614, [20])
(12615, [0, 1, 3, 11, 19, 20, 21, 26, 42, 44])
(12616, [0, 1, 3, 7, 16, 17, 19, 20, 44])
(12617, [2, 9, 11, 20])
(12618, [1, 3, 12, 19, 20, 26, 42])
(12619, [20])
(12620, [20])
(12621, [0, 2, 9, 12, 15, 20, 39, 43])
(12622, [20])
(12623, [0, 4, 19, 20, 23, 30])
(12624, [0, 20])
(12625, [20])
(12626, [1, 3, 6, 9, 11, 16, 18, 20, 26, 30, 31, 41, 42, 44])
(12627, [1, 3, 17, 20, 26, 42, 43])
(12628, [20, 42])
(12629, [1, 3, 12, 20])
(12630, [20])
(12631, [1, 3, 20])
(12632, [0, 20])
(12633, [20])
(12634, [0, 9, 20])
(12635, [0, 2, 6, 11, 15, 19, 20, 21, 26, 31, 41, 44])
(12636, [18])
(12637, [18])
(12638, [18])
(12639, [18])
(12640, [18])
(12641, [0, 1, 18, 30])
(12642, [7, 11, 15, 18, 26, 30, 42])
(12643, [0, 18, 27])
(12644, [5, 8, 18, 23, 43])
(12645, [7, 18, 41, 43])
(12646, [11, 18])
(12647, [18])
(12648, [18])
(12649, [8, 18, 21, 23, 29])
(12650, [1, 2, 9, 12, 14, 15, 18, 21, 22, 24, 30, 43, 44])
(12651, [18])
(12652, [18, 43])
(12653, [18, 21])
(12654, [3, 7, 9, 18, 24, 43])
(12655, [3, 18, 30, 44])
(12656, [18])
(12657, [3, 18])
(12658, [0, 1, 3, 11, 14, 15, 18, 22, 23, 31])
(12659, [18])
(12660, [0, 4, 6, 7, 9, 11, 12, 17, 18, 22, 30, 31, 41, 44])
(12661, [18])
(12662, [18, 23])
(12663, [0, 1, 18])
(12664, [0, 2, 3, 11, 18, 19])
(12665, [2, 8, 18])
(12666, [18])
(12667, [18, 19])
(12668, [12, 18])
(12669, [18])
(12670, [18])
(12671, [12, 18])
(12672, [18])
(12673, [18, 19, 30])
(12674, [1, 8, 18])
(12675, [18])
(12676, [18, 19])
(12677, [15, 18])
(12678, [3, 12, 18, 30])
(12679, [1, 6, 9, 11, 18, 19, 22, 31, 44])
(12680, [18])
(12681, [18])
(12682, [0, 18])
(12683, [6, 18, 23])
(12684, [18, 40])
(12685, [18])
(12686, [18])
(12687, [18])
(12688, [2, 6, 18])
(12689, [18])
(12690, [18])
(12691, [18])
(12692, [18])
(12693, [18])
(12694, [18])
(12695, [18])
(12696, [18])
(12697, [18])
(12698, [15, 18, 23])
(12699, [18, 19])
(12700, [18])
(12701, [18])
(12702, [0, 18])
(12703, [2, 3, 9, 12, 15, 17, 18, 19, 26, 40, 41, 44])
(12704, [9, 11, 14, 18, 36, 41])
(12705, [18])
(12706, [18])
(12707, [18])
(12708, [1, 2, 3, 18, 22, 38, 43])
(12709, [18])
(12710, [0, 3, 12, 14, 15, 18, 21])
(12711, [0, 2, 3, 5, 9, 11, 15, 18, 19, 23, 36, 40])
(12712, [8, 18, 23])
(12713, [4, 18])
(12714, [18])
(12715, [18])
(12716, [18])
(12717, [18])
(12718, [9, 11, 16, 18, 23])
(12719, [18, 23])
(12720, [1, 18])
(12721, [18])
(12722, [27])
(12723, [27])
(12724, [0, 27])
(12725, [27])
(12726, [0, 12, 27])
(12727, [27])
(12728, [27])
(12729, [27])
(12730, [27])
(12731, [27])
(12732, [27])
(12733, [27])
(12734, [27])
(12735, [27])
(12736, [2, 4, 6, 15, 19, 21, 22, 27, 44])
(12737, [9])
(12738, [2, 4, 7, 9, 14, 24])
(12739, [2, 9])
(12740, [9])
(12741, [0, 9, 11, 31])
(12742, [0, 9, 12, 15, 16, 36, 43])
(12743, [3, 9, 11, 17, 19, 44])
(12744, [1, 9, 12, 41, 44])
(12745, [0, 2, 9, 12])
(12746, [0, 2, 3, 7, 9, 11, 12, 16, 30, 31])
(12747, [0, 9])
(12748, [9, 37])
(12749, [2, 3, 9, 15, 19, 21, 24, 26, 30, 41])
(12750, [9])
(12751, [9])
(12752, [2, 9, 44])
(12753, [9, 23])
(12754, [9])
(12755, [9])
(12756, [9])
(12757, [9])
(12758, [9])
(12759, [4, 9, 24])
(12760, [9])
(12761, [1, 9, 16, 17])
(12762, [0, 1, 3, 9, 23])
(12763, [9])
(12764, [9])
(12765, [2, 6, 9, 14, 15, 17, 19, 36, 41])
(12766, [2, 6, 9, 24, 43])
(12767, [9])
(12768, [9])
(12769, [9])
(12770, [0, 1, 3, 8, 9, 11, 12, 26, 43])
(12771, [9])
(12772, [9, 23])
(12773, [9])
(12774, [9])
(12775, [9])
(12776, [9])
(12777, [9])
(12778, [0, 2, 3, 9, 11, 12, 15, 43])
(12779, [9])
(12780, [9])
(12781, [0, 1, 3, 9, 11, 16, 19, 21, 22, 24, 29])
(12782, [1, 3, 9, 15, 16, 39])
(12783, [9, 23])
(12784, [1, 2, 9, 14, 40])
(12785, [9])
(12786, [9])
(12787, [0, 4, 5, 9, 12, 14])
(12788, [9])
(12789, [9])
(12790, [9, 22, 24])
(12791, [9])
(12792, [3, 9, 15, 31])
(12793, [9])
(12794, [9])
(12795, [1, 2, 3, 9, 10, 15, 17, 19, 21, 23, 24, 26, 38, 44])
(12796, [1, 2, 3, 9, 10, 12, 21, 23, 38, 42])
(12797, [9])
(12798, [9, 41])
(12799, [9])
(12800, [0, 17])
(12801, [0])
(12802, [0])
(12803, [0])
(12804, [0])
(12805, [0])
(12806, [0, 17])
(12807, [0])
(12808, [0])
(12809, [0])
(12810, [0])
(12811, [0, 15])
(12812, [0])
(12813, [0])
(12814, [0])
(12815, [0])
(12816, [0])
(12817, [0])
(12818, [0])
(12819, [0])
(12820, [0, 3, 11, 12, 19, 38])
(12821, [0])
(12822, [0])
(12823, [0])
(12824, [0])
(12825, [0])
(12826, [0])
(12827, [0])
(12828, [0])
(12829, [0])
(12830, [0])
(12831, [0])
(12832, [0, 12])
(12833, [0])
(12834, [0])
(12835, [0])
(12836, [0, 12])
(12837, [0, 7, 39])
(12838, [0])
(12839, [0])
(12840, [0])
(12841, [0])
(12842, [0])
(12843, [0, 41])
(12844, [0])
(12845, [0])
(12846, [0])
(12847, [0])
(12848, [0])
(12849, [0])
(12850, [0])
(12851, [0])
(12852, [0])
(12853, [0])
(12854, [0])
(12855, [0])
(12856, [0])
(12857, [0])
(12858, [0])
(12859, [0])
(12860, [0])
(12861, [0, 1, 3, 4, 19, 22, 36, 39, 40])
(12862, [0, 1, 2, 11, 12])
(12863, [0])
(12864, [0])
(12865, [0, 10, 21])
(12866, [0])
(12867, [0])
(12868, [0, 2, 3, 12, 44])
(12869, [0])
(12870, [0])
(12871, [0, 1, 3])
(12872, [0])
(12873, [0])
(12874, [0])
(12875, [0, 3, 8, 16])
(12876, [0, 40])
(12877, [0, 14])
(12878, [0])
(12879, [0])
(12880, [0])
(12881, [0])
(12882, [0])
(12883, [0, 12])
(12884, [0])
(12885, [0, 12])
(12886, [0])
(12887, [0])
(12888, [0])
(12889, [0])
(12890, [0, 7, 12])
(12891, [0])
(12892, [0])
(12893, [0])
(12894, [0])
(12895, [0])
(12896, [0, 1, 3, 12])
(12897, [0])
(12898, [0])
(12899, [0, 12])
(12900, [0])
(12901, [0])
(12902, [0])
(12903, [0])
(12904, [0])
(12905, [0])
(12906, [0])
(12907, [0])
(12908, [0])
(12909, [0])
(12910, [0])
(12911, [0])
(12912, [0, 1, 21, 22])
(12913, [0])
(12914, [0])
(12915, [0])
(12916, [0])
(12917, [0])
(12918, [0])
(12919, [0])
(12920, [0, 19, 44])
(12921, [0])
(12922, [0])
(12923, [0, 23, 36])
(12924, [0])
(12925, [0])
(12926, [0])
(12927, [0])
(12928, [0])
(12929, [0])
(12930, [0])
(12931, [0])
(12932, [0])
(12933, [0])
(12934, [0])
(12935, [0])
(12936, [0])
(12937, [0])
(12938, [0])
(12939, [0, 22])
(12940, [0])
(12941, [0, 1, 14, 15, 17, 43])
(12942, [0])
(12943, [0])
(12944, [0])
(12945, [0])
(12946, [0])
(12947, [0])
(12948, [0])
(12949, [0, 3, 40])
(12950, [0])
(12951, [0, 1, 2, 3, 11, 15, 19, 21, 26])
(12952, [0])
(12953, [0])
(12954, [0])
(12955, [0])
(12956, [0, 13, 24])
(12957, [0])
(12958, [0, 1, 6, 23, 26, 31, 42])
(12959, [0])
(12960, [0])
(12961, [0])
(12962, [0])
(12963, [0])
(12964, [0])
(12965, [0])
(12966, [0])
(12967, [0])
(12968, [0])
(12969, [0])
(12970, [0, 1])
(12971, [0, 3, 16, 43])
(12972, [0])
(12973, [0])
(12974, [0])
(12975, [0])
(12976, [0])
(12977, [0])
(12978, [0])
(12979, [0, 7, 12])
(12980, [0, 10])
(12981, [0])
(12982, [0])
(12983, [0])
(12984, [0])
(12985, [0])
(12986, [0])
(12987, [0])
(12988, [0])
(12989, [0])
(12990, [0])
(12991, [0])
(12992, [0])
(12993, [0])
(12994, [0])
(12995, [0])
(12996, [0])
(12997, [0])
(12998, [0])
(12999, [0])
(13000, [0])
(13001, [0])
(13002, [0])
(13003, [0])
(13004, [0])
(13005, [0])
(13006, [0])
(13007, [0])
(13008, [0])
(13009, [0])
(13010, [0])
(13011, [0])
(13012, [0])
(13013, [0, 1, 12])
(13014, [0])
(13015, [0])
(13016, [0])
(13017, [0])
(13018, [0])
(13019, [0])
(13020, [0])
(13021, [0])
(13022, [0])
(13023, [0, 1, 31, 44])
(13024, [0])
(13025, [0])
(13026, [0])
(13027, [0])
(13028, [0])
(13029, [0])
(13030, [0])
(13031, [0])
(13032, [0])
(13033, [0])
(13034, [0])
(13035, [0])
(13036, [0, 12])
(13037, [0])
(13038, [0, 1, 3, 16])
(13039, [0])
(13040, [0])
(13041, [0])
(13042, [0])
(13043, [0])
(13044, [0])
(13045, [0, 2, 3, 6, 12, 14, 15, 23, 36, 44])
(13046, [0])
(13047, [0])
(13048, [0, 12])
(13049, [0])
(13050, [11])
(13051, [11])
(13052, [1, 2, 3, 11, 31, 39])
(13053, [11, 22])
(13054, [11])
(13055, [11])
(13056, [4, 6, 11, 19, 21, 26])
(13057, [1, 11])
(13058, [11])
(13059, [11, 17, 43, 44])
(13060, [2, 4, 6, 11])
(13061, [11])
(13062, [1, 2, 3, 11])
(13063, [1, 11])
(13064, [1, 3, 11, 12, 15, 17, 22, 24, 26, 30])
(13065, [2, 11, 12])
(13066, [2, 11, 24, 26, 41])
(13067, [11])
(13068, [11])
(13069, [11, 16, 17, 40, 44])
(13070, [11])
(13071, [11, 26])
(13072, [1, 3, 11, 19, 23, 44])
(13073, [11])
(13074, [1, 2, 11, 42, 43])
(13075, [11])
(13076, [11])
(13077, [7])
(13078, [7])
(13079, [7])
(13080, [7])
(13081, [7])
(13082, [7])
(13083, [7, 21, 28])
(13084, [7])
(13085, [7])
(13086, [7])
(13087, [1, 3, 7, 13])
(13088, [16])
(13089, [16])
(13090, [16])
(13091, [16, 41])
(13092, [16])
(13093, [16])
(13094, [16])
(13095, [1, 2, 3, 16, 19, 44])
(13096, [16])
(13097, [16])
(13098, [1, 12, 16])
(13099, [16])
(13100, [1, 6, 16])
(13101, [16])
(13102, [2, 3, 16])
(13103, [16])
(13104, [16])
(13105, [16])
(13106, [16])
(13107, [16])
(13108, [42])
(13109, [6, 15, 17, 23, 41, 42])
(13110, [15, 19, 22, 23, 42])
(13111, [42])
(13112, [6])
(13113, [6])
(13114, [2, 6])
(13115, [6, 23, 43])
(13116, [6])
(13117, [2, 6])
(13118, [6, 43])
(13119, [6])
(13120, [6])
(13121, [6])
(13122, [2, 6, 15, 19, 22])
(13123, [2, 6])
(13124, [6])
(13125, [2, 4, 6, 15, 24, 43])
(13126, [28])
(13127, [28])
(13128, [1, 2, 28])
(13129, [26, 28, 41])
(13130, [1, 3, 17])
(13131, [1, 3, 17])
(13132, [2, 8, 10, 12, 17])
(13133, [17])
(13134, [17])
(13135, [17])
(13136, [17])
(13137, [4, 17])
(13138, [17])
(13139, [17])
(13140, [17])
(13141, [2, 17])
(13142, [17])
(13143, [17])
(13144, [17])
(13145, [2, 17])
(13146, [17])
(13147, [17])
(13148, [17])
(13149, [5, 12, 17, 31])
(13150, [1])
(13151, [1, 3, 21])
(13152, [1, 2, 12])
(13153, [1])
(13154, [1, 3])
(13155, [1, 2])
(13156, [1, 41])
(13157, [1, 3, 21])
(13158, [1])
(13159, [1])
(13160, [1, 3])
(13161, [1, 3])
(13162, [1, 3, 21])
(13163, [1])
(13164, [1, 3, 21])
(13165, [1, 3])
(13166, [1])
(13167, [1])
(13168, [1, 21])
(13169, [1])
(13170, [1])
(13171, [1, 19])
(13172, [1, 3])
(13173, [1])
(13174, [1])
(13175, [1])
(13176, [1, 13, 15, 41])
(13177, [1])
(13178, [1])
(13179, [1])
(13180, [1, 3, 12, 26, 30, 31, 41])
(13181, [1])
(13182, [1, 25])
(13183, [1])
(13184, [1])
(13185, [1, 3, 4])
(13186, [1])
(13187, [1, 3, 15])
(13188, [1])
(13189, [1, 4, 15, 26, 40, 43])
(13190, [1])
(13191, [1])
(13192, [1, 12, 21, 38, 41])
(13193, [1, 3, 19])
(13194, [1])
(13195, [1, 2])
(13196, [1])
(13197, [1])
(13198, [1])
(13199, [1])
(13200, [10])
(13201, [10])
(13202, [10])
(13203, [10, 12])
(13204, [10])
(13205, [10, 15, 19])
(13206, [10])
(13207, [10])
(13208, [10])
(13209, [10])
(13210, [5, 8, 19, 21, 37])
(13211, [2, 19])
(13212, [19])
(13213, [19, 41])
(13214, [19])
(13215, [19])
(13216, [19, 31])
(13217, [19])
(13218, [19])
(13219, [19, 44])
(13220, [19])
(13221, [19, 22])
(13222, [15, 19])
(13223, [19])
(13224, [4, 19, 24])
(13225, [19])
(13226, [19])
(13227, [19])
(13228, [15, 19, 30])
(13229, [19])
(13230, [19])
(13231, [12, 19])
(13232, [19])
(13233, [26])
(13234, [26, 43])
(13235, [26])
(13236, [3, 15, 26, 30, 40])
(13237, [26])
(13238, [13, 26])
(13239, [26])
(13240, [26])
(13241, [4, 26])
(13242, [26])
(13243, [23, 26])
(13244, [26])
(13245, [26])
(13246, [26])
(13247, [26])
(13248, [26])
(13249, [26])
(13250, [26])
(13251, [26])
(13252, [26])
(13253, [8])
(13254, [8])
(13255, [8])
(13256, [8])
(13257, [8])
(13258, [8])
(13259, [8])
(13260, [8])
(13261, [8])
(13262, [8])
(13263, [8])
(13264, [8])
(13265, [5, 8])
(13266, [8])
(13267, [21])
(13268, [21, 22])
(13269, [21])
(13270, [21])
(13271, [21])
(13272, [12, 15, 21, 39])
(13273, [21])
(13274, [21])
(13275, [21])
(13276, [21])
(13277, [21])
(13278, [21])
(13279, [21])
(13280, [21])
(13281, [21])
(13282, [21])
(13283, [21])
(13284, [21])
(13285, [21])
(13286, [21])
(13287, [21])
(13288, [21])
(13289, [21])
(13290, [21])
(13291, [21])
(13292, [21])
(13293, [21])
(13294, [21])
(13295, [21])
(13296, [2, 3, 21, 43])
(13297, [21])
(13298, [21])
(13299, [21])
(13300, [21])
(13301, [21])
(13302, [21])
(13303, [44])
(13304, [44])
(13305, [44])
(13306, [44])
(13307, [44])
(13308, [44])
(13309, [44])
(13310, [44])
(13311, [44])
(13312, [2, 23, 44])
(13313, [44])
(13314, [44])
(13315, [44])
(13316, [44])
(13317, [12, 44])
(13318, [40, 44])
(13319, [44])
(13320, [44])
(13321, [22, 44])
(13322, [23, 44])
(13323, [43])
(13324, [43])
(13325, [2, 43])
(13326, [2, 24, 43])
(13327, [43])
(13328, [4, 41, 43])
(13329, [43])
(13330, [12, 43])
(13331, [43])
(13332, [15, 41, 43])
(13333, [43])
(13334, [43])
(13335, [43])
(13336, [43])
(13337, [23, 43])
(13338, [43])
(13339, [43])
(13340, [43])
(13341, [43])
(13342, [43])
(13343, [43])
(13344, [43])
(13345, [15, 43])
(13346, [43])
(13347, [43])
(13348, [14, 30, 43])
(13349, [23, 43])
(13350, [38])
(13351, [36])
(13352, [22, 36])
(13353, [2, 36])
(13354, [36])
(13355, [36])
(13356, [36])
(13357, [36])
(13358, [36])
(13359, [36])
(13360, [36])
(13361, [36])
(13362, [36])
(13363, [36])
(13364, [2, 36])
(13365, [36])
(13366, [36])
(13367, [36])
(13368, [36])
(13369, [36])
(13370, [36])
(13371, [36])
(13372, [12, 36])
(13373, [36])
(13374, [36])
(13375, [36])
(13376, [36])
(13377, [36])
(13378, [31])
(13379, [4, 15, 31])
(13380, [31])
(13381, [31])
(13382, [31])
(13383, [31])
(13384, [31])
(13385, [30, 31])
(13386, [31])
(13387, [3, 31, 41])
(13388, [31])
(13389, [30])
(13390, [30])
(13391, [30])
(13392, [30])
(13393, [30])
(13394, [30])
(13395, [30])
(13396, [4, 30])
(13397, [5, 30])
(13398, [30, 37])
(13399, [30])
(13400, [30])
(13401, [30])
(13402, [30])
(13403, [2, 37])
(13404, [37])
(13405, [37])
(13406, [39])
(13407, [39])
(13408, [39])
(13409, [39])
(13410, [39])
(13411, [39])
(13412, [39])
(13413, [39])
(13414, [39])
(13415, [39])
(13416, [39])
(13417, [39])
(13418, [39])
(13419, [39])
(13420, [41])
(13421, [41])
(13422, [41])
(13423, [3, 41])
(13424, [41])
(13425, [41])
(13426, [41])
(13427, [41])
(13428, [41])
(13429, [41])
(13430, [41])
(13431, [41])
(13432, [41])
(13433, [41])
(13434, [41])
(13435, [41])
(13436, [41])
(13437, [41])
(13438, [41])
(13439, [41])
(13440, [41])
(13441, [41])
(13442, [24])
(13443, [24])
(13444, [24])
(13445, [24])
(13446, [24])
(13447, [24])
(13448, [4, 14, 24])
(13449, [23])
(13450, [23])
(13451, [23])
(13452, [23])
(13453, [23])
(13454, [23])
(13455, [23])
(13456, [23])
(13457, [23])
(13458, [23])
(13459, [23])
(13460, [23])
(13461, [23])
(13462, [23])
(13463, [23])
(13464, [23])
(13465, [23])
(13466, [23])
(13467, [23])
(13468, [23])
(13469, [23])
(13470, [23])
(13471, [23])
(13472, [23])
(13473, [23])
(13474, [23])
(13475, [23])
(13476, [23])
(13477, [23])
(13478, [23])
(13479, [23])
(13480, [23])
(13481, [23])
(13482, [23])
(13483, [23])
(13484, [23])
(13485, [23])
(13486, [23])
(13487, [23])
(13488, [13, 23])
(13489, [12, 23])
(13490, [23])
(13491, [23])
(13492, [23])
(13493, [23])
(13494, [23])
(13495, [23])
(13496, [23])
(13497, [23])
(13498, [23])
(13499, [23])
(13500, [23])
(13501, [23])
(13502, [23])
(13503, [23])
(13504, [23])
(13505, [23])
(13506, [23])
(13507, [23])
(13508, [23])
(13509, [4])
(13510, [4])
(13511, [4])
(13512, [4])
(13513, [4])
(13514, [4])
(13515, [4])
(13516, [2, 4])
(13517, [4])
(13518, [4])
(13519, [4])
(13520, [4])
(13521, [4])
(13522, [4])
(13523, [4])
(13524, [4])
(13525, [4])
(13526, [2, 4])
(13527, [4])
(13528, [4])
(13529, [4])
(13530, [4, 14])
(13531, [4])
(13532, [4])
(13533, [15])
(13534, [15])
(13535, [15])
(13536, [15])
(13537, [15])
(13538, [15])
(13539, [15])
(13540, [15])
(13541, [15])
(13542, [15])
(13543, [15])
(13544, [3])
(13545, [3])
(13546, [3, 12])
(13547, [3])
(13548, [3])
(13549, [3])
(13550, [3, 12])
(13551, [3])
(13552, [3])
(13553, [3])
(13554, [3])
(13555, [3])
(13556, [3])
(13557, [3])
(13558, [3])
(13559, [3])
(13560, [3])
(13561, [3])
(13562, [3])
(13563, [3])
(13564, [3])
(13565, [3])
(13566, [3])
(13567, [3])
(13568, [3])
(13569, [3])
(13570, [3])
(13571, [3])
(13572, [3])
(13573, [3])
(13574, [3])
(13575, [3])
(13576, [3])
(13577, [3])
(13578, [12])
(13579, [12])
(13580, [12])
(13581, [12])
(13582, [12])
(13583, [12])
(13584, [12])
(13585, [12])
(13586, [12])
(13587, [12])
(13588, [12])
(13589, [12])
(13590, [12])
(13591, [12])
(13592, [12])
(13593, [12])
(13594, [12])
(13595, [12])
(13596, [12])
(13597, [12])
(13598, [12])
(13599, [12])
(13600, [2, 12])
(13601, [12])
(13602, [12])
(13603, [12])
(13604, [12])
(13605, [12])
(13606, [12])
(13607, [12])
(13608, [12])
(13609, [12])
(13610, [12])
(13611, [12])
(13612, [12])
(13613, [12])
(13614, [12])
(13615, [12])
(13616, [12])
(13617, [12])
(13618, [12])
(13619, [12])
(13620, [12])
(13621, [12])
(13622, [2, 12])
(13623, [12])
(13624, [12])
(13625, [12])
(13626, [12])
(13627, [12])
(13628, [12])
(13629, [12])
(13630, [12])
(13631, [12])
(13632, [12])
(13633, [12])
(13634, [12])
(13635, [12])
(13636, [12])
(13637, [40])
(13638, [40])
(13639, [40])
(13640, [2])
(13641, [2])
(13642, [2])
(13643, [2])
(13644, [2])
(13645, [2])
(13646, [2])
(13647, [2])
(13648, [2])
(13649, [2])
(13650, [2])
(13651, [2])
(13652, [2])
(13653, [2])
(13654, [2])
(13655, [2, 14])
(13656, [2])
(13657, [2])
(13658, [2])
(13659, [2])
(13660, [2])
(13661, [2, 14])
(13662, [2])
(13663, [2])
(13664, [2])
(13665, [2])
(13666, [2])
(13667, [2])
(13668, [2])
(13669, [2])
(13670, [2])
(13671, [2])
(13672, [2])
(13673, [2])
(13674, [2])
(13675, [2])
(13676, [2])
(13677, [2])
(13678, [2])
(13679, [2])
(13680, [2])
(13681, [2])
(13682, [2])
(13683, [2])
(13684, [2])
(13685, [2])
(13686, [2])
(13687, [2])
(13688, [2])
(13689, [2])
(13690, [2])
(13691, [2])
(13692, [2])
(13693, [2])
(13694, [2])
(13695, [2])
(13696, [2])
(13697, [2])
(13698, [2])
(13699, [2])
(13700, [2])
(13701, [2])
(13702, [2])
(13703, [2])
(13704, [2])
(13705, [2])
(13706, [2])
(13707, [2])
(13708, [2, 22])
(13709, [2])
(13710, [2])
(13711, [2])
(13712, [13])
(13713, [13])
(13714, [13])
(13715, [13])
(13716, [13])
(13717, [5])
(13718, [5])
(13719, [5])
(13720, [14])
(13721, [14])
(13722, [14])
(13723, [14])
(13724, [14])
(13725, [14])
(13726, [14])
(13727, [14])
(13728, [14])
(13729, [14])
(13730, [14])
(13731, [14])
(13732, [14])
(13733, [14])
(13734, [14])
(13735, [14])
(13736, [22])
(13737, [22])
(13738, [22])
(13739, [22])
(13740, [22])
(13741, [22])
(13742, [22])
(13743, [22])
(13744, [22])
(13745, [22])
(13746, [22])
(13747, [22])
(13748, [25])
