(5563, [32, 35, 34, 33, 20, 18, 27, 9, 0, 11, 7, 29, 16, 42, 6, 28, 17, 1, 10, 19, 26, 8, 21, 44, 43, 38, 36, 31, 30, 37, 39, 41, 24, 23, 4, 15, 3, 12, 40, 2, 13, 5, 14, 22, 25])
(5564, [32, 35, 34, 33, 20, 18, 27, 9, 0, 11, 7, 29, 16, 42, 6, 28, 17, 1, 10, 19, 26, 8, 21, 44, 43, 38, 36, 31, 30, 37, 39, 41, 24, 23, 4, 15, 3, 12, 40, 2, 13, 5, 14, 22, 25])
(5565, [32, 35, 34, 33, 20, 18, 27, 9, 0, 11, 7, 29, 16, 42, 6, 28, 17, 1, 10, 19, 26, 8, 21, 44, 43, 38, 36, 31, 30, 37, 39, 41, 24, 23, 4, 15, 3, 12, 40, 2, 13, 5, 14, 22, 25])
(5566, [32, 35, 18, 11, 16, 17, 44, 43, 30, 23, 15, 5])
(5567, [32])
(5568, [32, 35, 34, 33, 20, 18, 27, 9, 0, 11, 7, 29, 16, 42, 6, 28, 17, 1, 10, 19, 26, 8, 21, 44, 43, 38, 36, 31, 30, 37, 39, 41, 24, 23, 4, 15, 3, 12, 40, 2, 13, 5, 14, 22, 25])
(5569, [32, 35, 34, 33, 20, 18, 27, 9, 0, 11, 7, 29, 16, 42, 6, 28, 17, 1, 10, 19, 26, 8, 21, 44, 43, 38, 36, 31, 30, 37, 39, 41, 24, 23, 4, 15, 3, 12, 40, 2, 13, 5, 14, 22, 25])
(5570, [32, 35, 34, 33, 20, 18, 27, 9, 0, 11, 7, 29, 16, 42, 6, 28, 17, 1, 10, 19, 26, 8, 21, 44, 43, 38, 36, 31, 30, 37, 39, 41, 24, 23, 4, 15, 3, 12, 40, 2, 13, 5, 14, 22, 25])
(5571, [32])
(5572, [32, 34, 33, 9, 0, 11, 7, 29, 42, 28, 17, 1, 19, 21, 44, 31, 30, 39, 23, 4, 3, 12, 2, 22])
(5573, [32, 33, 18, 7, 29, 17, 1, 26, 44, 31, 30, 41, 24, 15, 2])
(5574, [32, 35, 34, 33, 20, 18, 9, 11, 7, 6, 1, 19, 8, 21, 44, 43, 36, 31, 30, 37, 39, 41, 24, 23, 4, 15, 3, 12, 2, 22])
(5575, [32, 35, 34, 33, 9, 16, 42, 6, 26, 43, 31, 30, 4, 15, 3, 12])
(5576, [32, 35, 34, 20, 18, 27, 9, 0, 11, 7, 16, 42, 6, 28, 17, 1, 19, 26, 8, 21, 44, 43, 36, 31, 30, 39, 41, 24, 23, 4, 15, 3, 12, 40, 2, 13, 14, 22, 25])
(5577, [32, 34, 33, 9, 11, 7, 42, 17, 1, 21, 31, 30, 41, 24, 23, 4, 3, 12, 2])
(5578, [32, 35, 34, 33, 20, 18, 27, 9, 0, 11, 7, 16, 42, 6, 28, 17, 1, 10, 19, 26, 21, 44, 43, 36, 31, 30, 37, 41, 24, 23, 4, 15, 3, 12, 40, 2, 13, 5, 14, 22])
(5579, [32, 35, 34, 33, 20, 18, 27, 9, 0, 11, 7, 29, 16, 42, 6, 28, 17, 1, 10, 19, 26, 8, 21, 44, 43, 38, 36, 31, 30, 37, 39, 41, 24, 23, 4, 15, 3, 12, 40, 2, 13, 5, 14, 22, 25])
(5580, [32, 35, 33, 18, 0, 6, 17, 1, 10, 8, 31, 23, 3, 12, 2])
(5581, [32, 18, 9, 0, 11, 16, 6, 28, 17, 1, 10, 19, 26, 21, 44, 43, 36, 31, 30, 41, 24, 23, 4, 15, 3, 12, 2, 14])
(5582, [32, 35, 33, 20, 18, 27, 9, 0, 11, 7, 16, 42, 6, 28, 17, 1, 10, 19, 26, 8, 21, 44, 43, 38, 31, 30, 39, 23, 4, 15, 3, 12, 40, 2, 13, 5, 14, 22])
(5583, [32, 33, 18, 11, 7, 29, 16, 6, 1, 19, 21, 38, 31, 30, 37, 41, 23, 3, 12, 2, 22])
(5584, [32, 34, 33, 20, 18, 9, 0, 11, 6, 17, 1, 10, 19, 26, 44, 43, 31, 30, 41, 24, 23, 4, 15, 3, 40, 2, 13])
(5585, [32, 34, 33, 9, 11, 6, 17, 1, 19, 26, 8, 21, 44, 36, 31, 30, 23, 15, 3, 12, 2])
(5586, [32, 18, 9, 0, 16, 42, 6, 8, 21, 43, 36, 30, 39, 41, 23, 4, 3, 12, 2, 14, 22])
(5587, [32, 33, 18, 27, 9, 0, 7, 42, 6, 28, 1, 10, 19, 26, 8, 44, 43, 36, 41, 24, 23, 4, 15, 3, 12, 40, 2, 14])
(5588, [32, 34, 33, 20, 18, 0, 11, 7, 16, 42, 6, 17, 1, 26, 21, 44, 36, 31, 30, 37, 39, 41, 24, 23, 4, 15, 3, 12, 40, 2, 14, 25])
(5589, [32, 1])
(5590, [32, 35, 34, 33, 20, 18, 27, 9, 0, 11, 7, 16, 42, 6, 17, 1, 10, 26, 21, 44, 43, 31, 30, 39, 41, 23, 4, 15, 3, 12, 40, 2, 14])
(5591, [32, 35, 34, 33, 20, 18, 27, 9, 0, 11, 16, 42, 6, 17, 1, 10, 19, 26, 8, 21, 44, 43, 38, 36, 31, 30, 41, 24, 23, 4, 15, 3, 12, 40, 2, 13, 5, 14, 22, 25])
(5592, [32, 20, 18, 11, 7, 16, 42, 6, 1, 19, 21, 44, 43, 30, 23, 4, 15, 3, 12, 2, 13, 14])
(5593, [32, 9, 41])
(5594, [32, 35, 33, 18, 27, 9, 0, 11, 7, 16, 6, 28, 17, 1, 10, 19, 26, 21, 44, 38, 30, 24, 23, 4, 15, 3, 2, 22])
(5595, [32, 35, 34, 33, 20, 18, 27, 9, 0, 11, 7, 29, 16, 42, 6, 28, 17, 1, 10, 19, 26, 8, 21, 44, 43, 38, 36, 31, 30, 37, 39, 41, 24, 23, 4, 15, 3, 12, 40, 2, 13, 5, 14, 22, 25])
(5596, [32, 35, 34, 33, 20, 18, 9, 0, 11, 7, 16, 42, 6, 28, 17, 1, 10, 19, 26, 8, 21, 44, 43, 38, 31, 30, 37, 39, 41, 23, 4, 15, 3, 12, 40, 2, 13, 14, 22])
(5597, [32, 18, 11, 17, 19, 26, 21, 30, 41, 3, 22])
(5598, [32, 11, 19, 4, 2, 14])
(5599, [32, 34, 11, 1, 26, 31, 24, 15, 40])
(5600, [32, 0])
(5601, [32, 41, 2])
(5602, [32, 35, 33, 20, 9, 0, 42, 6, 17, 10, 19, 26, 8, 43, 30, 41, 24, 23, 4, 3, 40, 2, 14])
(5603, [32, 34, 33, 18, 27, 9, 6, 1, 21, 44, 31, 30, 23, 4, 15, 3, 12, 13, 5, 22])
(5604, [32, 35, 33, 20, 18, 9, 0, 11, 7, 29, 6, 17, 1, 19, 26, 8, 21, 44, 43, 38, 31, 30, 37, 41, 24, 23, 4, 15, 3, 12, 40, 2, 5, 14, 22])
(5605, [32, 35, 34, 33, 20, 18, 9, 0, 11, 7, 29, 16, 42, 6, 17, 1, 19, 26, 8, 21, 44, 43, 31, 30, 41, 24, 23, 4, 15, 3, 12, 40, 2, 13, 14])
(5606, [32, 34, 33, 20, 9, 0, 11, 7, 42, 17, 1, 19, 26, 31, 30, 41, 24, 23, 15, 3, 12, 2, 13, 14, 22, 25])
(5607, [32, 35, 34, 18, 27, 9, 0, 29, 16, 42, 6, 28, 1, 10, 19, 21, 43, 39, 23, 4, 15, 3, 40, 5, 14, 22])
(5608, [32, 33, 18, 9, 11, 42, 17, 1, 19, 26, 21, 43, 30, 23, 3, 2, 22])
(5609, [32, 34, 33, 20, 18, 0, 11, 7, 42, 6, 1, 19, 26, 8, 21, 44, 43, 36, 31, 30, 37, 39, 41, 24, 23, 4, 3, 12, 2, 13, 5, 14, 22])
(5610, [32, 34, 33, 20, 9, 0, 6, 17, 19, 26, 43, 31, 30, 41, 4, 15, 3, 40, 2, 14, 25])
(5611, [32, 35, 34, 33, 18, 27, 0, 29, 16, 17, 8, 21, 44, 43, 31, 30, 41, 23, 4, 15, 3, 12, 2, 5, 14, 22])
(5612, [32, 34, 33, 20, 18, 9, 0, 11, 16, 6, 17, 1, 19, 43, 31, 41, 24, 3, 12, 40, 2])
(5613, [32, 34, 20, 1, 44, 36])
(5614, [32, 18, 21, 43, 39, 23, 4, 15, 3, 12, 2, 5, 14, 22])
(5615, [32, 9, 0, 11, 6, 31, 30, 23, 15, 2])
(5616, [32, 18, 9, 0, 16, 26, 30, 24, 23, 4, 15, 2, 5])
(5617, [32, 20, 7, 16, 6, 28, 1, 19, 31, 15, 3, 12, 40, 2, 22])
(5618, [32, 9, 4])
(5619, [32, 35, 34, 33, 20, 18, 27, 9, 0, 11, 7, 29, 16, 42, 6, 28, 17, 1, 10, 19, 26, 8, 21, 44, 43, 38, 31, 37, 24, 23, 4, 15, 3, 12, 2, 13, 5, 22])
(5620, [32, 35, 18, 9, 7, 6, 17, 1, 19, 26, 8, 24, 23, 15, 3, 12, 2, 5])
(5621, [32, 35, 34, 18, 0, 11, 16, 42, 6, 17, 1, 26, 8, 21, 44, 43, 41, 23, 3, 5, 14])
(5622, [32, 35, 0, 43, 24, 23, 4, 3, 12, 2])
(5623, [32, 35, 34, 20, 18, 9, 11, 7, 29, 16, 42, 6, 28, 1, 19, 26, 8, 21, 43, 31, 30, 37, 39, 41, 24, 23, 4, 15, 3, 12, 40, 2, 5, 14])
(5624, [32, 34, 0, 29, 1, 26, 31, 41, 24, 3, 12, 2, 25])
(5625, [32])
(5626, [32])
(5627, [32, 9, 6, 19, 8, 23])
(5628, [32, 0])
(5629, [32, 35, 34, 33, 20, 18, 27, 9, 0, 11, 7, 29, 16, 42, 6, 17, 1, 19, 26, 44, 43, 31, 30, 39, 41, 24, 23, 4, 15, 3, 12, 40, 2, 13, 14, 22])
(5630, [32])
(5631, [32, 34, 9, 0, 16, 6, 28, 26, 43, 31, 30, 24, 23, 4, 15, 2, 25])
(5632, [32, 15])
(5633, [32, 34, 33, 20, 18, 9, 0, 7, 29, 16, 42, 6, 1, 10, 19, 26, 21, 44, 43, 31, 30, 41, 24, 23, 15, 3, 12, 2, 22])
(5634, [32, 33, 9, 11, 6, 17, 1, 19, 26, 44, 43, 30, 41, 4, 15, 3, 2, 22])
(5635, [32, 9, 0, 11, 16, 1, 19, 21, 36, 15, 12, 2])
(5636, [32, 35, 34, 18, 11, 7, 16, 6, 1, 19, 8, 21, 44, 43, 31, 30, 39, 23, 4, 3, 40, 2])
(5637, [32, 9, 6, 1, 19, 41, 24, 15, 3, 40])
(5638, [32, 35, 34, 33, 20, 18, 27, 9, 0, 11, 7, 29, 16, 42, 6, 28, 17, 1, 10, 19, 26, 8, 21, 44, 43, 36, 31, 30, 39, 41, 24, 23, 4, 15, 3, 12, 40, 2, 13, 14, 22])
(5639, [32, 35, 33, 9, 0, 7, 17, 19, 21, 31, 15, 12, 2])
(5640, [32, 29, 23, 4])
(5641, [32, 20, 18, 7, 6, 1, 44, 30, 23, 4, 15, 3])
(5642, [32, 35, 34, 8, 21, 3, 2, 22])
(5643, [32, 1])
(5644, [32, 34, 33, 20, 18, 0, 11, 7, 16, 28, 17, 1, 19, 26, 8, 21, 44, 43, 36, 31, 30, 37, 39, 41, 24, 23, 4, 15, 3, 12, 40, 2, 13, 5, 14, 25])
(5645, [32, 34, 9, 11, 16, 1, 26, 31, 30, 37, 24, 23, 15, 3, 2, 13])
(5646, [32, 35, 34, 0, 29, 16, 6, 28, 17, 1, 10, 19, 26, 8, 44, 43, 38, 31, 30, 39, 41, 24, 23, 4, 15, 3, 12, 2, 13, 22])
(5647, [32, 34, 33, 18, 9, 11, 29, 16, 6, 1, 10, 19, 26, 21, 44, 31, 30, 24, 4, 15, 3, 12, 40, 2, 14])
(5648, [32])
(5649, [32, 11, 44, 31, 2])
(5650, [32, 9, 11, 31, 30, 41, 24, 3, 12])
(5651, [32])
(5652, [32, 33, 9, 11, 6, 17, 1, 10, 19, 26, 43, 31, 30, 37, 24, 23, 4, 15, 3])
(5653, [32, 33, 20, 18, 0, 11, 17, 19, 26, 44, 36, 31, 37, 41, 24, 4, 15, 40, 2])
(5654, [32, 33, 18, 0, 11, 7, 16, 42, 6, 28, 17, 1, 10, 19, 26, 21, 44, 43, 38, 36, 31, 30, 39, 41, 24, 23, 4, 15, 3, 12, 2, 13, 14])
(5655, [32, 33, 0, 11, 6, 17, 19, 15, 12, 2])
(5656, [32, 18, 9, 0, 11, 42, 6, 17, 1, 26, 44, 43, 31, 23, 4, 15, 3, 12, 13, 14])
(5657, [32, 31])
(5658, [32, 34, 19])
(5659, [32, 20, 9, 0, 11, 16, 1, 19, 44, 23, 3, 12])
(5660, [32, 0, 11, 17, 1, 19, 26, 44, 24])
(5661, [32, 33, 31, 15])
(5662, [32, 0, 11, 7, 1, 19, 26, 21, 44, 24, 15, 3, 12, 13])
(5663, [32])
(5664, [32, 9, 0, 31, 30, 41, 24, 40, 13])
(5665, [32, 34, 11, 26])
(5666, [32, 33, 9, 28, 17, 44, 36, 31, 41, 24, 4, 2, 14, 25])
(5667, [32, 9, 0, 11, 7, 16, 6, 17, 19, 26, 36, 31, 41, 24, 23, 15, 3, 12, 40, 2, 13, 14, 22])
(5668, [32, 19])
(5669, [32])
(5670, [32, 0, 11, 17, 26, 44, 43, 24, 4, 15, 12, 40, 2, 25])
(5671, [32, 18, 11, 17, 1, 21, 44, 4, 15, 3, 12])
(5672, [32, 34, 20, 0, 1, 12])
(5673, [35, 18, 27, 10, 19, 44, 39, 4, 22])
(5674, [35, 34, 9, 0, 1, 19, 8, 31, 23, 4])
(5675, [35])
(5676, [35, 20, 18, 9, 1, 19, 8, 21, 44, 31, 30, 39, 23, 3, 5])
(5677, [35, 0, 1, 19])
(5678, [35, 9, 42, 13])
(5679, [35])
(5680, [35, 34, 20, 9, 0, 11, 7, 16, 42, 28, 17, 1, 10, 19, 26, 21, 44, 43, 38, 36, 41, 24, 23, 4, 15, 3, 12, 2])
(5681, [35, 18, 23, 4, 15])
(5682, [35])
(5683, [35])
(5684, [35, 27, 17, 23, 4])
(5685, [35])
(5686, [35, 33, 18, 43, 37, 23, 15, 12, 5])
(5687, [35])
(5688, [35, 9, 43, 13])
(5689, [35])
(5690, [35, 2])
(5691, [35])
(5692, [35, 18, 11, 7, 16, 6, 19, 26, 44, 3, 12, 40, 2, 14])
(5693, [35, 34, 18, 6, 10, 41, 15, 40])
(5694, [35])
(5695, [35, 33, 18, 9, 0, 11, 16, 6, 19, 8, 43, 36, 31, 4, 3])
(5696, [35, 20, 27, 9, 0, 7, 16, 42, 6, 1, 10, 26, 8, 44, 43, 31, 37, 24, 23, 4, 3, 12, 2, 13, 14])
(5697, [35])
(5698, [35])
(5699, [35, 34, 33, 18, 27, 9, 0, 11, 7, 16, 42, 6, 28, 17, 1, 19, 26, 8, 44, 43, 38, 36, 31, 30, 37, 39, 41, 24, 23, 4, 15, 3, 12, 2, 13, 5, 14])
(5700, [35])
(5701, [35])
(5702, [35, 18, 11, 42, 1, 21, 44, 30, 39, 4, 3, 22])
(5703, [35])
(5704, [35, 34, 33, 20, 9, 0, 11, 7, 16, 42, 6, 17, 1, 19, 26, 21, 44, 43, 38, 36, 31, 30, 39, 41, 24, 23, 4, 15, 3, 12, 2, 13, 5, 14])
(5705, [35, 1, 21])
(5706, [35])
(5707, [35, 26, 8, 31, 23, 3, 5])
(5708, [35])
(5709, [35, 33, 20, 18, 27, 9, 0, 11, 7, 16, 42, 6, 17, 1, 19, 26, 8, 21, 44, 43, 36, 31, 30, 41, 24, 23, 4, 15, 3, 12, 40, 2, 5])
(5710, [35, 20, 9, 16, 42, 19, 23, 3, 5])
(5711, [35, 20, 0, 11, 16, 1, 8, 21, 44, 15, 3, 2])
(5712, [35, 33, 18, 28, 1, 43, 30, 15, 2])
(5713, [35])
(5714, [34])
(5715, [34, 33, 18, 9, 11, 6, 17, 19, 21, 31, 30, 41, 3, 12])
(5716, [34, 33, 0, 7, 16, 6, 1, 3, 12, 2])
(5717, [34, 18, 9, 0, 6, 31, 24])
(5718, [34])
(5719, [34, 1, 19, 21, 44, 31, 30, 3, 22])
(5720, [34, 0, 28, 1, 10, 19, 43, 30, 41, 23, 12, 2])
(5721, [34, 33, 18, 9, 19, 8, 31, 23, 12, 22])
(5722, [34])
(5723, [34])
(5724, [34, 0, 7, 42, 1, 2])
(5725, [34, 20, 1, 19, 21, 30, 3])
(5726, [34, 33, 20, 9, 11, 7, 16, 6, 28, 17, 1, 19, 26, 21, 44, 31, 23, 4, 15, 3, 12, 2, 5, 22])
(5727, [34, 33, 20, 18, 9, 0, 11, 6, 43, 41, 24, 23, 15, 3, 12])
(5728, [34, 33, 0, 16, 1, 43, 41, 40, 2])
(5729, [34, 33, 18, 9, 11, 7, 28, 26, 43, 36, 23, 4, 15, 2])
(5730, [34])
(5731, [34, 0, 36, 12])
(5732, [34])
(5733, [34, 33, 0, 11, 29, 26, 44, 24, 12])
(5734, [34, 15])
(5735, [34, 18, 16, 21, 31])
(5736, [34])
(5737, [34, 33, 0, 15])
(5738, [34, 11, 43, 36, 31, 41, 40, 2, 14])
(5739, [34, 1, 19, 31, 3, 2])
(5740, [34])
(5741, [34, 33, 31])
(5742, [34, 33, 31])
(5743, [34])
(5744, [34, 33, 20, 28, 1, 43, 13])
(5745, [34, 33, 18, 11, 17, 1, 21, 30])
(5746, [34, 1, 26, 3])
(5747, [34, 33, 18, 0, 6, 41])
(5748, [34, 20, 0, 11, 10, 44, 36, 4, 2])
(5749, [34, 9, 0, 11, 16, 6, 28, 1, 23, 15, 3, 2])
(5750, [34])
(5751, [34, 0, 23])
(5752, [34, 20, 0, 11, 16, 42, 6, 10, 44, 41, 15, 12, 13])
(5753, [34, 9, 7, 13])
(5754, [34, 8, 30, 2])
(5755, [34, 33, 20, 18, 27, 9, 0, 11, 16, 42, 6, 28, 17, 1, 10, 19, 26, 8, 21, 44, 43, 38, 36, 31, 37, 41, 24, 23, 4, 15, 3, 12, 40, 2, 5, 14, 22, 25])
(5756, [34])
(5757, [34])
(5758, [34, 9, 0, 10])
(5759, [34, 20, 0, 1, 10, 12])
(5760, [34, 33, 4])
(5761, [34, 33, 18, 7, 6, 19, 26, 43, 31, 30, 24])
(5762, [34, 19, 26, 43, 41, 3])
(5763, [34])
(5764, [34, 18, 9, 19, 26, 44, 2, 14])
(5765, [34, 0, 6])
(5766, [34])
(5767, [34, 9, 0, 11, 16, 6, 26, 44, 43, 31, 12, 2, 13])
(5768, [34])
(5769, [34, 9, 0, 19, 15, 3, 12])
(5770, [34, 9, 0, 12])
(5771, [34])
(5772, [34])
(5773, [34, 6, 1, 3])
(5774, [34, 9, 0, 6, 10])
(5775, [34])
(5776, [33, 11, 42, 44, 43, 31, 30, 39, 41, 12, 2])
(5777, [33, 44, 4])
(5778, [33, 2])
(5779, [33])
(5780, [33])
(5781, [33, 4, 12])
(5782, [33])
(5783, [33, 31])
(5784, [33, 18, 6, 26, 31, 30, 41, 24, 4])
(5785, [33, 20, 7, 16, 1, 26, 31, 23, 3, 2])
(5786, [33, 9, 15, 13])
(5787, [33])
(5788, [33, 18, 43, 4, 15, 2])
(5789, [33, 20, 18, 27, 9, 11, 7, 16, 42, 1, 19, 26, 8, 21, 44, 43, 38, 31, 30, 37, 39, 23, 4, 15, 3, 12, 2, 5, 22, 25])
(5790, [33, 7])
(5791, [33, 19])
(5792, [33])
(5793, [33])
(5794, [33, 18, 9, 0, 11, 29, 16, 6, 1, 19, 21, 43, 30, 23, 4, 3, 2, 22])
(5795, [33, 11, 2, 13])
(5796, [33, 26, 3])
(5797, [33, 27, 11, 16, 21, 44, 23, 4, 3, 12])
(5798, [33, 23])
(5799, [33, 27, 9, 0, 19, 43, 30, 22])
(5800, [33])
(5801, [33, 18, 9, 29, 17, 19, 43, 39, 23, 3])
(5802, [33, 11, 6, 19, 30, 23, 2, 22])
(5803, [33, 29, 19, 31, 30, 39, 3, 22])
(5804, [33, 18, 11, 42, 23])
(5805, [33])
(5806, [33, 31])
(5807, [33])
(5808, [33, 9, 11, 7, 6, 17, 1, 19, 26, 21, 44, 43, 31, 30, 3, 12, 2, 13, 14])
(5809, [33])
(5810, [33, 30, 2])
(5811, [33])
(5812, [20, 3])
(5813, [20])
(5814, [20])
(5815, [20, 18, 0, 11, 7, 31, 41, 23, 3, 13])
(5816, [20, 9, 0, 19, 36, 30, 39, 41, 4, 15, 2, 14, 25])
(5817, [20, 0, 1, 3])
(5818, [20])
(5819, [20, 11, 17, 19, 26, 43, 38, 40, 2])
(5820, [20, 11])
(5821, [20, 29, 19, 23, 3])
(5822, [20, 19])
(5823, [20, 43, 2])
(5824, [20])
(5825, [20, 18, 0, 16, 1, 41])
(5826, [20, 9, 0, 24, 12])
(5827, [20, 23])
(5828, [20, 0])
(5829, [20, 18, 7, 6, 26, 44, 43, 23, 4, 12, 40, 2, 25])
(5830, [20, 11, 26, 13, 14])
(5831, [20, 9, 0, 16, 10, 19, 23, 3])
(5832, [20])
(5833, [20, 1, 2, 14])
(5834, [20, 9, 43])
(5835, [20, 9, 1, 26, 21, 31, 4, 3, 12, 22])
(5836, [20, 0, 16, 42, 1, 19, 21, 43, 23, 3, 12, 2, 14])
(5837, [20, 18, 27, 0, 7, 1, 19, 44, 43, 3, 12, 40])
(5838, [20, 0, 11, 42, 1, 44, 3, 12])
(5839, [20])
(5840, [18])
(5841, [18, 19, 31, 12])
(5842, [18])
(5843, [18, 0, 19, 21, 12, 2])
(5844, [18, 6, 26, 43, 41, 2])
(5845, [18, 16, 8, 21, 43, 23, 4, 12])
(5846, [18, 0, 19, 3, 12])
(5847, [18, 31])
(5848, [18, 11, 23])
(5849, [18, 19, 8, 21, 43])
(5850, [18, 9, 11, 7, 1, 26, 21, 44, 43, 31, 30, 23, 4, 3])
(5851, [18, 23])
(5852, [18, 8])
(5853, [18, 23, 4])
(5854, [18])
(5855, [18, 2])
(5856, [18, 6, 1, 8, 31, 23, 4, 15, 3, 12, 5])
(5857, [18, 0, 30, 40])
(5858, [18, 9, 29, 19, 8, 30, 37, 39, 23, 4, 3, 12])
(5859, [18])
(5860, [18, 0, 11, 1, 26, 43, 41, 23, 12, 2, 5])
(5861, [18, 8, 30, 12, 2, 5])
(5862, [18])
(5863, [18, 41])
(5864, [18, 0, 7, 16, 17, 1, 19, 8, 21, 43, 31, 39, 41, 23, 15, 2, 5, 22])
(5865, [18, 0, 26, 15, 3, 12, 22])
(5866, [18, 8, 23])
(5867, [18, 19, 4])
(5868, [18, 9, 42, 6, 17, 1, 19, 8, 21, 44, 31, 23, 4, 15, 2])
(5869, [18])
(5870, [18, 9, 7, 1, 31, 4, 3])
(5871, [18])
(5872, [18])
(5873, [18])
(5874, [18])
(5875, [18])
(5876, [18])
(5877, [18])
(5878, [18])
(5879, [18, 0, 8, 30, 23, 4])
(5880, [18])
(5881, [18, 9, 17, 2])
(5882, [18, 23, 13])
(5883, [18])
(5884, [18, 11, 7, 19, 26, 44, 31, 39, 41, 3])
(5885, [18])
(5886, [18])
(5887, [18])
(5888, [18])
(5889, [18, 43, 2])
(5890, [18])
(5891, [18])
(5892, [18, 9, 0, 16, 42, 44, 24, 15, 40])
(5893, [18])
(5894, [18])
(5895, [18, 0, 2])
(5896, [18, 1, 21, 23, 13])
(5897, [18, 6, 1, 44])
(5898, [18])
(5899, [18, 36, 2])
(5900, [18, 9, 42, 6, 28, 17, 19, 26, 31, 41, 23, 12, 2, 13])
(5901, [18])
(5902, [18])
(5903, [18, 19, 15, 3, 12])
(5904, [18])
(5905, [18, 9, 2])
(5906, [18, 23, 12])
(5907, [18])
(5908, [18, 11, 7, 16, 19, 26, 44, 43, 25])
(5909, [18])
(5910, [18])
(5911, [18])
(5912, [18])
(5913, [18])
(5914, [18])
(5915, [18, 6, 1, 8, 21, 44, 31, 3])
(5916, [18, 9, 16, 6, 28, 17, 1, 19, 21, 44, 38, 30, 39, 24, 3, 12, 2, 14])
(5917, [18, 0, 7, 1, 10, 44, 41, 15, 3, 12, 2])
(5918, [18])
(5919, [18])
(5920, [18])
(5921, [18])
(5922, [27])
(5923, [27, 0, 26, 43, 24, 14])
(5924, [27, 9, 0, 11, 6, 1, 26, 44, 43, 31, 24, 23, 15, 12, 40, 2, 14])
(5925, [27])
(5926, [27])
(5927, [27])
(5928, [27, 9, 26])
(5929, [27])
(5930, [27, 9, 7, 16, 28, 1, 26, 21, 44, 41, 23, 4, 3, 12, 2, 13])
(5931, [27])
(5932, [27])
(5933, [9])
(5934, [9, 16, 1, 21, 3, 5])
(5935, [9])
(5936, [9])
(5937, [9])
(5938, [9])
(5939, [9, 1])
(5940, [9])
(5941, [9])
(5942, [9])
(5943, [9])
(5944, [9, 41, 4])
(5945, [9])
(5946, [9, 0, 42, 6, 19, 44, 43, 36, 41, 4, 15, 12, 2, 14])
(5947, [9, 17, 44, 43, 12])
(5948, [9, 7, 1, 26, 21, 44, 39, 24, 23, 3, 12, 13])
(5949, [9, 17, 41])
(5950, [9, 11, 8, 43, 30])
(5951, [9])
(5952, [9])
(5953, [9, 43])
(5954, [9, 0, 16, 1, 19, 43, 23, 15, 2, 14])
(5955, [9, 2])
(5956, [9])
(5957, [9])
(5958, [9, 0, 2, 5])
(5959, [9])
(5960, [9])
(5961, [9])
(5962, [9, 24, 15, 22])
(5963, [9])
(5964, [9, 17, 1, 19, 24, 3])
(5965, [9, 42, 41, 23, 3, 12])
(5966, [9, 21, 13])
(5967, [9, 19, 31])
(5968, [9])
(5969, [9, 19])
(5970, [9, 23])
(5971, [9])
(5972, [9, 0, 19, 43, 24, 15, 2])
(5973, [9])
(5974, [9, 6, 17])
(5975, [9])
(5976, [9, 19])
(5977, [9, 43])
(5978, [9])
(5979, [9])
(5980, [9])
(5981, [9])
(5982, [9, 38, 22])
(5983, [9, 19])
(5984, [0, 16, 23])
(5985, [0])
(5986, [0])
(5987, [0])
(5988, [0])
(5989, [0])
(5990, [0])
(5991, [0])
(5992, [0])
(5993, [0])
(5994, [0])
(5995, [0, 11, 28, 19, 23, 3])
(5996, [0])
(5997, [0, 12])
(5998, [0])
(5999, [0, 7, 42, 10, 44, 43, 41, 23, 15, 3, 12, 14])
(6000, [0])
(6001, [0])
(6002, [0])
(6003, [0])
(6004, [0])
(6005, [0])
(6006, [0])
(6007, [0])
(6008, [0])
(6009, [0])
(6010, [0, 42, 2])
(6011, [0])
(6012, [0])
(6013, [0])
(6014, [0])
(6015, [0])
(6016, [0])
(6017, [0, 39])
(6018, [0])
(6019, [0])
(6020, [0])
(6021, [0])
(6022, [0, 19, 12])
(6023, [0, 36])
(6024, [0])
(6025, [0])
(6026, [0])
(6027, [0])
(6028, [0])
(6029, [0])
(6030, [0, 1, 8, 37])
(6031, [0, 7])
(6032, [0, 16, 6, 28, 1, 10, 31, 23, 3, 12, 40, 2])
(6033, [0, 6, 10, 4])
(6034, [0])
(6035, [0])
(6036, [0])
(6037, [0])
(6038, [0])
(6039, [0])
(6040, [0, 1, 44, 43, 3, 12])
(6041, [0, 12])
(6042, [0])
(6043, [0])
(6044, [0])
(6045, [0])
(6046, [0])
(6047, [0])
(6048, [0])
(6049, [0])
(6050, [0])
(6051, [0])
(6052, [0])
(6053, [0])
(6054, [0])
(6055, [0, 1, 44, 2, 13, 14])
(6056, [0, 1, 19, 21, 44, 31, 23, 3, 12, 14])
(6057, [0])
(6058, [0])
(6059, [0, 11, 1, 12, 2])
(6060, [0, 41, 23, 40])
(6061, [0, 11, 7, 36, 15, 3, 12, 13])
(6062, [0])
(6063, [0])
(6064, [0, 26])
(6065, [0])
(6066, [0])
(6067, [0])
(6068, [0])
(6069, [0])
(6070, [0])
(6071, [0])
(6072, [0])
(6073, [0])
(6074, [0])
(6075, [0, 11, 44, 2])
(6076, [0])
(6077, [0])
(6078, [0])
(6079, [0])
(6080, [0])
(6081, [0])
(6082, [0])
(6083, [0, 31, 30, 12])
(6084, [0])
(6085, [0])
(6086, [0])
(6087, [0])
(6088, [0])
(6089, [0])
(6090, [0, 19])
(6091, [0])
(6092, [0])
(6093, [0])
(6094, [0])
(6095, [0])
(6096, [0])
(6097, [0])
(6098, [0])
(6099, [0])
(6100, [0])
(6101, [0])
(6102, [0])
(6103, [0])
(6104, [0, 23])
(6105, [0])
(6106, [0, 12])
(6107, [0])
(6108, [0])
(6109, [0])
(6110, [0])
(6111, [0])
(6112, [0])
(6113, [0])
(6114, [0, 28])
(6115, [0, 3])
(6116, [0])
(6117, [0])
(6118, [0])
(6119, [0])
(6120, [0, 11, 1])
(6121, [0])
(6122, [0])
(6123, [0])
(6124, [0])
(6125, [0])
(6126, [0])
(6127, [0, 1])
(6128, [0])
(6129, [0])
(6130, [0])
(6131, [0])
(6132, [0, 10, 12, 2])
(6133, [0, 11, 26, 15])
(6134, [0])
(6135, [0])
(6136, [0])
(6137, [0])
(6138, [0])
(6139, [0])
(6140, [0])
(6141, [0])
(6142, [0])
(6143, [0, 7, 26, 21, 37, 3, 12])
(6144, [0])
(6145, [0])
(6146, [0])
(6147, [0])
(6148, [0])
(6149, [0])
(6150, [0])
(6151, [0])
(6152, [0])
(6153, [0])
(6154, [0])
(6155, [0])
(6156, [0])
(6157, [0])
(6158, [0])
(6159, [0, 13])
(6160, [0])
(6161, [0])
(6162, [0, 22])
(6163, [0, 12])
(6164, [0])
(6165, [0])
(6166, [0])
(6167, [0])
(6168, [0])
(6169, [0])
(6170, [0])
(6171, [0])
(6172, [0])
(6173, [0])
(6174, [0])
(6175, [0])
(6176, [0])
(6177, [0])
(6178, [0])
(6179, [0])
(6180, [0])
(6181, [0])
(6182, [0])
(6183, [0])
(6184, [0])
(6185, [0])
(6186, [0])
(6187, [0])
(6188, [0])
(6189, [0])
(6190, [0])
(6191, [0])
(6192, [0])
(6193, [0])
(6194, [0])
(6195, [0])
(6196, [0])
(6197, [0, 11, 38])
(6198, [0])
(6199, [0])
(6200, [0])
(6201, [0])
(6202, [0])
(6203, [0])
(6204, [0])
(6205, [0])
(6206, [0, 11, 7])
(6207, [0])
(6208, [0, 12])
(6209, [0])
(6210, [0])
(6211, [0])
(6212, [0])
(6213, [0])
(6214, [0])
(6215, [0])
(6216, [0])
(6217, [0])
(6218, [0])
(6219, [0])
(6220, [0])
(6221, [0])
(6222, [11])
(6223, [11])
(6224, [11, 1, 19, 21, 43, 3, 22])
(6225, [11, 21, 43, 31, 3, 2])
(6226, [11, 1, 19, 26, 23, 3])
(6227, [11])
(6228, [11])
(6229, [11])
(6230, [11])
(6231, [11, 16, 6, 17, 1, 19, 21, 44, 39, 23, 3, 2, 14, 22])
(6232, [11, 5])
(6233, [11, 26])
(6234, [11])
(6235, [11])
(6236, [11, 6, 1, 3])
(6237, [11])
(6238, [11, 19])
(6239, [11])
(6240, [11, 44])
(6241, [11])
(6242, [11, 1, 19, 24, 2])
(6243, [11, 1, 26])
(6244, [11])
(6245, [11, 1, 10, 19, 3, 2])
(6246, [7, 21, 4, 15, 12, 22])
(6247, [7, 1, 10, 26, 31, 41, 3, 12, 2, 13])
(6248, [7])
(6249, [7])
(6250, [7])
(6251, [7, 3])
(6252, [7, 21, 44, 3, 12])
(6253, [7])
(6254, [7, 44])
(6255, [7])
(6256, [7])
(6257, [7, 19])
(6258, [7, 6, 15, 2])
(6259, [7])
(6260, [7, 16, 43, 36, 31, 39, 2, 14])
(6261, [29, 19])
(6262, [29, 21])
(6263, [29])
(6264, [29, 10, 37])
(6265, [29, 30])
(6266, [16, 19])
(6267, [16])
(6268, [16])
(6269, [16, 41])
(6270, [16, 24])
(6271, [16, 1])
(6272, [16])
(6273, [16])
(6274, [16])
(6275, [16])
(6276, [16])
(6277, [16])
(6278, [16, 1])
(6279, [16])
(6280, [42, 44])
(6281, [42])
(6282, [42])
(6283, [42])
(6284, [42, 17, 1])
(6285, [42, 4, 3, 2])
(6286, [42, 31])
(6287, [6])
(6288, [6])
(6289, [6])
(6290, [6])
(6291, [6, 2])
(6292, [6, 4, 15, 22])
(6293, [6, 19, 41, 23, 15, 2])
(6294, [6])
(6295, [6])
(6296, [6])
(6297, [6])
(6298, [28])
(6299, [28])
(6300, [28, 37])
(6301, [28, 26, 24, 5])
(6302, [17, 30, 41, 2, 14])
(6303, [17, 2])
(6304, [17])
(6305, [17, 2, 14])
(6306, [17, 21, 44, 43, 38, 31, 23, 15, 2])
(6307, [17])
(6308, [17, 13])
(6309, [17, 19, 21])
(6310, [17])
(6311, [17])
(6312, [17])
(6313, [17])
(6314, [17, 36, 14])
(6315, [17])
(6316, [17])
(6317, [17, 44, 3, 2])
(6318, [1])
(6319, [1, 21])
(6320, [1, 3, 12])
(6321, [1, 26, 3])
(6322, [1, 31])
(6323, [1, 4, 3, 22])
(6324, [1, 26, 36, 31, 24, 40, 2])
(6325, [1])
(6326, [1, 3])
(6327, [1])
(6328, [1, 3])
(6329, [1, 3])
(6330, [1])
(6331, [1])
(6332, [1])
(6333, [1])
(6334, [1, 2])
(6335, [1])
(6336, [1])
(6337, [1, 19, 3])
(6338, [1])
(6339, [1])
(6340, [1, 26, 15])
(6341, [1])
(6342, [1, 26, 3])
(6343, [1, 21, 3])
(6344, [1])
(6345, [1])
(6346, [1, 19])
(6347, [1])
(6348, [1])
(6349, [1])
(6350, [10])
(6351, [10, 21])
(6352, [10])
(6353, [10])
(6354, [10])
(6355, [10])
(6356, [10])
(6357, [10])
(6358, [19, 21, 2, 14])
(6359, [19])
(6360, [19, 12])
(6361, [19])
(6362, [19])
(6363, [19])
(6364, [19])
(6365, [19, 22])
(6366, [19, 26, 21, 12])
(6367, [19, 30, 4])
(6368, [19, 4, 2])
(6369, [19])
(6370, [19, 3])
(6371, [19])
(6372, [19, 44, 43, 15, 12])
(6373, [19])
(6374, [19, 12, 13, 14])
(6375, [19, 24, 22])
(6376, [19, 44, 2])
(6377, [19])
(6378, [19])
(6379, [19])
(6380, [19, 2, 14])
(6381, [19])
(6382, [19, 21])
(6383, [19, 22])
(6384, [19])
(6385, [19])
(6386, [19])
(6387, [19])
(6388, [19])
(6389, [19, 8])
(6390, [19])
(6391, [19, 41])
(6392, [19])
(6393, [19])
(6394, [19])
(6395, [19])
(6396, [19, 39, 15])
(6397, [19])
(6398, [19])
(6399, [19])
(6400, [26])
(6401, [26])
(6402, [26])
(6403, [26, 3])
(6404, [26])
(6405, [26, 38])
(6406, [26, 13])
(6407, [26])
(6408, [26])
(6409, [26])
(6410, [26])
(6411, [26, 15])
(6412, [26])
(6413, [26, 30])
(6414, [26])
(6415, [26])
(6416, [26])
(6417, [8, 4, 15])
(6418, [8])
(6419, [8])
(6420, [8])
(6421, [8])
(6422, [8])
(6423, [8])
(6424, [8])
(6425, [8])
(6426, [8])
(6427, [8, 5])
(6428, [8])
(6429, [8])
(6430, [8])
(6431, [21])
(6432, [21])
(6433, [21])
(6434, [21, 30, 41, 2])
(6435, [21])
(6436, [21])
(6437, [21])
(6438, [21])
(6439, [21])
(6440, [21])
(6441, [21, 3])
(6442, [21])
(6443, [21])
(6444, [21])
(6445, [21])
(6446, [21])
(6447, [21, 43, 24, 12])
(6448, [21])
(6449, [21])
(6450, [21])
(6451, [21])
(6452, [21, 22])
(6453, [21, 37, 3])
(6454, [21, 38])
(6455, [21])
(6456, [21])
(6457, [21])
(6458, [21])
(6459, [21])
(6460, [21, 44])
(6461, [21])
(6462, [21])
(6463, [21])
(6464, [21])
(6465, [21])
(6466, [21])
(6467, [21])
(6468, [21])
(6469, [21])
(6470, [44])
(6471, [44])
(6472, [44, 39, 4])
(6473, [44, 2])
(6474, [44])
(6475, [44, 2])
(6476, [44])
(6477, [44, 43])
(6478, [44])
(6479, [44])
(6480, [44])
(6481, [44])
(6482, [44])
(6483, [44])
(6484, [44, 43, 5])
(6485, [44])
(6486, [44])
(6487, [44, 3])
(6488, [44])
(6489, [44, 2])
(6490, [44])
(6491, [43])
(6492, [43, 4, 14])
(6493, [43])
(6494, [43])
(6495, [43])
(6496, [43])
(6497, [43])
(6498, [43])
(6499, [43, 2])
(6500, [43, 36])
(6501, [43])
(6502, [43])
(6503, [43])
(6504, [43])
(6505, [43])
(6506, [43])
(6507, [43])
(6508, [43])
(6509, [43])
(6510, [43, 31])
(6511, [43])
(6512, [43])
(6513, [43])
(6514, [38])
(6515, [38])
(6516, [36])
(6517, [36])
(6518, [36, 2])
(6519, [36])
(6520, [36])
(6521, [36])
(6522, [36])
(6523, [36])
(6524, [36])
(6525, [36])
(6526, [36])
(6527, [36])
(6528, [36])
(6529, [36])
(6530, [36])
(6531, [36])
(6532, [36])
(6533, [36])
(6534, [36])
(6535, [36, 40, 2])
(6536, [36])
(6537, [36])
(6538, [36])
(6539, [36])
(6540, [36])
(6541, [36, 4, 3])
(6542, [36])
(6543, [36])
(6544, [36])
(6545, [36])
(6546, [31])
(6547, [31])
(6548, [31])
(6549, [31])
(6550, [31])
(6551, [31, 2])
(6552, [31])
(6553, [31, 41, 24])
(6554, [31, 30])
(6555, [30])
(6556, [30])
(6557, [30])
(6558, [30, 13])
(6559, [30, 4, 2])
(6560, [30])
(6561, [30, 4])
(6562, [30])
(6563, [37, 12])
(6564, [37, 12])
(6565, [37])
(6566, [37])
(6567, [39])
(6568, [39])
(6569, [39])
(6570, [39])
(6571, [39])
(6572, [39])
(6573, [39])
(6574, [39, 3])
(6575, [39])
(6576, [41])
(6577, [41])
(6578, [41, 15, 2])
(6579, [41])
(6580, [41])
(6581, [41])
(6582, [41])
(6583, [41])
(6584, [41])
(6585, [41])
(6586, [41])
(6587, [41])
(6588, [41])
(6589, [41])
(6590, [41])
(6591, [41])
(6592, [41])
(6593, [24])
(6594, [24])
(6595, [24])
(6596, [24])
(6597, [24])
(6598, [24])
(6599, [24])
(6600, [23, 3])
(6601, [23])
(6602, [23])
(6603, [23])
(6604, [23])
(6605, [23])
(6606, [23])
(6607, [23])
(6608, [23])
(6609, [23])
(6610, [23])
(6611, [23])
(6612, [23])
(6613, [23])
(6614, [23])
(6615, [23])
(6616, [23])
(6617, [23])
(6618, [23])
(6619, [23])
(6620, [23])
(6621, [23])
(6622, [23])
(6623, [23])
(6624, [23])
(6625, [23])
(6626, [23])
(6627, [23])
(6628, [23])
(6629, [23])
(6630, [23])
(6631, [23])
(6632, [23])
(6633, [23])
(6634, [23])
(6635, [23])
(6636, [23])
(6637, [23])
(6638, [23])
(6639, [23])
(6640, [23])
(6641, [23])
(6642, [23])
(6643, [23])
(6644, [23])
(6645, [23])
(6646, [23])
(6647, [4])
(6648, [4])
(6649, [4, 2])
(6650, [4])
(6651, [4])
(6652, [4])
(6653, [4])
(6654, [4])
(6655, [4])
(6656, [4])
(6657, [4, 13])
(6658, [4, 14])
(6659, [4])
(6660, [4])
(6661, [4])
(6662, [4])
(6663, [4])
(6664, [4])
(6665, [4])
(6666, [4])
(6667, [4])
(6668, [4, 2, 14])
(6669, [4])
(6670, [4])
(6671, [15])
(6672, [15])
(6673, [15])
(6674, [15, 2])
(6675, [15])
(6676, [15])
(6677, [15])
(6678, [15])
(6679, [15, 2])
(6680, [15])
(6681, [15])
(6682, [15])
(6683, [15, 5])
(6684, [3])
(6685, [3])
(6686, [3])
(6687, [3])
(6688, [3])
(6689, [3])
(6690, [3])
(6691, [3])
(6692, [3])
(6693, [3])
(6694, [3])
(6695, [3])
(6696, [3])
(6697, [3])
(6698, [3])
(6699, [3])
(6700, [3])
(6701, [3])
(6702, [3])
(6703, [3])
(6704, [3])
(6705, [3])
(6706, [3])
(6707, [3])
(6708, [3])
(6709, [3])
(6710, [3])
(6711, [3])
(6712, [3])
(6713, [12])
(6714, [12])
(6715, [12])
(6716, [12])
(6717, [12])
(6718, [12])
(6719, [12])
(6720, [12])
(6721, [12])
(6722, [12])
(6723, [12])
(6724, [12])
(6725, [12])
(6726, [12])
(6727, [12])
(6728, [12])
(6729, [12])
(6730, [12])
(6731, [12])
(6732, [12])
(6733, [12])
(6734, [12])
(6735, [12])
(6736, [12])
(6737, [12])
(6738, [12])
(6739, [12])
(6740, [12])
(6741, [12])
(6742, [12])
(6743, [12])
(6744, [12])
(6745, [12])
(6746, [12])
(6747, [12])
(6748, [12])
(6749, [12])
(6750, [12])
(6751, [12])
(6752, [12])
(6753, [12])
(6754, [12])
(6755, [12])
(6756, [12])
(6757, [12])
(6758, [12])
(6759, [12])
(6760, [12])
(6761, [12])
(6762, [12])
(6763, [12])
(6764, [12])
(6765, [12])
(6766, [12])
(6767, [12])
(6768, [12])
(6769, [12])
(6770, [12])
(6771, [12])
(6772, [40])
(6773, [40])
(6774, [40])
(6775, [40])
(6776, [40])
(6777, [40])
(6778, [40])
(6779, [40, 5])
(6780, [40])
(6781, [2])
(6782, [2])
(6783, [2])
(6784, [2])
(6785, [2])
(6786, [2])
(6787, [2])
(6788, [2])
(6789, [2])
(6790, [2])
(6791, [2])
(6792, [2])
(6793, [2])
(6794, [2])
(6795, [2])
(6796, [2])
(6797, [2])
(6798, [2])
(6799, [2])
(6800, [2])
(6801, [2])
(6802, [2])
(6803, [2])
(6804, [2])
(6805, [2])
(6806, [2])
(6807, [2])
(6808, [2])
(6809, [2])
(6810, [2])
(6811, [2])
(6812, [2])
(6813, [2])
(6814, [2])
(6815, [2])
(6816, [2])
(6817, [2])
(6818, [2])
(6819, [2])
(6820, [2])
(6821, [2])
(6822, [2])
(6823, [2])
(6824, [2])
(6825, [2])
(6826, [2])
(6827, [2])
(6828, [2])
(6829, [2])
(6830, [2])
(6831, [2])
(6832, [2])
(6833, [2])
(6834, [2])
(6835, [2])
(6836, [2])
(6837, [2])
(6838, [2])
(6839, [2])
(6840, [2])
(6841, [2])
(6842, [2])
(6843, [2])
(6844, [2])
(6845, [2])
(6846, [2])
(6847, [2])
(6848, [13])
(6849, [13])
(6850, [13])
(6851, [5])
(6852, [5])
(6853, [5])
(6854, [5])
(6855, [5])
(6856, [14])
(6857, [14])
(6858, [14])
(6859, [14])
(6860, [14])
(6861, [14])
(6862, [14])
(6863, [14])
(6864, [14])
(6865, [14])
(6866, [14])
(6867, [14])
(6868, [14])
(6869, [14])
(6870, [14])
(6871, [14])
(6872, [22])
(6873, [22])
(6874, [22])
(6875, [22])
(6876, [22])
(6877, [25])
(6878, [25])
