(94740, [32, 35, 34, 33, 20, 18, 27, 9, 0, 11, 7, 29, 16, 42, 6, 28, 17, 1, 10, 19, 26, 8, 21, 44, 43, 38, 36, 31, 30, 37, 39, 41, 24, 23, 4, 15, 3, 12, 40, 2, 13, 5, 14, 22, 25])
(94741, [32, 35, 18, 27, 11, 1, 19, 8, 44, 43, 37, 23, 4, 2, 13, 5])
(94742, [32, 35, 34, 33, 20, 18, 27, 9, 0, 11, 7, 29, 16, 42, 6, 28, 17, 1, 10, 19, 26, 8, 21, 44, 43, 38, 36, 31, 30, 37, 39, 41, 24, 23, 4, 15, 3, 12, 40, 2, 13, 5, 14, 22, 25])
(94743, [32, 35, 34, 33, 20, 18, 27, 9, 11, 7, 16, 42, 28, 17, 1, 19, 26, 8, 21, 44, 43, 38, 36, 31, 37, 39, 41, 24, 23, 4, 15, 3, 12, 40, 2, 13, 5, 14, 22])
(94744, [32, 35, 34, 33, 20, 18, 27, 9, 0, 11, 7, 16, 42, 6, 28, 17, 1, 19, 26, 8, 21, 44, 43, 38, 36, 31, 30, 37, 39, 41, 24, 23, 4, 15, 3, 12, 40, 2, 13, 5, 14, 22, 25])
(94745, [32, 35, 34, 33, 20, 18, 27, 9, 0, 11, 7, 29, 16, 42, 6, 28, 17, 1, 10, 19, 26, 8, 21, 44, 43, 38, 36, 31, 30, 37, 39, 41, 24, 23, 4, 15, 3, 12, 40, 2, 13, 5, 14, 22, 25])
(94746, [32, 35, 34, 18, 29, 42, 17, 1, 19, 24, 3])
(94747, [32, 34, 33, 18, 9, 0, 11, 7, 42, 6, 28, 17, 1, 10, 19, 26, 44, 43, 31, 30, 41, 24, 23, 4, 15, 3, 12, 40, 2, 5, 14])
(94748, [32, 33, 11, 6, 19, 30, 24, 23, 4, 12, 2, 22])
(94749, [32, 34, 33, 18, 9, 0, 11, 7, 16, 42, 6, 17, 1, 19, 26, 8, 21, 44, 36, 31, 30, 41, 24, 23, 15, 3, 12, 40, 2, 13, 22])
(94750, [32, 35, 34, 33, 18, 27, 9, 11, 16, 6, 17, 1, 19, 26, 8, 21, 44, 43, 31, 30, 41, 24, 23, 4, 15, 3, 12, 2, 5, 14, 22])
(94751, [32, 35, 34, 33, 20, 18, 27, 9, 0, 11, 7, 16, 42, 6, 28, 17, 1, 10, 19, 26, 8, 21, 44, 43, 38, 36, 31, 30, 37, 39, 41, 24, 23, 4, 15, 3, 12, 40, 2, 13, 5, 14, 25])
(94752, [32, 35, 34, 33, 20, 18, 27, 9, 0, 11, 7, 29, 16, 42, 6, 28, 17, 1, 10, 19, 26, 8, 21, 44, 43, 38, 36, 31, 30, 37, 39, 41, 24, 23, 4, 15, 3, 12, 40, 2, 13, 5, 14, 22, 25])
(94753, [32, 9, 16, 6, 8, 43, 31, 30, 15, 3, 12, 5])
(94754, [32, 35, 34, 33, 20, 18, 9, 11, 29, 16, 6, 28, 17, 1, 19, 26, 44, 43, 31, 30, 41, 24, 4, 15, 3, 40, 2, 22])
(94755, [32, 35, 34, 33, 20, 18, 27, 9, 0, 11, 7, 16, 42, 6, 28, 17, 1, 10, 19, 26, 21, 44, 43, 31, 30, 39, 41, 23, 4, 15, 3, 12, 40, 2, 13, 14, 25])
(94756, [32])
(94757, [32, 33, 18, 11, 7, 16, 6, 1, 8, 21, 44, 31, 30, 39, 4, 3, 12, 2])
(94758, [32, 35, 34, 33, 20, 18, 27, 9, 0, 11, 7, 29, 16, 42, 6, 28, 17, 1, 10, 19, 26, 8, 21, 44, 43, 38, 36, 31, 30, 37, 39, 41, 24, 23, 4, 15, 3, 12, 40, 2, 13, 5, 14, 22, 25])
(94759, [32, 35, 34, 33, 20, 18, 27, 9, 0, 11, 7, 29, 16, 42, 6, 28, 17, 1, 10, 19, 26, 21, 44, 43, 38, 31, 30, 39, 41, 24, 23, 4, 15, 3, 12, 40, 2, 13, 14, 22, 25])
(94760, [32, 11, 30, 39, 24, 14])
(94761, [32, 11, 16, 10, 43, 3])
(94762, [32, 35, 34, 33, 18, 9, 0, 11, 7, 29, 42, 6, 17, 1, 19, 26, 8, 21, 44, 43, 38, 31, 30, 39, 24, 4, 15, 3, 12, 40, 2, 14, 22])
(94763, [32, 17, 43, 31, 30, 23, 2])
(94764, [32, 34, 33, 18, 11, 29, 16, 6, 17, 10, 19, 26, 44, 38, 36, 31, 30, 37, 39, 41, 24, 23, 4, 15, 12, 2, 14])
(94765, [32])
(94766, [32, 35, 20, 18, 9, 0, 16, 42, 6, 28, 1, 19, 26, 8, 21, 43, 31, 30, 37, 39, 41, 24, 23, 4, 15, 3, 12, 22])
(94767, [32, 34, 33, 9, 11, 16, 6, 17, 19, 26, 8, 43, 30, 39, 24, 15, 3, 2])
(94768, [32, 35, 34, 33, 20, 18, 27, 9, 0, 11, 7, 29, 16, 42, 6, 17, 1, 10, 19, 26, 8, 21, 44, 43, 38, 36, 31, 30, 37, 39, 41, 24, 23, 4, 15, 3, 12, 40, 2, 13, 5, 14, 22, 25])
(94769, [32, 35, 34, 33, 18, 27, 9, 11, 6, 17, 1, 19, 26, 8, 21, 43, 31, 30, 41, 23, 4, 15, 3, 12, 40, 2, 13, 5])
(94770, [32, 34, 18, 0, 7, 1, 19, 43, 31, 30, 41, 23, 15, 3])
(94771, [32, 33, 9, 0, 7, 16, 6, 17, 44, 43, 31, 39, 3, 2, 14, 25])
(94772, [32, 35, 20, 18, 9, 0, 11, 7, 29, 42, 6, 1, 10, 19, 26, 8, 21, 44, 43, 38, 31, 30, 39, 41, 24, 4, 15, 3, 12, 2, 14])
(94773, [32, 18, 9, 0, 11, 6, 19, 43, 31, 4, 15, 2, 14])
(94774, [32, 35, 33, 18, 27, 9, 0, 11, 7, 6, 17, 1, 10, 19, 26, 8, 44, 43, 31, 30, 41, 4, 15, 3, 12, 2, 14])
(94775, [32, 34, 33, 20, 9, 0, 11, 16, 6, 17, 1, 19, 26, 21, 44, 43, 36, 31, 30, 39, 41, 24, 15, 3, 12, 40, 2, 13, 14])
(94776, [32, 35, 34, 33, 20, 18, 27, 9, 11, 16, 6, 17, 1, 10, 19, 26, 8, 43, 38, 36, 31, 30, 41, 24, 23, 4, 15, 3, 12, 40, 2, 13, 5, 14, 22, 25])
(94777, [32, 35, 18, 27, 9, 0, 11, 42, 17, 1, 10, 21, 44, 43, 31, 41, 4, 15, 3, 12, 2, 5, 22, 25])
(94778, [32, 34, 18, 6, 1, 43, 31, 30, 41, 24, 23, 4, 15, 3])
(94779, [32, 35, 34, 33, 20, 9, 0, 11, 7, 6, 28, 17, 1, 19, 26, 44, 38, 36, 31, 30, 41, 24, 23, 4, 15, 3, 12, 40, 2, 13, 14, 25])
(94780, [32, 34, 33, 20, 0, 11, 42, 28, 17, 1, 19, 21, 30, 41, 3, 12, 40, 2, 13, 14])
(94781, [32, 35, 18, 1, 19, 8, 21, 44, 43, 37, 23, 4, 15, 3, 2, 22])
(94782, [32, 9, 0, 16, 6, 1, 10, 43, 23, 4, 12, 2])
(94783, [32, 35, 20, 18, 9, 0, 7, 16, 6, 1, 26, 44, 43, 30, 24, 15, 3, 12, 2, 5])
(94784, [32, 33, 18, 9, 0, 7, 29, 42, 6, 1, 19, 8, 21, 44, 43, 38, 31, 30, 37, 23, 4, 15, 3, 12, 2, 5, 22])
(94785, [32])
(94786, [32, 34, 33, 20, 18, 9, 11, 7, 16, 42, 6, 1, 10, 19, 26, 8, 21, 44, 43, 38, 36, 31, 30, 41, 24, 23, 4, 15, 3, 12, 40, 2, 13, 5, 14, 22])
(94787, [32])
(94788, [32, 34, 33, 20, 18, 9, 0, 11, 7, 29, 16, 42, 17, 1, 19, 26, 8, 21, 44, 38, 31, 30, 37, 39, 41, 24, 23, 4, 15, 3, 12, 40, 2, 13, 14, 22])
(94789, [32, 34, 33, 18, 9, 0, 11, 7, 42, 1, 8, 43, 24, 3, 12])
(94790, [32, 9, 11, 7, 17, 1, 21, 44, 30, 15, 2, 13, 22])
(94791, [32, 34, 20, 9, 0, 11, 16, 6, 28, 1, 19, 26, 44, 43, 36, 31, 30, 41, 24, 4, 15, 40, 2, 14])
(94792, [32, 41, 40])
(94793, [32, 4, 2])
(94794, [32, 34, 33, 6, 19, 26, 3, 2])
(94795, [32, 33, 27, 11, 19, 26, 43, 41, 3, 12, 40, 2, 13])
(94796, [32, 35, 20, 18, 9, 0, 11, 7, 16, 42, 6, 17, 1, 19, 26, 8, 21, 44, 43, 36, 31, 30, 41, 24, 23, 4, 3, 12, 2, 13, 14, 22])
(94797, [32, 34, 33, 18, 9, 0, 11, 7, 16, 6, 17, 1, 19, 26, 44, 43, 31, 30, 24, 23, 4, 15, 3, 12])
(94798, [32, 34, 33, 18, 9, 0, 11, 7, 29, 16, 42, 6, 17, 1, 19, 8, 44, 43, 31, 30, 41, 23, 4, 15, 3, 12, 40, 2, 13, 25])
(94799, [32, 9, 16, 43, 31, 4, 15, 12, 2])
(94800, [32, 34, 44, 43, 15, 2])
(94801, [32, 35, 34, 33, 18, 9, 11, 7, 29, 16, 6, 17, 1, 19, 26, 21, 44, 43, 38, 31, 30, 39, 41, 24, 23, 4, 15, 3, 12, 40, 2, 13, 14, 22])
(94802, [32, 35, 33, 20, 18, 27, 9, 0, 6, 1, 19, 8, 21, 44, 43, 36, 31, 30, 41, 24, 23, 4, 15, 3, 12, 40, 2, 13, 5, 14, 22])
(94803, [32, 33, 18, 9, 0, 7, 42, 17, 19, 26, 43, 36, 31, 41, 4, 3, 12, 14])
(94804, [32, 18])
(94805, [32, 34, 33, 18, 6, 8, 43, 31, 30, 23])
(94806, [32, 35, 34, 33, 20, 18, 27, 9, 0, 11, 16, 42, 6, 28, 17, 1, 10, 19, 26, 8, 21, 44, 43, 38, 31, 30, 41, 24, 23, 4, 15, 3, 12, 40, 2, 13, 5])
(94807, [32, 33, 18, 9, 0, 6, 28, 19, 23, 15, 12])
(94808, [32, 33, 20, 18, 9, 42, 6, 17, 1, 19, 8, 21, 44, 43, 30, 41, 23, 4, 3, 2, 22])
(94809, [32, 35, 34, 33, 20, 18, 27, 9, 0, 11, 7, 29, 16, 42, 6, 28, 1, 10, 19, 26, 8, 21, 44, 43, 38, 36, 31, 30, 37, 39, 41, 24, 23, 4, 15, 3, 12, 40, 2, 13, 5, 14, 22, 25])
(94810, [32, 34, 9, 11, 6, 17, 1, 19, 26, 8, 21, 44, 43, 30, 37, 24, 23, 15, 3, 2, 5, 14])
(94811, [32, 35, 33, 18, 27, 9, 11, 6, 26, 8, 44, 36, 31, 30, 41, 4, 15, 12, 2])
(94812, [32, 35, 34, 33, 18, 9, 0, 11, 16, 6, 28, 1, 19, 26, 21, 44, 43, 31, 30, 41, 24, 4, 15, 3, 12, 40, 2, 13, 22])
(94813, [32, 33, 31, 41, 3, 22])
(94814, [32, 35, 20, 18, 0, 16, 42, 6, 1, 19, 21, 31, 24, 4, 3, 12, 2])
(94815, [32, 16, 1, 19, 15])
(94816, [32])
(94817, [32, 2])
(94818, [32, 33, 9, 0, 7, 6, 1, 19, 44, 31, 15, 3, 12, 13, 22])
(94819, [32, 35, 34, 18, 27, 9, 0, 11, 7, 16, 42, 17, 1, 10, 19, 26, 21, 44, 38, 31, 30, 41, 24, 23, 4, 15, 3, 12, 40, 2, 13, 5, 14, 25])
(94820, [32, 34, 33, 11, 17, 19, 26, 44, 43, 36, 31, 30, 4, 15, 2])
(94821, [32, 34, 18])
(94822, [32, 0, 1, 44, 15, 12])
(94823, [32])
(94824, [32, 35, 18, 16, 6, 30, 23])
(94825, [32, 35, 34, 33, 20, 18, 9, 11, 7, 29, 16, 42, 28, 1, 10, 19, 26, 8, 21, 44, 38, 31, 30, 37, 39, 41, 24, 23, 4, 3, 12, 2, 5, 14, 22])
(94826, [32, 11, 1, 3])
(94827, [32, 8])
(94828, [32, 34])
(94829, [32, 34, 33, 9, 10, 30, 37, 41, 2])
(94830, [32, 34, 33, 9, 11, 6, 19, 31, 41, 12, 2, 14])
(94831, [32, 35, 34, 33, 20, 18, 9, 0, 11, 7, 16, 42, 6, 17, 1, 10, 19, 26, 8, 21, 44, 43, 36, 31, 30, 39, 41, 24, 23, 4, 15, 3, 12, 40, 2, 13, 14])
(94832, [32, 35, 34, 33, 18, 9, 0, 11, 7, 29, 16, 6, 17, 1, 19, 26, 44, 43, 38, 31, 30, 37, 41, 24, 23, 4, 15, 3, 12, 2, 13, 5, 22])
(94833, [32, 35, 18, 9, 0, 11, 29, 16, 6, 17, 1, 19, 21, 44, 43, 38, 36, 31, 30, 39, 41, 23, 4, 15, 3, 12, 40, 2, 22])
(94834, [32, 33, 20, 9, 0, 42, 17, 26, 43, 31, 30, 4, 15, 3, 12, 40, 2, 13, 14])
(94835, [32, 33, 31, 3])
(94836, [32, 18, 29, 1, 21, 44, 3, 22])
(94837, [32])
(94838, [32, 34, 33, 9, 7, 29, 6, 1, 19, 43, 38, 31, 30, 23, 3, 22])
(94839, [32, 18, 9, 16, 6, 1, 19, 31, 23, 3, 12, 2])
(94840, [32, 20, 11, 7, 17, 1, 19, 26, 21, 44, 43, 30, 24, 15, 3, 40, 2, 13])
(94841, [32, 18, 30, 2])
(94842, [32, 35, 33, 9, 16, 6, 1, 8, 21, 31, 30, 41, 24, 15, 3, 5])
(94843, [32, 20, 9, 0, 11, 42, 1, 10, 19, 21, 44, 43, 31, 22])
(94844, [32])
(94845, [32])
(94846, [32, 35, 34, 33, 20, 27, 9, 0, 11, 16, 6, 1, 26, 8, 44, 43, 31, 30, 39, 41, 24, 23, 4, 15, 3, 12, 40, 2, 14])
(94847, [32, 1])
(94848, [32, 1, 3])
(94849, [32, 34, 39, 24, 14])
(94850, [32, 9, 0, 1, 10, 44, 31, 41, 3, 12, 40, 2, 22])
(94851, [35])
(94852, [35])
(94853, [35, 18, 21, 2])
(94854, [35, 16, 17, 1, 21, 41, 3])
(94855, [35, 9, 0, 19, 21, 44, 38, 30, 41, 24, 23, 4, 15, 13, 22])
(94856, [35, 34, 9, 0, 1, 43, 15])
(94857, [35, 9, 0, 11, 16, 28, 17, 1, 26, 44, 43, 41, 24, 4, 15, 3, 2])
(94858, [35])
(94859, [35])
(94860, [35, 33, 18, 0, 6, 17, 19, 26, 36, 39, 41, 23, 4, 15, 12, 2])
(94861, [35, 18, 9, 1, 8, 41, 40])
(94862, [35, 20, 18, 11, 6, 19, 26, 41, 2, 13, 14])
(94863, [35, 34, 11, 6, 1, 21, 44, 31, 23, 3])
(94864, [35, 9, 0, 11, 7, 16, 10, 19, 21, 44, 43, 38, 37, 15, 3, 2])
(94865, [35, 34, 33, 18, 27, 9, 0, 11, 7, 16, 6, 17, 1, 26, 21, 31, 30, 41, 15, 3, 2, 13, 14, 22])
(94866, [35])
(94867, [35, 34, 11, 16, 6, 17, 21, 43, 2])
(94868, [35])
(94869, [35, 20, 9, 6, 28, 19, 8, 44, 43, 36, 24, 23, 3, 12, 2, 5])
(94870, [35])
(94871, [35])
(94872, [35, 34, 9, 17, 12])
(94873, [35, 26, 8])
(94874, [35, 1, 3, 2])
(94875, [35, 34, 20, 18, 9, 0, 11, 16, 42, 28, 17, 1, 19, 26, 44, 43, 31, 23, 4, 15, 3, 2, 5])
(94876, [35, 7, 10, 12])
(94877, [35, 9, 16, 17, 10, 19, 15, 40])
(94878, [35, 34, 20, 27, 9, 0, 11, 7, 16, 6, 28, 1, 19, 26, 21, 44, 43, 31, 30, 41, 24, 3, 12, 40, 2, 13, 14])
(94879, [35])
(94880, [35, 2])
(94881, [35])
(94882, [35, 27, 11, 7, 1, 8, 21, 44, 24, 23, 3, 22])
(94883, [35])
(94884, [35, 11, 44, 43])
(94885, [35, 27, 9, 0, 11, 6, 28, 17, 1, 26, 44, 43, 31, 24, 4, 15, 3, 2])
(94886, [35])
(94887, [35])
(94888, [35])
(94889, [35])
(94890, [35, 27, 41])
(94891, [35, 33, 20, 9, 11, 6, 17, 1, 19, 21, 43, 31, 30, 41, 24, 23, 4, 15, 3, 12, 40, 2, 13, 5, 14, 22])
(94892, [34, 20, 18, 9, 0, 11, 42, 19, 21, 44, 23, 3, 12, 2])
(94893, [34])
(94894, [34, 33, 18, 9, 11, 42, 6, 1, 19, 26, 44, 43, 31, 30, 3, 22, 25])
(94895, [34])
(94896, [34, 33, 18, 9, 11, 7, 16, 42, 6, 17, 1, 19, 26, 21, 44, 43, 38, 36, 31, 30, 37, 24, 23, 4, 3, 12, 2, 22])
(94897, [34, 27, 9, 11, 6, 28, 19, 26, 43, 36, 31, 30, 41, 3, 12, 2, 13, 5])
(94898, [34, 33, 20, 6, 1, 26, 44, 43, 38, 30, 39, 23, 4, 3, 12, 40])
(94899, [34, 18, 9, 0, 11, 7, 30, 41, 15, 12, 2])
(94900, [34, 33, 9, 0, 11, 7, 16, 1, 19, 26, 21, 44, 36, 30, 39, 41, 24, 4, 3, 12, 2, 13, 14, 22])
(94901, [34])
(94902, [34, 18, 9, 0, 6, 17, 1, 21, 44, 43, 31, 30, 41, 23, 15, 3, 12, 40, 2, 13, 22, 25])
(94903, [34, 0, 41, 15, 2])
(94904, [34, 33, 9, 0, 6, 1, 10, 21, 44, 38, 4, 3, 12, 2, 22])
(94905, [34, 14])
(94906, [34, 33])
(94907, [34, 9, 11, 16, 42, 28, 17, 37, 3, 12, 40, 2, 22])
(94908, [34])
(94909, [34, 12])
(94910, [34])
(94911, [34])
(94912, [34, 20, 0, 1, 39, 3, 12])
(94913, [34, 33, 18, 0, 6, 17, 1, 43, 36, 30, 41, 24, 4, 15, 12, 40, 2])
(94914, [34, 0])
(94915, [34, 1, 12])
(94916, [34, 33, 7, 17, 21, 31, 23, 2])
(94917, [34])
(94918, [34, 9, 0, 10, 12])
(94919, [34, 18, 1, 23])
(94920, [34])
(94921, [34, 20, 43, 30, 15])
(94922, [34, 9, 0, 7, 21, 31, 41, 2, 22])
(94923, [34, 9, 16])
(94924, [34, 6, 31, 30])
(94925, [34, 18, 9, 11, 16, 17, 10, 26, 36, 41, 23, 3, 40, 2])
(94926, [34, 31, 30, 41, 24, 15])
(94927, [34, 9, 16, 17, 26, 43, 30, 24, 4, 15, 2, 14])
(94928, [34, 15])
(94929, [34])
(94930, [34, 9, 0, 11, 6, 17, 1, 19, 26, 43, 31, 39, 24, 3, 12, 2, 22])
(94931, [34, 9, 3, 12, 2, 13, 14])
(94932, [34, 20, 18, 9, 0, 10, 12, 40])
(94933, [34, 18, 7, 19, 43, 37, 39, 3, 40])
(94934, [34, 9, 0, 10, 12])
(94935, [34, 20, 24, 4, 2, 14])
(94936, [34, 10, 12])
(94937, [34, 9, 17, 31, 12, 2])
(94938, [34, 26, 31, 3, 2])
(94939, [34])
(94940, [34, 33, 18, 9, 11, 7, 29, 6, 17, 1, 19, 26, 21, 44, 24, 23, 4, 15, 3, 12, 40, 22])
(94941, [34, 19, 26, 31, 4])
(94942, [34])
(94943, [34, 0, 10, 2])
(94944, [34])
(94945, [34])
(94946, [34, 16, 10, 30, 4, 2])
(94947, [34, 33, 20, 18, 9, 0, 11, 1, 19, 26, 21, 43, 31, 30, 23, 4, 3, 12, 22])
(94948, [34, 20, 18, 0, 11, 6, 28, 19, 26, 43, 31, 24, 2])
(94949, [34])
(94950, [34, 0])
(94951, [34, 18, 1, 15, 3, 22])
(94952, [33, 18, 23])
(94953, [33, 0, 11, 6, 26, 43, 30, 4, 3, 2])
(94954, [33, 15])
(94955, [33, 23, 12])
(94956, [33, 29, 44, 31, 3, 2])
(94957, [33])
(94958, [33])
(94959, [33])
(94960, [33])
(94961, [33, 20, 0, 11, 1, 19, 8, 31, 30, 41, 3, 12, 13, 22])
(94962, [33, 0, 30, 24])
(94963, [33, 0, 23])
(94964, [33])
(94965, [33, 9, 11, 44, 43, 41, 15, 3, 12, 2])
(94966, [33, 31])
(94967, [33])
(94968, [33, 3])
(94969, [33, 11, 16, 1, 19, 30, 3, 2, 14])
(94970, [33, 6, 21, 31, 2])
(94971, [33, 28, 1, 26, 43, 31, 4, 40, 2])
(94972, [33, 19, 26, 30])
(94973, [33, 0, 1, 31])
(94974, [33, 18, 11, 7, 1, 44, 31, 23, 3, 12, 2, 13])
(94975, [33, 1, 4, 15, 2])
(94976, [33, 1, 4, 3])
(94977, [33])
(94978, [33, 20, 6, 19, 26, 41, 12, 2, 13, 14])
(94979, [33])
(94980, [33])
(94981, [33])
(94982, [33, 1])
(94983, [33, 44, 2])
(94984, [33, 9, 0, 16, 1, 26, 21, 43, 41, 4, 3, 12, 2, 13])
(94985, [33, 31])
(94986, [33, 1, 21, 38, 31, 24, 23])
(94987, [33, 1, 19, 26, 43, 31, 30, 3, 12])
(94988, [33, 20, 18, 9, 0, 11, 16, 42, 6, 17, 1, 19, 26, 21, 44, 43, 31, 30, 39, 41, 24, 23, 4, 15, 3, 12, 2, 13, 22])
(94989, [33, 18, 6, 30, 3])
(94990, [33, 30, 12])
(94991, [20])
(94992, [20, 9, 0, 11, 42, 1, 19, 44, 3, 2])
(94993, [20])
(94994, [20])
(94995, [20, 18, 9, 0, 11, 7, 1, 19, 26, 44, 24, 15, 3, 12, 2, 5])
(94996, [20])
(94997, [20, 3])
(94998, [20, 7, 16, 19, 21, 24, 23, 4, 2, 22])
(94999, [20])
(95000, [20])
(95001, [20, 6, 1, 10, 3])
(95002, [20])
(95003, [20])
(95004, [20, 18])
(95005, [20])
(95006, [20, 18, 11, 6, 36, 2])
(95007, [20, 4])
(95008, [20])
(95009, [20, 9, 24])
(95010, [20, 18])
(95011, [20, 18, 9, 0, 11, 16, 42, 6, 1, 31, 30, 4, 3, 2])
(95012, [20, 0, 17])
(95013, [20])
(95014, [20, 7, 1, 3, 12])
(95015, [20, 7, 31, 3, 12])
(95016, [20, 2])
(95017, [20])
(95018, [20, 44, 39, 3, 12])
(95019, [20, 3, 2])
(95020, [20])
(95021, [20, 21])
(95022, [20, 0, 11, 1, 3, 2])
(95023, [20, 1, 19, 4, 3])
(95024, [18])
(95025, [18])
(95026, [18, 19, 8, 21, 15, 22])
(95027, [18])
(95028, [18, 0, 16, 42, 1, 21, 31, 23, 3, 12])
(95029, [18, 1, 30])
(95030, [18])
(95031, [18, 27, 0, 11, 7, 21, 3, 12])
(95032, [18, 30, 4, 15, 3])
(95033, [18])
(95034, [18])
(95035, [18, 9, 11, 29, 16, 1, 19, 8, 36, 30, 39, 23, 15, 3, 12, 22])
(95036, [18])
(95037, [18, 22])
(95038, [18])
(95039, [18])
(95040, [18])
(95041, [18])
(95042, [18, 31, 23])
(95043, [18, 21, 23, 3])
(95044, [18, 9, 6, 8, 43, 31, 30, 41, 23, 4, 15])
(95045, [18, 29, 23])
(95046, [18, 0, 26, 36, 24, 23, 4, 15, 2])
(95047, [18, 30])
(95048, [18, 43])
(95049, [18, 22])
(95050, [18, 1, 19, 21, 3])
(95051, [18, 17, 26])
(95052, [18])
(95053, [18])
(95054, [18])
(95055, [18, 1, 3])
(95056, [18])
(95057, [18, 23])
(95058, [18, 11, 7, 8, 23, 12, 5])
(95059, [18, 27, 0])
(95060, [18, 1, 44, 4])
(95061, [18, 9, 36, 2, 13])
(95062, [18, 27, 9, 11, 16, 6, 17, 1, 10, 19, 43, 31, 30, 37, 41, 23, 15, 3, 12, 2, 5])
(95063, [18, 0, 26, 43, 24, 23, 12])
(95064, [18, 1, 26, 21, 4, 3, 22])
(95065, [18, 41, 23, 15])
(95066, [18])
(95067, [18, 3])
(95068, [18, 6, 1, 30, 4, 3, 22])
(95069, [18])
(95070, [18, 28, 40, 2])
(95071, [18])
(95072, [18, 1])
(95073, [18])
(95074, [18])
(95075, [18])
(95076, [18])
(95077, [18])
(95078, [18])
(95079, [18])
(95080, [18])
(95081, [18, 6])
(95082, [18])
(95083, [18, 12])
(95084, [18, 1])
(95085, [18])
(95086, [18])
(95087, [18, 16, 1, 26, 40, 2])
(95088, [18])
(95089, [18])
(95090, [18])
(95091, [18])
(95092, [18])
(95093, [18])
(95094, [18])
(95095, [18])
(95096, [18, 9, 0, 11, 29, 16, 42, 17, 1, 19, 26, 8, 21, 44, 38, 31, 30, 15, 3, 12, 2, 22])
(95097, [18])
(95098, [18, 28, 23])
(95099, [18, 28, 1, 41, 3, 40])
(95100, [18])
(95101, [18, 9, 6, 2])
(95102, [18, 3, 14])
(95103, [18])
(95104, [18])
(95105, [18])
(95106, [18])
(95107, [18])
(95108, [18])
(95109, [18])
(95110, [18, 30, 2])
(95111, [18, 1, 21, 43, 23])
(95112, [18, 43])
(95113, [18, 9])
(95114, [18, 23, 4, 5])
(95115, [18, 27, 6, 19, 21, 4, 14])
(95116, [18, 9, 26, 43, 31, 39, 40, 2, 14])
(95117, [18])
(95118, [18])
(95119, [18])
(95120, [18, 42, 41, 12, 13])
(95121, [18])
(95122, [18])
(95123, [18])
(95124, [27, 41, 12, 2])
(95125, [27])
(95126, [27])
(95127, [27])
(95128, [9, 26, 43, 41])
(95129, [9])
(95130, [9])
(95131, [9])
(95132, [9, 43])
(95133, [9])
(95134, [9])
(95135, [9, 7, 19])
(95136, [9])
(95137, [9])
(95138, [9, 0, 1, 10, 26, 43, 3, 12, 2])
(95139, [9, 11, 1, 21, 44, 24, 3])
(95140, [9, 0, 23, 3, 12])
(95141, [9])
(95142, [9])
(95143, [9, 0, 3])
(95144, [9, 3, 12])
(95145, [9, 17, 26, 44, 24, 23, 15])
(95146, [9, 21])
(95147, [9, 42, 26, 3, 22])
(95148, [9])
(95149, [9, 0, 3, 12])
(95150, [9, 11])
(95151, [9, 4, 2])
(95152, [9])
(95153, [9])
(95154, [9, 12])
(95155, [9, 43, 24, 23, 3])
(95156, [9, 0, 26, 4, 13])
(95157, [9, 16, 19, 26, 44, 12, 40, 2, 25])
(95158, [9, 2])
(95159, [9, 7, 16, 6, 1, 31, 30, 23, 3])
(95160, [9, 31, 2])
(95161, [9])
(95162, [9])
(95163, [9])
(95164, [9, 0, 1, 19, 21, 36, 31, 39, 41, 23, 4, 3, 12, 2, 13, 5, 14])
(95165, [9])
(95166, [9, 11])
(95167, [9])
(95168, [9])
(95169, [9])
(95170, [9])
(95171, [9])
(95172, [9, 10, 41])
(95173, [9])
(95174, [9, 2])
(95175, [9])
(95176, [9, 11, 6, 3])
(95177, [9])
(95178, [9])
(95179, [9])
(95180, [9, 8, 44, 43, 23, 5, 22])
(95181, [9, 1, 19, 26, 43, 31, 41, 24, 4, 15, 3, 12, 2, 13, 14])
(95182, [9])
(95183, [9])
(95184, [9, 16, 1, 19, 8, 21, 31, 30, 24, 23, 15, 3, 12])
(95185, [9])
(95186, [9])
(95187, [9, 26, 30, 41, 4, 2])
(95188, [9, 0, 7, 26, 3, 2])
(95189, [9, 10])
(95190, [9, 29])
(95191, [9])
(95192, [9])
(95193, [9, 6, 43, 37, 15, 22])
(95194, [9, 11, 1, 41, 3, 12, 2])
(95195, [0, 12])
(95196, [0])
(95197, [0])
(95198, [0, 15])
(95199, [0, 12])
(95200, [0])
(95201, [0])
(95202, [0])
(95203, [0, 26])
(95204, [0, 12])
(95205, [0])
(95206, [0, 12])
(95207, [0])
(95208, [0])
(95209, [0])
(95210, [0])
(95211, [0])
(95212, [0, 1, 15, 3, 12])
(95213, [0])
(95214, [0])
(95215, [0, 1])
(95216, [0])
(95217, [0])
(95218, [0])
(95219, [0])
(95220, [0])
(95221, [0])
(95222, [0])
(95223, [0])
(95224, [0])
(95225, [0])
(95226, [0])
(95227, [0])
(95228, [0])
(95229, [0, 6])
(95230, [0])
(95231, [0])
(95232, [0])
(95233, [0])
(95234, [0])
(95235, [0])
(95236, [0])
(95237, [0])
(95238, [0])
(95239, [0])
(95240, [0])
(95241, [0])
(95242, [0])
(95243, [0, 12])
(95244, [0])
(95245, [0])
(95246, [0, 12])
(95247, [0])
(95248, [0])
(95249, [0])
(95250, [0])
(95251, [0])
(95252, [0])
(95253, [0])
(95254, [0])
(95255, [0])
(95256, [0])
(95257, [0])
(95258, [0])
(95259, [0])
(95260, [0])
(95261, [0])
(95262, [0])
(95263, [0])
(95264, [0])
(95265, [0])
(95266, [0])
(95267, [0])
(95268, [0])
(95269, [0])
(95270, [0])
(95271, [0])
(95272, [0])
(95273, [0])
(95274, [0])
(95275, [0, 23])
(95276, [0])
(95277, [0])
(95278, [0])
(95279, [0])
(95280, [0])
(95281, [0])
(95282, [0])
(95283, [0])
(95284, [0])
(95285, [0])
(95286, [0])
(95287, [0, 3])
(95288, [0])
(95289, [0])
(95290, [0, 6])
(95291, [0])
(95292, [0])
(95293, [0])
(95294, [0])
(95295, [0, 3, 12])
(95296, [0])
(95297, [0])
(95298, [0])
(95299, [0])
(95300, [0])
(95301, [0])
(95302, [0, 43, 3, 12])
(95303, [0])
(95304, [0])
(95305, [0])
(95306, [0])
(95307, [0, 12])
(95308, [0])
(95309, [0, 1, 19, 8, 43, 36, 41, 3])
(95310, [0])
(95311, [0])
(95312, [0])
(95313, [0])
(95314, [0])
(95315, [0])
(95316, [0])
(95317, [0])
(95318, [0])
(95319, [0, 7, 1, 19, 44, 31, 41, 3, 12, 2])
(95320, [0])
(95321, [0, 11, 21, 44, 4, 3])
(95322, [0])
(95323, [0])
(95324, [0])
(95325, [0])
(95326, [0])
(95327, [0])
(95328, [0])
(95329, [0])
(95330, [0])
(95331, [0, 2])
(95332, [0, 16, 1, 21, 15, 3])
(95333, [0, 12])
(95334, [0])
(95335, [0])
(95336, [0, 11, 1, 26, 21, 44])
(95337, [0, 26, 43, 15, 12, 2])
(95338, [0])
(95339, [0])
(95340, [0])
(95341, [0, 12])
(95342, [0])
(95343, [0])
(95344, [0])
(95345, [0])
(95346, [0])
(95347, [0])
(95348, [0])
(95349, [0])
(95350, [0])
(95351, [0])
(95352, [0, 12])
(95353, [0, 1, 19, 3, 12])
(95354, [0])
(95355, [0])
(95356, [0])
(95357, [0])
(95358, [0])
(95359, [0])
(95360, [0, 16, 43, 15, 12])
(95361, [0])
(95362, [0])
(95363, [0, 12])
(95364, [0])
(95365, [0])
(95366, [0])
(95367, [0, 21, 3])
(95368, [0])
(95369, [0])
(95370, [0])
(95371, [0])
(95372, [0])
(95373, [0])
(95374, [0])
(95375, [0])
(95376, [0])
(95377, [0])
(95378, [0])
(95379, [0])
(95380, [0])
(95381, [0])
(95382, [0])
(95383, [0])
(95384, [0])
(95385, [0])
(95386, [0])
(95387, [0])
(95388, [0, 36])
(95389, [0])
(95390, [0])
(95391, [0])
(95392, [0])
(95393, [0])
(95394, [0])
(95395, [0])
(95396, [0])
(95397, [0])
(95398, [0])
(95399, [0])
(95400, [0])
(95401, [0])
(95402, [0])
(95403, [0])
(95404, [0])
(95405, [0])
(95406, [0])
(95407, [0])
(95408, [0])
(95409, [0])
(95410, [0])
(95411, [0])
(95412, [0])
(95413, [0])
(95414, [0])
(95415, [0])
(95416, [0])
(95417, [0])
(95418, [0])
(95419, [0, 1, 21, 23, 3])
(95420, [0])
(95421, [0])
(95422, [0])
(95423, [0])
(95424, [11])
(95425, [11, 23])
(95426, [11, 28, 44, 40, 2, 14])
(95427, [11])
(95428, [11])
(95429, [11, 41, 15, 3, 12])
(95430, [11, 2, 14])
(95431, [11, 42, 19, 21, 23, 3, 12])
(95432, [11, 23, 4])
(95433, [11])
(95434, [11])
(95435, [11, 1, 44])
(95436, [11])
(95437, [11, 3])
(95438, [11, 1, 43, 31, 12])
(95439, [11, 7, 8])
(95440, [11])
(95441, [11, 6, 19])
(95442, [11, 17, 2])
(95443, [11])
(95444, [11, 1, 44, 3, 12, 2])
(95445, [11])
(95446, [11, 44, 30, 41, 15, 3, 13])
(95447, [11])
(95448, [11])
(95449, [11, 6, 19, 44, 43, 41, 4, 3, 2])
(95450, [11, 31])
(95451, [11, 17, 19, 36, 41, 4, 3, 2])
(95452, [11, 26, 41, 3, 2])
(95453, [11])
(95454, [7])
(95455, [7, 23])
(95456, [7, 19, 26, 30])
(95457, [7])
(95458, [7, 12])
(95459, [7])
(95460, [7])
(95461, [7])
(95462, [7])
(95463, [7])
(95464, [7, 1, 19, 26, 44, 31, 3])
(95465, [7])
(95466, [29, 17, 1, 3, 22])
(95467, [16, 23, 12])
(95468, [16])
(95469, [16])
(95470, [16])
(95471, [16])
(95472, [16, 3])
(95473, [16])
(95474, [16, 24])
(95475, [16, 1, 26, 21, 23, 3])
(95476, [16])
(95477, [16, 1, 3])
(95478, [16, 17, 31, 30, 2])
(95479, [16])
(95480, [16, 31])
(95481, [16])
(95482, [16])
(95483, [16, 1, 19, 21, 3, 2])
(95484, [42])
(95485, [42])
(95486, [42, 43])
(95487, [42, 17, 1, 26, 3, 12, 22])
(95488, [42])
(95489, [6])
(95490, [6, 2])
(95491, [6, 17, 1, 19, 31, 23, 4, 3, 2])
(95492, [6])
(95493, [6])
(95494, [6])
(95495, [6])
(95496, [6])
(95497, [6])
(95498, [6])
(95499, [6, 31])
(95500, [6, 41, 40, 22])
(95501, [6, 43, 24, 2])
(95502, [6, 15])
(95503, [6])
(95504, [6])
(95505, [6, 44, 12])
(95506, [6])
(95507, [6])
(95508, [6, 1, 19, 3])
(95509, [28])
(95510, [28, 43])
(95511, [28, 3])
(95512, [28])
(95513, [17, 3])
(95514, [17, 41, 2])
(95515, [17])
(95516, [17, 43, 15])
(95517, [17, 2])
(95518, [17, 1, 19, 21, 41])
(95519, [17, 1, 3])
(95520, [17, 2])
(95521, [17])
(95522, [17, 31, 41, 4])
(95523, [17])
(95524, [17])
(95525, [17])
(95526, [17])
(95527, [17, 2])
(95528, [17])
(95529, [17])
(95530, [17, 19, 2])
(95531, [17])
(95532, [1])
(95533, [1])
(95534, [1, 19, 21, 30, 3, 12, 22])
(95535, [1, 21, 3, 12])
(95536, [1])
(95537, [1])
(95538, [1, 4, 3])
(95539, [1])
(95540, [1])
(95541, [1, 8, 41, 24, 5])
(95542, [1])
(95543, [1, 3])
(95544, [1, 19, 3])
(95545, [1])
(95546, [1])
(95547, [1])
(95548, [1])
(95549, [1])
(95550, [1])
(95551, [1])
(95552, [1])
(95553, [1])
(95554, [1])
(95555, [1])
(95556, [1])
(95557, [1])
(95558, [1, 3])
(95559, [1])
(95560, [1])
(95561, [1])
(95562, [1, 3])
(95563, [1, 12])
(95564, [1])
(95565, [1])
(95566, [1, 21])
(95567, [1, 3])
(95568, [1, 2])
(95569, [1, 21])
(95570, [1])
(95571, [1, 23])
(95572, [1, 23, 15])
(95573, [10, 37, 5])
(95574, [10])
(95575, [10])
(95576, [10])
(95577, [10, 43, 24])
(95578, [10, 12])
(95579, [10])
(95580, [10])
(95581, [10, 2])
(95582, [10])
(95583, [10])
(95584, [10, 2])
(95585, [10])
(95586, [10])
(95587, [10])
(95588, [19])
(95589, [19, 44])
(95590, [19])
(95591, [19, 21])
(95592, [19])
(95593, [19, 26, 3, 12, 2])
(95594, [19])
(95595, [19])
(95596, [19, 21])
(95597, [19])
(95598, [19, 21, 3, 22])
(95599, [19])
(95600, [19])
(95601, [19, 3])
(95602, [19])
(95603, [19])
(95604, [19, 31, 3])
(95605, [19])
(95606, [19])
(95607, [19])
(95608, [19])
(95609, [19])
(95610, [19])
(95611, [19])
(95612, [19])
(95613, [19])
(95614, [26])
(95615, [26])
(95616, [26, 43])
(95617, [26])
(95618, [26])
(95619, [26])
(95620, [26, 2])
(95621, [26])
(95622, [26, 12])
(95623, [26])
(95624, [26, 2])
(95625, [26])
(95626, [26])
(95627, [26])
(95628, [26])
(95629, [26])
(95630, [26, 31])
(95631, [26, 21, 37])
(95632, [26])
(95633, [26])
(95634, [8])
(95635, [8])
(95636, [8])
(95637, [8])
(95638, [8, 23, 5])
(95639, [8])
(95640, [8])
(95641, [8])
(95642, [8])
(95643, [8])
(95644, [8])
(95645, [8])
(95646, [8])
(95647, [8])
(95648, [8, 5])
(95649, [8])
(95650, [8])
(95651, [21, 43, 38, 3])
(95652, [21])
(95653, [21])
(95654, [21])
(95655, [21])
(95656, [21])
(95657, [21])
(95658, [21])
(95659, [21])
(95660, [21, 41, 22])
(95661, [21])
(95662, [21])
(95663, [21])
(95664, [21])
(95665, [21])
(95666, [21, 12])
(95667, [21])
(95668, [21])
(95669, [21])
(95670, [21])
(95671, [21])
(95672, [21])
(95673, [21])
(95674, [21])
(95675, [21, 3])
(95676, [21, 39, 2])
(95677, [21])
(95678, [21])
(95679, [21])
(95680, [21])
(95681, [21])
(95682, [21])
(95683, [21, 44, 3, 22])
(95684, [21])
(95685, [21])
(95686, [21])
(95687, [21])
(95688, [21])
(95689, [21])
(95690, [21])
(95691, [21])
(95692, [44, 24, 22])
(95693, [44])
(95694, [44])
(95695, [44, 39, 15, 3])
(95696, [44])
(95697, [44])
(95698, [44, 41])
(95699, [44])
(95700, [44])
(95701, [44])
(95702, [44, 2])
(95703, [44, 41])
(95704, [44])
(95705, [44])
(95706, [44])
(95707, [43, 23, 22])
(95708, [43])
(95709, [43])
(95710, [43])
(95711, [43])
(95712, [43])
(95713, [43])
(95714, [43, 31])
(95715, [43])
(95716, [43])
(95717, [43])
(95718, [43])
(95719, [43, 15])
(95720, [43])
(95721, [43, 2])
(95722, [43])
(95723, [43])
(95724, [43])
(95725, [43])
(95726, [43])
(95727, [43])
(95728, [43])
(95729, [43])
(95730, [43, 4])
(95731, [43])
(95732, [43])
(95733, [43])
(95734, [38, 41])
(95735, [36])
(95736, [36])
(95737, [36, 2, 14])
(95738, [36])
(95739, [36])
(95740, [36])
(95741, [36, 14])
(95742, [36])
(95743, [36])
(95744, [36])
(95745, [36, 2])
(95746, [36])
(95747, [36])
(95748, [36])
(95749, [36])
(95750, [36])
(95751, [36])
(95752, [36])
(95753, [36])
(95754, [36])
(95755, [36])
(95756, [36, 3, 40])
(95757, [36])
(95758, [36])
(95759, [36])
(95760, [36])
(95761, [36])
(95762, [36])
(95763, [36])
(95764, [36])
(95765, [31, 3])
(95766, [31])
(95767, [31, 3])
(95768, [31])
(95769, [31])
(95770, [31])
(95771, [31])
(95772, [31])
(95773, [31])
(95774, [31])
(95775, [31])
(95776, [31])
(95777, [31, 22])
(95778, [31])
(95779, [31])
(95780, [31])
(95781, [31])
(95782, [30])
(95783, [30])
(95784, [30])
(95785, [30])
(95786, [30])
(95787, [30])
(95788, [30, 12, 40])
(95789, [30])
(95790, [30])
(95791, [30])
(95792, [30])
(95793, [37, 2])
(95794, [37])
(95795, [37, 23])
(95796, [37, 5])
(95797, [39])
(95798, [39])
(95799, [39, 3])
(95800, [39, 3])
(95801, [39])
(95802, [39])
(95803, [41])
(95804, [41])
(95805, [41, 4])
(95806, [41])
(95807, [41])
(95808, [41, 4])
(95809, [41])
(95810, [41])
(95811, [41])
(95812, [41])
(95813, [41])
(95814, [41, 23])
(95815, [41])
(95816, [41])
(95817, [41])
(95818, [41])
(95819, [41])
(95820, [41])
(95821, [24])
(95822, [24])
(95823, [24, 12])
(95824, [24])
(95825, [24])
(95826, [24])
(95827, [24])
(95828, [24])
(95829, [24, 2])
(95830, [23])
(95831, [23])
(95832, [23])
(95833, [23])
(95834, [23])
(95835, [23])
(95836, [23, 5])
(95837, [23])
(95838, [23])
(95839, [23])
(95840, [23])
(95841, [23])
(95842, [23])
(95843, [23])
(95844, [23])
(95845, [23])
(95846, [23])
(95847, [23])
(95848, [23])
(95849, [23])
(95850, [23])
(95851, [23])
(95852, [23])
(95853, [23])
(95854, [23])
(95855, [23])
(95856, [23])
(95857, [23])
(95858, [23, 3])
(95859, [23])
(95860, [23])
(95861, [23])
(95862, [23])
(95863, [23])
(95864, [23])
(95865, [23])
(95866, [23])
(95867, [23])
(95868, [23])
(95869, [23])
(95870, [23])
(95871, [23])
(95872, [23])
(95873, [23])
(95874, [23])
(95875, [23])
(95876, [23])
(95877, [23])
(95878, [23])
(95879, [23])
(95880, [23])
(95881, [23])
(95882, [23])
(95883, [23])
(95884, [23])
(95885, [23])
(95886, [23])
(95887, [4])
(95888, [4])
(95889, [4])
(95890, [4])
(95891, [4])
(95892, [4])
(95893, [4])
(95894, [4])
(95895, [4])
(95896, [4])
(95897, [4])
(95898, [4, 12])
(95899, [4, 3])
(95900, [4])
(95901, [4])
(95902, [4])
(95903, [4, 2])
(95904, [4])
(95905, [4])
(95906, [4])
(95907, [4])
(95908, [4])
(95909, [4])
(95910, [4])
(95911, [15])
(95912, [15])
(95913, [15, 3])
(95914, [15])
(95915, [15])
(95916, [15])
(95917, [15])
(95918, [15])
(95919, [3, 12])
(95920, [3])
(95921, [3, 2])
(95922, [3])
(95923, [3])
(95924, [3])
(95925, [3])
(95926, [3])
(95927, [3])
(95928, [3])
(95929, [3, 12])
(95930, [3])
(95931, [3])
(95932, [3])
(95933, [3])
(95934, [3])
(95935, [3])
(95936, [3])
(95937, [3])
(95938, [3])
(95939, [3])
(95940, [3])
(95941, [3])
(95942, [3])
(95943, [3])
(95944, [3])
(95945, [3])
(95946, [12])
(95947, [12])
(95948, [12])
(95949, [12])
(95950, [12])
(95951, [12])
(95952, [12, 2])
(95953, [12])
(95954, [12])
(95955, [12])
(95956, [12])
(95957, [12])
(95958, [12])
(95959, [12])
(95960, [12])
(95961, [12])
(95962, [12])
(95963, [12, 2])
(95964, [12])
(95965, [12])
(95966, [12])
(95967, [12])
(95968, [12])
(95969, [12])
(95970, [12])
(95971, [12])
(95972, [12])
(95973, [12])
(95974, [12])
(95975, [12])
(95976, [12])
(95977, [12])
(95978, [12])
(95979, [12])
(95980, [12])
(95981, [12])
(95982, [12])
(95983, [12])
(95984, [12])
(95985, [12])
(95986, [12])
(95987, [12])
(95988, [12])
(95989, [12])
(95990, [12])
(95991, [12])
(95992, [12])
(95993, [12])
(95994, [12])
(95995, [12])
(95996, [12])
(95997, [12])
(95998, [12])
(95999, [12])
(96000, [12])
(96001, [12])
(96002, [12])
(96003, [12])
(96004, [12])
(96005, [12])
(96006, [40])
(96007, [40])
(96008, [40])
(96009, [40])
(96010, [40])
(96011, [40])
(96012, [40, 2])
(96013, [40])
(96014, [40])
(96015, [2])
(96016, [2])
(96017, [2])
(96018, [2])
(96019, [2])
(96020, [2])
(96021, [2, 14])
(96022, [2])
(96023, [2])
(96024, [2])
(96025, [2])
(96026, [2])
(96027, [2])
(96028, [2])
(96029, [2])
(96030, [2])
(96031, [2, 14])
(96032, [2])
(96033, [2])
(96034, [2])
(96035, [2])
(96036, [2])
(96037, [2])
(96038, [2])
(96039, [2])
(96040, [2])
(96041, [2])
(96042, [2])
(96043, [2])
(96044, [2])
(96045, [2])
(96046, [2])
(96047, [2])
(96048, [2])
(96049, [2])
(96050, [2])
(96051, [2])
(96052, [2])
(96053, [2])
(96054, [2])
(96055, [2])
(96056, [2])
(96057, [2])
(96058, [2])
(96059, [2])
(96060, [2])
(96061, [2])
(96062, [2])
(96063, [2])
(96064, [2])
(96065, [2])
(96066, [2])
(96067, [2])
(96068, [2])
(96069, [2])
(96070, [2])
(96071, [2])
(96072, [2])
(96073, [2])
(96074, [2])
(96075, [2])
(96076, [2])
(96077, [2])
(96078, [2])
(96079, [2])
(96080, [2])
(96081, [2])
(96082, [2])
(96083, [2])
(96084, [2, 14])
(96085, [2])
(96086, [2])
(96087, [2])
(96088, [2])
(96089, [2])
(96090, [2])
(96091, [2, 14])
(96092, [2])
(96093, [2])
(96094, [2])
(96095, [2])
(96096, [13])
(96097, [5])
(96098, [5])
(96099, [5])
(96100, [5])
(96101, [14])
(96102, [14])
(96103, [14])
(96104, [14])
(96105, [14])
(96106, [14])
(96107, [14])
(96108, [14])
(96109, [14])
(96110, [14])
(96111, [14])
(96112, [14])
(96113, [22])
(96114, [22])
(96115, [22])
(96116, [22])
(96117, [22])
(96118, [22])
(96119, [22])
(96120, [22])
(96121, [22])
(96122, [22])
(96123, [22])
