(105594, [0, 1, 2, 3, 4, 5, 6, 7, 8, 9, 10, 11, 12, 13, 14, 15, 16, 17, 18, 19, 20, 21, 22, 23, 24, 25, 26, 27, 28, 29, 30, 31, 32, 33, 34, 35, 36, 37, 38, 39, 40, 41, 42, 43, 44])
(105595, [0, 1, 2, 3, 4, 5, 6, 7, 8, 9, 10, 11, 12, 13, 14, 15, 16, 17, 18, 19, 20, 21, 22, 23, 24, 25, 26, 27, 28, 29, 30, 31, 32, 33, 34, 35, 36, 37, 38, 39, 40, 41, 42, 43, 44])
(105596, [0, 1, 2, 3, 4, 5, 6, 7, 8, 9, 10, 11, 12, 13, 14, 15, 16, 17, 18, 19, 20, 21, 22, 23, 24, 25, 26, 27, 28, 29, 30, 31, 32, 33, 34, 35, 36, 37, 38, 39, 40, 41, 42, 43, 44])
(105597, [0, 1, 2, 3, 4, 5, 6, 7, 8, 9, 10, 11, 12, 13, 14, 15, 16, 17, 18, 19, 20, 21, 22, 23, 24, 25, 26, 27, 28, 29, 30, 31, 32, 33, 34, 35, 36, 37, 38, 39, 40, 41, 42, 43, 44])
(105598, [0, 1, 2, 3, 4, 5, 6, 7, 8, 9, 10, 11, 12, 13, 14, 15, 16, 17, 18, 19, 20, 21, 22, 23, 24, 25, 26, 27, 28, 29, 30, 31, 32, 33, 34, 35, 36, 37, 38, 39, 40, 41, 42, 43, 44])
(105599, [1, 4, 14, 17, 18, 19, 22, 32, 38])
(105600, [1, 3, 14, 17, 19, 21, 22, 32, 43])
(105601, [0, 1, 2, 3, 4, 5, 6, 7, 8, 9, 10, 11, 12, 13, 14, 15, 16, 17, 18, 19, 20, 21, 22, 23, 24, 25, 26, 27, 28, 29, 30, 31, 32, 33, 34, 35, 36, 37, 38, 39, 40, 41, 42, 43, 44])
(105602, [0, 1, 2, 3, 4, 5, 6, 7, 8, 9, 10, 11, 12, 13, 14, 15, 16, 17, 18, 19, 20, 21, 22, 23, 24, 25, 26, 27, 28, 29, 30, 31, 32, 33, 34, 35, 36, 37, 38, 39, 40, 41, 42, 43, 44])
(105603, [0, 1, 2, 3, 4, 5, 6, 7, 8, 9, 10, 11, 12, 13, 14, 15, 16, 17, 18, 19, 20, 21, 22, 23, 24, 25, 26, 27, 28, 29, 30, 31, 32, 33, 34, 35, 36, 37, 38, 39, 40, 41, 42, 43, 44])
(105604, [0, 1, 2, 3, 4, 6, 7, 8, 9, 10, 11, 12, 13, 15, 16, 17, 18, 19, 20, 21, 23, 24, 25, 26, 27, 28, 30, 31, 32, 33, 34, 35, 36, 39, 40, 41, 42, 43, 44])
(105605, [1, 2, 3, 4, 6, 9, 10, 12, 13, 16, 18, 19, 21, 23, 24, 30, 31, 32, 33, 34, 35, 39, 40, 41, 43, 44])
(105606, [1, 2, 3, 4, 5, 6, 8, 9, 11, 12, 15, 16, 18, 19, 23, 26, 29, 30, 32, 33, 34, 39, 40, 41, 44])
(105607, [1, 3, 4, 8, 9, 11, 12, 15, 16, 17, 18, 21, 23, 30, 31, 32, 33, 35, 36, 39, 41, 43, 44])
(105608, [0, 1, 2, 3, 4, 6, 7, 9, 10, 11, 12, 13, 14, 15, 16, 17, 18, 19, 20, 21, 22, 23, 25, 26, 30, 31, 32, 33, 34, 36, 38, 40, 41, 42, 43, 44])
(105609, [0, 1, 2, 3, 7, 9, 11, 12, 19, 20, 21, 23, 32])
(105610, [1, 6, 12, 15, 19, 32])
(105611, [0, 1, 2, 3, 4, 5, 6, 7, 9, 10, 11, 12, 13, 14, 15, 16, 17, 18, 19, 20, 21, 22, 23, 24, 26, 27, 28, 30, 31, 32, 33, 34, 35, 37, 38, 39, 40, 41, 42, 43, 44])
(105612, [0, 1, 3, 4, 6, 9, 15, 16, 18, 23, 26, 30, 31, 32, 33, 34, 43])
(105613, [0, 1, 2, 3, 4, 5, 6, 7, 8, 9, 11, 12, 13, 15, 16, 17, 18, 19, 20, 21, 22, 23, 24, 26, 28, 29, 30, 31, 32, 33, 34, 35, 37, 38, 39, 40, 41, 42, 43, 44])
(105614, [1, 2, 3, 4, 5, 6, 7, 11, 12, 13, 14, 15, 17, 18, 19, 21, 22, 23, 24, 26, 30, 31, 32, 33, 34, 35, 36, 38, 40, 41, 43, 44])
(105615, [22, 32])
(105616, [1, 2, 3, 4, 6, 7, 9, 11, 13, 14, 15, 17, 18, 19, 23, 24, 26, 32, 33, 34, 43, 44])
(105617, [4, 14, 15, 31, 32, 33, 39])
(105618, [0, 1, 3, 6, 9, 10, 12, 14, 15, 18, 19, 21, 23, 26, 29, 31, 32, 33, 43, 44])
(105619, [0, 1, 2, 3, 6, 7, 11, 12, 14, 16, 17, 18, 20, 22, 23, 29, 30, 31, 32, 33, 34, 35, 39, 41, 44])
(105620, [0, 1, 2, 3, 6, 9, 11, 15, 17, 18, 19, 21, 22, 26, 31, 32, 33, 34, 36, 41, 43, 44])
(105621, [0, 1, 2, 3, 4, 5, 6, 7, 8, 9, 11, 12, 13, 14, 15, 16, 17, 18, 19, 21, 22, 23, 24, 26, 27, 30, 31, 32, 33, 34, 35, 37, 39, 40, 41, 42, 43, 44])
(105622, [0, 1, 2, 3, 4, 6, 8, 9, 11, 12, 15, 16, 17, 18, 19, 20, 21, 22, 23, 24, 26, 30, 31, 32, 33, 34, 35, 37, 39, 40, 41, 42, 43, 44])
(105623, [1, 2, 3, 9, 15, 17, 18, 19, 22, 25, 30, 31, 32, 36, 37, 43, 44])
(105624, [2, 18, 21, 22, 23, 32, 34])
(105625, [1, 9, 13, 15, 22, 32, 33, 43])
(105626, [0, 1, 2, 3, 4, 6, 7, 9, 10, 11, 12, 13, 15, 16, 17, 18, 19, 20, 21, 22, 23, 25, 27, 30, 31, 32, 33, 34, 40, 42, 43, 44])
(105627, [0, 1, 2, 3, 4, 8, 9, 11, 12, 15, 16, 17, 18, 21, 22, 30, 31, 32, 36, 40, 42, 43, 44])
(105628, [0, 1, 2, 3, 4, 6, 7, 9, 11, 12, 15, 18, 19, 20, 22, 23, 26, 32, 33, 41, 42, 43, 44])
(105629, [1, 2, 4, 9, 12, 14, 15, 23, 24, 30, 31, 32, 33, 35, 41, 43])
(105630, [0, 1, 2, 3, 4, 5, 6, 7, 8, 9, 10, 11, 12, 13, 14, 15, 16, 17, 18, 19, 20, 21, 22, 23, 24, 25, 26, 27, 30, 31, 32, 33, 34, 35, 36, 37, 38, 39, 40, 41, 42, 43, 44])
(105631, [0, 1, 2, 3, 4, 6, 8, 9, 11, 12, 13, 15, 16, 19, 20, 21, 23, 24, 26, 27, 28, 30, 31, 32, 33, 34, 37, 41, 42, 43])
(105632, [1, 4, 9, 14, 15, 17, 30, 31, 32, 34, 40, 41, 43])
(105633, [0, 1, 2, 3, 4, 6, 8, 9, 12, 13, 15, 16, 17, 18, 19, 20, 23, 24, 26, 27, 30, 31, 32, 33, 34, 41, 42, 43, 44])
(105634, [1, 2, 3, 4, 6, 9, 10, 11, 12, 15, 16, 17, 18, 19, 20, 21, 32, 39, 40, 41, 43, 44])
(105635, [0, 1, 2, 3, 7, 9, 19, 20, 21, 32, 35])
(105636, [0, 1, 2, 3, 4, 6, 9, 10, 11, 12, 13, 15, 16, 18, 19, 20, 21, 22, 23, 24, 25, 26, 30, 31, 32, 33, 34, 41, 42, 43])
(105637, [0, 1, 3, 6, 8, 9, 11, 12, 13, 15, 16, 17, 18, 23, 24, 25, 26, 28, 30, 31, 32, 34, 38, 40, 41, 42, 43, 44])
(105638, [0, 1, 2, 3, 4, 6, 7, 8, 9, 11, 12, 14, 15, 16, 17, 18, 19, 20, 21, 23, 24, 26, 30, 31, 32, 33, 34, 35, 36, 39, 40, 41, 43, 44])
(105639, [0, 1, 2, 3, 4, 5, 6, 7, 8, 9, 10, 11, 12, 13, 14, 15, 16, 17, 18, 19, 20, 21, 22, 23, 24, 25, 26, 27, 28, 29, 30, 31, 32, 33, 34, 35, 36, 37, 38, 39, 40, 41, 42, 43, 44])
(105640, [1, 2, 3, 4, 8, 9, 10, 11, 12, 15, 16, 17, 18, 19, 20, 21, 22, 23, 24, 26, 28, 29, 31, 32, 33, 34, 39, 40, 41, 43, 44])
(105641, [2, 3, 4, 9, 12, 13, 15, 16, 17, 19, 23, 24, 26, 30, 31, 32, 33, 34, 35, 39, 41, 43, 44])
(105642, [0, 1, 2, 3, 5, 6, 7, 8, 9, 11, 12, 13, 15, 17, 18, 19, 21, 22, 23, 24, 26, 27, 29, 30, 31, 32, 33, 35, 36, 37, 41, 42, 43, 44])
(105643, [0, 1, 2, 6, 9, 10, 11, 12, 13, 15, 17, 18, 19, 24, 26, 27, 28, 30, 31, 32, 33, 34, 36, 40, 44])
(105644, [4, 6, 12, 23, 32, 33, 43])
(105645, [1, 2, 3, 4, 6, 9, 11, 14, 17, 18, 24, 26, 28, 30, 31, 32, 33, 34, 41, 43])
(105646, [0, 1, 2, 3, 4, 7, 12, 16, 18, 19, 20, 21, 22, 26, 32, 39, 42])
(105647, [32])
(105648, [4, 6, 13, 24, 30, 32])
(105649, [1, 2, 3, 4, 5, 6, 7, 8, 9, 11, 12, 13, 14, 15, 17, 18, 19, 20, 23, 24, 26, 27, 30, 31, 32, 33, 34, 35, 40, 41, 43, 44])
(105650, [0, 1, 2, 3, 4, 5, 8, 9, 11, 12, 15, 18, 21, 22, 23, 30, 31, 32, 33, 34, 35, 37, 42, 44])
(105651, [0, 1, 2, 3, 4, 5, 6, 9, 11, 12, 13, 15, 16, 17, 21, 22, 23, 24, 26, 30, 31, 32, 42, 43, 44])
(105652, [0, 1, 2, 3, 4, 8, 9, 11, 12, 13, 14, 15, 16, 17, 19, 20, 21, 22, 24, 26, 30, 31, 32, 33, 34, 37, 44])
(105653, [32])
(105654, [1, 2, 4, 13, 14, 15, 17, 24, 26, 31, 32, 33, 34, 40, 41, 43])
(105655, [32])
(105656, [0, 1, 2, 3, 4, 6, 9, 10, 11, 12, 13, 14, 15, 16, 17, 19, 20, 24, 25, 26, 28, 29, 30, 31, 32, 33, 34, 36, 38, 40, 41, 43, 44])
(105657, [2, 15, 16, 24, 30, 31, 32, 41])
(105658, [0, 1, 2, 3, 11, 19, 32, 34, 44])
(105659, [1, 2, 3, 4, 7, 9, 10, 11, 12, 15, 16, 18, 19, 21, 22, 23, 26, 30, 31, 32, 33, 34, 39, 41, 42, 43])
(105660, [0, 1, 2, 3, 4, 6, 7, 8, 10, 11, 12, 13, 14, 15, 16, 17, 18, 19, 20, 21, 22, 23, 24, 27, 29, 30, 31, 32, 33, 34, 38, 39, 40, 41, 42, 43, 44])
(105661, [0, 2, 12, 14, 18, 23, 30, 31, 32, 44])
(105662, [2, 4, 6, 8, 9, 14, 15, 18, 23, 24, 26, 27, 30, 31, 32, 35, 36, 43])
(105663, [0, 1, 2, 3, 4, 5, 9, 11, 12, 13, 14, 16, 17, 18, 19, 21, 22, 23, 24, 26, 30, 31, 32, 33, 34, 38, 39, 41, 43, 44])
(105664, [2, 6, 9, 26, 30, 31, 32, 33, 34, 35, 43, 44])
(105665, [0, 1, 2, 3, 4, 5, 6, 7, 8, 9, 11, 12, 13, 14, 15, 16, 17, 18, 19, 20, 21, 22, 23, 24, 31, 32, 34, 35, 37, 39, 41, 42, 43, 44])
(105666, [0, 1, 2, 3, 4, 6, 7, 9, 11, 12, 15, 16, 17, 18, 19, 20, 21, 22, 23, 24, 26, 28, 30, 31, 32, 33, 38, 41, 42, 43, 44])
(105667, [32, 41])
(105668, [0, 2, 3, 4, 6, 7, 8, 12, 13, 16, 26, 27, 32, 33, 36, 41, 43, 44])
(105669, [0, 1, 2, 3, 7, 9, 12, 13, 14, 15, 16, 17, 18, 19, 23, 26, 28, 31, 32, 33, 34, 35, 36, 41, 43])
(105670, [0, 2, 9, 11, 14, 15, 16, 17, 20, 23, 24, 26, 27, 28, 30, 32, 34, 35, 43, 44])
(105671, [2, 4, 6, 9, 13, 14, 15, 17, 19, 20, 21, 23, 27, 30, 32, 33, 40, 41])
(105672, [0, 2, 3, 9, 11, 12, 13, 14, 17, 19, 24, 26, 30, 32, 33, 41, 43])
(105673, [0, 1, 2, 3, 6, 7, 9, 14, 15, 17, 18, 19, 30, 31, 32, 33, 34, 42, 44])
(105674, [1, 2, 3, 4, 5, 6, 9, 12, 15, 16, 19, 23, 24, 30, 31, 32, 34, 35, 43])
(105675, [32, 34])
(105676, [1, 2, 3, 4, 6, 7, 8, 9, 11, 13, 15, 16, 17, 18, 19, 20, 21, 22, 23, 24, 25, 26, 29, 30, 31, 32, 33, 34, 36, 39, 40, 41, 43, 44])
(105677, [1, 2, 3, 7, 8, 9, 11, 12, 17, 18, 19, 26, 30, 31, 32, 35, 41])
(105678, [0, 1, 2, 3, 6, 9, 12, 13, 15, 18, 23, 28, 31, 32, 33, 34, 39, 40, 41, 43])
(105679, [0, 2, 3, 7, 14, 17, 19, 26, 31, 32, 43, 44])
(105680, [2, 11, 19, 26, 27, 32, 33, 36, 40, 43, 44])
(105681, [0, 1, 2, 3, 4, 5, 7, 8, 9, 10, 11, 12, 13, 14, 16, 17, 18, 19, 20, 21, 23, 24, 26, 27, 28, 29, 30, 31, 32, 33, 34, 36, 38, 39, 40, 41, 42, 43, 44])
(105682, [3, 32, 34])
(105683, [1, 2, 6, 10, 18, 32, 35, 43])
(105684, [11, 15, 18, 23, 30, 31, 32, 41])
(105685, [1, 2, 3, 4, 7, 9, 11, 12, 15, 17, 18, 19, 20, 21, 30, 31, 32, 38, 40, 44])
(105686, [2, 3, 11, 12, 19, 31, 32, 33, 42, 44])
(105687, [1, 3, 7, 9, 18, 22, 30, 31, 32, 33, 34, 44])
(105688, [0, 1, 2, 3, 4, 7, 12, 18, 19, 20, 21, 31, 32, 34, 41, 42, 43, 44])
(105689, [3, 8, 13, 18, 19, 21, 25, 29, 30, 31, 32, 33, 43])
(105690, [0, 11, 12, 16, 24, 32, 33, 44])
(105691, [32])
(105692, [2, 30, 32, 33])
(105693, [0, 1, 2, 3, 4, 6, 9, 19, 26, 28, 30, 32, 35, 41, 43, 44])
(105694, [0, 1, 2, 3, 4, 6, 8, 9, 12, 15, 16, 19, 20, 21, 24, 26, 28, 32, 34, 44])
(105695, [31, 32])
(105696, [32])
(105697, [32, 33])
(105698, [2, 14, 17, 18, 23, 32, 33, 34, 36, 41])
(105699, [0, 1, 2, 12, 18, 21, 23, 30, 32, 35, 44])
(105700, [5, 8, 16, 23, 24, 35, 37])
(105701, [0, 1, 2, 3, 4, 5, 6, 7, 8, 9, 10, 11, 12, 13, 14, 15, 16, 18, 19, 20, 21, 22, 23, 24, 25, 26, 27, 28, 29, 30, 31, 33, 34, 35, 36, 37, 38, 39, 40, 41, 42, 43, 44])
(105702, [33, 35])
(105703, [0, 1, 2, 3, 4, 5, 8, 9, 12, 17, 18, 19, 20, 21, 23, 24, 28, 30, 35, 39, 42, 43])
(105704, [3, 4, 5, 8, 9, 12, 15, 16, 18, 21, 22, 23, 30, 31, 33, 35, 38, 44])
(105705, [35])
(105706, [1, 3, 12, 19, 20, 21, 24, 28, 31, 35, 41, 42, 44])
(105707, [0, 1, 2, 3, 9, 12, 15, 18, 19, 20, 21, 22, 28, 30, 31, 35, 37, 41, 42])
(105708, [18, 23, 35])
(105709, [35, 37])
(105710, [35])
(105711, [35])
(105712, [35])
(105713, [23, 35])
(105714, [1, 3, 12, 18, 21, 22, 23, 30, 34, 35, 44])
(105715, [1, 2, 6, 8, 11, 12, 17, 18, 30, 35, 38, 40, 44])
(105716, [1, 3, 6, 9, 15, 16, 19, 20, 24, 31, 33, 35, 43])
(105717, [0, 1, 2, 3, 4, 5, 6, 7, 9, 11, 12, 15, 18, 19, 20, 21, 23, 24, 26, 27, 28, 33, 34, 35, 41, 42, 43, 44])
(105718, [0, 1, 2, 3, 6, 8, 9, 10, 11, 12, 14, 15, 18, 20, 22, 23, 24, 35, 37, 39, 43, 44])
(105719, [2, 4, 6, 11, 15, 17, 26, 30, 31, 33, 35, 39, 40, 42, 43])
(105720, [0, 1, 7, 12, 16, 18, 19, 20, 21, 23, 31, 33, 34, 35, 42])
(105721, [35])
(105722, [0, 1, 4, 9, 11, 21, 24, 35])
(105723, [35])
(105724, [0, 1, 2, 3, 4, 7, 9, 10, 11, 12, 15, 16, 17, 18, 19, 21, 22, 23, 26, 27, 29, 31, 33, 34, 35, 37, 40, 41, 42, 43, 44])
(105725, [35])
(105726, [35])
(105727, [35])
(105728, [35])
(105729, [1, 2, 3, 5, 6, 9, 16, 19, 23, 24, 35, 43])
(105730, [0, 1, 2, 3, 4, 6, 11, 12, 16, 17, 18, 19, 20, 21, 23, 28, 29, 31, 33, 35, 39, 42, 43, 44])
(105731, [35])
(105732, [35])
(105733, [35])
(105734, [15, 31, 35])
(105735, [35])
(105736, [35])
(105737, [35])
(105738, [0, 1, 3, 10, 12, 15, 17, 19, 26, 31, 35, 38, 44])
(105739, [4, 11, 17, 18, 30, 35])
(105740, [35])
(105741, [10, 16, 34, 35])
(105742, [0, 1, 2, 3, 5, 8, 11, 12, 13, 14, 17, 18, 20, 21, 23, 24, 26, 35, 41, 43, 44])
(105743, [0, 1, 2, 3, 6, 7, 9, 10, 11, 12, 14, 15, 17, 18, 19, 20, 21, 22, 23, 26, 29, 30, 31, 33, 34, 35, 38, 42, 44])
(105744, [8, 11, 18, 23, 35, 43, 44])
(105745, [35])
(105746, [35])
(105747, [35])
(105748, [30, 35, 37])
(105749, [1, 3, 17, 34, 43])
(105750, [34])
(105751, [33, 34])
(105752, [0, 2, 12, 19, 26, 30, 34, 41, 43])
(105753, [1, 2, 3, 4, 6, 9, 12, 15, 18, 21, 23, 31, 34, 43, 44])
(105754, [0, 1, 2, 3, 4, 12, 19, 24, 26, 30, 31, 33, 34])
(105755, [2, 9, 12, 14, 24, 31, 34])
(105756, [9, 23, 30, 34, 41])
(105757, [0, 11, 31, 33, 34])
(105758, [1, 2, 3, 4, 6, 7, 8, 18, 21, 23, 31, 33, 34, 43])
(105759, [7, 12, 16, 17, 18, 19, 20, 23, 31, 34])
(105760, [0, 9, 15, 17, 22, 24, 31, 33, 34])
(105761, [34])
(105762, [34])
(105763, [34])
(105764, [34])
(105765, [1, 19, 24, 26, 34])
(105766, [34])
(105767, [34])
(105768, [21, 34])
(105769, [2, 4, 7, 15, 18, 26, 34, 36])
(105770, [34])
(105771, [34])
(105772, [1, 2, 3, 4, 11, 12, 13, 14, 16, 19, 20, 26, 30, 31, 33, 34, 43, 44])
(105773, [2, 3, 4, 6, 9, 15, 16, 18, 19, 23, 34, 43, 44])
(105774, [1, 2, 3, 4, 5, 8, 9, 12, 15, 18, 19, 21, 23, 29, 34, 37, 38, 39, 43])
(105775, [31, 34])
(105776, [34])
(105777, [0, 1, 2, 12, 29, 31, 34])
(105778, [0, 1, 2, 3, 34])
(105779, [0, 2, 9, 19, 34, 42])
(105780, [0, 34])
(105781, [34])
(105782, [0, 2, 15, 34])
(105783, [1, 2, 3, 8, 9, 12, 15, 16, 22, 23, 31, 34])
(105784, [3, 12, 17, 34, 41])
(105785, [12, 34])
(105786, [0, 11, 12, 14, 17, 26, 33, 34, 36])
(105787, [34, 41])
(105788, [34])
(105789, [1, 3, 4, 6, 7, 15, 17, 18, 19, 22, 23, 26, 33, 34, 43])
(105790, [34])
(105791, [3, 21, 34])
(105792, [34])
(105793, [3, 33, 34])
(105794, [0, 3, 12, 34])
(105795, [34])
(105796, [34])
(105797, [0, 2, 14, 34])
(105798, [0, 2, 3, 4, 9, 12, 13, 14, 15, 16, 17, 18, 19, 20, 26, 31, 33, 34, 36, 41, 44])
(105799, [0, 3, 4, 9, 11, 18, 23, 24, 26, 34, 40, 43])
(105800, [33, 43])
(105801, [1, 18, 22, 33, 37, 40, 44])
(105802, [2, 4, 15, 17, 18, 33, 36, 40, 43])
(105803, [3, 23, 33])
(105804, [33])
(105805, [0, 1, 2, 3, 4, 5, 6, 8, 9, 14, 15, 16, 20, 21, 23, 29, 30, 31, 33, 40, 42, 43])
(105806, [1, 3, 12, 19, 21, 28, 33])
(105807, [2, 9, 15, 17, 18, 33])
(105808, [0, 1, 2, 3, 4, 6, 7, 8, 9, 11, 12, 13, 14, 15, 17, 18, 20, 21, 23, 26, 33, 40, 41, 42, 44])
(105809, [2, 4, 9, 13, 14, 15, 18, 19, 24, 26, 28, 30, 31, 33, 43])
(105810, [33])
(105811, [33])
(105812, [0, 12, 13, 30, 33])
(105813, [0, 2, 11, 17, 25, 26, 30, 33, 40])
(105814, [33])
(105815, [1, 2, 3, 11, 33])
(105816, [0, 1, 2, 3, 7, 9, 10, 12, 16, 17, 19, 20, 29, 33, 44])
(105817, [12, 20, 33])
(105818, [30, 33, 44])
(105819, [4, 33])
(105820, [33])
(105821, [33])
(105822, [33])
(105823, [1, 3, 4, 23, 31, 33, 36, 43])
(105824, [12, 33])
(105825, [33])
(105826, [1, 33])
(105827, [0, 1, 3, 5, 9, 12, 23, 28, 33, 41, 42])
(105828, [3, 4, 12, 22, 23, 33, 36])
(105829, [9, 17, 18, 30, 33, 44])
(105830, [3, 17, 19, 33])
(105831, [3, 6, 7, 9, 11, 12, 23, 33])
(105832, [0, 3, 11, 12, 13, 16, 23, 30, 33, 41, 44])
(105833, [2, 11, 33])
(105834, [33])
(105835, [1, 2, 3, 6, 9, 11, 12, 14, 19, 24, 27, 29, 33, 41, 42])
(105836, [1, 12, 17, 18, 19, 31, 33])
(105837, [0, 1, 2, 3, 6, 17, 18, 19, 20, 26, 30, 33, 38, 43, 44])
(105838, [0, 9, 10, 11, 19, 33])
(105839, [1, 4, 6, 18, 22, 24, 33, 38])
(105840, [7, 20, 42])
(105841, [15, 20])
(105842, [20, 21, 22])
(105843, [20])
(105844, [2, 6, 13, 15, 18, 20, 43, 44])
(105845, [6, 12, 20, 44])
(105846, [0, 1, 3, 12, 19, 20, 21, 41, 42])
(105847, [1, 2, 7, 16, 17, 18, 19, 20, 21])
(105848, [1, 3, 20])
(105849, [20])
(105850, [20])
(105851, [20])
(105852, [0, 7, 9, 13, 20, 26, 41])
(105853, [20])
(105854, [3, 6, 15, 16, 20, 26, 41])
(105855, [0, 1, 3, 6, 10, 11, 12, 15, 16, 18, 20, 22, 23, 24, 26, 42, 43])
(105856, [6, 9, 11, 12, 19, 20, 23, 41])
(105857, [3, 12, 20, 21])
(105858, [0, 20, 44])
(105859, [1, 3, 20])
(105860, [1, 3, 20, 42])
(105861, [2, 6, 18, 20, 36])
(105862, [0, 1, 3, 12, 20])
(105863, [1, 3, 6, 7, 11, 12, 16, 17, 18, 19, 20, 21, 26, 30, 38, 41, 43, 44])
(105864, [3, 20])
(105865, [14, 20])
(105866, [1, 3, 4, 20])
(105867, [0, 11, 20])
(105868, [0, 2, 12, 14, 20])
(105869, [1, 3, 20, 41])
(105870, [1, 7, 12, 15, 19, 20, 22])
(105871, [18, 20, 21, 31])
(105872, [20])
(105873, [1, 2, 3, 11, 12, 16, 20, 21, 23, 28, 40, 44])
(105874, [4, 5, 15, 19, 20, 24, 28, 30, 41])
(105875, [0, 2, 6, 20, 23, 30])
(105876, [20])
(105877, [1, 3, 7, 20, 42])
(105878, [1, 2, 18, 23, 29])
(105879, [8, 18, 19, 29])
(105880, [18])
(105881, [18])
(105882, [18])
(105883, [18])
(105884, [18])
(105885, [18])
(105886, [3, 8, 12, 18, 23, 36])
(105887, [18])
(105888, [18])
(105889, [18])
(105890, [18])
(105891, [0, 3, 4, 7, 8, 9, 11, 12, 15, 18, 19, 21, 22, 23, 24, 26, 30, 31, 43])
(105892, [2, 4, 6, 9, 18, 23, 26, 27, 41, 43])
(105893, [18, 23])
(105894, [0, 6, 12, 18])
(105895, [18, 23])
(105896, [18])
(105897, [18])
(105898, [6, 9, 18, 23, 43])
(105899, [2, 18])
(105900, [18])
(105901, [1, 3, 4, 6, 8, 9, 15, 16, 18, 24, 43, 44])
(105902, [4, 15, 17, 18, 30, 31, 43])
(105903, [15, 18])
(105904, [18])
(105905, [18])
(105906, [18])
(105907, [18])
(105908, [1, 18, 42, 43])
(105909, [18])
(105910, [18])
(105911, [18])
(105912, [18])
(105913, [4, 18])
(105914, [0, 12, 18])
(105915, [18])
(105916, [18])
(105917, [18])
(105918, [18, 21])
(105919, [0, 18, 44])
(105920, [18, 43])
(105921, [18])
(105922, [18])
(105923, [18])
(105924, [18, 21])
(105925, [18])
(105926, [18])
(105927, [18])
(105928, [18])
(105929, [18])
(105930, [18])
(105931, [0, 1, 2, 3, 9, 12, 15, 16, 18, 41])
(105932, [18])
(105933, [18])
(105934, [0, 2, 6, 9, 14, 18])
(105935, [18, 41])
(105936, [18])
(105937, [0, 2, 6, 16, 18, 23, 30])
(105938, [2, 18, 19, 21])
(105939, [18])
(105940, [18])
(105941, [18])
(105942, [18])
(105943, [18, 23, 41])
(105944, [7, 13, 15, 18, 30])
(105945, [18])
(105946, [18])
(105947, [18])
(105948, [18])
(105949, [6, 18])
(105950, [14, 15, 18, 21])
(105951, [0, 18])
(105952, [18, 19, 36, 40, 43])
(105953, [18])
(105954, [18])
(105955, [3, 11, 16, 18, 21, 22, 44])
(105956, [18])
(105957, [9, 18, 26, 43])
(105958, [18])
(105959, [18])
(105960, [0, 1, 2, 3, 9, 11, 12, 18, 19, 21, 28, 29, 31, 41])
(105961, [18])
(105962, [18])
(105963, [2, 18])
(105964, [18, 19])
(105965, [27])
(105966, [0, 3, 27])
(105967, [27])
(105968, [27])
(105969, [0, 1, 2, 27])
(105970, [27])
(105971, [2, 3, 4, 6, 9, 12, 17, 24, 26, 27, 30, 43])
(105972, [27])
(105973, [27])
(105974, [27])
(105975, [27])
(105976, [27])
(105977, [27])
(105978, [9])
(105979, [0, 1, 3, 8, 9, 12, 14, 17, 19, 22, 23, 24, 44])
(105980, [4, 9, 16, 40])
(105981, [9])
(105982, [9])
(105983, [9])
(105984, [4, 9, 14, 41, 43])
(105985, [3, 9, 43])
(105986, [9])
(105987, [9])
(105988, [9])
(105989, [9])
(105990, [9])
(105991, [2, 9, 14, 31])
(105992, [9])
(105993, [9])
(105994, [9, 11, 41])
(105995, [9])
(105996, [9])
(105997, [2, 4, 6, 9, 14, 15, 19, 24, 40, 41, 43, 44])
(105998, [0, 6, 9, 14, 26, 28, 43])
(105999, [0, 3, 9, 12, 19, 23, 30])
(106000, [9])
(106001, [8, 9, 16, 22])
(106002, [9])
(106003, [9, 23, 43])
(106004, [9])
(106005, [0, 9, 12])
(106006, [3, 9, 31])
(106007, [0, 6, 7, 9, 11, 12, 13, 14, 15, 19, 23, 24, 41, 43, 44])
(106008, [9])
(106009, [1, 9])
(106010, [0, 1, 2, 9, 11, 15, 16, 26, 41])
(106011, [9, 12, 41])
(106012, [9])
(106013, [0, 2, 6, 9, 10, 26, 41])
(106014, [0, 2, 9, 12, 21])
(106015, [9])
(106016, [0, 2, 9, 11, 12, 17, 23, 36, 41])
(106017, [9])
(106018, [9])
(106019, [9])
(106020, [9])
(106021, [0, 2, 3, 9, 10, 15, 16, 17, 31, 36])
(106022, [0, 1, 9])
(106023, [9, 41])
(106024, [9])
(106025, [9])
(106026, [6, 9, 12, 15, 21, 31, 41])
(106027, [9])
(106028, [0, 1, 3, 6, 9, 11, 16, 23, 44])
(106029, [2, 9])
(106030, [9])
(106031, [3, 9, 21, 30, 44])
(106032, [0, 6, 9, 15, 28])
(106033, [2, 9])
(106034, [2, 9, 11, 12, 15, 16, 24])
(106035, [9])
(106036, [9])
(106037, [3, 9])
(106038, [9])
(106039, [1, 9, 11, 16, 21])
(106040, [2, 9, 14, 24])
(106041, [9])
(106042, [9])
(106043, [9])
(106044, [0])
(106045, [0])
(106046, [0, 39])
(106047, [0])
(106048, [0])
(106049, [0, 2, 23])
(106050, [0])
(106051, [0])
(106052, [0, 12])
(106053, [0])
(106054, [0])
(106055, [0])
(106056, [0])
(106057, [0, 12])
(106058, [0])
(106059, [0, 36])
(106060, [0])
(106061, [0])
(106062, [0])
(106063, [0])
(106064, [0])
(106065, [0])
(106066, [0])
(106067, [0])
(106068, [0])
(106069, [0])
(106070, [0])
(106071, [0])
(106072, [0])
(106073, [0])
(106074, [0, 12, 30, 43])
(106075, [0])
(106076, [0])
(106077, [0])
(106078, [0])
(106079, [0])
(106080, [0, 21])
(106081, [0])
(106082, [0])
(106083, [0])
(106084, [0, 6, 12, 23, 41])
(106085, [0, 10, 12])
(106086, [0])
(106087, [0, 36])
(106088, [0])
(106089, [0])
(106090, [0])
(106091, [0, 1, 2, 3, 12, 14, 15, 31])
(106092, [0, 16, 19, 26, 42, 44])
(106093, [0])
(106094, [0])
(106095, [0])
(106096, [0, 12])
(106097, [0])
(106098, [0])
(106099, [0])
(106100, [0])
(106101, [0, 2, 4, 6, 12, 17, 36, 37])
(106102, [0, 1])
(106103, [0])
(106104, [0])
(106105, [0])
(106106, [0])
(106107, [0])
(106108, [0])
(106109, [0])
(106110, [0, 12, 26])
(106111, [0])
(106112, [0])
(106113, [0, 1, 2, 11, 19, 23, 26, 44])
(106114, [0, 3, 11, 15, 26])
(106115, [0])
(106116, [0, 1, 4, 22, 26])
(106117, [0])
(106118, [0])
(106119, [0])
(106120, [0])
(106121, [0])
(106122, [0, 3])
(106123, [0])
(106124, [0])
(106125, [0])
(106126, [0])
(106127, [0])
(106128, [0])
(106129, [0])
(106130, [0])
(106131, [0])
(106132, [0])
(106133, [0])
(106134, [0, 2, 22])
(106135, [0])
(106136, [0])
(106137, [0])
(106138, [0])
(106139, [0])
(106140, [0, 1, 19])
(106141, [0])
(106142, [0])
(106143, [0])
(106144, [0])
(106145, [0])
(106146, [0, 21])
(106147, [0, 1, 3])
(106148, [0])
(106149, [0])
(106150, [0])
(106151, [0])
(106152, [0, 1, 3, 12, 13, 21, 24, 26, 44])
(106153, [0])
(106154, [0, 15, 31])
(106155, [0])
(106156, [0, 39])
(106157, [0])
(106158, [0])
(106159, [0])
(106160, [0, 3, 17])
(106161, [0, 12])
(106162, [0])
(106163, [0])
(106164, [0])
(106165, [0])
(106166, [0])
(106167, [0, 3, 26, 43])
(106168, [0])
(106169, [0])
(106170, [0])
(106171, [0])
(106172, [0])
(106173, [0])
(106174, [0])
(106175, [0, 42])
(106176, [0])
(106177, [0])
(106178, [0, 2, 3, 4])
(106179, [0])
(106180, [0])
(106181, [0, 4, 41])
(106182, [0, 1])
(106183, [0])
(106184, [0])
(106185, [0])
(106186, [0, 1, 3, 14])
(106187, [0])
(106188, [0, 16])
(106189, [0])
(106190, [0, 2, 10, 11, 12])
(106191, [0])
(106192, [0])
(106193, [0])
(106194, [0])
(106195, [0])
(106196, [0, 1, 3, 41])
(106197, [0])
(106198, [0])
(106199, [0])
(106200, [0, 12])
(106201, [0])
(106202, [0])
(106203, [0])
(106204, [0])
(106205, [0])
(106206, [0])
(106207, [0])
(106208, [0])
(106209, [0])
(106210, [0])
(106211, [0])
(106212, [0])
(106213, [0, 21])
(106214, [0])
(106215, [0, 6, 41])
(106216, [0])
(106217, [0])
(106218, [0])
(106219, [0])
(106220, [0])
(106221, [0])
(106222, [0])
(106223, [0])
(106224, [0])
(106225, [0, 17])
(106226, [0])
(106227, [0])
(106228, [0])
(106229, [0, 1, 3])
(106230, [0])
(106231, [0, 17])
(106232, [0])
(106233, [0, 39])
(106234, [0])
(106235, [0])
(106236, [0])
(106237, [0])
(106238, [0])
(106239, [0])
(106240, [0])
(106241, [0])
(106242, [0])
(106243, [0])
(106244, [0])
(106245, [0, 12])
(106246, [0])
(106247, [0])
(106248, [0, 26])
(106249, [0])
(106250, [0, 11])
(106251, [0])
(106252, [0])
(106253, [0, 12])
(106254, [0])
(106255, [0])
(106256, [0])
(106257, [0])
(106258, [0])
(106259, [0])
(106260, [0])
(106261, [0])
(106262, [0, 4, 19])
(106263, [0])
(106264, [0])
(106265, [0])
(106266, [0])
(106267, [0, 12, 23, 29])
(106268, [0, 12])
(106269, [0])
(106270, [0])
(106271, [0, 15])
(106272, [0])
(106273, [0])
(106274, [0])
(106275, [0])
(106276, [0])
(106277, [0])
(106278, [0, 6])
(106279, [0])
(106280, [0])
(106281, [0])
(106282, [0])
(106283, [0])
(106284, [0, 21])
(106285, [0])
(106286, [0])
(106287, [0])
(106288, [0])
(106289, [0])
(106290, [0])
(106291, [0])
(106292, [0])
(106293, [0])
(106294, [0])
(106295, [0, 3, 16, 23])
(106296, [0])
(106297, [0])
(106298, [0])
(106299, [0, 1, 3])
(106300, [0])
(106301, [0])
(106302, [0])
(106303, [0, 1, 42])
(106304, [0])
(106305, [0])
(106306, [0, 12])
(106307, [0, 43])
(106308, [4, 11, 30, 44])
(106309, [7, 11])
(106310, [11])
(106311, [1, 3, 11, 39])
(106312, [11])
(106313, [11])
(106314, [11, 15, 24, 30])
(106315, [11, 12])
(106316, [11])
(106317, [2, 11])
(106318, [11, 30])
(106319, [11, 26])
(106320, [11, 14, 44])
(106321, [11])
(106322, [11, 15])
(106323, [11, 17])
(106324, [1, 11])
(106325, [1, 7])
(106326, [7])
(106327, [7])
(106328, [1, 7, 12, 22, 23, 41])
(106329, [7])
(106330, [7])
(106331, [2, 7, 13, 16, 19, 24, 26, 30, 44])
(106332, [29])
(106333, [3, 16, 41])
(106334, [16])
(106335, [16])
(106336, [16])
(106337, [16])
(106338, [16])
(106339, [16])
(106340, [16])
(106341, [16])
(106342, [16])
(106343, [16])
(106344, [16])
(106345, [2, 3, 15, 16, 24, 26, 31, 41, 43])
(106346, [12, 16, 41, 43, 44])
(106347, [16])
(106348, [16])
(106349, [1, 2, 3, 16, 19, 44])
(106350, [16])
(106351, [21, 42])
(106352, [1, 4, 15, 21, 42, 43, 44])
(106353, [42])
(106354, [42])
(106355, [3, 19, 39, 42])
(106356, [42])
(106357, [10, 42, 44])
(106358, [6])
(106359, [6])
(106360, [2, 4, 6])
(106361, [6, 19])
(106362, [6, 17, 19, 41])
(106363, [6])
(106364, [6])
(106365, [3, 6])
(106366, [6, 15, 30, 40])
(106367, [2, 6, 41])
(106368, [6])
(106369, [6, 19])
(106370, [6, 12])
(106371, [14, 19, 28, 38])
(106372, [3, 21, 28])
(106373, [28])
(106374, [28])
(106375, [28])
(106376, [2, 13, 14, 28, 41])
(106377, [3, 17])
(106378, [17])
(106379, [17])
(106380, [17])
(106381, [17])
(106382, [2, 17])
(106383, [17])
(106384, [17])
(106385, [2, 4, 17, 19, 22])
(106386, [3, 4, 13, 17, 44])
(106387, [17])
(106388, [17])
(106389, [17])
(106390, [17])
(106391, [17])
(106392, [17])
(106393, [17])
(106394, [17, 30, 31])
(106395, [17])
(106396, [17])
(106397, [15, 17, 44])
(106398, [17, 19])
(106399, [1])
(106400, [1])
(106401, [1])
(106402, [1, 21, 22, 41, 44])
(106403, [1])
(106404, [1, 3, 23])
(106405, [1, 3, 21])
(106406, [1])
(106407, [1])
(106408, [1])
(106409, [1])
(106410, [1, 3])
(106411, [1, 3])
(106412, [1])
(106413, [1, 3, 23, 38])
(106414, [1])
(106415, [1])
(106416, [1])
(106417, [1, 3])
(106418, [1, 3])
(106419, [1, 21])
(106420, [1, 22, 41])
(106421, [1, 2, 3, 26])
(106422, [1, 3, 4, 14])
(106423, [1, 21])
(106424, [1, 3, 21, 31, 44])
(106425, [1, 3, 26])
(106426, [1])
(106427, [1])
(106428, [1, 3, 21, 38])
(106429, [1, 23])
(106430, [1, 3])
(106431, [1])
(106432, [1, 4, 15, 43])
(106433, [1])
(106434, [1, 2])
(106435, [1, 3])
(106436, [1])
(106437, [10])
(106438, [10])
(106439, [10])
(106440, [10])
(106441, [10])
(106442, [10])
(106443, [10])
(106444, [10])
(106445, [10])
(106446, [10])
(106447, [10])
(106448, [19])
(106449, [19])
(106450, [19])
(106451, [19])
(106452, [19])
(106453, [19])
(106454, [19])
(106455, [19])
(106456, [19])
(106457, [3, 19])
(106458, [3, 19, 44])
(106459, [19, 22, 39])
(106460, [19])
(106461, [14, 19])
(106462, [19])
(106463, [19])
(106464, [19, 41])
(106465, [19])
(106466, [19])
(106467, [19])
(106468, [19])
(106469, [19])
(106470, [19])
(106471, [26])
(106472, [26])
(106473, [2, 3, 14, 26, 39, 41, 43, 44])
(106474, [2, 26])
(106475, [26])
(106476, [26])
(106477, [26])
(106478, [3, 26])
(106479, [26])
(106480, [26])
(106481, [26])
(106482, [2, 15, 26, 41])
(106483, [26])
(106484, [26])
(106485, [26])
(106486, [26])
(106487, [26])
(106488, [26])
(106489, [12, 26, 44])
(106490, [8, 21, 23])
(106491, [8])
(106492, [8])
(106493, [8])
(106494, [8])
(106495, [8])
(106496, [8])
(106497, [8])
(106498, [8, 23])
(106499, [8])
(106500, [8])
(106501, [8, 23])
(106502, [21])
(106503, [21])
(106504, [21])
(106505, [21])
(106506, [21])
(106507, [21])
(106508, [2, 21])
(106509, [21])
(106510, [21])
(106511, [21])
(106512, [21])
(106513, [3, 21])
(106514, [21])
(106515, [21])
(106516, [21])
(106517, [21])
(106518, [21])
(106519, [21])
(106520, [21])
(106521, [21])
(106522, [3, 21])
(106523, [21, 44])
(106524, [21])
(106525, [21])
(106526, [21])
(106527, [21])
(106528, [21])
(106529, [3, 21, 22, 31])
(106530, [21])
(106531, [13, 21, 23, 31, 43, 44])
(106532, [21])
(106533, [21])
(106534, [3, 21])
(106535, [21])
(106536, [21])
(106537, [44])
(106538, [44])
(106539, [44])
(106540, [44])
(106541, [23, 43, 44])
(106542, [44])
(106543, [44])
(106544, [44])
(106545, [3, 44])
(106546, [44])
(106547, [44])
(106548, [44])
(106549, [44])
(106550, [40, 44])
(106551, [43])
(106552, [43])
(106553, [43])
(106554, [43])
(106555, [43])
(106556, [43])
(106557, [43])
(106558, [43])
(106559, [43])
(106560, [43])
(106561, [15, 43])
(106562, [43])
(106563, [30, 38])
(106564, [38])
(106565, [12, 36])
(106566, [36])
(106567, [36])
(106568, [36])
(106569, [14, 36])
(106570, [36])
(106571, [36])
(106572, [36])
(106573, [36])
(106574, [2, 36])
(106575, [36])
(106576, [36])
(106577, [36])
(106578, [36])
(106579, [36])
(106580, [36])
(106581, [36])
(106582, [36])
(106583, [36])
(106584, [36])
(106585, [36])
(106586, [36])
(106587, [36])
(106588, [36])
(106589, [36])
(106590, [36])
(106591, [36])
(106592, [36])
(106593, [36])
(106594, [31])
(106595, [31])
(106596, [31])
(106597, [12, 31])
(106598, [12, 31])
(106599, [3, 31])
(106600, [31])
(106601, [31])
(106602, [31])
(106603, [31])
(106604, [31])
(106605, [31])
(106606, [30, 31, 39])
(106607, [12, 31])
(106608, [30])
(106609, [3, 30])
(106610, [30])
(106611, [30])
(106612, [30])
(106613, [30])
(106614, [2, 30])
(106615, [30])
(106616, [37])
(106617, [37])
(106618, [39])
(106619, [39])
(106620, [39])
(106621, [39])
(106622, [39])
(106623, [39])
(106624, [39])
(106625, [39])
(106626, [39])
(106627, [39])
(106628, [39])
(106629, [41])
(106630, [13, 41])
(106631, [41])
(106632, [41])
(106633, [41])
(106634, [41])
(106635, [41])
(106636, [2, 41])
(106637, [41])
(106638, [4, 41])
(106639, [41])
(106640, [41])
(106641, [23, 41])
(106642, [41])
(106643, [2, 4, 14, 41])
(106644, [41])
(106645, [41])
(106646, [41])
(106647, [41])
(106648, [41])
(106649, [41])
(106650, [41])
(106651, [41])
(106652, [2, 41])
(106653, [41])
(106654, [41])
(106655, [2, 41])
(106656, [41])
(106657, [41])
(106658, [41])
(106659, [41])
(106660, [2, 41])
(106661, [2, 41])
(106662, [14, 41])
(106663, [24])
(106664, [24])
(106665, [24])
(106666, [24])
(106667, [24])
(106668, [24])
(106669, [24])
(106670, [23])
(106671, [23])
(106672, [23])
(106673, [23])
(106674, [23])
(106675, [23])
(106676, [23])
(106677, [23])
(106678, [23])
(106679, [23])
(106680, [23])
(106681, [23])
(106682, [23])
(106683, [23])
(106684, [23])
(106685, [23])
(106686, [23])
(106687, [23])
(106688, [23])
(106689, [23])
(106690, [23])
(106691, [23])
(106692, [23])
(106693, [23])
(106694, [23])
(106695, [23])
(106696, [23])
(106697, [23])
(106698, [23])
(106699, [23])
(106700, [23])
(106701, [23])
(106702, [23])
(106703, [23])
(106704, [23])
(106705, [23])
(106706, [23])
(106707, [23])
(106708, [23])
(106709, [23])
(106710, [23])
(106711, [23])
(106712, [23])
(106713, [23])
(106714, [23])
(106715, [4])
(106716, [4])
(106717, [4])
(106718, [4])
(106719, [4])
(106720, [4])
(106721, [2, 4, 22])
(106722, [4])
(106723, [4])
(106724, [4])
(106725, [4])
(106726, [4])
(106727, [4])
(106728, [4])
(106729, [4])
(106730, [4])
(106731, [4])
(106732, [4])
(106733, [4])
(106734, [4])
(106735, [15])
(106736, [15])
(106737, [15])
(106738, [13, 15])
(106739, [15])
(106740, [15])
(106741, [15])
(106742, [15])
(106743, [15])
(106744, [15])
(106745, [15])
(106746, [15])
(106747, [3])
(106748, [3, 12])
(106749, [3])
(106750, [3])
(106751, [3])
(106752, [3])
(106753, [3])
(106754, [3])
(106755, [3])
(106756, [3])
(106757, [3])
(106758, [3])
(106759, [3])
(106760, [3])
(106761, [3])
(106762, [3])
(106763, [3])
(106764, [3])
(106765, [3])
(106766, [3])
(106767, [3])
(106768, [3])
(106769, [3])
(106770, [3])
(106771, [3])
(106772, [3])
(106773, [3])
(106774, [3])
(106775, [3])
(106776, [3])
(106777, [3])
(106778, [3])
(106779, [3])
(106780, [3])
(106781, [12])
(106782, [12])
(106783, [12])
(106784, [12])
(106785, [12])
(106786, [12])
(106787, [12])
(106788, [12])
(106789, [12])
(106790, [12])
(106791, [12])
(106792, [12])
(106793, [12])
(106794, [12])
(106795, [12])
(106796, [12])
(106797, [12])
(106798, [12])
(106799, [12])
(106800, [12])
(106801, [12])
(106802, [12])
(106803, [12])
(106804, [12])
(106805, [12])
(106806, [12])
(106807, [12])
(106808, [12])
(106809, [12])
(106810, [12])
(106811, [12])
(106812, [12])
(106813, [12])
(106814, [12])
(106815, [12])
(106816, [12])
(106817, [12])
(106818, [12])
(106819, [12])
(106820, [12])
(106821, [12])
(106822, [12])
(106823, [12])
(106824, [12])
(106825, [12])
(106826, [12])
(106827, [12])
(106828, [12])
(106829, [12])
(106830, [12])
(106831, [12])
(106832, [12])
(106833, [12])
(106834, [12])
(106835, [40])
(106836, [40])
(106837, [40])
(106838, [40])
(106839, [2])
(106840, [2])
(106841, [2])
(106842, [2])
(106843, [2])
(106844, [2])
(106845, [2])
(106846, [2])
(106847, [2])
(106848, [2])
(106849, [2])
(106850, [2])
(106851, [2])
(106852, [2])
(106853, [2])
(106854, [2])
(106855, [2])
(106856, [2])
(106857, [2])
(106858, [2])
(106859, [2])
(106860, [2])
(106861, [2])
(106862, [2])
(106863, [2])
(106864, [2])
(106865, [2])
(106866, [2])
(106867, [2])
(106868, [2])
(106869, [2])
(106870, [2])
(106871, [2])
(106872, [2])
(106873, [2])
(106874, [2])
(106875, [2])
(106876, [2])
(106877, [2])
(106878, [2])
(106879, [2])
(106880, [2])
(106881, [2])
(106882, [2])
(106883, [2])
(106884, [2])
(106885, [2])
(106886, [2])
(106887, [2])
(106888, [2])
(106889, [2])
(106890, [2])
(106891, [2])
(106892, [2])
(106893, [2])
(106894, [2])
(106895, [2])
(106896, [2])
(106897, [2])
(106898, [2])
(106899, [2])
(106900, [2])
(106901, [2])
(106902, [2])
(106903, [2])
(106904, [2])
(106905, [2])
(106906, [13])
(106907, [13])
(106908, [13])
(106909, [13])
(106910, [13])
(106911, [5, 14])
(106912, [5])
(106913, [5])
(106914, [5])
(106915, [14])
(106916, [14])
(106917, [14])
(106918, [14])
(106919, [14])
(106920, [14])
(106921, [14])
(106922, [14])
(106923, [14])
(106924, [14])
(106925, [14])
(106926, [14])
(106927, [14])
(106928, [14])
(106929, [14])
(106930, [14])
(106931, [14])
(106932, [22])
(106933, [22])
(106934, [22])
(106935, [22])
(106936, [22])
(106937, [22])
(106938, [22])
(106939, [22])
(106940, [22])
(106941, [22])
