(90581, [0, 1, 2, 3, 4, 5, 6, 7, 8, 9, 10, 11, 12, 13, 14, 15, 16, 17, 18, 19, 20, 21, 22, 23, 24, 25, 26, 27, 28, 29, 30, 31, 32, 33, 34, 35, 36, 37, 38, 39, 40, 41, 42, 43, 44])
(90582, [0, 1, 2, 3, 4, 6, 9, 11, 12, 13, 14, 15, 16, 17, 18, 19, 20, 24, 25, 26, 28, 29, 30, 32, 33, 34, 36, 40, 41, 43, 44])
(90583, [17, 19, 32, 43])
(90584, [0, 1, 2, 3, 4, 5, 6, 7, 8, 9, 11, 12, 13, 15, 16, 17, 18, 19, 20, 22, 23, 24, 26, 27, 30, 31, 32, 33, 34, 35, 37, 38, 39, 41, 42, 43, 44])
(90585, [0, 1, 2, 3, 4, 5, 6, 8, 9, 10, 11, 12, 13, 14, 15, 16, 17, 18, 19, 21, 22, 23, 24, 26, 28, 29, 30, 31, 32, 33, 34, 35, 37, 39, 40, 43, 44])
(90586, [1, 2, 3, 6, 7, 9, 11, 12, 15, 16, 17, 18, 19, 20, 21, 22, 23, 26, 31, 32, 33, 35, 37, 42, 43, 44])
(90587, [0, 1, 2, 3, 4, 5, 6, 7, 8, 9, 10, 11, 12, 13, 14, 15, 16, 17, 18, 19, 20, 21, 22, 23, 24, 25, 26, 27, 28, 29, 30, 31, 32, 33, 34, 35, 36, 37, 38, 39, 40, 41, 42, 43, 44])
(90588, [0, 1, 2, 3, 4, 5, 6, 7, 8, 9, 10, 11, 12, 13, 14, 15, 16, 17, 18, 19, 20, 21, 22, 23, 24, 25, 26, 27, 28, 29, 30, 31, 32, 33, 34, 35, 36, 37, 38, 39, 40, 41, 42, 43, 44])
(90589, [0, 1, 2, 3, 4, 5, 6, 7, 8, 9, 10, 11, 12, 13, 14, 15, 16, 17, 18, 19, 20, 21, 22, 23, 24, 25, 26, 27, 28, 29, 30, 31, 32, 33, 34, 35, 36, 37, 38, 39, 40, 41, 42, 43, 44])
(90590, [0, 1, 2, 3, 4, 5, 6, 7, 8, 9, 10, 11, 12, 13, 14, 15, 16, 17, 18, 19, 20, 21, 22, 23, 24, 25, 26, 27, 28, 29, 30, 31, 32, 33, 34, 35, 36, 37, 38, 39, 40, 41, 42, 43, 44])
(90591, [0, 1, 2, 3, 4, 5, 6, 7, 8, 9, 10, 11, 12, 13, 14, 15, 16, 17, 18, 19, 20, 21, 22, 23, 24, 25, 26, 27, 28, 29, 30, 31, 32, 33, 34, 35, 36, 37, 38, 39, 40, 41, 42, 43, 44])
(90592, [0, 1, 2, 3, 4, 5, 6, 7, 8, 9, 10, 11, 12, 13, 14, 15, 16, 17, 18, 19, 20, 21, 22, 23, 24, 25, 26, 27, 28, 29, 30, 31, 32, 33, 34, 35, 36, 37, 38, 39, 40, 41, 42, 43, 44])
(90593, [0, 1, 2, 3, 4, 5, 6, 7, 8, 9, 10, 11, 12, 13, 14, 15, 16, 17, 18, 19, 20, 21, 22, 23, 24, 25, 26, 27, 28, 29, 30, 31, 32, 33, 34, 35, 36, 37, 38, 39, 40, 41, 42, 43, 44])
(90594, [0, 1, 2, 3, 4, 5, 6, 7, 8, 9, 10, 11, 12, 13, 14, 15, 16, 17, 18, 19, 20, 21, 22, 23, 24, 25, 26, 27, 28, 29, 30, 31, 32, 33, 34, 35, 36, 37, 38, 39, 40, 41, 42, 43, 44])
(90595, [0, 1, 2, 3, 4, 5, 6, 7, 8, 9, 10, 11, 12, 13, 14, 15, 16, 17, 18, 19, 20, 21, 22, 23, 24, 25, 26, 27, 28, 29, 30, 31, 32, 33, 34, 35, 36, 37, 38, 39, 40, 41, 42, 43, 44])
(90596, [0, 1, 2, 3, 4, 5, 6, 7, 8, 9, 10, 11, 12, 13, 14, 15, 16, 17, 18, 19, 20, 21, 22, 23, 24, 26, 27, 28, 29, 30, 31, 32, 33, 34, 35, 36, 37, 38, 39, 40, 41, 42, 43, 44])
(90597, [0, 1, 2, 3, 4, 6, 7, 8, 9, 11, 12, 13, 14, 15, 16, 17, 18, 19, 21, 22, 23, 24, 26, 27, 30, 31, 32, 33, 34, 35, 38, 39, 40, 41, 42, 44])
(90598, [1, 2, 3, 4, 6, 7, 8, 12, 14, 15, 17, 18, 19, 20, 21, 22, 23, 24, 26, 27, 29, 30, 31, 32, 34, 43, 44])
(90599, [0, 1, 2, 11, 16, 18, 20, 24, 31, 32, 41, 44])
(90600, [0, 1, 2, 3, 4, 5, 6, 7, 8, 9, 10, 11, 12, 13, 14, 15, 16, 17, 18, 19, 20, 21, 22, 23, 24, 26, 27, 29, 30, 31, 32, 33, 34, 35, 36, 37, 38, 39, 40, 41, 42, 43, 44])
(90601, [4, 14, 15, 18, 32])
(90602, [17, 20, 32, 42])
(90603, [0, 4, 5, 6, 10, 12, 15, 16, 17, 18, 20, 22, 23, 24, 31, 32, 33, 34, 36, 42])
(90604, [0, 1, 2, 3, 4, 5, 6, 7, 8, 9, 10, 11, 12, 13, 14, 15, 16, 17, 18, 19, 20, 21, 22, 23, 24, 25, 26, 27, 28, 29, 30, 31, 32, 33, 34, 35, 36, 37, 38, 39, 40, 41, 42, 43, 44])
(90605, [1, 2, 3, 4, 6, 9, 11, 12, 13, 14, 15, 16, 17, 18, 19, 21, 22, 23, 26, 30, 31, 32, 33, 34, 38, 40, 41, 42, 43, 44])
(90606, [0, 1, 2, 4, 6, 12, 14, 15, 16, 26, 31, 32, 36, 43])
(90607, [1, 2, 4, 6, 9, 10, 12, 13, 14, 15, 16, 17, 18, 19, 20, 21, 23, 24, 26, 27, 30, 31, 32, 33, 35, 40, 41, 43, 44])
(90608, [0, 1, 3, 6, 18, 19, 21, 22, 23, 30, 31, 32, 33, 38, 40, 42, 43, 44])
(90609, [2, 4, 12, 15, 31, 32])
(90610, [1, 2, 3, 4, 5, 6, 11, 12, 14, 15, 17, 18, 19, 21, 22, 23, 24, 26, 27, 28, 30, 31, 32, 33, 34, 35, 36, 41, 43, 44])
(90611, [0, 1, 11, 15, 17, 21, 22, 26, 32, 34])
(90612, [0, 2, 3, 4, 6, 9, 14, 15, 19, 20, 24, 26, 30, 31, 32, 34, 39, 40, 41, 43, 44])
(90613, [0, 1, 2, 3, 4, 6, 9, 10, 11, 12, 13, 14, 15, 16, 17, 18, 19, 20, 23, 24, 26, 27, 30, 31, 32, 33, 34, 35, 36, 38, 39, 40, 41, 42, 43, 44])
(90614, [32])
(90615, [1, 2, 3, 8, 9, 10, 11, 12, 15, 16, 19, 21, 22, 31, 32, 33, 38, 40, 44])
(90616, [1, 2, 3, 4, 6, 7, 9, 10, 11, 13, 14, 15, 16, 17, 18, 19, 20, 21, 22, 23, 24, 26, 30, 31, 32, 33, 34, 38, 39, 43, 44])
(90617, [0, 1, 2, 3, 9, 11, 12, 15, 16, 18, 19, 23, 28, 32, 34, 37, 42, 44])
(90618, [0, 1, 3, 4, 6, 7, 8, 12, 15, 16, 17, 18, 22, 23, 29, 30, 31, 32, 33, 34, 35, 37, 41, 42, 43, 44])
(90619, [2, 3, 15, 19, 21, 22, 23, 30, 32, 33, 38, 43, 44])
(90620, [0, 1, 2, 3, 4, 6, 9, 11, 12, 14, 15, 16, 18, 19, 20, 27, 28, 30, 32, 35, 36, 41, 43, 44])
(90621, [1, 3, 4, 6, 7, 11, 15, 16, 17, 18, 22, 23, 31, 32, 33, 34, 38, 40, 42, 44])
(90622, [0, 1, 2, 3, 4, 6, 7, 9, 11, 12, 13, 14, 15, 16, 17, 18, 19, 20, 24, 26, 30, 31, 32, 33, 34, 36, 39, 40, 41, 43, 44])
(90623, [32])
(90624, [0, 3, 9, 22, 31, 32, 41])
(90625, [0, 1, 2, 3, 4, 7, 9, 11, 12, 15, 16, 17, 18, 20, 21, 22, 23, 24, 26, 27, 28, 30, 31, 32, 33, 34, 39, 42, 43])
(90626, [0, 1, 2, 3, 4, 7, 8, 9, 12, 13, 15, 16, 20, 21, 23, 24, 26, 30, 31, 32, 34, 39, 41, 43, 44])
(90627, [0, 1, 2, 4, 6, 7, 9, 11, 15, 16, 20, 22, 23, 24, 30, 31, 32, 33, 35, 39, 41, 42, 43, 44])
(90628, [0, 1, 2, 3, 11, 12, 15, 16, 19, 20, 32])
(90629, [0, 1, 2, 3, 4, 5, 6, 7, 8, 9, 10, 11, 12, 14, 15, 16, 17, 18, 19, 20, 22, 23, 24, 25, 26, 27, 30, 31, 32, 33, 34, 35, 40, 41, 42, 43, 44])
(90630, [1, 3, 14, 19, 32])
(90631, [0, 1, 4, 6, 8, 9, 10, 11, 12, 13, 15, 16, 18, 23, 24, 26, 30, 31, 32, 33, 34, 35, 39, 40, 43, 44])
(90632, [1, 2, 3, 4, 6, 14, 15, 21, 30, 32, 36, 40, 41, 44])
(90633, [0, 1, 2, 3, 9, 11, 12, 13, 15, 16, 24, 25, 26, 27, 30, 31, 32, 33, 34, 41, 43])
(90634, [0, 2, 3, 4, 5, 8, 9, 11, 12, 17, 18, 19, 23, 30, 32, 33, 34, 38, 40, 44])
(90635, [0, 1, 2, 3, 4, 5, 6, 7, 8, 9, 10, 11, 12, 13, 14, 15, 16, 17, 18, 19, 20, 21, 23, 24, 26, 27, 28, 30, 31, 32, 33, 34, 36, 37, 38, 40, 41, 42, 43, 44])
(90636, [0, 1, 2, 3, 4, 6, 7, 8, 9, 11, 13, 15, 16, 17, 18, 19, 20, 21, 22, 23, 27, 30, 32, 33, 34, 35, 36, 37, 38, 39, 40, 41, 42, 43, 44])
(90637, [4, 31, 32])
(90638, [0, 1, 2, 3, 4, 6, 8, 9, 11, 12, 14, 15, 16, 17, 18, 19, 20, 21, 23, 24, 26, 27, 30, 31, 32, 40, 41, 43])
(90639, [4, 18, 32])
(90640, [0, 2, 3, 4, 5, 6, 8, 9, 11, 12, 13, 15, 17, 18, 19, 20, 23, 24, 25, 26, 27, 28, 30, 31, 32, 33, 34, 35, 36, 40, 41, 43, 44])
(90641, [0, 1, 2, 3, 4, 6, 7, 8, 9, 10, 11, 12, 13, 14, 15, 16, 17, 18, 19, 20, 21, 22, 23, 24, 25, 26, 28, 29, 30, 31, 32, 33, 34, 35, 36, 38, 39, 40, 41, 42, 43, 44])
(90642, [2, 6, 11, 15, 17, 19, 31, 32, 33, 41])
(90643, [0, 1, 3, 9, 18, 22, 32, 34, 42, 44])
(90644, [1, 2, 3, 4, 5, 8, 9, 11, 12, 13, 15, 16, 17, 18, 19, 20, 21, 22, 23, 24, 26, 28, 30, 31, 32, 34, 36, 40, 41, 43])
(90645, [32])
(90646, [2, 6, 12, 15, 17, 18, 23, 26, 30, 32, 33, 43])
(90647, [0, 2, 4, 9, 18, 23, 31, 32, 34, 41, 44])
(90648, [0, 1, 2, 3, 4, 5, 6, 7, 8, 9, 10, 11, 12, 13, 14, 15, 16, 17, 18, 19, 20, 21, 22, 23, 24, 26, 28, 30, 31, 32, 33, 34, 35, 36, 37, 38, 39, 40, 41, 42, 43, 44])
(90649, [1, 4, 6, 7, 9, 26, 27, 32, 33, 43])
(90650, [0, 1, 2, 4, 6, 7, 8, 9, 10, 11, 12, 15, 16, 18, 19, 20, 22, 23, 26, 27, 31, 32, 33, 34, 35, 36, 39, 41, 43, 44])
(90651, [1, 21, 27, 32])
(90652, [0, 1, 3, 9, 18, 21, 22, 30, 32, 35, 41])
(90653, [3, 4, 5, 6, 9, 10, 11, 13, 15, 17, 18, 19, 21, 22, 23, 24, 26, 30, 32, 33, 35, 41, 43, 44])
(90654, [8, 12, 15, 16, 18, 23, 32, 43])
(90655, [4, 15, 32])
(90656, [18, 19, 30, 31, 32, 33])
(90657, [2, 4, 6, 15, 17, 18, 23, 27, 30, 31, 32, 41, 43])
(90658, [6, 14, 23, 26, 31, 32, 44])
(90659, [2, 6, 9, 17, 26, 32, 37, 39, 44])
(90660, [4, 14, 24, 32])
(90661, [4, 8, 11, 12, 13, 15, 18, 19, 21, 23, 32, 35, 36, 43, 44])
(90662, [32])
(90663, [8, 14, 32, 42, 43])
(90664, [0, 1, 2, 11, 14, 16, 17, 19, 28, 32, 34, 36, 39, 40, 41])
(90665, [32])
(90666, [32])
(90667, [0, 1, 2, 3, 7, 8, 18, 21, 23, 27, 32, 34])
(90668, [0, 1, 4, 7, 9, 32, 41])
(90669, [0, 1, 2, 3, 4, 7, 9, 11, 12, 16, 17, 18, 19, 21, 23, 32, 40, 42, 44])
(90670, [0, 1, 2, 3, 4, 5, 7, 8, 9, 11, 12, 13, 14, 15, 16, 17, 18, 19, 20, 22, 23, 24, 26, 28, 30, 31, 32, 35, 38, 41, 42, 43, 44])
(90671, [0, 1, 2, 3, 6, 7, 11, 16, 21, 23, 24, 26, 31, 32, 41, 43, 44])
(90672, [30, 31, 32])
(90673, [0, 2, 4, 6, 12, 13, 17, 18, 20, 31, 32, 33, 34])
(90674, [32, 34])
(90675, [1, 2, 3, 4, 8, 9, 12, 13, 14, 15, 16, 17, 19, 23, 24, 26, 31, 32, 33, 34, 35, 37, 41, 42, 43, 44])
(90676, [1, 2, 3, 5, 9, 11, 14, 23, 27, 31, 32, 33, 34, 39, 41, 43, 44])
(90677, [0, 1, 2, 3, 9, 12, 15, 17, 30, 31, 32, 33, 34, 41, 44])
(90678, [1, 2, 3, 4, 6, 8, 9, 10, 14, 15, 16, 17, 18, 19, 20, 23, 29, 30, 32, 33, 34, 43, 44])
(90679, [1, 9, 12, 32, 35, 41])
(90680, [23, 32, 43])
(90681, [0, 2, 3, 13, 19, 20, 31, 32, 36, 42, 44])
(90682, [21, 23, 31, 32, 33])
(90683, [2, 3, 9, 11, 13, 24, 32, 40, 41])
(90684, [0, 6, 23, 31, 32, 34, 41, 44])
(90685, [0, 1, 2, 3, 4, 6, 7, 9, 11, 12, 13, 15, 16, 17, 18, 19, 20, 23, 24, 26, 28, 29, 30, 31, 32, 33, 34, 35, 38, 41, 42, 43, 44])
(90686, [0, 1, 2, 3, 4, 8, 12, 13, 14, 16, 22, 23, 26, 28, 30, 32, 35, 41, 44])
(90687, [6, 9, 15, 19, 28, 31, 32, 33, 34, 40])
(90688, [0, 1, 2, 3, 15, 19, 26, 30, 31, 32, 34, 37, 39])
(90689, [0, 1, 2, 3, 4, 6, 30, 32, 33, 43])
(90690, [0, 1, 2, 3, 6, 9, 11, 13, 15, 16, 17, 19, 20, 24, 26, 31, 32, 33, 34, 41, 44])
(90691, [2, 11, 13, 14, 17, 24, 26, 28, 32, 33, 41, 44])
(90692, [32])
(90693, [1, 2, 7, 15, 27, 31, 32, 34])
(90694, [2, 8, 12, 32, 33])
(90695, [32])
(90696, [0, 3, 11, 21, 32, 37])
(90697, [2, 3, 4, 6, 8, 9, 11, 15, 16, 17, 19, 20, 23, 24, 26, 31, 32, 40, 41, 42, 43])
(90698, [0, 1, 2, 3, 4, 9, 10, 11, 12, 13, 16, 19, 20, 27, 30, 31, 32, 33, 34, 35, 36, 39, 41, 44])
(90699, [0, 1, 2, 4, 6, 9, 11, 12, 13, 20, 26, 30, 32, 33, 34, 41])
(90700, [1, 2, 32, 33])
(90701, [0, 1, 3, 11, 15, 18, 19, 23, 30, 31, 32, 34])
(90702, [1, 2, 3, 4, 9, 11, 12, 17, 20, 26, 31, 32, 44])
(90703, [0, 1, 2, 3, 4, 5, 6, 7, 8, 9, 10, 11, 12, 13, 14, 16, 18, 19, 20, 21, 22, 23, 24, 25, 26, 27, 28, 29, 30, 31, 33, 34, 35, 36, 37, 38, 39, 40, 41, 42, 43, 44])
(90704, [35, 37])
(90705, [19, 35, 43])
(90706, [2, 3, 4, 15, 18, 24, 26, 30, 31, 35, 41, 44])
(90707, [0, 1, 2, 3, 5, 7, 9, 11, 12, 15, 16, 18, 19, 20, 21, 22, 28, 29, 30, 34, 35, 37, 38, 42, 44])
(90708, [1, 3, 17, 18, 21, 22, 23, 31, 35, 41])
(90709, [23, 35])
(90710, [35])
(90711, [1, 2, 3, 4, 9, 11, 19, 21, 22, 23, 30, 31, 33, 34, 35, 41, 42, 44])
(90712, [4, 9, 15, 17, 35, 44])
(90713, [35])
(90714, [35])
(90715, [0, 6, 15, 23, 35, 41])
(90716, [8, 12, 15, 16, 18, 22, 23, 27, 35])
(90717, [1, 2, 3, 6, 7, 11, 13, 14, 18, 19, 21, 22, 33, 35, 39, 42, 44])
(90718, [35])
(90719, [35])
(90720, [0, 1, 3, 4, 10, 11, 12, 17, 19, 23, 26, 27, 28, 34, 35, 37, 40, 41, 42])
(90721, [0, 4, 5, 6, 7, 9, 12, 15, 16, 20, 23, 34, 35, 37])
(90722, [3, 10, 12, 26, 30, 35])
(90723, [35])
(90724, [0, 1, 3, 4, 6, 7, 11, 17, 18, 19, 23, 35, 39, 40, 44])
(90725, [35])
(90726, [35])
(90727, [35])
(90728, [1, 2, 3, 8, 14, 16, 18, 21, 23, 35, 42, 43, 44])
(90729, [1, 3, 12, 16, 18, 22, 35])
(90730, [35])
(90731, [0, 1, 2, 3, 4, 6, 7, 9, 11, 12, 13, 14, 17, 18, 19, 23, 24, 26, 30, 31, 33, 34, 35, 38, 40, 41, 42, 43, 44])
(90732, [0, 1, 12, 35])
(90733, [35])
(90734, [3, 4, 9, 11, 15, 19, 21, 24, 31, 34, 35, 43])
(90735, [35])
(90736, [0, 1, 2, 3, 5, 7, 9, 12, 15, 18, 19, 21, 23, 24, 29, 30, 31, 33, 34, 35, 37, 38, 39, 42, 44])
(90737, [35])
(90738, [35])
(90739, [35])
(90740, [0, 2, 3, 12, 14, 23, 26, 35, 39])
(90741, [1, 3, 5, 12, 35, 37])
(90742, [1, 4, 21, 35, 42, 43])
(90743, [35])
(90744, [1, 2, 3, 12, 16, 17, 23, 28, 31, 34, 35, 41, 43, 44])
(90745, [35])
(90746, [1, 3, 13, 16, 23, 35, 42, 43])
(90747, [1, 2, 3, 6, 7, 9, 10, 13, 14, 19, 21, 22, 33, 34, 35, 38, 44])
(90748, [35])
(90749, [0, 1, 2, 3, 6, 8, 9, 12, 16, 18, 19, 20, 21, 23, 27, 28, 29, 30, 33, 34, 35, 41, 44])
(90750, [8, 15, 18, 23, 35])
(90751, [35])
(90752, [2, 4, 12, 15, 17, 19, 30, 35, 36])
(90753, [31, 34])
(90754, [0, 1, 2, 3, 4, 6, 7, 9, 10, 11, 12, 13, 14, 15, 17, 19, 20, 22, 23, 24, 26, 27, 30, 31, 33, 34, 36, 40, 41, 42, 43, 44])
(90755, [7, 9, 11, 20, 23, 26, 31, 34, 43])
(90756, [2, 9, 21, 23, 24, 26, 34, 39, 41, 43])
(90757, [34])
(90758, [18, 19, 30, 31, 33, 34, 41, 43, 44])
(90759, [31, 34])
(90760, [34])
(90761, [1, 3, 6, 34])
(90762, [31, 33, 34])
(90763, [2, 3, 7, 34])
(90764, [34, 41])
(90765, [0, 1, 34])
(90766, [18, 34])
(90767, [1, 3, 5, 9, 11, 18, 20, 21, 22, 23, 34, 44])
(90768, [34])
(90769, [4, 7, 9, 12, 13, 18, 26, 34, 41, 43])
(90770, [0, 1, 5, 33, 34, 44])
(90771, [1, 2, 3, 4, 7, 11, 12, 14, 15, 18, 19, 20, 26, 30, 31, 34, 38, 39, 44])
(90772, [34])
(90773, [34])
(90774, [1, 2, 3, 16, 17, 18, 19, 21, 22, 26, 31, 34, 44])
(90775, [3, 33, 34])
(90776, [1, 2, 3, 5, 6, 8, 9, 12, 14, 15, 18, 19, 23, 34, 39, 43, 44])
(90777, [0, 5, 9, 12, 23, 31, 34])
(90778, [6, 34])
(90779, [0, 1, 4, 5, 9, 24, 29, 30, 34, 41])
(90780, [11, 19, 34])
(90781, [0, 1, 4, 7, 9, 12, 16, 20, 27, 34, 44])
(90782, [1, 2, 3, 7, 9, 11, 12, 13, 17, 19, 25, 34, 42, 44])
(90783, [1, 2, 3, 13, 15, 26, 33, 34])
(90784, [34])
(90785, [34])
(90786, [0, 1, 2, 3, 7, 9, 11, 12, 17, 19, 20, 21, 22, 30, 31, 33, 34, 40, 43, 44])
(90787, [34])
(90788, [0, 1, 3, 5, 8, 9, 10, 22, 23, 34])
(90789, [12, 34])
(90790, [34])
(90791, [6, 20, 24, 30, 33, 34])
(90792, [1, 2, 3, 4, 5, 6, 8, 9, 12, 15, 18, 19, 21, 23, 24, 26, 27, 28, 30, 31, 34, 43])
(90793, [16, 24, 34])
(90794, [34])
(90795, [0, 1, 2, 3, 4, 6, 9, 11, 12, 15, 16, 17, 19, 23, 24, 28, 34, 41, 43])
(90796, [0, 12, 34])
(90797, [2, 4, 6, 9, 10, 11, 15, 17, 19, 20, 23, 34, 43, 44])
(90798, [1, 18, 23, 33, 34])
(90799, [33, 34])
(90800, [34])
(90801, [34])
(90802, [14, 17, 34, 43])
(90803, [34])
(90804, [12, 16, 18, 19, 21, 23, 33])
(90805, [2, 3, 4, 9, 11, 12, 14, 21, 23, 26, 30, 31, 33, 43])
(90806, [1, 2, 3, 9, 11, 12, 16, 19, 22, 30, 31, 33, 41, 44])
(90807, [3, 8, 17, 18, 19, 27, 30, 31, 33, 44])
(90808, [1, 3, 8, 12, 19, 20, 21, 28, 29, 33])
(90809, [33])
(90810, [16, 23, 31, 33])
(90811, [33])
(90812, [1, 3, 4, 6, 15, 18, 19, 21, 22, 23, 30, 33, 44])
(90813, [9, 19, 21, 33])
(90814, [33])
(90815, [6, 19, 33, 38])
(90816, [9, 11, 15, 16, 26, 33])
(90817, [1, 2, 9, 12, 18, 19, 23, 26, 33, 43])
(90818, [33])
(90819, [33])
(90820, [24, 33])
(90821, [1, 2, 3, 12, 16, 18, 19, 21, 25, 33])
(90822, [33])
(90823, [33])
(90824, [0, 12, 33])
(90825, [33])
(90826, [2, 5, 9, 16, 33])
(90827, [2, 3, 4, 6, 11, 15, 23, 30, 33, 43, 44])
(90828, [0, 6, 33])
(90829, [3, 33])
(90830, [8, 21, 33])
(90831, [0, 6, 11, 18, 19, 26, 33])
(90832, [2, 16, 17, 19, 30, 33, 41, 43])
(90833, [2, 4, 6, 8, 9, 10, 12, 13, 14, 16, 17, 18, 23, 26, 30, 33, 40, 41, 43, 44])
(90834, [3, 20, 33])
(90835, [33])
(90836, [9, 11, 12, 18, 33, 43])
(90837, [0, 11, 33])
(90838, [0, 1, 3, 4, 9, 11, 12, 19, 29, 30, 33, 42, 44])
(90839, [0, 1, 2, 4, 12, 22, 26, 33])
(90840, [1, 18, 26, 30, 31, 33, 36, 44])
(90841, [33, 44])
(90842, [0, 1, 2, 4, 9, 11, 12, 13, 16, 17, 18, 20, 24, 26, 30, 33, 36, 42, 43, 44])
(90843, [33])
(90844, [1, 2, 3, 7, 8, 9, 11, 12, 15, 16, 18, 19, 21, 23, 24, 30, 31, 33])
(90845, [12, 31, 33])
(90846, [0, 1, 2, 3, 4, 11, 16, 18, 19, 21, 22, 23, 24, 31, 33, 38, 42, 43])
(90847, [1, 3, 4, 9, 16, 18, 19, 33, 41])
(90848, [3, 11, 21, 22, 26, 33])
(90849, [15, 18, 20, 29])
(90850, [1, 3, 20, 21])
(90851, [0, 1, 3, 7, 9, 19, 20, 21, 22, 37])
(90852, [20])
(90853, [1, 3, 6, 16, 20, 23])
(90854, [0, 1, 3, 4, 9, 13, 15, 17, 20, 23, 36])
(90855, [3, 15, 18, 20, 26, 30, 31])
(90856, [11, 20])
(90857, [0, 2, 13, 15, 20, 28, 31])
(90858, [0, 1, 2, 3, 11, 12, 17, 20, 25, 26, 37, 41])
(90859, [2, 3, 11, 17, 20, 26, 30, 31, 39, 41])
(90860, [2, 20])
(90861, [2, 3, 11, 20])
(90862, [0, 1, 2, 3, 9, 12, 20, 26])
(90863, [0, 3, 7, 9, 12, 20, 23])
(90864, [20])
(90865, [9, 20, 41, 43])
(90866, [1, 3, 11, 20, 21, 22, 30, 42])
(90867, [1, 20])
(90868, [20])
(90869, [0, 1, 2, 4, 6, 12, 14, 15, 19, 20, 22, 24, 26, 27, 31, 36, 38, 41, 44])
(90870, [8, 17, 20, 21])
(90871, [1, 3, 6, 7, 10, 20])
(90872, [0, 1, 2, 13, 14, 17, 18, 20, 26, 41])
(90873, [0, 1, 2, 3, 4, 14, 15, 20, 44])
(90874, [20])
(90875, [0, 20, 26])
(90876, [0, 20])
(90877, [0, 4, 20, 30, 36, 41])
(90878, [1, 2, 3, 11, 16, 20, 23, 43])
(90879, [1, 3, 20, 22])
(90880, [18, 43])
(90881, [18])
(90882, [18])
(90883, [18])
(90884, [1, 2, 8, 9, 18, 23, 30])
(90885, [17, 18])
(90886, [18, 23])
(90887, [18])
(90888, [1, 18, 23, 41])
(90889, [18])
(90890, [18, 30, 44])
(90891, [18])
(90892, [2, 9, 17, 18, 19])
(90893, [1, 12, 14, 18, 19, 44])
(90894, [18])
(90895, [18])
(90896, [2, 12, 14, 18, 26, 36, 40, 41])
(90897, [18, 23])
(90898, [18])
(90899, [10, 18, 31])
(90900, [15, 18, 24, 26])
(90901, [1, 18, 21])
(90902, [0, 2, 3, 9, 12, 15, 16, 18, 23, 40, 41])
(90903, [18])
(90904, [3, 4, 8, 9, 11, 18, 21, 22])
(90905, [18])
(90906, [18])
(90907, [18])
(90908, [18])
(90909, [15, 18])
(90910, [18])
(90911, [18])
(90912, [1, 3, 4, 6, 13, 15, 18, 21, 23, 26, 43])
(90913, [5, 15, 18, 23, 43])
(90914, [15, 18, 23])
(90915, [18])
(90916, [1, 3, 18, 23, 31])
(90917, [18])
(90918, [18, 26])
(90919, [0, 1, 3, 7, 10, 11, 13, 16, 18, 21, 23, 26, 41, 44])
(90920, [18])
(90921, [18])
(90922, [17, 18, 36])
(90923, [18])
(90924, [18])
(90925, [18])
(90926, [18])
(90927, [18])
(90928, [18])
(90929, [18])
(90930, [18, 43])
(90931, [18])
(90932, [18])
(90933, [18])
(90934, [0, 9, 12, 18])
(90935, [18])
(90936, [18])
(90937, [6, 18])
(90938, [18])
(90939, [18])
(90940, [18])
(90941, [18])
(90942, [18])
(90943, [0, 1, 12, 18])
(90944, [18, 23])
(90945, [12, 18])
(90946, [0, 15, 18, 26, 43])
(90947, [18])
(90948, [18, 23])
(90949, [18])
(90950, [15, 18])
(90951, [18, 23])
(90952, [18])
(90953, [18])
(90954, [18])
(90955, [18])
(90956, [3, 13, 18, 26, 27])
(90957, [18])
(90958, [18])
(90959, [18])
(90960, [18, 23])
(90961, [18])
(90962, [18])
(90963, [18])
(90964, [18])
(90965, [18])
(90966, [2, 12, 18])
(90967, [0, 3, 9, 18, 44])
(90968, [0, 1, 10, 12, 18, 41])
(90969, [18])
(90970, [3, 7, 12, 18, 21, 22, 36])
(90971, [18])
(90972, [18])
(90973, [18])
(90974, [3, 9, 11, 12, 18, 19, 21, 37])
(90975, [18])
(90976, [18])
(90977, [18])
(90978, [27])
(90979, [0, 2, 3, 8, 9, 10, 12, 15, 16, 26, 27, 41])
(90980, [1, 2, 3, 6, 14, 16, 17, 19, 22, 27, 38])
(90981, [0, 27])
(90982, [16, 27, 41, 43])
(90983, [27])
(90984, [27])
(90985, [27])
(90986, [27])
(90987, [27])
(90988, [27])
(90989, [27])
(90990, [9])
(90991, [9])
(90992, [9])
(90993, [9])
(90994, [9, 15])
(90995, [1, 3, 7, 9])
(90996, [9, 22])
(90997, [9])
(90998, [9])
(90999, [1, 2, 3, 9, 12, 16, 21])
(91000, [9, 21])
(91001, [9])
(91002, [9])
(91003, [1, 3, 9, 11, 21, 23, 26, 37])
(91004, [3, 6, 9, 38])
(91005, [3, 9, 11, 19, 30, 31])
(91006, [9])
(91007, [0, 9, 19])
(91008, [9])
(91009, [9])
(91010, [9])
(91011, [9])
(91012, [9])
(91013, [9])
(91014, [0, 2, 9, 15, 22, 39, 40])
(91015, [9])
(91016, [0, 1, 2, 3, 9, 14, 16, 23, 24, 43])
(91017, [2, 9, 10, 12])
(91018, [9])
(91019, [9])
(91020, [0, 9])
(91021, [9])
(91022, [2, 9, 15, 19])
(91023, [9])
(91024, [9])
(91025, [9])
(91026, [9])
(91027, [9])
(91028, [9])
(91029, [9])
(91030, [9])
(91031, [9])
(91032, [9])
(91033, [2, 9])
(91034, [9])
(91035, [9])
(91036, [9])
(91037, [9])
(91038, [9])
(91039, [0, 4, 7, 9, 11, 15, 26, 28, 41, 43])
(91040, [9])
(91041, [9])
(91042, [9])
(91043, [9])
(91044, [2, 5, 9, 10, 12, 19, 21, 28, 37, 38, 43])
(91045, [9])
(91046, [9])
(91047, [9])
(91048, [9, 43])
(91049, [3, 4, 9])
(91050, [9])
(91051, [9])
(91052, [9])
(91053, [9])
(91054, [9])
(91055, [0, 7, 9, 12, 15, 40, 41, 43])
(91056, [0])
(91057, [0])
(91058, [0, 12])
(91059, [0])
(91060, [0, 12, 41])
(91061, [0])
(91062, [0])
(91063, [0])
(91064, [0])
(91065, [0])
(91066, [0])
(91067, [0])
(91068, [0])
(91069, [0])
(91070, [0])
(91071, [0])
(91072, [0, 12])
(91073, [0])
(91074, [0])
(91075, [0])
(91076, [0])
(91077, [0])
(91078, [0])
(91079, [0])
(91080, [0])
(91081, [0, 12])
(91082, [0])
(91083, [0])
(91084, [0, 3])
(91085, [0])
(91086, [0])
(91087, [0])
(91088, [0])
(91089, [0])
(91090, [0])
(91091, [0, 12])
(91092, [0])
(91093, [0])
(91094, [0, 22])
(91095, [0])
(91096, [0])
(91097, [0])
(91098, [0])
(91099, [0, 12])
(91100, [0])
(91101, [0])
(91102, [0])
(91103, [0])
(91104, [0])
(91105, [0])
(91106, [0])
(91107, [0])
(91108, [0])
(91109, [0])
(91110, [0])
(91111, [0, 3])
(91112, [0])
(91113, [0, 26])
(91114, [0])
(91115, [0])
(91116, [0, 2])
(91117, [0])
(91118, [0])
(91119, [0])
(91120, [0])
(91121, [0, 12])
(91122, [0])
(91123, [0])
(91124, [0])
(91125, [0])
(91126, [0])
(91127, [0, 12, 15, 36, 44])
(91128, [0])
(91129, [0])
(91130, [0])
(91131, [0])
(91132, [0])
(91133, [0])
(91134, [0])
(91135, [0])
(91136, [0])
(91137, [0])
(91138, [0])
(91139, [0])
(91140, [0])
(91141, [0])
(91142, [0])
(91143, [0, 28])
(91144, [0])
(91145, [0])
(91146, [0])
(91147, [0, 2])
(91148, [0])
(91149, [0, 12])
(91150, [0])
(91151, [0, 2, 3, 10, 21, 26, 31, 43])
(91152, [0])
(91153, [0])
(91154, [0])
(91155, [0])
(91156, [0])
(91157, [0, 12])
(91158, [0])
(91159, [0])
(91160, [0])
(91161, [0])
(91162, [0])
(91163, [0])
(91164, [0, 4])
(91165, [0, 12])
(91166, [0])
(91167, [0])
(91168, [0])
(91169, [0])
(91170, [0])
(91171, [0])
(91172, [0])
(91173, [0])
(91174, [0])
(91175, [0, 12])
(91176, [0])
(91177, [0])
(91178, [0])
(91179, [0])
(91180, [0])
(91181, [0])
(91182, [0])
(91183, [0, 12])
(91184, [0])
(91185, [0])
(91186, [0])
(91187, [0])
(91188, [0])
(91189, [0])
(91190, [0])
(91191, [0])
(91192, [0])
(91193, [0, 3])
(91194, [0])
(91195, [0])
(91196, [0])
(91197, [0])
(91198, [0])
(91199, [0])
(91200, [0])
(91201, [0, 12, 23, 41])
(91202, [0])
(91203, [0])
(91204, [0])
(91205, [0, 1, 22])
(91206, [0])
(91207, [0])
(91208, [0])
(91209, [0])
(91210, [0])
(91211, [0, 2, 26])
(91212, [0])
(91213, [0])
(91214, [0])
(91215, [0])
(91216, [0])
(91217, [0])
(91218, [0])
(91219, [0])
(91220, [0])
(91221, [0])
(91222, [0])
(91223, [0])
(91224, [0])
(91225, [0])
(91226, [0])
(91227, [0])
(91228, [0])
(91229, [0])
(91230, [0])
(91231, [0])
(91232, [0])
(91233, [0])
(91234, [0, 3, 43])
(91235, [0])
(91236, [0])
(91237, [0])
(91238, [0])
(91239, [0])
(91240, [0])
(91241, [0])
(91242, [0, 1, 23, 39])
(91243, [0])
(91244, [0])
(91245, [0, 3, 7, 19])
(91246, [0, 1, 2, 3])
(91247, [0])
(91248, [0])
(91249, [0])
(91250, [0])
(91251, [0, 3, 24, 41, 44])
(91252, [0])
(91253, [0])
(91254, [0])
(91255, [0])
(91256, [0])
(91257, [0])
(91258, [0])
(91259, [0])
(91260, [0, 14, 15, 36])
(91261, [0])
(91262, [0])
(91263, [0])
(91264, [0])
(91265, [0])
(91266, [0])
(91267, [0])
(91268, [0])
(91269, [0, 12])
(91270, [0])
(91271, [0])
(91272, [0])
(91273, [0])
(91274, [0])
(91275, [0])
(91276, [0])
(91277, [0])
(91278, [0])
(91279, [0])
(91280, [0])
(91281, [0, 23])
(91282, [0])
(91283, [0])
(91284, [0])
(91285, [0])
(91286, [0])
(91287, [0])
(91288, [0])
(91289, [0])
(91290, [0])
(91291, [0])
(91292, [0])
(91293, [0, 14, 36])
(91294, [0])
(91295, [0])
(91296, [0])
(91297, [0])
(91298, [0])
(91299, [0])
(91300, [0])
(91301, [0])
(91302, [0])
(91303, [0, 3])
(91304, [0])
(91305, [0])
(91306, [0, 2, 6, 44])
(91307, [0])
(91308, [0])
(91309, [0])
(91310, [0])
(91311, [0])
(91312, [0, 36])
(91313, [0])
(91314, [0])
(91315, [0, 8, 16])
(91316, [0])
(91317, [0])
(91318, [0])
(91319, [0])
(91320, [0])
(91321, [0])
(91322, [0])
(91323, [0, 2, 12, 44])
(91324, [11])
(91325, [11])
(91326, [3, 11, 19])
(91327, [1, 11])
(91328, [11])
(91329, [11])
(91330, [11])
(91331, [3, 11])
(91332, [11, 26])
(91333, [11, 12])
(91334, [11])
(91335, [11])
(91336, [11])
(91337, [11])
(91338, [11, 31])
(91339, [2, 11])
(91340, [11])
(91341, [11])
(91342, [11])
(91343, [11])
(91344, [11])
(91345, [11])
(91346, [11])
(91347, [11])
(91348, [11])
(91349, [11])
(91350, [4, 7, 12, 14, 15, 36])
(91351, [7])
(91352, [3, 7, 12])
(91353, [7])
(91354, [7])
(91355, [7])
(91356, [1, 7, 16])
(91357, [1, 3, 7, 15, 23, 30, 39, 44])
(91358, [7, 12])
(91359, [4, 6, 7, 19, 23, 30, 31, 40])
(91360, [3, 7, 17, 24, 41])
(91361, [1, 3, 15, 29])
(91362, [29])
(91363, [1, 2, 3, 4, 15, 16, 17])
(91364, [16, 39])
(91365, [16])
(91366, [16])
(91367, [16])
(91368, [2, 13, 14, 15, 16, 17, 24, 26])
(91369, [1, 16, 17, 43])
(91370, [16, 23])
(91371, [16])
(91372, [10, 16, 24])
(91373, [16, 39, 40])
(91374, [16])
(91375, [16])
(91376, [16])
(91377, [16])
(91378, [16])
(91379, [1, 2, 12, 23, 42])
(91380, [6, 13, 42, 43])
(91381, [41, 42])
(91382, [1, 2, 3, 6, 17, 28, 43])
(91383, [2, 6, 31])
(91384, [6, 23])
(91385, [2, 4, 6, 15, 24])
(91386, [1, 3, 6, 15, 31])
(91387, [6])
(91388, [6])
(91389, [6])
(91390, [6])
(91391, [1, 6, 19, 23, 25])
(91392, [6])
(91393, [6])
(91394, [6])
(91395, [6])
(91396, [6])
(91397, [6])
(91398, [6, 15, 19, 26, 30, 41])
(91399, [6])
(91400, [6])
(91401, [2, 6, 44])
(91402, [6])
(91403, [6, 15, 40, 43])
(91404, [6])
(91405, [1, 6, 23])
(91406, [2, 6])
(91407, [2, 4, 6, 14, 15, 19, 40, 41, 43, 44])
(91408, [1, 6])
(91409, [17, 28])
(91410, [28])
(91411, [14, 26, 28, 43])
(91412, [28])
(91413, [28, 41])
(91414, [1, 3, 23, 26, 28, 41, 43])
(91415, [28])
(91416, [1, 12, 28])
(91417, [1, 3, 17])
(91418, [17])
(91419, [17])
(91420, [1, 17, 19])
(91421, [17])
(91422, [2, 14, 17, 40])
(91423, [3, 12, 17])
(91424, [17])
(91425, [17])
(91426, [3, 14, 17])
(91427, [17])
(91428, [17])
(91429, [17])
(91430, [17])
(91431, [12, 17])
(91432, [17])
(91433, [4, 17, 41])
(91434, [17])
(91435, [1])
(91436, [1, 21])
(91437, [1, 22])
(91438, [1])
(91439, [1, 3, 8, 15, 21, 23])
(91440, [1, 2, 3, 4, 10])
(91441, [1, 3, 41])
(91442, [1, 2, 3, 19, 30, 44])
(91443, [1])
(91444, [1, 3])
(91445, [1])
(91446, [1])
(91447, [1, 21, 44])
(91448, [1])
(91449, [1, 3, 21])
(91450, [1])
(91451, [1, 13, 26])
(91452, [1])
(91453, [1, 44])
(91454, [1, 3])
(91455, [1])
(91456, [1, 22, 25])
(91457, [1, 3])
(91458, [1, 3])
(91459, [1])
(91460, [1, 12, 24, 26])
(91461, [1, 3])
(91462, [1, 2, 3, 40])
(91463, [1])
(91464, [1, 10, 21])
(91465, [1])
(91466, [1, 3, 12, 21, 44])
(91467, [1])
(91468, [10])
(91469, [10])
(91470, [10])
(91471, [10])
(91472, [10, 41])
(91473, [10, 12, 15, 26, 31, 43])
(91474, [10])
(91475, [10])
(91476, [10])
(91477, [10])
(91478, [2, 10])
(91479, [19, 43])
(91480, [4, 14, 19])
(91481, [19])
(91482, [19])
(91483, [19])
(91484, [19])
(91485, [19, 21, 30, 40])
(91486, [19])
(91487, [12, 19])
(91488, [2, 19])
(91489, [12, 19, 22])
(91490, [2, 12, 19, 23])
(91491, [3, 19])
(91492, [19])
(91493, [19])
(91494, [19])
(91495, [19])
(91496, [19])
(91497, [19])
(91498, [19])
(91499, [19])
(91500, [19])
(91501, [2, 19, 31])
(91502, [19])
(91503, [26])
(91504, [26])
(91505, [26])
(91506, [26])
(91507, [12, 21, 26])
(91508, [2, 3, 26])
(91509, [26])
(91510, [26])
(91511, [21, 26])
(91512, [3, 21, 26, 39])
(91513, [26])
(91514, [2, 26])
(91515, [2, 26, 41])
(91516, [13, 26])
(91517, [26])
(91518, [26, 39])
(91519, [26])
(91520, [26])
(91521, [26])
(91522, [12, 26])
(91523, [26])
(91524, [26])
(91525, [23, 26, 30, 43])
(91526, [26])
(91527, [26])
(91528, [26, 30, 41])
(91529, [26])
(91530, [26])
(91531, [26])
(91532, [26])
(91533, [15, 26, 30])
(91534, [26])
(91535, [4, 8, 23])
(91536, [8])
(91537, [3, 8, 39])
(91538, [8, 23])
(91539, [8])
(91540, [8])
(91541, [8])
(91542, [8])
(91543, [8])
(91544, [2, 8, 31])
(91545, [8])
(91546, [8])
(91547, [8])
(91548, [8])
(91549, [8])
(91550, [8])
(91551, [8, 37])
(91552, [8])
(91553, [8])
(91554, [21])
(91555, [21])
(91556, [21])
(91557, [21])
(91558, [21])
(91559, [21])
(91560, [21])
(91561, [2, 21])
(91562, [21])
(91563, [21])
(91564, [21])
(91565, [21])
(91566, [15, 21])
(91567, [21])
(91568, [21])
(91569, [21])
(91570, [21])
(91571, [21])
(91572, [21])
(91573, [21])
(91574, [21])
(91575, [21])
(91576, [21])
(91577, [21])
(91578, [21])
(91579, [21])
(91580, [21])
(91581, [21])
(91582, [21])
(91583, [21])
(91584, [21, 41])
(91585, [21])
(91586, [44])
(91587, [44])
(91588, [2, 44])
(91589, [13, 41, 44])
(91590, [44])
(91591, [44])
(91592, [3, 44])
(91593, [2, 31, 44])
(91594, [44])
(91595, [3, 23, 44])
(91596, [44])
(91597, [44])
(91598, [44])
(91599, [2, 44])
(91600, [43])
(91601, [43])
(91602, [43])
(91603, [43])
(91604, [43])
(91605, [43])
(91606, [43])
(91607, [43])
(91608, [43])
(91609, [43])
(91610, [43])
(91611, [43])
(91612, [43])
(91613, [43])
(91614, [43])
(91615, [43])
(91616, [43])
(91617, [23, 43])
(91618, [43])
(91619, [43])
(91620, [43])
(91621, [43])
(91622, [43])
(91623, [43])
(91624, [43])
(91625, [43])
(91626, [43])
(91627, [43])
(91628, [43])
(91629, [43])
(91630, [36])
(91631, [36])
(91632, [36])
(91633, [36])
(91634, [36])
(91635, [36])
(91636, [36])
(91637, [36])
(91638, [2, 14, 36])
(91639, [36])
(91640, [36])
(91641, [36])
(91642, [36])
(91643, [36])
(91644, [36])
(91645, [36])
(91646, [36])
(91647, [36])
(91648, [36, 41])
(91649, [36])
(91650, [36])
(91651, [36])
(91652, [36])
(91653, [36])
(91654, [2, 36])
(91655, [36])
(91656, [36])
(91657, [36])
(91658, [36])
(91659, [36])
(91660, [14, 36])
(91661, [31])
(91662, [31])
(91663, [31])
(91664, [31])
(91665, [3, 31])
(91666, [31])
(91667, [31])
(91668, [31])
(91669, [31])
(91670, [31])
(91671, [30])
(91672, [30])
(91673, [30])
(91674, [30])
(91675, [30])
(91676, [30])
(91677, [30])
(91678, [3, 4, 30])
(91679, [37])
(91680, [39])
(91681, [39])
(91682, [39])
(91683, [4, 24, 39])
(91684, [39])
(91685, [39])
(91686, [39])
(91687, [39])
(91688, [41])
(91689, [41])
(91690, [2, 41])
(91691, [41])
(91692, [41])
(91693, [41])
(91694, [41])
(91695, [15, 41])
(91696, [41])
(91697, [2, 41])
(91698, [41])
(91699, [22, 41])
(91700, [2, 41])
(91701, [41])
(91702, [41])
(91703, [41])
(91704, [12, 41])
(91705, [3, 14, 24, 41])
(91706, [41])
(91707, [41])
(91708, [41])
(91709, [24])
(91710, [24])
(91711, [24])
(91712, [15, 23, 24, 25])
(91713, [4, 12, 24])
(91714, [23])
(91715, [23])
(91716, [23])
(91717, [23])
(91718, [23])
(91719, [23])
(91720, [23])
(91721, [23])
(91722, [23])
(91723, [23])
(91724, [23])
(91725, [23])
(91726, [23])
(91727, [23])
(91728, [23])
(91729, [23])
(91730, [23])
(91731, [23])
(91732, [3, 23])
(91733, [23])
(91734, [23])
(91735, [23])
(91736, [23])
(91737, [23])
(91738, [23])
(91739, [23])
(91740, [23])
(91741, [23])
(91742, [23])
(91743, [23])
(91744, [23])
(91745, [23])
(91746, [23])
(91747, [23])
(91748, [23])
(91749, [23])
(91750, [23])
(91751, [23])
(91752, [23])
(91753, [23])
(91754, [23])
(91755, [23])
(91756, [23])
(91757, [12, 23])
(91758, [23])
(91759, [23])
(91760, [4])
(91761, [4])
(91762, [4, 14])
(91763, [4])
(91764, [4])
(91765, [4])
(91766, [4])
(91767, [2, 4])
(91768, [4])
(91769, [4])
(91770, [4])
(91771, [4])
(91772, [4])
(91773, [4])
(91774, [4])
(91775, [4])
(91776, [4])
(91777, [2, 4])
(91778, [4])
(91779, [4])
(91780, [4])
(91781, [4])
(91782, [15])
(91783, [15])
(91784, [15])
(91785, [15])
(91786, [15])
(91787, [15])
(91788, [15])
(91789, [15])
(91790, [15])
(91791, [15])
(91792, [15])
(91793, [15])
(91794, [15])
(91795, [15])
(91796, [15])
(91797, [15])
(91798, [3])
(91799, [3])
(91800, [3])
(91801, [3])
(91802, [3])
(91803, [3])
(91804, [3])
(91805, [3])
(91806, [3])
(91807, [3])
(91808, [3, 12])
(91809, [3])
(91810, [3])
(91811, [3])
(91812, [3])
(91813, [3])
(91814, [3])
(91815, [3])
(91816, [3])
(91817, [3, 12])
(91818, [3])
(91819, [3])
(91820, [3])
(91821, [3])
(91822, [3])
(91823, [3])
(91824, [12])
(91825, [12])
(91826, [12])
(91827, [12])
(91828, [12])
(91829, [12])
(91830, [12])
(91831, [12])
(91832, [12])
(91833, [12])
(91834, [12])
(91835, [12])
(91836, [12])
(91837, [12])
(91838, [12])
(91839, [12])
(91840, [2, 12])
(91841, [12])
(91842, [12])
(91843, [12])
(91844, [12])
(91845, [12])
(91846, [12])
(91847, [12])
(91848, [12])
(91849, [12])
(91850, [12])
(91851, [12])
(91852, [12])
(91853, [12])
(91854, [12])
(91855, [12])
(91856, [12])
(91857, [12])
(91858, [12])
(91859, [12])
(91860, [12])
(91861, [12])
(91862, [12])
(91863, [12])
(91864, [12])
(91865, [12])
(91866, [12])
(91867, [12])
(91868, [12])
(91869, [12])
(91870, [12])
(91871, [12])
(91872, [12])
(91873, [12])
(91874, [12])
(91875, [12])
(91876, [12])
(91877, [12])
(91878, [12])
(91879, [12])
(91880, [12])
(91881, [12])
(91882, [12])
(91883, [12])
(91884, [12])
(91885, [12])
(91886, [12])
(91887, [12])
(91888, [12])
(91889, [12])
(91890, [12])
(91891, [12])
(91892, [12])
(91893, [12])
(91894, [12])
(91895, [40])
(91896, [2])
(91897, [2])
(91898, [2])
(91899, [2])
(91900, [2])
(91901, [2])
(91902, [2])
(91903, [2])
(91904, [2])
(91905, [2])
(91906, [2])
(91907, [2])
(91908, [2])
(91909, [2])
(91910, [2])
(91911, [2])
(91912, [2])
(91913, [2])
(91914, [2])
(91915, [2])
(91916, [2])
(91917, [2])
(91918, [2])
(91919, [2])
(91920, [2])
(91921, [2])
(91922, [2])
(91923, [2])
(91924, [2])
(91925, [2])
(91926, [2])
(91927, [2])
(91928, [2])
(91929, [2])
(91930, [2])
(91931, [2, 22])
(91932, [2])
(91933, [2])
(91934, [2])
(91935, [2])
(91936, [2])
(91937, [2])
(91938, [2])
(91939, [2])
(91940, [2])
(91941, [2])
(91942, [2])
(91943, [2])
(91944, [2])
(91945, [2])
(91946, [2])
(91947, [2])
(91948, [2])
(91949, [2])
(91950, [2])
(91951, [2])
(91952, [2])
(91953, [2])
(91954, [2])
(91955, [2])
(91956, [2])
(91957, [2])
(91958, [2])
(91959, [2])
(91960, [2])
(91961, [2])
(91962, [2])
(91963, [2])
(91964, [2])
(91965, [2])
(91966, [2])
(91967, [2])
(91968, [2])
(91969, [2])
(91970, [2])
(91971, [2])
(91972, [2])
(91973, [13])
(91974, [13])
(91975, [13])
(91976, [13])
(91977, [5])
(91978, [5])
(91979, [5])
(91980, [5])
(91981, [5])
(91982, [5])
(91983, [5])
(91984, [5])
(91985, [5])
(91986, [5])
(91987, [14])
(91988, [14])
(91989, [14])
(91990, [14])
(91991, [14])
(91992, [14])
(91993, [14])
(91994, [14])
(91995, [14])
(91996, [14])
(91997, [14])
(91998, [14])
(91999, [14])
(92000, [14])
(92001, [22])
(92002, [22])
(92003, [22])
(92004, [22])
(92005, [22])
(92006, [22])
(92007, [22])
(92008, [22])
(92009, [22])
(92010, [22])
(92011, [22])
