(1343, [0, 1, 2, 3, 4, 5, 6, 7, 8, 9, 10, 11, 12, 13, 14, 15, 16, 17, 18, 19, 20, 21, 22, 23, 24, 25, 26, 27, 28, 29, 30, 31, 32, 33, 34, 35, 36, 37, 38, 39, 40, 41, 42, 43, 44])
(1344, [0, 1, 2, 3, 4, 5, 6, 7, 8, 9, 10, 11, 12, 13, 14, 15, 16, 17, 18, 19, 20, 21, 22, 23, 24, 25, 26, 27, 28, 29, 30, 31, 32, 33, 34, 35, 36, 37, 38, 39, 40, 41, 42, 43, 44])
(1345, [0, 1, 2, 3, 4, 5, 6, 7, 8, 9, 10, 11, 12, 13, 14, 15, 16, 17, 18, 19, 20, 21, 22, 23, 24, 25, 26, 27, 28, 29, 30, 31, 32, 33, 34, 35, 36, 37, 38, 39, 40, 41, 42, 43, 44])
(1346, [0, 1, 2, 3, 4, 5, 6, 7, 8, 9, 10, 11, 12, 13, 14, 15, 16, 17, 18, 19, 20, 21, 22, 23, 24, 25, 26, 27, 28, 29, 30, 31, 32, 33, 34, 35, 37, 39, 40, 41, 42, 43, 44])
(1347, [0, 1, 2, 3, 4, 5, 6, 7, 8, 9, 10, 11, 12, 13, 14, 15, 16, 17, 18, 19, 20, 21, 22, 23, 24, 25, 26, 27, 28, 29, 30, 31, 32, 33, 34, 35, 36, 37, 38, 39, 40, 41, 42, 43, 44])
(1348, [0, 1, 2, 3, 4, 5, 6, 7, 8, 9, 10, 11, 12, 13, 14, 15, 16, 17, 18, 19, 20, 21, 22, 23, 24, 25, 26, 27, 28, 29, 30, 31, 32, 33, 34, 35, 36, 37, 38, 39, 40, 41, 42, 43, 44])
(1349, [0, 1, 2, 3, 4, 5, 6, 7, 8, 9, 10, 11, 12, 13, 14, 15, 16, 17, 18, 19, 20, 21, 22, 23, 24, 25, 26, 27, 28, 29, 30, 31, 32, 33, 34, 35, 36, 37, 38, 39, 40, 41, 42, 43, 44])
(1350, [1, 3, 12, 30, 32, 33, 34, 42])
(1351, [0, 1, 3, 4, 9, 11, 22, 23, 25, 26, 31, 32, 33, 34, 39, 41, 44])
(1352, [1, 3, 7, 10, 11, 12, 19, 28, 32, 39, 41])
(1353, [32])
(1354, [1, 2, 3, 4, 6, 7, 8, 9, 10, 11, 12, 13, 14, 15, 16, 17, 19, 20, 22, 23, 24, 25, 26, 27, 30, 31, 32, 33, 34, 35, 36, 38, 39, 40, 41, 43, 44])
(1355, [0, 1, 2, 3, 4, 5, 6, 7, 8, 9, 10, 11, 12, 13, 14, 15, 16, 17, 18, 19, 20, 21, 22, 23, 24, 25, 26, 27, 28, 29, 30, 31, 32, 33, 34, 35, 36, 37, 38, 39, 40, 41, 42, 43, 44])
(1356, [11, 12, 24, 27, 30, 32, 34])
(1357, [0, 1, 2, 3, 4, 5, 6, 7, 8, 9, 10, 11, 12, 13, 14, 15, 16, 17, 18, 19, 20, 21, 22, 23, 24, 25, 26, 27, 28, 30, 31, 32, 33, 34, 35, 36, 37, 38, 39, 40, 41, 42, 43, 44])
(1358, [0, 1, 2, 3, 4, 5, 6, 7, 8, 9, 10, 11, 12, 13, 14, 15, 16, 17, 18, 19, 20, 21, 22, 23, 24, 25, 26, 27, 28, 29, 30, 31, 32, 33, 34, 35, 36, 38, 39, 40, 41, 42, 43, 44])
(1359, [1, 2, 3, 7, 9, 11, 12, 13, 14, 15, 19, 20, 21, 22, 26, 27, 29, 31, 32, 34, 38, 42, 44])
(1360, [0, 1, 2, 3, 7, 12, 15, 17, 18, 26, 30, 32, 33, 40, 43])
(1361, [1, 3, 11, 19, 24, 26, 30, 32, 33, 40, 43, 44])
(1362, [1, 2, 8, 19, 20, 26, 32])
(1363, [1, 2, 4, 22, 32, 33, 37])
(1364, [1, 2, 15, 19, 22, 24, 26, 31, 32, 34, 35, 41])
(1365, [1, 2, 3, 6, 7, 11, 12, 15, 16, 17, 18, 19, 20, 21, 23, 24, 29, 30, 31, 32, 33, 34, 35, 36, 38, 41, 42, 43, 44])
(1366, [15, 18, 19, 30, 31, 32, 33])
(1367, [0, 6, 8, 9, 11, 18, 19, 30, 32, 33, 34, 42, 44])
(1368, [0, 1, 2, 3, 9, 11, 14, 15, 17, 20, 26, 32, 44])
(1369, [0, 1, 2, 3, 4, 5, 6, 7, 9, 10, 11, 12, 13, 14, 15, 16, 17, 18, 19, 20, 21, 22, 23, 24, 25, 26, 27, 28, 30, 31, 32, 33, 34, 35, 36, 38, 39, 40, 41, 42, 43, 44])
(1370, [0, 1, 2, 3, 4, 6, 7, 9, 11, 12, 13, 14, 15, 16, 17, 18, 19, 20, 21, 22, 23, 24, 25, 26, 27, 28, 29, 30, 31, 32, 33, 34, 35, 36, 39, 40, 41, 42, 43, 44])
(1371, [0, 3, 9, 11, 12, 15, 19, 23, 30, 32, 33, 40])
(1372, [0, 1, 2, 3, 4, 6, 7, 8, 9, 11, 12, 15, 16, 18, 19, 20, 21, 22, 23, 26, 27, 30, 31, 32, 33, 37, 38, 39, 41, 42, 43, 44])
(1373, [0, 1, 2, 3, 4, 5, 6, 8, 9, 10, 11, 12, 13, 14, 15, 16, 17, 18, 19, 20, 21, 22, 23, 24, 26, 28, 30, 31, 32, 33, 34, 35, 36, 39, 40, 41, 42, 43, 44])
(1374, [1, 2, 3, 11, 13, 15, 17, 18, 19, 20, 21, 22, 24, 26, 31, 32, 33, 44])
(1375, [0, 1, 2, 3, 4, 5, 6, 7, 8, 9, 11, 13, 15, 16, 17, 18, 19, 20, 21, 22, 23, 24, 26, 29, 30, 31, 32, 33, 34, 35, 38, 39, 40, 41, 43, 44])
(1376, [1, 2, 3, 4, 6, 7, 9, 11, 12, 15, 17, 18, 19, 20, 22, 23, 24, 26, 30, 31, 32, 34, 35, 43])
(1377, [0, 1, 2, 3, 4, 9, 11, 15, 18, 19, 21, 22, 23, 31, 32, 40, 43, 44])
(1378, [2, 9, 11, 24, 26, 32, 33, 34, 44])
(1379, [2, 3, 4, 11, 17, 26, 30, 31, 32, 34, 41, 44])
(1380, [0, 1, 2, 3, 4, 6, 7, 8, 9, 11, 12, 13, 14, 15, 16, 17, 18, 19, 22, 23, 26, 30, 32, 33, 34, 36, 39, 40, 41, 42, 43, 44])
(1381, [1, 2, 3, 4, 6, 7, 9, 11, 12, 15, 16, 17, 19, 20, 24, 26, 32, 41, 42, 43, 44])
(1382, [1, 2, 3, 4, 6, 7, 8, 9, 11, 15, 16, 17, 18, 19, 20, 21, 22, 23, 26, 29, 30, 31, 32, 33, 34, 35, 40, 41, 44])
(1383, [1, 2, 3, 4, 9, 11, 12, 15, 16, 17, 18, 19, 23, 26, 30, 31, 32, 33, 34, 38, 43, 44])
(1384, [1, 2, 3, 6, 7, 12, 13, 19, 21, 26, 30, 31, 32, 33, 34, 35, 40])
(1385, [1, 3, 6, 12, 22, 27, 32, 34, 44])
(1386, [0, 1, 2, 3, 4, 6, 7, 8, 9, 10, 11, 12, 13, 14, 15, 16, 17, 18, 19, 20, 21, 22, 23, 24, 25, 26, 27, 28, 29, 30, 31, 32, 33, 34, 35, 36, 39, 40, 41, 42, 43, 44])
(1387, [1, 2, 3, 4, 5, 8, 9, 11, 12, 13, 14, 15, 16, 17, 18, 19, 21, 22, 23, 27, 30, 31, 32, 33, 39, 40, 41, 42, 43, 44])
(1388, [0, 2, 6, 9, 11, 12, 13, 14, 15, 16, 17, 19, 20, 21, 24, 28, 30, 31, 32, 34, 41, 43])
(1389, [6, 14, 17, 32, 43])
(1390, [23, 32])
(1391, [1, 2, 3, 4, 6, 19, 20, 23, 24, 26, 30, 32, 33, 34, 36, 39, 41, 44])
(1392, [0, 1, 2, 3, 4, 6, 7, 9, 11, 12, 13, 15, 17, 18, 20, 21, 22, 23, 24, 28, 29, 30, 31, 32, 33, 35, 39, 40, 41, 42, 43, 44])
(1393, [0, 1, 2, 3, 4, 6, 7, 9, 10, 11, 12, 13, 14, 15, 16, 17, 18, 19, 23, 24, 26, 27, 28, 30, 31, 32, 33, 34, 35, 36, 40, 41, 43, 44])
(1394, [0, 1, 3, 9, 11, 17, 18, 19, 21, 23, 31, 32, 41, 44])
(1395, [30, 32, 33])
(1396, [0, 1, 2, 3, 4, 5, 6, 9, 10, 11, 12, 13, 14, 15, 16, 17, 18, 19, 22, 23, 24, 25, 26, 27, 28, 29, 30, 31, 32, 33, 34, 35, 36, 38, 41, 42, 43, 44])
(1397, [1, 2, 3, 4, 6, 8, 9, 11, 12, 13, 15, 18, 19, 21, 22, 23, 25, 26, 30, 31, 32, 34, 35, 36, 37, 39, 40, 41, 43, 44])
(1398, [0, 1, 2, 3, 4, 5, 6, 8, 9, 10, 11, 12, 13, 14, 15, 16, 17, 18, 19, 20, 22, 24, 25, 26, 28, 29, 30, 31, 32, 33, 34, 35, 37, 40, 41, 43, 44])
(1399, [1, 3, 11, 15, 32, 34, 43, 44])
(1400, [15, 30, 32])
(1401, [2, 3, 9, 12, 14, 15, 18, 23, 28, 32, 33, 34, 43])
(1402, [3, 9, 11, 24, 26, 32])
(1403, [1, 2, 3, 5, 6, 8, 10, 12, 14, 15, 17, 18, 19, 20, 21, 24, 26, 28, 31, 32, 33, 34, 35, 37, 38])
(1404, [2, 3, 4, 6, 7, 8, 9, 10, 11, 12, 13, 15, 16, 18, 19, 20, 21, 23, 27, 32, 33, 38, 40, 41, 42, 43])
(1405, [0, 1, 2, 3, 4, 6, 14, 16, 17, 18, 19, 26, 27, 30, 32, 33, 34, 36, 39, 40, 41])
(1406, [1, 3, 6, 9, 12, 20, 26, 28, 32])
(1407, [2, 4, 12, 14, 23, 24, 27, 32])
(1408, [1, 7, 18, 21, 32])
(1409, [4, 13, 21, 22, 30, 32])
(1410, [0, 1, 2, 3, 4, 8, 9, 11, 12, 15, 17, 21, 22, 23, 24, 25, 26, 29, 30, 31, 32, 33, 34, 35, 41, 44])
(1411, [2, 15, 32])
(1412, [0, 1, 2, 3, 4, 6, 8, 9, 11, 12, 13, 14, 15, 17, 18, 19, 20, 23, 24, 26, 27, 30, 31, 32, 33, 34, 36, 40, 41, 43, 44])
(1413, [0, 1, 3, 4, 7, 9, 10, 11, 12, 13, 14, 16, 17, 18, 19, 21, 22, 23, 24, 25, 26, 30, 31, 32, 33, 34, 35, 37, 38, 39, 41, 43, 44])
(1414, [0, 1, 2, 3, 4, 6, 9, 11, 12, 13, 14, 15, 16, 17, 20, 21, 24, 26, 31, 32, 33, 41, 43, 44])
(1415, [0, 4, 11, 13, 18, 30, 31, 32, 33, 34])
(1416, [2, 9, 13, 14, 19, 23, 24, 32, 34, 41, 43])
(1417, [1, 3, 4, 5, 8, 11, 12, 16, 18, 21, 22, 23, 29, 30, 31, 32, 33, 34, 35, 37, 38, 41, 43, 44])
(1418, [1, 2, 3, 4, 11, 14, 15, 17, 18, 19, 22, 24, 30, 31, 32, 34, 36, 40, 41, 42, 43, 44])
(1419, [32])
(1420, [1, 3, 9, 10, 15, 22, 30, 31, 32, 34, 40, 41])
(1421, [32])
(1422, [0, 1, 3, 5, 9, 11, 12, 18, 19, 21, 22, 23, 32, 33])
(1423, [0, 1, 3, 6, 9, 11, 14, 18, 19, 23, 30, 32, 38])
(1424, [0, 1, 2, 6, 12, 17, 18, 20, 24, 26, 30, 31, 32, 33, 41, 42, 44])
(1425, [0, 1, 2, 3, 5, 6, 12, 15, 20, 23, 26, 31, 32, 34, 41, 43])
(1426, [1, 2, 4, 9, 12, 13, 18, 31, 32, 34, 42, 44])
(1427, [3, 32])
(1428, [0, 1, 3, 6, 9, 18, 19, 24, 26, 30, 31, 32, 34, 40, 41, 43, 44])
(1429, [32, 33])
(1430, [1, 2, 3, 11, 17, 19, 30, 32, 35, 44])
(1431, [32])
(1432, [1, 2, 3, 7, 9, 10, 11, 12, 15, 17, 18, 19, 20, 22, 24, 26, 29, 30, 31, 32, 33, 34, 40, 42, 44])
(1433, [32])
(1434, [4, 32, 33, 34, 44])
(1435, [1, 2, 3, 4, 11, 15, 19, 20, 21, 23, 26, 30, 31, 32, 33, 34, 40, 41, 43, 44])
(1436, [1, 2, 3, 4, 7, 8, 9, 10, 11, 12, 13, 15, 16, 17, 18, 19, 20, 23, 24, 30, 32, 33, 34, 42, 43, 44])
(1437, [2, 9, 32])
(1438, [1, 2, 3, 4, 6, 7, 9, 11, 12, 13, 14, 15, 16, 17, 18, 19, 20, 21, 23, 24, 25, 26, 28, 30, 31, 32, 33, 34, 40, 41, 42, 43, 44])
(1439, [1, 2, 9, 11, 31, 32])
(1440, [1, 2, 3, 4, 7, 9, 10, 11, 12, 16, 17, 18, 19, 20, 23, 24, 26, 28, 30, 31, 32, 34, 36, 41, 44])
(1441, [2, 11, 17, 30, 32])
(1442, [1, 2, 9, 12, 17, 32, 41])
(1443, [0, 1, 3, 12, 19, 22, 32, 38])
(1444, [11, 32])
(1445, [32])
(1446, [0, 2, 3, 4, 6, 7, 9, 12, 18, 21, 23, 26, 32, 34, 35, 43, 44])
(1447, [0, 3, 4, 23, 31, 32, 44])
(1448, [2, 14, 19, 32, 34])
(1449, [32])
(1450, [1, 2, 3, 6, 9, 11, 12, 16, 19, 20, 21, 23, 25, 31, 34, 35, 37, 38, 41, 43, 44])
(1451, [2, 15, 17, 18, 19, 21, 23, 24, 35, 43, 44])
(1452, [0, 1, 2, 3, 5, 7, 8, 9, 11, 12, 18, 19, 21, 22, 23, 29, 30, 31, 33, 34, 35, 36, 37, 41, 44])
(1453, [0, 1, 2, 3, 4, 5, 6, 7, 8, 9, 10, 11, 12, 13, 14, 15, 16, 17, 18, 19, 20, 21, 22, 23, 24, 26, 29, 30, 31, 33, 35, 36, 37, 39, 40, 44])
(1454, [0, 1, 2, 3, 5, 6, 9, 11, 12, 16, 18, 19, 20, 21, 23, 27, 35, 37, 38, 40, 41, 42, 44])
(1455, [4, 18, 19, 21, 22, 29, 35, 36, 43])
(1456, [2, 7, 8, 12, 14, 16, 19, 21, 23, 27, 31, 35, 41])
(1457, [1, 3, 8, 18, 19, 21, 34, 35])
(1458, [35])
(1459, [0, 1, 3, 7, 8, 9, 10, 11, 16, 18, 19, 20, 26, 31, 33, 35, 37, 41, 42, 43, 44])
(1460, [35])
(1461, [35])
(1462, [1, 2, 3, 4, 6, 9, 16, 18, 19, 21, 22, 23, 30, 31, 35, 39, 40, 43, 44])
(1463, [35, 37])
(1464, [0, 1, 2, 3, 4, 6, 7, 11, 12, 15, 16, 17, 18, 19, 20, 23, 26, 28, 33, 34, 35, 39, 43, 44])
(1465, [1, 2, 3, 6, 9, 11, 19, 20, 23, 26, 27, 28, 34, 35, 38, 42, 43, 44])
(1466, [0, 1, 2, 3, 4, 7, 11, 12, 19, 20, 21, 23, 24, 26, 28, 33, 35, 41, 42, 44])
(1467, [35])
(1468, [1, 2, 3, 11, 13, 18, 24, 26, 35, 42])
(1469, [1, 3, 5, 7, 8, 12, 16, 18, 19, 20, 21, 23, 26, 29, 33, 34, 35, 39, 43, 44])
(1470, [1, 3, 5, 6, 23, 35, 37, 42])
(1471, [1, 2, 3, 8, 9, 11, 12, 14, 20, 23, 30, 33, 34, 35, 44])
(1472, [0, 18, 29, 33, 35, 39, 43, 44])
(1473, [0, 2, 3, 4, 6, 11, 12, 14, 15, 19, 23, 24, 26, 27, 30, 34, 35, 41, 42, 43])
(1474, [35])
(1475, [3, 9, 13, 18, 26, 35, 44])
(1476, [2, 9, 19, 26, 31, 34, 35, 40, 43])
(1477, [4, 9, 15, 17, 18, 20, 23, 26, 34, 35])
(1478, [1, 2, 3, 7, 9, 12, 13, 20, 35, 41])
(1479, [35])
(1480, [35])
(1481, [0, 10, 11, 12, 18, 23, 30, 35])
(1482, [35])
(1483, [35])
(1484, [15, 26, 33, 35])
(1485, [35])
(1486, [35])
(1487, [0, 1, 18, 19, 23, 33, 35])
(1488, [35])
(1489, [1, 2, 15, 19, 35])
(1490, [1, 8, 35, 39, 41])
(1491, [19, 35])
(1492, [4, 15, 22, 35])
(1493, [1, 3, 4, 35])
(1494, [35])
(1495, [9, 26, 30, 35, 43])
(1496, [19, 34, 41])
(1497, [34])
(1498, [5, 23, 34])
(1499, [34])
(1500, [1, 3, 4, 5, 6, 7, 9, 11, 12, 13, 15, 17, 18, 19, 20, 22, 24, 31, 33, 34, 41, 42])
(1501, [34])
(1502, [1, 12, 34])
(1503, [1, 2, 3, 7, 8, 9, 11, 12, 13, 14, 15, 18, 23, 24, 26, 30, 31, 34, 37, 40, 41, 42])
(1504, [31, 34])
(1505, [1, 2, 3, 4, 5, 6, 7, 8, 11, 18, 19, 24, 26, 27, 31, 33, 34, 37, 41, 43, 44])
(1506, [6, 31, 33, 34, 40, 41, 43])
(1507, [34])
(1508, [0, 2, 3, 4, 6, 9, 11, 15, 16, 17, 20, 23, 26, 34, 36, 43])
(1509, [0, 1, 3, 7, 19, 20, 26, 33, 34])
(1510, [0, 2, 3, 4, 5, 6, 8, 9, 13, 14, 15, 17, 18, 19, 23, 24, 26, 30, 33, 34, 36, 40, 41, 42, 43, 44])
(1511, [11, 26, 34, 44])
(1512, [34])
(1513, [1, 7, 11, 15, 34, 41, 43])
(1514, [0, 1, 2, 3, 4, 15, 16, 26, 30, 34, 39, 43])
(1515, [0, 2, 6, 9, 11, 12, 16, 17, 23, 30, 31, 34, 43])
(1516, [34])
(1517, [14, 34])
(1518, [34])
(1519, [9, 20, 24, 26, 31, 34, 41, 43, 44])
(1520, [1, 2, 3, 4, 5, 6, 8, 9, 11, 12, 13, 15, 16, 17, 18, 19, 21, 22, 23, 26, 30, 31, 33, 34, 36, 38, 39, 40, 42, 43, 44])
(1521, [0, 1, 2, 3, 5, 9, 12, 13, 14, 16, 17, 26, 34, 41, 44])
(1522, [1, 2, 3, 4, 8, 9, 10, 11, 12, 15, 16, 18, 19, 20, 21, 22, 23, 34, 39, 44])
(1523, [1, 2, 3, 4, 8, 9, 15, 18, 22, 23, 26, 29, 34, 37, 39, 43])
(1524, [1, 3, 16, 19, 21, 31, 34])
(1525, [0, 3, 4, 26, 34])
(1526, [0, 1, 2, 3, 9, 10, 11, 12, 14, 15, 17, 18, 19, 21, 24, 26, 29, 31, 33, 34, 40, 42, 43, 44])
(1527, [0, 1, 2, 3, 4, 6, 11, 12, 14, 15, 17, 18, 23, 24, 26, 27, 28, 30, 31, 33, 34, 36, 40, 41, 43, 44])
(1528, [34])
(1529, [34])
(1530, [34])
(1531, [0, 1, 10, 12, 34])
(1532, [34])
(1533, [0, 1, 3, 4, 19, 34])
(1534, [1, 2, 6, 9, 12, 15, 24, 26, 30, 34, 40, 41, 43])
(1535, [0, 1, 2, 3, 4, 6, 7, 9, 10, 11, 12, 15, 16, 19, 21, 23, 24, 26, 31, 33, 34, 39, 40, 42, 43, 44])
(1536, [0, 1, 3, 10, 11, 22, 30, 31, 34])
(1537, [2, 34])
(1538, [1, 2, 3, 15, 17, 18, 19, 21, 22, 33, 34, 40, 41, 42, 43])
(1539, [12, 34])
(1540, [2, 31, 34])
(1541, [0, 1, 3, 4, 6, 7, 8, 9, 12, 14, 15, 20, 23, 24, 30, 31, 33, 34, 39, 40, 41, 42, 43])
(1542, [0, 1, 3, 5, 9, 10, 11, 12, 16, 20, 21, 23, 30, 31, 33, 34, 44])
(1543, [34])
(1544, [0, 1, 3, 4, 7, 9, 19, 20, 21, 22, 33, 34, 42])
(1545, [2, 9, 15, 17, 19, 31, 34])
(1546, [34])
(1547, [34])
(1548, [1, 2, 3, 5, 7, 21, 26, 34, 41, 44])
(1549, [0, 7, 12, 34])
(1550, [34, 44])
(1551, [0, 3, 12, 34])
(1552, [34])
(1553, [7, 9, 33, 34])
(1554, [4, 5, 8, 11, 12, 19, 30, 34, 37])
(1555, [3, 30, 34, 44])
(1556, [26, 33])
(1557, [2, 14, 26, 33])
(1558, [33])
(1559, [33])
(1560, [33])
(1561, [1, 33])
(1562, [1, 26, 30, 33])
(1563, [1, 11, 16, 33, 43])
(1564, [33])
(1565, [1, 2, 3, 4, 10, 17, 19, 20, 26, 33, 40, 43])
(1566, [0, 8, 9, 12, 22, 33])
(1567, [33])
(1568, [33])
(1569, [0, 33])
(1570, [6, 11, 12, 17, 31, 33, 41, 43, 44])
(1571, [33])
(1572, [30, 33])
(1573, [1, 3, 11, 12, 18, 20, 33, 42])
(1574, [33])
(1575, [33])
(1576, [33])
(1577, [0, 3, 9, 21, 33])
(1578, [6, 16, 33])
(1579, [33])
(1580, [33])
(1581, [33])
(1582, [12, 33, 44])
(1583, [33])
(1584, [1, 2, 3, 6, 18, 19, 22, 33, 39, 43])
(1585, [3, 6, 11, 15, 33])
(1586, [9, 23, 33])
(1587, [0, 1, 2, 3, 8, 9, 12, 13, 15, 20, 22, 23, 27, 31, 33, 40, 43])
(1588, [6, 11, 15, 30, 33, 41, 44])
(1589, [1, 6, 15, 18, 22, 30, 31, 33])
(1590, [33])
(1591, [1, 3, 18, 22, 33, 44])
(1592, [0, 1, 2, 3, 7, 12, 15, 33, 40])
(1593, [4, 14, 33])
(1594, [0, 2, 6, 15, 16, 33, 36, 40, 41, 44])
(1595, [1, 6, 9, 19, 23, 31, 33, 43])
(1596, [1, 3, 7, 11, 12, 22, 30, 33, 44])
(1597, [33])
(1598, [18, 19, 23, 29, 31, 33, 41, 44])
(1599, [33])
(1600, [33])
(1601, [20])
(1602, [15, 20])
(1603, [20])
(1604, [20])
(1605, [2, 11, 12, 18, 20])
(1606, [1, 3, 12, 15, 20])
(1607, [20])
(1608, [3, 20])
(1609, [20])
(1610, [9, 20])
(1611, [2, 4, 11, 12, 15, 16, 19, 20, 26, 36, 41])
(1612, [1, 2, 9, 12, 20, 28])
(1613, [0, 1, 3, 4, 12, 17, 20, 24, 26, 39, 41])
(1614, [3, 11, 20])
(1615, [20])
(1616, [20])
(1617, [3, 11, 14, 20, 38])
(1618, [1, 9, 12, 20, 22, 23])
(1619, [0, 1, 2, 3, 6, 11, 12, 14, 16, 17, 18, 19, 20, 26, 27, 28, 36, 43])
(1620, [20])
(1621, [0, 1, 2, 3, 4, 12, 13, 14, 15, 17, 19, 20, 24, 36, 40, 41, 42, 43, 44])
(1622, [2, 11, 18, 19, 23, 30])
(1623, [18])
(1624, [18])
(1625, [18, 40])
(1626, [1, 18, 21])
(1627, [18])
(1628, [18])
(1629, [18])
(1630, [18])
(1631, [0, 3, 6, 18, 28, 41])
(1632, [18, 31, 41])
(1633, [1, 4, 8, 18, 19, 21, 22, 23])
(1634, [0, 1, 3, 5, 7, 12, 16, 18, 19, 23, 37])
(1635, [2, 13, 17, 18, 24, 25, 26, 39, 41])
(1636, [1, 2, 3, 7, 15, 18, 28, 30, 31, 43])
(1637, [18])
(1638, [18])
(1639, [18])
(1640, [0, 1, 3, 11, 12, 15, 18, 19, 30])
(1641, [8, 18, 23])
(1642, [18])
(1643, [18, 23])
(1644, [15, 18])
(1645, [18])
(1646, [0, 8, 18, 23])
(1647, [5, 18, 23, 38, 41, 43])
(1648, [1, 3, 18, 44])
(1649, [0, 2, 4, 9, 15, 17, 18, 19, 26, 30, 41, 44])
(1650, [1, 3, 4, 7, 11, 16, 18, 19, 22, 30, 43, 44])
(1651, [18])
(1652, [0, 1, 2, 3, 18, 19, 21])
(1653, [1, 2, 3, 8, 11, 14, 17, 18, 22, 23, 30, 36, 39, 43])
(1654, [1, 3, 5, 11, 18, 21, 44])
(1655, [9, 18, 30])
(1656, [18])
(1657, [18])
(1658, [18])
(1659, [18])
(1660, [0, 1, 3, 6, 15, 18, 23, 26, 42, 43])
(1661, [18])
(1662, [9, 18, 23])
(1663, [9, 18, 19, 23])
(1664, [18, 19])
(1665, [18, 26])
(1666, [0, 1, 3, 4, 11, 15, 18, 22])
(1667, [18])
(1668, [0, 18])
(1669, [4, 9, 11, 15, 18, 40, 41, 43])
(1670, [18])
(1671, [18])
(1672, [18])
(1673, [18])
(1674, [18])
(1675, [0, 2, 3, 4, 9, 13, 14, 15, 16, 17, 18, 19, 24, 28, 41, 43])
(1676, [18])
(1677, [18])
(1678, [12, 18, 19])
(1679, [15, 18, 23])
(1680, [18])
(1681, [18])
(1682, [8, 11, 18, 42, 43])
(1683, [18])
(1684, [18])
(1685, [18])
(1686, [18])
(1687, [18])
(1688, [18])
(1689, [9, 18])
(1690, [18, 21])
(1691, [2, 9, 10, 18, 19, 23, 28])
(1692, [18])
(1693, [18])
(1694, [0, 18])
(1695, [18])
(1696, [18])
(1697, [18])
(1698, [18])
(1699, [18])
(1700, [18, 43])
(1701, [18, 24])
(1702, [18])
(1703, [14, 18, 27])
(1704, [18])
(1705, [18])
(1706, [18])
(1707, [0, 1, 2, 3, 5, 9, 18, 23, 24, 28, 40, 41, 43])
(1708, [18])
(1709, [18])
(1710, [6, 14, 23, 24, 27, 41, 43])
(1711, [27])
(1712, [1, 4, 15, 27, 40])
(1713, [0, 1, 3, 7, 9, 10, 11, 12, 14, 16, 23, 26, 27, 30])
(1714, [27])
(1715, [27])
(1716, [27])
(1717, [12, 21, 27, 39])
(1718, [27])
(1719, [27])
(1720, [12, 21, 27])
(1721, [9, 10])
(1722, [2, 3, 9, 15, 19, 23, 26])
(1723, [9])
(1724, [2, 4, 9, 17, 19, 30])
(1725, [2, 3, 8, 9])
(1726, [9])
(1727, [2, 8, 9, 16, 19])
(1728, [2, 3, 9, 11, 12, 25, 41, 44])
(1729, [9])
(1730, [0, 9, 26])
(1731, [9])
(1732, [9, 12, 23, 43])
(1733, [0, 3, 9, 12, 21, 28])
(1734, [3, 9])
(1735, [9, 17, 43])
(1736, [9])
(1737, [9])
(1738, [9])
(1739, [9, 30])
(1740, [0, 6, 9, 11, 16, 23, 43])
(1741, [8, 9, 17, 30, 44])
(1742, [9])
(1743, [9])
(1744, [9])
(1745, [9])
(1746, [2, 9, 10, 12, 44])
(1747, [9])
(1748, [9])
(1749, [3, 6, 9])
(1750, [0, 2, 4, 9, 11, 12, 17, 26, 40, 41])
(1751, [1, 9, 19, 26])
(1752, [9])
(1753, [9])
(1754, [3, 8, 9, 12, 23, 37, 43])
(1755, [0, 6, 9, 15])
(1756, [9])
(1757, [9])
(1758, [9])
(1759, [0, 6, 9, 15, 31])
(1760, [6, 9, 23])
(1761, [0, 9])
(1762, [9])
(1763, [9])
(1764, [8, 9, 22, 26, 41])
(1765, [9])
(1766, [9, 19])
(1767, [1, 3, 9, 22, 42])
(1768, [0, 1, 3, 9, 15])
(1769, [9, 43])
(1770, [9])
(1771, [9])
(1772, [0, 5, 12])
(1773, [0])
(1774, [0])
(1775, [0])
(1776, [0])
(1777, [0])
(1778, [0, 17, 19, 23, 30, 36])
(1779, [0, 2, 12, 30, 31, 44])
(1780, [0])
(1781, [0, 12])
(1782, [0])
(1783, [0])
(1784, [0])
(1785, [0])
(1786, [0, 12])
(1787, [0])
(1788, [0])
(1789, [0])
(1790, [0])
(1791, [0])
(1792, [0])
(1793, [0, 12])
(1794, [0])
(1795, [0])
(1796, [0, 12])
(1797, [0])
(1798, [0, 1, 3])
(1799, [0])
(1800, [0])
(1801, [0])
(1802, [0])
(1803, [0, 12])
(1804, [0])
(1805, [0, 17])
(1806, [0])
(1807, [0])
(1808, [0])
(1809, [0])
(1810, [0])
(1811, [0])
(1812, [0, 44])
(1813, [0])
(1814, [0])
(1815, [0])
(1816, [0, 12])
(1817, [0])
(1818, [0])
(1819, [0])
(1820, [0])
(1821, [0])
(1822, [0])
(1823, [0])
(1824, [0])
(1825, [0])
(1826, [0])
(1827, [0])
(1828, [0])
(1829, [0])
(1830, [0])
(1831, [0])
(1832, [0])
(1833, [0])
(1834, [0])
(1835, [0])
(1836, [0])
(1837, [0])
(1838, [0])
(1839, [0])
(1840, [0])
(1841, [0])
(1842, [0])
(1843, [0])
(1844, [0])
(1845, [0])
(1846, [0])
(1847, [0])
(1848, [0])
(1849, [0])
(1850, [0])
(1851, [0])
(1852, [0])
(1853, [0])
(1854, [0])
(1855, [0])
(1856, [0])
(1857, [0])
(1858, [0])
(1859, [0, 12])
(1860, [0])
(1861, [0])
(1862, [0])
(1863, [0])
(1864, [0])
(1865, [0])
(1866, [0])
(1867, [0])
(1868, [0, 2, 4, 11, 36])
(1869, [0])
(1870, [0])
(1871, [0])
(1872, [0])
(1873, [0])
(1874, [0])
(1875, [0])
(1876, [0, 1, 3, 12, 15, 26])
(1877, [0])
(1878, [0])
(1879, [0, 11])
(1880, [0])
(1881, [0])
(1882, [0])
(1883, [0])
(1884, [0])
(1885, [0])
(1886, [0])
(1887, [0])
(1888, [0])
(1889, [0])
(1890, [0, 2])
(1891, [0])
(1892, [0])
(1893, [0])
(1894, [0])
(1895, [0])
(1896, [0])
(1897, [0])
(1898, [0])
(1899, [0])
(1900, [0])
(1901, [0])
(1902, [0])
(1903, [0])
(1904, [0, 1, 2, 12, 19, 21, 31])
(1905, [0])
(1906, [0])
(1907, [0])
(1908, [0])
(1909, [0, 3, 7, 12, 16, 23, 30])
(1910, [0])
(1911, [0, 11, 16, 22, 26, 44])
(1912, [0])
(1913, [0, 1])
(1914, [0])
(1915, [0])
(1916, [0])
(1917, [0])
(1918, [0])
(1919, [0])
(1920, [0])
(1921, [0])
(1922, [0])
(1923, [0, 1, 2, 4])
(1924, [0])
(1925, [0])
(1926, [0, 1, 23, 41])
(1927, [0])
(1928, [0, 12])
(1929, [0])
(1930, [0])
(1931, [0])
(1932, [0])
(1933, [0])
(1934, [0])
(1935, [0, 30])
(1936, [0])
(1937, [0, 12])
(1938, [0])
(1939, [0])
(1940, [0])
(1941, [0, 2, 3, 7, 15, 19])
(1942, [0])
(1943, [0])
(1944, [0])
(1945, [0])
(1946, [0])
(1947, [0])
(1948, [0, 11])
(1949, [0, 2])
(1950, [0])
(1951, [0, 2, 11, 43])
(1952, [0])
(1953, [0, 1, 2, 3, 14, 26])
(1954, [0])
(1955, [0])
(1956, [0])
(1957, [0])
(1958, [0, 1, 6])
(1959, [0])
(1960, [0])
(1961, [0])
(1962, [0])
(1963, [0])
(1964, [0])
(1965, [0])
(1966, [0])
(1967, [0])
(1968, [0, 31])
(1969, [0])
(1970, [0])
(1971, [0])
(1972, [0, 10])
(1973, [0])
(1974, [0])
(1975, [0])
(1976, [0])
(1977, [0, 1, 21])
(1978, [0])
(1979, [0])
(1980, [0])
(1981, [0])
(1982, [0])
(1983, [0])
(1984, [0])
(1985, [0, 1, 3])
(1986, [0])
(1987, [0])
(1988, [0])
(1989, [0])
(1990, [0])
(1991, [0])
(1992, [0])
(1993, [0])
(1994, [0, 17, 41])
(1995, [0])
(1996, [0])
(1997, [0])
(1998, [0, 4, 14, 16])
(1999, [0, 12])
(2000, [0])
(2001, [0])
(2002, [0])
(2003, [0])
(2004, [0])
(2005, [0])
(2006, [0])
(2007, [0])
(2008, [0])
(2009, [0])
(2010, [0])
(2011, [0])
(2012, [0])
(2013, [0])
(2014, [6, 11])
(2015, [11])
(2016, [4, 11, 39])
(2017, [11])
(2018, [1, 3, 6, 11, 14, 17, 19, 21, 24, 31, 41, 43, 44])
(2019, [11])
(2020, [1, 2, 5, 8, 11, 31])
(2021, [11, 41])
(2022, [2, 11, 19])
(2023, [11, 17, 26, 28, 40])
(2024, [11])
(2025, [11, 12, 14, 19, 44])
(2026, [11, 22])
(2027, [11])
(2028, [11, 41])
(2029, [10, 11, 13, 22, 40, 41])
(2030, [11, 26])
(2031, [2, 11, 19, 21])
(2032, [1, 2, 3, 7, 11, 12, 19])
(2033, [11, 19, 21, 22])
(2034, [11, 43])
(2035, [11])
(2036, [11])
(2037, [11])
(2038, [11])
(2039, [11])
(2040, [11, 25, 40])
(2041, [3, 11, 17, 26])
(2042, [2, 11, 12, 26, 41])
(2043, [1, 2, 3, 4, 6, 7, 15, 17, 36, 43, 44])
(2044, [7])
(2045, [7])
(2046, [1, 3, 7, 19])
(2047, [1, 7])
(2048, [7])
(2049, [7])
(2050, [7])
(2051, [3, 7])
(2052, [7, 15, 30])
(2053, [29, 30])
(2054, [29])
(2055, [29])
(2056, [16, 21])
(2057, [16, 17, 21, 43])
(2058, [2, 8, 16, 44])
(2059, [16])
(2060, [16])
(2061, [16])
(2062, [16, 22, 26])
(2063, [16])
(2064, [16])
(2065, [16, 17])
(2066, [1, 12, 16])
(2067, [14, 42])
(2068, [42])
(2069, [2, 3, 23, 42, 43])
(2070, [6])
(2071, [6])
(2072, [6])
(2073, [6])
(2074, [6, 23, 41])
(2075, [6])
(2076, [6])
(2077, [6])
(2078, [6])
(2079, [6])
(2080, [6])
(2081, [6])
(2082, [28])
(2083, [12, 28])
(2084, [2, 23, 28])
(2085, [28])
(2086, [28])
(2087, [28])
(2088, [17, 25, 40])
(2089, [17])
(2090, [17])
(2091, [17, 23])
(2092, [17, 40])
(2093, [8, 17])
(2094, [17])
(2095, [17])
(2096, [1, 2, 3, 4, 17, 19])
(2097, [17])
(2098, [1, 2, 3, 17, 43])
(2099, [2, 17, 26, 41, 44])
(2100, [17])
(2101, [17, 36])
(2102, [17])
(2103, [17])
(2104, [17])
(2105, [17, 43])
(2106, [17])
(2107, [1, 3, 12, 19, 22])
(2108, [1])
(2109, [1])
(2110, [1])
(2111, [1, 3, 21])
(2112, [1, 3])
(2113, [1, 3, 12, 22])
(2114, [1, 14, 36])
(2115, [1, 21])
(2116, [1, 44])
(2117, [1, 12])
(2118, [1, 12])
(2119, [1])
(2120, [1])
(2121, [1, 21])
(2122, [1, 21])
(2123, [1])
(2124, [1, 3, 19])
(2125, [1])
(2126, [1])
(2127, [1, 15, 19])
(2128, [1, 2])
(2129, [1, 3])
(2130, [1])
(2131, [1])
(2132, [1, 3])
(2133, [1])
(2134, [1, 3])
(2135, [1])
(2136, [1, 3, 21])
(2137, [1])
(2138, [1])
(2139, [1])
(2140, [1])
(2141, [1, 3])
(2142, [1])
(2143, [1, 4, 30])
(2144, [1])
(2145, [1, 3])
(2146, [10])
(2147, [10])
(2148, [10])
(2149, [10, 23])
(2150, [10])
(2151, [10])
(2152, [10])
(2153, [10])
(2154, [4, 19])
(2155, [19, 41, 43])
(2156, [19])
(2157, [19])
(2158, [19, 22])
(2159, [19, 43])
(2160, [19])
(2161, [2, 12, 19, 36])
(2162, [19])
(2163, [19])
(2164, [19])
(2165, [19])
(2166, [19])
(2167, [19])
(2168, [19])
(2169, [19])
(2170, [19])
(2171, [19])
(2172, [19])
(2173, [2, 8, 19, 23])
(2174, [19])
(2175, [19])
(2176, [26])
(2177, [2, 12, 24, 26, 30, 31])
(2178, [26, 41])
(2179, [26])
(2180, [26])
(2181, [26])
(2182, [26])
(2183, [26])
(2184, [26])
(2185, [26])
(2186, [26])
(2187, [2, 26, 41])
(2188, [26])
(2189, [21, 26])
(2190, [12, 26])
(2191, [26])
(2192, [26])
(2193, [2, 26])
(2194, [26])
(2195, [26])
(2196, [26])
(2197, [26])
(2198, [26])
(2199, [8])
(2200, [8])
(2201, [8])
(2202, [8])
(2203, [8])
(2204, [8])
(2205, [8])
(2206, [8])
(2207, [5, 8])
(2208, [8])
(2209, [8])
(2210, [8])
(2211, [8])
(2212, [8])
(2213, [5, 8, 23])
(2214, [21])
(2215, [21])
(2216, [21])
(2217, [21])
(2218, [21])
(2219, [21])
(2220, [2, 21])
(2221, [21])
(2222, [21])
(2223, [21])
(2224, [21])
(2225, [21])
(2226, [21])
(2227, [21])
(2228, [21])
(2229, [21])
(2230, [21])
(2231, [21])
(2232, [21])
(2233, [21])
(2234, [21])
(2235, [21, 44])
(2236, [21])
(2237, [21])
(2238, [21])
(2239, [21])
(2240, [21])
(2241, [21])
(2242, [21])
(2243, [21])
(2244, [21])
(2245, [21])
(2246, [21])
(2247, [21])
(2248, [21])
(2249, [21])
(2250, [21])
(2251, [44])
(2252, [44])
(2253, [44])
(2254, [44])
(2255, [44])
(2256, [44])
(2257, [44])
(2258, [44])
(2259, [44])
(2260, [44])
(2261, [44])
(2262, [44])
(2263, [44])
(2264, [40, 44])
(2265, [44])
(2266, [44])
(2267, [43, 44])
(2268, [44])
(2269, [44])
(2270, [43, 44])
(2271, [43])
(2272, [43])
(2273, [43])
(2274, [43])
(2275, [43])
(2276, [2, 14, 41, 43])
(2277, [12, 15, 43])
(2278, [43])
(2279, [43])
(2280, [43])
(2281, [43])
(2282, [43])
(2283, [43])
(2284, [43])
(2285, [43])
(2286, [43])
(2287, [43])
(2288, [43])
(2289, [2, 23, 43])
(2290, [2, 43])
(2291, [43])
(2292, [3, 40, 41, 43])
(2293, [43])
(2294, [43])
(2295, [43])
(2296, [2, 43])
(2297, [43])
(2298, [43])
(2299, [43])
(2300, [43])
(2301, [43])
(2302, [43])
(2303, [43])
(2304, [43])
(2305, [43])
(2306, [3, 43])
(2307, [4, 14, 38])
(2308, [38])
(2309, [38])
(2310, [12, 36])
(2311, [36])
(2312, [36])
(2313, [36])
(2314, [14, 30, 36])
(2315, [36])
(2316, [36])
(2317, [36])
(2318, [36])
(2319, [36])
(2320, [36])
(2321, [36])
(2322, [36])
(2323, [36])
(2324, [36])
(2325, [36])
(2326, [36])
(2327, [36])
(2328, [31])
(2329, [31])
(2330, [31])
(2331, [31])
(2332, [31])
(2333, [31])
(2334, [15, 31])
(2335, [30])
(2336, [30])
(2337, [30])
(2338, [30])
(2339, [30])
(2340, [30])
(2341, [12, 30])
(2342, [30])
(2343, [30])
(2344, [30])
(2345, [30])
(2346, [37])
(2347, [39])
(2348, [39])
(2349, [39])
(2350, [39])
(2351, [3, 12, 22, 39])
(2352, [39])
(2353, [39])
(2354, [41])
(2355, [41])
(2356, [3, 23, 41])
(2357, [41])
(2358, [41])
(2359, [41])
(2360, [41])
(2361, [41])
(2362, [3, 23, 41])
(2363, [41])
(2364, [41])
(2365, [41])
(2366, [41])
(2367, [41])
(2368, [12, 41])
(2369, [41])
(2370, [41])
(2371, [2, 41])
(2372, [41])
(2373, [41])
(2374, [41])
(2375, [41])
(2376, [41])
(2377, [41])
(2378, [41])
(2379, [2, 41])
(2380, [41])
(2381, [41])
(2382, [41])
(2383, [24])
(2384, [24])
(2385, [24])
(2386, [24])
(2387, [3, 24])
(2388, [24])
(2389, [24])
(2390, [23])
(2391, [23])
(2392, [23])
(2393, [23])
(2394, [23])
(2395, [23])
(2396, [23])
(2397, [23])
(2398, [23])
(2399, [23])
(2400, [23])
(2401, [23])
(2402, [23])
(2403, [23])
(2404, [23])
(2405, [23])
(2406, [23])
(2407, [23])
(2408, [23])
(2409, [23])
(2410, [23])
(2411, [23])
(2412, [23])
(2413, [23])
(2414, [23])
(2415, [23])
(2416, [23])
(2417, [23])
(2418, [23])
(2419, [23])
(2420, [23])
(2421, [23])
(2422, [23])
(2423, [23])
(2424, [23])
(2425, [23])
(2426, [23])
(2427, [23])
(2428, [23])
(2429, [23])
(2430, [23])
(2431, [12, 23])
(2432, [23])
(2433, [23])
(2434, [23])
(2435, [4])
(2436, [4])
(2437, [4])
(2438, [4])
(2439, [4])
(2440, [4])
(2441, [4])
(2442, [4])
(2443, [4])
(2444, [4])
(2445, [4])
(2446, [4])
(2447, [4])
(2448, [4])
(2449, [3, 4, 22])
(2450, [4])
(2451, [4])
(2452, [4])
(2453, [2, 4])
(2454, [4])
(2455, [4])
(2456, [4])
(2457, [15])
(2458, [15])
(2459, [15])
(2460, [15])
(2461, [15])
(2462, [15])
(2463, [15])
(2464, [15])
(2465, [15])
(2466, [15])
(2467, [15])
(2468, [15])
(2469, [15])
(2470, [15])
(2471, [3])
(2472, [3])
(2473, [3])
(2474, [3])
(2475, [3])
(2476, [3])
(2477, [3])
(2478, [3])
(2479, [3])
(2480, [3])
(2481, [3])
(2482, [3])
(2483, [3])
(2484, [3])
(2485, [3])
(2486, [3])
(2487, [3])
(2488, [3])
(2489, [3])
(2490, [3])
(2491, [3])
(2492, [3])
(2493, [3])
(2494, [3])
(2495, [2, 3])
(2496, [2, 3])
(2497, [3])
(2498, [2, 3])
(2499, [3])
(2500, [3])
(2501, [3])
(2502, [3])
(2503, [12])
(2504, [12])
(2505, [12])
(2506, [12])
(2507, [12])
(2508, [12])
(2509, [2, 12])
(2510, [12])
(2511, [12])
(2512, [12])
(2513, [12])
(2514, [12])
(2515, [12])
(2516, [12])
(2517, [12])
(2518, [12])
(2519, [12])
(2520, [12])
(2521, [12])
(2522, [12])
(2523, [12])
(2524, [12])
(2525, [12])
(2526, [12])
(2527, [12])
(2528, [12])
(2529, [12])
(2530, [12])
(2531, [12])
(2532, [12])
(2533, [12])
(2534, [12])
(2535, [12])
(2536, [12])
(2537, [12])
(2538, [12])
(2539, [12])
(2540, [12])
(2541, [12])
(2542, [12])
(2543, [12])
(2544, [12])
(2545, [12])
(2546, [12])
(2547, [12])
(2548, [12])
(2549, [12])
(2550, [12])
(2551, [12])
(2552, [12])
(2553, [12])
(2554, [12])
(2555, [12])
(2556, [12])
(2557, [12])
(2558, [12])
(2559, [12])
(2560, [12])
(2561, [12])
(2562, [12])
(2563, [12])
(2564, [12])
(2565, [12])
(2566, [12])
(2567, [12])
(2568, [12])
(2569, [12])
(2570, [12])
(2571, [12])
(2572, [12])
(2573, [12])
(2574, [12])
(2575, [12])
(2576, [12])
(2577, [12])
(2578, [12])
(2579, [40])
(2580, [40])
(2581, [2])
(2582, [2])
(2583, [2])
(2584, [2])
(2585, [2])
(2586, [2])
(2587, [2])
(2588, [2])
(2589, [2])
(2590, [2])
(2591, [2])
(2592, [2])
(2593, [2])
(2594, [2])
(2595, [2])
(2596, [2])
(2597, [2])
(2598, [2])
(2599, [2])
(2600, [2])
(2601, [2])
(2602, [2])
(2603, [2])
(2604, [2])
(2605, [2])
(2606, [2])
(2607, [2])
(2608, [2])
(2609, [2])
(2610, [2])
(2611, [2])
(2612, [2])
(2613, [2])
(2614, [2])
(2615, [2])
(2616, [2])
(2617, [2])
(2618, [2])
(2619, [2])
(2620, [2])
(2621, [2])
(2622, [2])
(2623, [2])
(2624, [2])
(2625, [2])
(2626, [2])
(2627, [2])
(2628, [2])
(2629, [2])
(2630, [2])
(2631, [2])
(2632, [2])
(2633, [2])
(2634, [2])
(2635, [2])
(2636, [2])
(2637, [2])
(2638, [2])
(2639, [2])
(2640, [2, 14])
(2641, [2])
(2642, [2])
(2643, [2])
(2644, [2])
(2645, [2])
(2646, [13])
(2647, [13])
(2648, [13])
(2649, [13])
(2650, [13])
(2651, [13])
(2652, [13])
(2653, [5])
(2654, [5])
(2655, [5])
(2656, [5])
(2657, [5])
(2658, [5])
(2659, [14])
(2660, [14])
(2661, [14])
(2662, [14])
(2663, [14])
(2664, [14])
(2665, [14])
(2666, [14])
(2667, [14])
(2668, [14])
(2669, [14])
(2670, [14])
(2671, [14])
(2672, [14])
(2673, [14])
(2674, [14])
(2675, [14])
(2676, [14])
(2677, [14])
(2678, [14])
(2679, [22])
(2680, [22])
(2681, [22])
(2682, [22])
(2683, [22])
(2684, [22])
(2685, [22])
(2686, [22])
