(87903, [0, 1, 2, 3, 4, 5, 6, 7, 8, 9, 10, 11, 12, 13, 14, 15, 16, 17, 18, 19, 20, 21, 22, 23, 24, 25, 26, 27, 28, 29, 30, 31, 32, 33, 34, 35, 36, 37, 38, 39, 40, 41, 42, 43, 44])
(87904, [4, 14, 15, 19, 22, 32])
(87905, [0, 1, 2, 3, 4, 5, 6, 7, 8, 9, 10, 11, 12, 13, 14, 15, 16, 17, 18, 19, 20, 21, 22, 23, 24, 25, 26, 27, 28, 29, 30, 31, 32, 33, 34, 35, 36, 37, 38, 39, 40, 41, 42, 43, 44])
(87906, [0, 1, 2, 3, 4, 5, 6, 7, 8, 9, 10, 11, 12, 13, 14, 15, 16, 17, 18, 19, 20, 21, 22, 23, 24, 25, 26, 27, 28, 29, 30, 31, 32, 33, 34, 35, 36, 37, 38, 39, 40, 41, 42, 43, 44])
(87907, [0, 1, 2, 3, 4, 5, 6, 7, 8, 9, 10, 11, 12, 13, 14, 15, 16, 17, 18, 19, 20, 21, 22, 23, 24, 25, 26, 27, 28, 29, 30, 31, 32, 33, 34, 35, 36, 37, 38, 39, 40, 41, 42, 43, 44])
(87908, [4, 26, 30, 32, 41])
(87909, [0, 1, 2, 3, 4, 5, 6, 7, 8, 9, 10, 11, 12, 13, 14, 15, 16, 17, 18, 19, 20, 21, 22, 23, 24, 25, 26, 27, 28, 29, 30, 31, 32, 33, 34, 35, 36, 37, 38, 39, 40, 41, 42, 43, 44])
(87910, [0, 1, 2, 3, 4, 6, 7, 9, 11, 12, 13, 15, 16, 17, 18, 19, 20, 22, 23, 24, 26, 27, 30, 31, 32, 33, 34, 36, 39, 40, 42, 43, 44])
(87911, [0, 1, 2, 3, 4, 6, 7, 8, 9, 11, 12, 13, 14, 15, 16, 17, 18, 19, 20, 21, 22, 23, 24, 25, 26, 27, 28, 29, 30, 31, 32, 33, 34, 35, 38, 40, 41, 42, 43, 44])
(87912, [0, 1, 3, 6, 7, 11, 12, 19, 21, 30, 32, 33, 34, 38, 44])
(87913, [32])
(87914, [0, 1, 2, 3, 4, 6, 7, 9, 10, 11, 12, 13, 14, 15, 16, 17, 18, 19, 20, 21, 23, 24, 25, 26, 28, 30, 31, 32, 33, 34, 35, 36, 37, 40, 41, 42, 44])
(87915, [1, 2, 3, 4, 9, 11, 12, 13, 14, 15, 16, 17, 18, 19, 20, 21, 23, 24, 27, 30, 31, 32, 33, 34, 36, 37, 38, 41, 43, 44])
(87916, [1, 2, 3, 4, 6, 8, 9, 11, 12, 13, 14, 15, 16, 18, 19, 21, 23, 24, 26, 29, 30, 31, 32, 33, 34, 35, 37, 40, 41, 43, 44])
(87917, [0, 1, 2, 3, 4, 6, 7, 8, 9, 10, 11, 12, 13, 14, 15, 16, 17, 18, 19, 20, 21, 22, 23, 24, 25, 26, 27, 28, 30, 31, 32, 33, 34, 35, 36, 38, 39, 40, 41, 42, 43, 44])
(87918, [2, 3, 4, 6, 12, 14, 15, 32, 33, 39, 43])
(87919, [1, 3, 18, 19, 22, 30, 31, 32, 33, 39, 40])
(87920, [1, 4, 11, 12, 13, 15, 21, 24, 32, 33, 40, 41, 43, 44])
(87921, [4, 7, 14, 24, 32, 43])
(87922, [0, 1, 2, 3, 4, 6, 11, 12, 13, 18, 19, 20, 22, 24, 26, 27, 32, 36, 37, 41, 42, 43, 44])
(87923, [0, 1, 2, 3, 4, 6, 7, 8, 9, 11, 12, 13, 14, 15, 16, 17, 18, 19, 22, 23, 24, 25, 26, 27, 28, 29, 30, 31, 32, 33, 34, 35, 36, 39, 40, 41, 42, 43, 44])
(87924, [0, 1, 2, 3, 4, 5, 6, 7, 8, 9, 11, 12, 13, 14, 15, 16, 17, 18, 19, 21, 22, 23, 24, 30, 31, 32, 33, 34, 35, 36, 40, 41, 42, 43, 44])
(87925, [1, 2, 3, 4, 6, 7, 9, 11, 12, 13, 14, 15, 16, 17, 18, 19, 21, 22, 23, 24, 26, 27, 28, 30, 31, 32, 33, 34, 35, 36, 38, 39, 40, 41, 42, 43, 44])
(87926, [2, 3, 26, 32, 33])
(87927, [0, 2, 9, 11, 13, 15, 16, 24, 25, 26, 28, 32, 33, 34, 40, 41])
(87928, [1, 2, 3, 4, 5, 6, 7, 8, 9, 10, 11, 12, 13, 14, 15, 17, 18, 19, 20, 21, 22, 23, 24, 26, 29, 30, 31, 32, 33, 34, 35, 36, 37, 39, 40, 41, 43, 44])
(87929, [0, 1, 2, 3, 4, 6, 7, 11, 12, 15, 16, 19, 20, 25, 27, 30, 31, 32, 39, 40, 42, 43, 44])
(87930, [0, 1, 2, 3, 6, 9, 32, 34, 40])
(87931, [0, 2, 4, 9, 10, 11, 16, 19, 21, 23, 24, 26, 27, 32, 42, 43])
(87932, [2, 5, 17, 19, 20, 26, 30, 31, 32, 33, 34, 35, 37, 41, 43, 44])
(87933, [1, 2, 9, 11, 14, 19, 21, 23, 32])
(87934, [0, 2, 6, 7, 9, 32])
(87935, [1, 4, 6, 8, 9, 11, 12, 15, 16, 17, 18, 21, 22, 23, 27, 31, 32, 33, 37, 41, 42, 43, 44])
(87936, [0, 1, 2, 3, 4, 5, 7, 8, 9, 10, 11, 12, 13, 15, 17, 18, 19, 21, 22, 23, 24, 29, 30, 31, 32, 33, 34, 37, 40, 41, 42, 44])
(87937, [0, 1, 2, 3, 5, 7, 9, 10, 11, 12, 13, 14, 15, 16, 17, 19, 23, 24, 26, 28, 31, 32, 33, 34, 44])
(87938, [1, 3, 7, 13, 17, 22, 24, 30, 32, 42])
(87939, [1, 3, 4, 8, 10, 11, 12, 18, 21, 22, 23, 24, 28, 30, 31, 32, 33, 34, 43])
(87940, [2, 3, 7, 11, 14, 15, 18, 23, 32])
(87941, [2, 3, 14, 15, 19, 23, 32, 36, 40, 43, 44])
(87942, [1, 2, 3, 4, 6, 8, 9, 14, 15, 17, 21, 26, 28, 30, 31, 32, 40, 43])
(87943, [0, 1, 2, 3, 4, 5, 6, 7, 8, 9, 10, 11, 12, 13, 15, 16, 17, 18, 19, 20, 21, 22, 23, 26, 29, 30, 31, 32, 33, 34, 35, 36, 38, 39, 40, 43, 44])
(87944, [0, 1, 2, 3, 6, 7, 9, 11, 14, 15, 16, 17, 18, 19, 21, 22, 23, 24, 26, 30, 31, 32, 33, 34, 39, 40, 41, 43, 44])
(87945, [0, 12, 13, 20, 32, 41, 44])
(87946, [32])
(87947, [0, 1, 2, 3, 4, 5, 7, 9, 10, 11, 12, 15, 16, 18, 19, 20, 21, 23, 30, 31, 32, 33, 34, 43, 44])
(87948, [0, 1, 2, 3, 6, 8, 9, 10, 11, 12, 13, 15, 17, 18, 19, 20, 21, 22, 23, 24, 25, 26, 30, 31, 32, 33, 34, 35, 38, 40, 41, 43, 44])
(87949, [0, 1, 2, 3, 4, 7, 9, 10, 15, 17, 19, 20, 22, 23, 24, 30, 31, 32, 33, 34, 35, 39, 40, 43, 44])
(87950, [1, 2, 3, 4, 6, 9, 14, 17, 26, 30, 31, 32, 33, 34, 40, 41])
(87951, [0, 1, 2, 3, 4, 9, 11, 13, 14, 15, 17, 19, 24, 26, 28, 29, 30, 31, 32, 33, 34, 35, 41, 43])
(87952, [1, 2, 3, 4, 6, 7, 12, 21, 31, 32, 33, 40, 43, 44])
(87953, [0, 1, 2, 3, 4, 7, 8, 9, 10, 12, 13, 14, 16, 19, 20, 28, 32, 34, 37, 38, 42, 43, 44])
(87954, [0, 1, 2, 3, 4, 5, 6, 7, 8, 9, 10, 11, 12, 13, 14, 15, 16, 17, 18, 19, 20, 21, 23, 24, 26, 27, 28, 31, 32, 33, 35, 36, 37, 39, 40, 41, 42, 43, 44])
(87955, [32, 40])
(87956, [1, 3, 13, 32, 44])
(87957, [0, 6, 14, 18, 32, 43])
(87958, [3, 6, 9, 15, 19, 32])
(87959, [1, 3, 4, 6, 8, 9, 15, 23, 27, 28, 30, 32, 35, 42, 43])
(87960, [6, 9, 11, 15, 18, 23, 24, 26, 30, 31, 32, 34, 40, 41, 43])
(87961, [23, 32])
(87962, [32])
(87963, [1, 2, 5, 8, 12, 20, 23, 32])
(87964, [1, 2, 3, 4, 5, 6, 8, 9, 10, 11, 12, 13, 14, 15, 16, 18, 19, 20, 21, 22, 23, 24, 26, 28, 31, 32, 34, 35, 36, 37, 39, 40, 43, 44])
(87965, [14, 32, 41, 43])
(87966, [1, 2, 3, 5, 6, 7, 10, 11, 12, 13, 17, 18, 19, 21, 23, 24, 26, 30, 31, 32, 33, 34, 37, 41, 42, 43, 44])
(87967, [6, 11, 14, 15, 18, 32, 41, 43])
(87968, [6, 12, 15, 17, 18, 28, 30, 31, 32, 34, 39, 41])
(87969, [0, 1, 3, 5, 7, 8, 11, 16, 17, 18, 21, 23, 24, 26, 31, 32, 35, 41, 42, 43, 44])
(87970, [32])
(87971, [4, 32])
(87972, [31, 32])
(87973, [32])
(87974, [2, 4, 6, 14, 15, 18, 24, 28, 30, 31, 32, 34])
(87975, [0, 1, 2, 3, 6, 7, 18, 20, 21, 22, 30, 31, 32, 33, 35, 41])
(87976, [1, 3, 6, 8, 11, 12, 15, 17, 18, 19, 20, 21, 23, 26, 31, 32, 34, 40, 43, 44])
(87977, [32])
(87978, [1, 3, 4, 6, 8, 9, 12, 15, 18, 23, 27, 30, 31, 32, 35, 39, 41])
(87979, [11, 17, 18, 32, 34, 44])
(87980, [3, 4, 9, 15, 16, 17, 19, 21, 22, 24, 30, 31, 32, 39, 43])
(87981, [0, 1, 2, 3, 4, 5, 6, 7, 9, 11, 12, 13, 14, 15, 16, 17, 18, 19, 20, 21, 22, 23, 24, 26, 30, 31, 32, 33, 34, 38, 39, 40, 41, 42, 43, 44])
(87982, [0, 1, 2, 3, 21, 30, 32, 34, 43, 44])
(87983, [0, 1, 2, 3, 4, 6, 9, 11, 12, 14, 15, 16, 17, 18, 19, 20, 23, 24, 25, 26, 30, 31, 32, 33, 34, 35, 40, 41, 42, 43])
(87984, [1, 2, 6, 9, 10, 12, 16, 19, 23, 31, 32, 33, 44])
(87985, [3, 12, 17, 31, 32, 34])
(87986, [1, 3, 7, 9, 11, 12, 16, 19, 26, 31, 32, 33, 39, 42, 43, 44])
(87987, [0, 1, 2, 3, 4, 7, 9, 11, 15, 16, 19, 20, 22, 23, 25, 26, 30, 31, 32, 34, 35, 42])
(87988, [1, 2, 3, 4, 11, 13, 15, 16, 18, 19, 21, 23, 26, 29, 30, 31, 32, 33, 34, 40, 44])
(87989, [0, 1, 2, 3, 4, 5, 8, 11, 12, 13, 14, 15, 16, 18, 19, 20, 21, 23, 25, 26, 28, 29, 30, 31, 32, 33, 34, 35, 41, 43, 44])
(87990, [0, 1, 3, 6, 11, 12, 18, 23, 30, 32, 43])
(87991, [1, 2, 3, 6, 9, 10, 11, 12, 13, 15, 17, 18, 20, 26, 28, 30, 31, 32, 34, 35, 41, 43, 44])
(87992, [0, 1, 2, 3, 6, 9, 11, 12, 13, 14, 17, 18, 23, 24, 26, 30, 32, 33, 34, 35, 40, 41, 42, 43])
(87993, [1, 2, 3, 4, 5, 6, 7, 8, 9, 10, 11, 12, 13, 14, 15, 16, 17, 18, 19, 20, 23, 24, 26, 27, 28, 30, 31, 32, 33, 34, 35, 36, 39, 40, 41, 42, 43, 44])
(87994, [0, 2, 9, 15, 19, 27, 30, 32, 40])
(87995, [9, 14, 15, 18, 23, 30, 31, 32, 33, 41])
(87996, [0, 1, 2, 3, 4, 7, 9, 10, 11, 12, 13, 14, 15, 16, 17, 18, 19, 20, 21, 23, 24, 26, 28, 30, 31, 32, 33, 34, 36, 38, 40, 41, 42, 43, 44])
(87997, [0, 1, 2, 3, 4, 5, 6, 8, 9, 11, 12, 13, 16, 17, 18, 19, 20, 21, 22, 23, 24, 26, 27, 30, 31, 32, 33, 34, 35, 36, 37, 38, 39, 40, 41, 42, 44])
(87998, [0, 1, 2, 3, 4, 5, 6, 7, 8, 9, 10, 11, 12, 13, 14, 16, 18, 19, 20, 21, 22, 23, 24, 25, 26, 27, 28, 29, 30, 31, 32, 33, 34, 35, 36, 37, 38, 39, 40, 41, 42, 43, 44])
(87999, [0, 1, 2, 11, 12, 18, 23, 30, 31, 32, 37, 40])
(88000, [1, 2, 3, 6, 7, 9, 11, 12, 14, 15, 17, 18, 21, 22, 23, 24, 26, 29, 30, 31, 32, 33, 40, 41, 43])
(88001, [0, 2, 4, 9, 11, 14, 17, 19, 21, 26, 30, 32, 41, 43])
(88002, [4, 11, 12, 13, 19, 32, 34])
(88003, [0, 23, 32, 33])
(88004, [0, 1, 3, 7, 11, 12, 23, 30, 32, 34, 35, 40])
(88005, [3, 4, 26, 30, 31, 32, 42, 43, 44])
(88006, [3, 7, 18, 25, 26, 32])
(88007, [0, 4, 23, 32, 33, 41])
(88008, [0, 1, 2, 3, 6, 7, 11, 12, 15, 19, 20, 21, 23, 24, 30, 31, 32, 33, 34, 35, 42, 43, 44])
(88009, [0, 1, 3, 11, 17, 23, 30, 31, 32, 33, 35, 40])
(88010, [0, 3, 6, 9, 11, 12, 20, 25, 31, 32, 33, 34, 39, 40, 41, 44])
(88011, [32])
(88012, [0, 2, 3, 9, 12, 18, 20, 31, 32, 33, 34, 42, 43])
(88013, [0, 1, 3, 7, 11, 12, 16, 21, 22, 32, 35])
(88014, [0, 1, 2, 3, 4, 6, 7, 9, 11, 12, 13, 14, 15, 16, 17, 18, 19, 20, 21, 23, 24, 25, 26, 28, 30, 31, 32, 33, 34, 35, 36, 37, 39, 40, 41, 42, 43, 44])
(88015, [0, 1, 2, 3, 7, 11, 12, 13, 18, 19, 23, 24, 30, 31, 32, 33, 34, 36, 40, 44])
(88016, [1, 3, 4, 19, 21, 22, 23, 24, 25, 30, 32, 43, 44])
(88017, [0, 1, 2, 3, 4, 5, 6, 7, 8, 9, 10, 11, 12, 13, 14, 15, 16, 18, 19, 20, 21, 22, 23, 24, 25, 26, 27, 28, 29, 30, 31, 33, 34, 35, 36, 37, 38, 39, 40, 41, 42, 43, 44])
(88018, [2, 18, 19, 23, 35, 44])
(88019, [4, 19, 21, 23, 24, 35])
(88020, [18, 23, 35])
(88021, [1, 2, 3, 4, 6, 7, 9, 10, 11, 13, 14, 15, 16, 17, 18, 19, 22, 23, 24, 26, 27, 31, 33, 35, 40, 41, 43, 44])
(88022, [35])
(88023, [1, 8, 18, 31, 35])
(88024, [18, 23, 35])
(88025, [0, 2, 12, 31, 35, 41])
(88026, [35])
(88027, [35])
(88028, [1, 3, 18, 35])
(88029, [0, 1, 2, 3, 4, 5, 8, 10, 12, 13, 16, 18, 23, 35, 37, 39, 43])
(88030, [1, 3, 7, 12, 16, 19, 21, 23, 24, 26, 28, 35, 43, 44])
(88031, [0, 1, 2, 3, 5, 8, 9, 13, 15, 16, 18, 20, 21, 22, 23, 31, 34, 35, 37, 38])
(88032, [1, 3, 35, 43])
(88033, [35])
(88034, [3, 12, 27, 35])
(88035, [35])
(88036, [1, 2, 3, 6, 9, 11, 18, 19, 23, 25, 30, 33, 35, 36, 38, 39, 41, 44])
(88037, [35])
(88038, [35])
(88039, [0, 9, 17, 18, 19, 20, 30, 31, 34, 35])
(88040, [35])
(88041, [1, 2, 3, 8, 9, 10, 11, 12, 21, 26, 31, 33, 34, 35, 43])
(88042, [1, 2, 3, 5, 8, 9, 11, 12, 15, 16, 17, 19, 20, 23, 24, 29, 30, 34, 35, 38, 42, 43, 44])
(88043, [35])
(88044, [35])
(88045, [0, 2, 12, 16, 18, 26, 34, 35, 43])
(88046, [35])
(88047, [35])
(88048, [35])
(88049, [35])
(88050, [1, 2, 3, 8, 12, 18, 20, 30, 35])
(88051, [35])
(88052, [35])
(88053, [2, 12, 16, 18, 23, 35, 43])
(88054, [8, 20, 23, 35, 44])
(88055, [0, 2, 9, 10, 12, 18, 22, 35, 39])
(88056, [0, 1, 2, 3, 4, 9, 12, 15, 16, 17, 19, 20, 23, 26, 28, 30, 31, 33, 35, 38, 39, 40, 41, 43, 44])
(88057, [35])
(88058, [4, 17, 18, 23, 35])
(88059, [35])
(88060, [35])
(88061, [0, 1, 2, 3, 4, 8, 9, 12, 18, 20, 21, 22, 26, 35, 44])
(88062, [0, 1, 3, 4, 5, 6, 8, 9, 11, 12, 15, 16, 18, 20, 21, 22, 23, 24, 27, 29, 30, 31, 33, 34, 35, 40, 43, 44])
(88063, [34])
(88064, [0, 2, 9, 18, 19, 28, 34, 43])
(88065, [0, 1, 2, 3, 4, 7, 9, 12, 13, 17, 19, 20, 21, 24, 28, 30, 33, 34, 37, 39, 41, 44])
(88066, [0, 2, 3, 5, 6, 9, 11, 15, 18, 19, 23, 26, 28, 34, 44])
(88067, [34])
(88068, [2, 4, 9, 13, 14, 15, 17, 24, 26, 30, 31, 33, 34, 36, 40, 43])
(88069, [34])
(88070, [19, 34, 41])
(88071, [31, 34])
(88072, [34])
(88073, [0, 1, 2, 4, 7, 11, 12, 14, 15, 17, 20, 30, 31, 34, 36, 43, 44])
(88074, [18, 34])
(88075, [0, 2, 30, 34, 40])
(88076, [34])
(88077, [34])
(88078, [18, 34])
(88079, [0, 2, 14, 16, 24, 28, 33, 34, 36, 40, 41])
(88080, [0, 9, 34])
(88081, [34])
(88082, [0, 2, 3, 4, 9, 11, 12, 14, 15, 16, 17, 22, 24, 26, 28, 30, 31, 33, 34, 40, 41, 43, 44])
(88083, [2, 34])
(88084, [3, 4, 15, 16, 17, 18, 19, 21, 31, 33, 34, 44])
(88085, [0, 1, 3, 7, 10, 12, 20, 33, 34, 41, 44])
(88086, [19, 34])
(88087, [34])
(88088, [34])
(88089, [34])
(88090, [9, 10, 12, 13, 14, 23, 26, 30, 34])
(88091, [34])
(88092, [0, 3, 9, 34])
(88093, [2, 12, 24, 34])
(88094, [2, 6, 9, 10, 12, 15, 22, 34])
(88095, [0, 18, 34])
(88096, [0, 1, 2, 3, 15, 19, 26, 34, 40, 41, 43])
(88097, [0, 1, 12, 16, 20, 22, 34, 43])
(88098, [2, 19, 23, 34])
(88099, [34])
(88100, [34])
(88101, [0, 2, 10, 11, 12, 34, 36, 41])
(88102, [2, 15, 34, 41])
(88103, [9, 15, 17, 18, 29, 30, 33, 34, 39, 41])
(88104, [34])
(88105, [2, 7, 11, 24, 34, 44])
(88106, [0, 1, 2, 3, 11, 12, 20, 31, 34])
(88107, [33])
(88108, [26, 31, 33])
(88109, [33])
(88110, [33])
(88111, [3, 33])
(88112, [33])
(88113, [1, 3, 5, 7, 8, 9, 11, 12, 16, 19, 20, 23, 28, 33, 42])
(88114, [0, 1, 3, 23, 33])
(88115, [1, 11, 17, 20, 23, 33, 38])
(88116, [2, 6, 14, 18, 19, 33, 41])
(88117, [0, 4, 6, 11, 12, 15, 16, 17, 24, 26, 33, 41, 43])
(88118, [1, 11, 19, 29, 33, 43])
(88119, [33])
(88120, [33])
(88121, [33])
(88122, [2, 3, 4, 14, 33])
(88123, [6, 7, 9, 30, 33])
(88124, [0, 7, 12, 18, 23, 33, 43, 44])
(88125, [33])
(88126, [1, 2, 3, 7, 11, 15, 21, 26, 33])
(88127, [0, 1, 3, 4, 7, 9, 15, 20, 33, 43])
(88128, [19, 33])
(88129, [1, 2, 3, 11, 16, 18, 19, 23, 28, 33, 40, 42])
(88130, [33])
(88131, [0, 1, 2, 3, 11, 22, 33, 36, 37, 44])
(88132, [33])
(88133, [33])
(88134, [0, 2, 6, 8, 9, 10, 12, 16, 19, 20, 22, 24, 26, 30, 31, 33, 41, 42])
(88135, [0, 1, 3, 11, 12, 31, 33, 44])
(88136, [33])
(88137, [12, 14, 18, 33])
(88138, [2, 30, 33, 41, 43])
(88139, [31, 33])
(88140, [33])
(88141, [0, 3, 20, 23])
(88142, [0, 1, 3, 20])
(88143, [20])
(88144, [1, 6, 19, 20, 24, 26, 40, 41])
(88145, [2, 3, 12, 15, 19, 20, 23, 31, 43])
(88146, [20])
(88147, [20])
(88148, [3, 18, 20, 31])
(88149, [3, 7, 11, 15, 20, 26, 31, 43, 44])
(88150, [2, 4, 9, 19, 20])
(88151, [13, 20])
(88152, [2, 11, 12, 13, 15, 16, 20, 30, 43, 44])
(88153, [20])
(88154, [20])
(88155, [0, 1, 3, 12, 15, 19, 20, 21, 26, 28, 31, 40, 44])
(88156, [0, 20])
(88157, [7, 12, 20])
(88158, [1, 14, 20, 21])
(88159, [0, 1, 3, 13, 20, 23])
(88160, [9, 20])
(88161, [20])
(88162, [1, 2, 3, 11, 16, 19, 20, 21, 23, 26, 29, 41])
(88163, [0, 20, 21, 37])
(88164, [1, 3, 15, 18, 20, 23, 29, 31, 43])
(88165, [7, 12, 20, 24])
(88166, [20])
(88167, [2, 20, 43])
(88168, [20])
(88169, [1, 9, 20])
(88170, [20])
(88171, [3, 11, 15, 17, 18, 19, 30, 41, 43, 44])
(88172, [5, 18])
(88173, [18])
(88174, [18])
(88175, [18])
(88176, [18])
(88177, [18, 19, 30, 31])
(88178, [18, 43])
(88179, [4, 15, 18, 19, 21, 22, 29, 39, 44])
(88180, [13, 17, 18, 23, 30, 31, 37, 41])
(88181, [15, 18, 44])
(88182, [18])
(88183, [3, 18, 23])
(88184, [18, 23])
(88185, [2, 3, 12, 17, 18, 19, 21, 31, 44])
(88186, [12, 18])
(88187, [0, 1, 2, 3, 4, 9, 14, 15, 18, 23, 24, 26, 43])
(88188, [2, 14, 15, 18, 21, 23, 36])
(88189, [18])
(88190, [18])
(88191, [18])
(88192, [1, 3, 4, 11, 13, 17, 18, 43])
(88193, [18])
(88194, [0, 3, 6, 12, 18, 22, 23, 41])
(88195, [15, 18])
(88196, [18])
(88197, [18])
(88198, [18, 26])
(88199, [2, 3, 4, 11, 18, 21, 24, 42, 43, 44])
(88200, [18, 40])
(88201, [1, 3, 6, 11, 12, 14, 15, 17, 18, 21, 23, 24, 27, 29, 43, 44])
(88202, [18])
(88203, [1, 2, 3, 4, 6, 9, 11, 12, 13, 14, 15, 16, 17, 18, 19, 21, 24, 26, 27, 30, 31, 39, 40, 41, 43, 44])
(88204, [18])
(88205, [18])
(88206, [2, 18])
(88207, [18, 23])
(88208, [0, 12, 18, 40])
(88209, [18])
(88210, [18])
(88211, [18])
(88212, [15, 18])
(88213, [18, 31])
(88214, [18])
(88215, [18])
(88216, [18])
(88217, [18])
(88218, [18])
(88219, [18])
(88220, [18])
(88221, [18])
(88222, [18])
(88223, [18])
(88224, [18])
(88225, [0, 12, 15, 18, 23, 26, 28, 44])
(88226, [18])
(88227, [18, 23])
(88228, [18])
(88229, [18])
(88230, [18])
(88231, [18])
(88232, [18])
(88233, [18])
(88234, [18])
(88235, [15, 18])
(88236, [18])
(88237, [18])
(88238, [1, 12, 18, 19, 21])
(88239, [18])
(88240, [18])
(88241, [18])
(88242, [18])
(88243, [18])
(88244, [18])
(88245, [18])
(88246, [18])
(88247, [18])
(88248, [18])
(88249, [18])
(88250, [11, 13, 18, 23, 24, 26, 41])
(88251, [18])
(88252, [18])
(88253, [18])
(88254, [18])
(88255, [18])
(88256, [18])
(88257, [0, 3, 11, 12, 16, 18, 21, 30])
(88258, [18, 23])
(88259, [18])
(88260, [18])
(88261, [3, 4, 18, 19])
(88262, [18])
(88263, [18])
(88264, [18, 23])
(88265, [18])
(88266, [18])
(88267, [2, 15, 18])
(88268, [12, 18, 24])
(88269, [18])
(88270, [18])
(88271, [18])
(88272, [0, 14, 18])
(88273, [27])
(88274, [27])
(88275, [4, 27])
(88276, [27])
(88277, [0, 10, 27, 30])
(88278, [0, 2, 9, 12, 22, 27, 42])
(88279, [27])
(88280, [0, 27])
(88281, [1, 2, 3, 4, 9, 15, 16, 17, 23])
(88282, [9, 23, 44])
(88283, [2, 9, 16, 19])
(88284, [1, 6, 9, 19, 22, 30])
(88285, [2, 9, 11, 23, 25])
(88286, [9])
(88287, [0, 9, 12])
(88288, [9])
(88289, [9])
(88290, [9])
(88291, [2, 9])
(88292, [9])
(88293, [9])
(88294, [9, 23])
(88295, [9])
(88296, [4, 9])
(88297, [9])
(88298, [9])
(88299, [6, 9, 12, 39, 43])
(88300, [2, 9, 19, 23, 30, 31])
(88301, [9])
(88302, [9])
(88303, [9])
(88304, [2, 9])
(88305, [9])
(88306, [9])
(88307, [9])
(88308, [4, 9])
(88309, [0, 1, 2, 3, 6, 8, 9, 16, 19, 23, 38, 43])
(88310, [0, 1, 3, 9])
(88311, [9, 14, 31, 44])
(88312, [9])
(88313, [9, 44])
(88314, [9])
(88315, [9, 12])
(88316, [9])
(88317, [9])
(88318, [1, 3, 7, 9, 11, 16, 19, 23, 30])
(88319, [9])
(88320, [2, 9])
(88321, [9])
(88322, [9])
(88323, [9])
(88324, [9])
(88325, [0])
(88326, [0])
(88327, [0])
(88328, [0, 12])
(88329, [0])
(88330, [0, 39])
(88331, [0])
(88332, [0])
(88333, [0])
(88334, [0])
(88335, [0])
(88336, [0, 14, 30, 31, 36])
(88337, [0])
(88338, [0])
(88339, [0])
(88340, [0])
(88341, [0])
(88342, [0, 12])
(88343, [0])
(88344, [0, 1, 3, 4, 11, 12, 16, 28, 31, 40, 41, 44])
(88345, [0, 12])
(88346, [0])
(88347, [0])
(88348, [0])
(88349, [0])
(88350, [0])
(88351, [0])
(88352, [0])
(88353, [0])
(88354, [0])
(88355, [0])
(88356, [0])
(88357, [0])
(88358, [0])
(88359, [0])
(88360, [0])
(88361, [0])
(88362, [0])
(88363, [0])
(88364, [0])
(88365, [0, 5, 8, 23])
(88366, [0])
(88367, [0])
(88368, [0])
(88369, [0])
(88370, [0])
(88371, [0])
(88372, [0, 12])
(88373, [0])
(88374, [0])
(88375, [0, 1, 2, 3, 4, 11, 12, 15, 17, 26, 44])
(88376, [0])
(88377, [0])
(88378, [0])
(88379, [0])
(88380, [0])
(88381, [0, 17, 19, 28, 42, 44])
(88382, [0])
(88383, [0])
(88384, [0])
(88385, [0])
(88386, [0])
(88387, [0, 1, 2, 3, 4, 11, 12, 14, 15, 16, 19, 21, 22, 23, 31, 40])
(88388, [0])
(88389, [0])
(88390, [0])
(88391, [0])
(88392, [0])
(88393, [0])
(88394, [0])
(88395, [0])
(88396, [0])
(88397, [0])
(88398, [0])
(88399, [0])
(88400, [0])
(88401, [0])
(88402, [0, 42])
(88403, [0])
(88404, [0])
(88405, [0])
(88406, [0])
(88407, [0])
(88408, [0])
(88409, [0])
(88410, [0])
(88411, [0])
(88412, [0])
(88413, [0])
(88414, [0])
(88415, [0])
(88416, [0])
(88417, [0, 1, 3])
(88418, [0])
(88419, [0])
(88420, [0])
(88421, [0, 12])
(88422, [0])
(88423, [0])
(88424, [0])
(88425, [0])
(88426, [0])
(88427, [0])
(88428, [0, 2, 3, 14, 26])
(88429, [0])
(88430, [0])
(88431, [0])
(88432, [0])
(88433, [0])
(88434, [0])
(88435, [0, 7])
(88436, [0])
(88437, [0, 1, 11, 21, 22])
(88438, [0])
(88439, [0])
(88440, [0])
(88441, [0, 44])
(88442, [0])
(88443, [0, 12])
(88444, [0])
(88445, [0])
(88446, [0])
(88447, [0, 12])
(88448, [0])
(88449, [0])
(88450, [0, 12])
(88451, [0])
(88452, [0])
(88453, [0])
(88454, [0])
(88455, [0, 12])
(88456, [0])
(88457, [0])
(88458, [0])
(88459, [0, 1])
(88460, [0])
(88461, [0])
(88462, [0])
(88463, [0])
(88464, [0])
(88465, [0])
(88466, [0])
(88467, [0])
(88468, [0])
(88469, [0])
(88470, [0, 3, 7, 12, 26, 30, 44])
(88471, [0])
(88472, [0])
(88473, [0])
(88474, [0])
(88475, [0])
(88476, [0])
(88477, [0])
(88478, [0])
(88479, [0])
(88480, [0, 24])
(88481, [0])
(88482, [0])
(88483, [0])
(88484, [0, 12])
(88485, [0])
(88486, [0])
(88487, [0])
(88488, [0])
(88489, [0])
(88490, [0])
(88491, [0])
(88492, [0])
(88493, [0])
(88494, [0])
(88495, [0])
(88496, [0, 3, 11, 41])
(88497, [0])
(88498, [0, 2, 15, 28, 31, 41, 43])
(88499, [0])
(88500, [0])
(88501, [0])
(88502, [0])
(88503, [0])
(88504, [0])
(88505, [0])
(88506, [0, 21, 30])
(88507, [0, 41])
(88508, [0])
(88509, [0])
(88510, [0])
(88511, [0])
(88512, [0])
(88513, [0])
(88514, [0])
(88515, [0, 12])
(88516, [0, 7, 44])
(88517, [0])
(88518, [0])
(88519, [0])
(88520, [0])
(88521, [0])
(88522, [0])
(88523, [0, 12])
(88524, [0])
(88525, [0])
(88526, [0])
(88527, [0])
(88528, [0])
(88529, [0])
(88530, [0, 12, 44])
(88531, [0])
(88532, [0, 4, 12])
(88533, [0])
(88534, [0])
(88535, [0])
(88536, [0])
(88537, [0])
(88538, [0])
(88539, [0, 1, 3, 12])
(88540, [0])
(88541, [0])
(88542, [0])
(88543, [0])
(88544, [0])
(88545, [0])
(88546, [0])
(88547, [0])
(88548, [0])
(88549, [0])
(88550, [0])
(88551, [0])
(88552, [0])
(88553, [0])
(88554, [0, 12])
(88555, [0, 12, 44])
(88556, [0])
(88557, [0])
(88558, [0])
(88559, [0])
(88560, [0])
(88561, [0])
(88562, [0])
(88563, [0])
(88564, [11, 15, 43])
(88565, [11])
(88566, [11])
(88567, [1, 2, 11, 16])
(88568, [1, 3, 11, 21])
(88569, [11])
(88570, [4, 11, 31])
(88571, [11, 39, 44])
(88572, [11])
(88573, [2, 7, 11, 21, 41])
(88574, [11])
(88575, [11])
(88576, [2, 4, 11, 12, 17, 30, 43])
(88577, [1, 2, 3, 4, 7, 11, 26, 30, 44])
(88578, [11, 19, 26, 40, 44])
(88579, [11])
(88580, [11])
(88581, [11])
(88582, [2, 11])
(88583, [11])
(88584, [11])
(88585, [11])
(88586, [11])
(88587, [11, 12])
(88588, [1, 2, 3, 11, 21, 30, 31, 44])
(88589, [1, 3, 4, 7])
(88590, [7])
(88591, [7])
(88592, [7])
(88593, [7])
(88594, [7])
(88595, [7])
(88596, [3, 7, 19])
(88597, [7])
(88598, [1, 3, 29])
(88599, [3, 26, 29, 44])
(88600, [16])
(88601, [16, 19, 21, 22, 39])
(88602, [16])
(88603, [16, 44])
(88604, [8, 16, 21, 23, 37])
(88605, [1, 2, 15, 16, 17, 19, 41, 43])
(88606, [16])
(88607, [16, 41])
(88608, [16, 43])
(88609, [1, 3, 16, 21, 22])
(88610, [16])
(88611, [16, 17, 41])
(88612, [16, 40])
(88613, [2, 12, 16, 19, 21, 41])
(88614, [16])
(88615, [16])
(88616, [3, 21, 42])
(88617, [42])
(88618, [42])
(88619, [1, 3, 5, 8, 23, 37, 42, 44])
(88620, [6])
(88621, [1, 3, 6, 23, 30])
(88622, [6])
(88623, [6])
(88624, [6])
(88625, [2, 4, 6, 24, 26])
(88626, [3, 6, 15, 23, 26, 30, 31, 43])
(88627, [1, 2, 6, 13, 41])
(88628, [6, 15, 31])
(88629, [6])
(88630, [6])
(88631, [6])
(88632, [2, 6, 13, 15, 26, 44])
(88633, [6, 14])
(88634, [5, 6, 14, 15, 36])
(88635, [6])
(88636, [28])
(88637, [28, 43])
(88638, [28])
(88639, [28])
(88640, [17])
(88641, [1, 17])
(88642, [4, 14, 17, 19, 25, 39, 40])
(88643, [14, 17])
(88644, [17])
(88645, [17])
(88646, [4, 17, 19, 43])
(88647, [17])
(88648, [3, 17, 19, 23])
(88649, [17])
(88650, [1, 17])
(88651, [17])
(88652, [17])
(88653, [17])
(88654, [17])
(88655, [17])
(88656, [17])
(88657, [17])
(88658, [17])
(88659, [17])
(88660, [17])
(88661, [2, 14, 17, 19, 40])
(88662, [1])
(88663, [1])
(88664, [1, 2, 12, 19])
(88665, [1, 30])
(88666, [1, 3])
(88667, [1])
(88668, [1])
(88669, [1])
(88670, [1, 3])
(88671, [1])
(88672, [1])
(88673, [1])
(88674, [1])
(88675, [1])
(88676, [1, 3])
(88677, [1])
(88678, [1])
(88679, [1])
(88680, [1, 3, 22])
(88681, [1, 3, 19])
(88682, [1])
(88683, [1])
(88684, [1, 3])
(88685, [1])
(88686, [1, 21])
(88687, [1])
(88688, [1, 3])
(88689, [1])
(88690, [1, 43])
(88691, [1])
(88692, [1, 3])
(88693, [1])
(88694, [1, 12, 26])
(88695, [1])
(88696, [1, 3])
(88697, [1])
(88698, [10])
(88699, [10])
(88700, [10])
(88701, [10, 44])
(88702, [10])
(88703, [10])
(88704, [10])
(88705, [10])
(88706, [10])
(88707, [10])
(88708, [19, 37])
(88709, [19])
(88710, [4, 19, 21, 43])
(88711, [8, 19])
(88712, [15, 19, 21, 26, 31])
(88713, [19])
(88714, [2, 19, 44])
(88715, [19])
(88716, [19, 39])
(88717, [19, 23])
(88718, [19])
(88719, [19])
(88720, [19])
(88721, [19])
(88722, [4, 19])
(88723, [19])
(88724, [19])
(88725, [19, 26])
(88726, [12, 19, 31])
(88727, [19])
(88728, [3, 19])
(88729, [19])
(88730, [19])
(88731, [19])
(88732, [19, 23])
(88733, [19])
(88734, [26])
(88735, [26])
(88736, [26])
(88737, [4, 26])
(88738, [12, 21, 26])
(88739, [26])
(88740, [26])
(88741, [3, 12, 26, 44])
(88742, [26])
(88743, [26])
(88744, [26])
(88745, [21, 26, 44])
(88746, [26])
(88747, [26])
(88748, [26])
(88749, [26])
(88750, [8])
(88751, [8])
(88752, [8])
(88753, [8])
(88754, [8, 12])
(88755, [8, 23])
(88756, [8])
(88757, [8])
(88758, [8])
(88759, [8])
(88760, [8])
(88761, [8, 21])
(88762, [8])
(88763, [8, 23])
(88764, [8, 30])
(88765, [8])
(88766, [8])
(88767, [8])
(88768, [8])
(88769, [8])
(88770, [8])
(88771, [12, 21])
(88772, [21])
(88773, [3, 21])
(88774, [21])
(88775, [3, 21])
(88776, [21])
(88777, [21])
(88778, [21])
(88779, [21])
(88780, [21])
(88781, [21])
(88782, [21])
(88783, [21])
(88784, [21])
(88785, [21])
(88786, [21])
(88787, [21])
(88788, [21])
(88789, [21])
(88790, [21])
(88791, [21])
(88792, [21])
(88793, [21])
(88794, [21])
(88795, [21])
(88796, [21])
(88797, [21])
(88798, [21])
(88799, [21])
(88800, [21])
(88801, [21])
(88802, [21])
(88803, [21])
(88804, [44])
(88805, [44])
(88806, [14, 44])
(88807, [44])
(88808, [2, 44])
(88809, [44])
(88810, [44])
(88811, [44])
(88812, [44])
(88813, [2, 3, 44])
(88814, [44])
(88815, [44])
(88816, [44])
(88817, [44])
(88818, [41, 44])
(88819, [44])
(88820, [44])
(88821, [43])
(88822, [43])
(88823, [43])
(88824, [43])
(88825, [43])
(88826, [43])
(88827, [43])
(88828, [43])
(88829, [43])
(88830, [43])
(88831, [2, 23, 43])
(88832, [43])
(88833, [43])
(88834, [43])
(88835, [43])
(88836, [43])
(88837, [43])
(88838, [22, 43])
(88839, [43])
(88840, [43])
(88841, [43])
(88842, [38])
(88843, [14, 36])
(88844, [36])
(88845, [36])
(88846, [36])
(88847, [36])
(88848, [36])
(88849, [36])
(88850, [36])
(88851, [36])
(88852, [36])
(88853, [36])
(88854, [36])
(88855, [36])
(88856, [14, 36])
(88857, [36])
(88858, [36])
(88859, [36])
(88860, [36])
(88861, [2, 36])
(88862, [36])
(88863, [36])
(88864, [36])
(88865, [2, 14, 36])
(88866, [36])
(88867, [2, 36])
(88868, [31, 36])
(88869, [36])
(88870, [36])
(88871, [36])
(88872, [36])
(88873, [36])
(88874, [36])
(88875, [14, 36])
(88876, [36])
(88877, [36])
(88878, [36])
(88879, [36])
(88880, [36])
(88881, [14, 36])
(88882, [36])
(88883, [31])
(88884, [24, 30, 31, 41])
(88885, [31])
(88886, [24, 30, 31])
(88887, [31])
(88888, [30, 31])
(88889, [31])
(88890, [31])
(88891, [31])
(88892, [31])
(88893, [31])
(88894, [31])
(88895, [30])
(88896, [30])
(88897, [30])
(88898, [30])
(88899, [30])
(88900, [37])
(88901, [37])
(88902, [37])
(88903, [37])
(88904, [37])
(88905, [37])
(88906, [39])
(88907, [39])
(88908, [39])
(88909, [39])
(88910, [23, 39])
(88911, [2, 41])
(88912, [41])
(88913, [41])
(88914, [41])
(88915, [41])
(88916, [41])
(88917, [41])
(88918, [41])
(88919, [2, 14, 41])
(88920, [41])
(88921, [13, 41])
(88922, [41])
(88923, [41])
(88924, [41])
(88925, [41])
(88926, [2, 23, 41])
(88927, [41])
(88928, [2, 14, 24])
(88929, [24])
(88930, [24])
(88931, [24])
(88932, [24])
(88933, [24])
(88934, [23])
(88935, [23])
(88936, [23])
(88937, [23])
(88938, [4, 23])
(88939, [23])
(88940, [23])
(88941, [23])
(88942, [23])
(88943, [23])
(88944, [23])
(88945, [23])
(88946, [23])
(88947, [23])
(88948, [23])
(88949, [23])
(88950, [23])
(88951, [23])
(88952, [23])
(88953, [23])
(88954, [23])
(88955, [23])
(88956, [23])
(88957, [23])
(88958, [23])
(88959, [23])
(88960, [23])
(88961, [23])
(88962, [23])
(88963, [23])
(88964, [23])
(88965, [23])
(88966, [23])
(88967, [23])
(88968, [23])
(88969, [23])
(88970, [23])
(88971, [23])
(88972, [23])
(88973, [23])
(88974, [23])
(88975, [23])
(88976, [23])
(88977, [23])
(88978, [23])
(88979, [23])
(88980, [23])
(88981, [23])
(88982, [4, 14])
(88983, [4])
(88984, [2, 4])
(88985, [4])
(88986, [4])
(88987, [4])
(88988, [4])
(88989, [4])
(88990, [4])
(88991, [4])
(88992, [4])
(88993, [4])
(88994, [4])
(88995, [4, 14])
(88996, [4])
(88997, [4])
(88998, [4])
(88999, [2, 4])
(89000, [2, 4, 14, 15])
(89001, [4])
(89002, [4])
(89003, [15])
(89004, [15])
(89005, [15])
(89006, [15])
(89007, [15])
(89008, [15])
(89009, [15])
(89010, [15])
(89011, [15])
(89012, [15])
(89013, [15])
(89014, [15])
(89015, [2, 3, 15])
(89016, [3])
(89017, [3, 12])
(89018, [3])
(89019, [3])
(89020, [3])
(89021, [3])
(89022, [3])
(89023, [3])
(89024, [3])
(89025, [3])
(89026, [3])
(89027, [3, 12])
(89028, [3])
(89029, [3])
(89030, [3])
(89031, [3])
(89032, [3])
(89033, [3])
(89034, [3])
(89035, [3])
(89036, [3])
(89037, [3])
(89038, [3])
(89039, [3])
(89040, [3])
(89041, [3])
(89042, [3])
(89043, [3])
(89044, [3])
(89045, [3])
(89046, [3])
(89047, [3])
(89048, [3])
(89049, [3])
(89050, [3])
(89051, [3])
(89052, [3])
(89053, [3])
(89054, [3])
(89055, [12])
(89056, [12])
(89057, [12])
(89058, [12])
(89059, [12])
(89060, [12])
(89061, [12])
(89062, [2, 12])
(89063, [12])
(89064, [12])
(89065, [12])
(89066, [12])
(89067, [12])
(89068, [12])
(89069, [12])
(89070, [12])
(89071, [12])
(89072, [12])
(89073, [12])
(89074, [12])
(89075, [12])
(89076, [12])
(89077, [12])
(89078, [12])
(89079, [12])
(89080, [12])
(89081, [12])
(89082, [12])
(89083, [12])
(89084, [12])
(89085, [12])
(89086, [12])
(89087, [12])
(89088, [12])
(89089, [12])
(89090, [12])
(89091, [12])
(89092, [12])
(89093, [12])
(89094, [12])
(89095, [12])
(89096, [12])
(89097, [12])
(89098, [12])
(89099, [12])
(89100, [12])
(89101, [12])
(89102, [40])
(89103, [40])
(89104, [40])
(89105, [40])
(89106, [40])
(89107, [40])
(89108, [2])
(89109, [2])
(89110, [2])
(89111, [2])
(89112, [2])
(89113, [2])
(89114, [2])
(89115, [2])
(89116, [2])
(89117, [2])
(89118, [2])
(89119, [2])
(89120, [2])
(89121, [2])
(89122, [2])
(89123, [2])
(89124, [2])
(89125, [2])
(89126, [2])
(89127, [2])
(89128, [2])
(89129, [2])
(89130, [2])
(89131, [2])
(89132, [2])
(89133, [2])
(89134, [2])
(89135, [2])
(89136, [2])
(89137, [2])
(89138, [2])
(89139, [2])
(89140, [2])
(89141, [2])
(89142, [2])
(89143, [2])
(89144, [2])
(89145, [2])
(89146, [2])
(89147, [2])
(89148, [2])
(89149, [2])
(89150, [2])
(89151, [2])
(89152, [2])
(89153, [2])
(89154, [2])
(89155, [2])
(89156, [2])
(89157, [2])
(89158, [2])
(89159, [2])
(89160, [2])
(89161, [2])
(89162, [2])
(89163, [2])
(89164, [2])
(89165, [2])
(89166, [2])
(89167, [2])
(89168, [2])
(89169, [2])
(89170, [2, 14])
(89171, [2])
(89172, [2])
(89173, [2])
(89174, [2])
(89175, [2])
(89176, [2])
(89177, [2])
(89178, [2])
(89179, [2])
(89180, [2])
(89181, [2])
(89182, [2])
(89183, [2])
(89184, [2])
(89185, [2])
(89186, [13])
(89187, [13])
(89188, [13])
(89189, [13])
(89190, [5])
(89191, [5])
(89192, [5])
(89193, [5])
(89194, [5])
(89195, [5])
(89196, [5])
(89197, [5])
(89198, [14])
(89199, [14])
(89200, [14])
(89201, [14])
(89202, [14])
(89203, [14])
(89204, [14])
(89205, [14])
(89206, [14])
(89207, [14])
(89208, [14])
(89209, [14])
(89210, [14])
(89211, [14])
(89212, [14])
(89213, [14])
(89214, [22])
(89215, [22])
(89216, [22])
(89217, [22])
(89218, [22])
(89219, [22])
(89220, [22])
(89221, [22])
(89222, [22])
(89223, [25])
