(59008, [32, 35, 34, 33, 20, 18, 27, 9, 0, 11, 7, 29, 16, 42, 6, 28, 17, 1, 10, 19, 26, 8, 21, 44, 43, 38, 36, 31, 30, 37, 39, 41, 24, 23, 4, 15, 3, 12, 40, 2, 13, 5, 14, 22, 25])
(59009, [32, 35, 34, 33, 20, 18, 27, 9, 0, 11, 7, 29, 16, 42, 6, 28, 17, 1, 10, 19, 26, 8, 21, 44, 43, 38, 36, 31, 30, 37, 39, 41, 24, 23, 4, 15, 3, 12, 40, 2, 13, 5, 14, 22, 25])
(59010, [32, 35, 34, 33, 20, 18, 27, 9, 0, 11, 7, 29, 16, 42, 6, 28, 17, 1, 10, 19, 26, 8, 21, 44, 43, 38, 36, 31, 30, 37, 39, 41, 24, 23, 4, 3, 12, 40, 2, 13, 5, 14, 22, 25])
(59011, [32, 35, 34, 33, 20, 18, 27, 9, 0, 11, 7, 29, 16, 42, 6, 28, 17, 1, 10, 19, 26, 8, 21, 44, 43, 38, 36, 31, 30, 37, 39, 41, 24, 23, 4, 15, 3, 12, 40, 2, 13, 5, 14, 22, 25])
(59012, [32, 35, 34, 33, 20, 18, 27, 9, 0, 11, 7, 29, 16, 42, 6, 28, 17, 1, 10, 19, 26, 8, 21, 44, 43, 38, 36, 31, 30, 37, 39, 41, 24, 23, 4, 15, 3, 12, 40, 2, 13, 5, 14, 22, 25])
(59013, [32, 17, 21, 4, 22])
(59014, [32, 35, 34, 33, 20, 18, 27, 9, 0, 11, 7, 29, 16, 42, 6, 28, 17, 1, 10, 19, 26, 8, 21, 44, 43, 38, 36, 31, 30, 37, 39, 41, 24, 23, 4, 15, 3, 12, 40, 2, 13, 5, 14, 22, 25])
(59015, [32, 35, 34, 33, 20, 18, 27, 9, 0, 11, 7, 29, 16, 42, 6, 28, 17, 1, 10, 19, 26, 8, 21, 44, 43, 38, 36, 31, 30, 37, 39, 41, 24, 23, 4, 15, 3, 12, 40, 2, 13, 5, 14, 22, 25])
(59016, [32, 35, 34, 33, 20, 18, 27, 9, 11, 7, 29, 6, 17, 1, 19, 26, 8, 21, 44, 43, 38, 31, 30, 37, 39, 41, 23, 4, 15, 3, 12, 40, 2, 5, 14, 22])
(59017, [32, 35, 34, 33, 20, 18, 9, 11, 29, 16, 42, 6, 17, 1, 19, 26, 8, 21, 44, 43, 36, 31, 30, 37, 39, 41, 23, 4, 3, 12, 2, 13, 5, 22])
(59018, [32])
(59019, [32, 35, 34, 33, 20, 18, 27, 9, 0, 11, 7, 29, 16, 42, 6, 28, 17, 1, 10, 19, 26, 8, 21, 44, 43, 38, 36, 31, 30, 37, 39, 41, 24, 23, 4, 15, 3, 12, 40, 2, 13, 5, 14, 22, 25])
(59020, [32, 35, 34, 33, 20, 18, 27, 9, 0, 11, 7, 16, 42, 6, 28, 17, 1, 10, 19, 26, 8, 21, 44, 43, 38, 36, 31, 30, 37, 39, 41, 24, 23, 4, 15, 3, 12, 40, 2, 13, 5, 14, 22, 25])
(59021, [32, 34, 18, 6, 1, 26, 44, 43, 31, 30, 41, 24, 15, 3, 2, 13])
(59022, [32, 34, 0, 11, 16, 42, 1, 26, 44, 15, 12, 40, 2, 22])
(59023, [32, 35, 34, 33, 18, 9, 11, 7, 6, 17, 1, 44, 31, 30, 24, 4, 15, 3, 12, 2, 14])
(59024, [32, 33, 20, 18, 9, 11, 7, 16, 42, 6, 17, 1, 19, 26, 21, 44, 43, 31, 30, 41, 24, 4, 15, 3, 12, 40, 2, 14, 22])
(59025, [32, 35, 34, 33, 20, 18, 27, 9, 0, 11, 7, 29, 16, 42, 6, 1, 10, 19, 26, 8, 44, 43, 38, 31, 30, 37, 39, 41, 24, 23, 4, 15, 3, 12, 40, 2, 13, 5, 14, 22])
(59026, [32, 34, 11, 17, 1, 8, 38, 15, 13])
(59027, [32, 35, 9, 0, 42, 28, 26, 15, 12, 13])
(59028, [32, 34, 33, 18, 9, 0, 11, 7, 16, 6, 17, 1, 26, 8, 44, 38, 36, 31, 30, 37, 41, 4, 15, 3, 12, 40, 2, 13, 14])
(59029, [32, 35, 34, 33, 18, 9, 7, 16, 42, 6, 1, 19, 26, 44, 43, 31, 30, 41, 23, 15, 3, 12, 40, 2, 13, 5])
(59030, [32, 43])
(59031, [32, 34, 33, 18, 27, 9, 11, 7, 16, 6, 17, 1, 19, 26, 44, 43, 36, 31, 30, 41, 24, 23, 4, 15, 3, 12, 40, 2, 13, 22])
(59032, [32, 35, 34, 33, 20, 18, 9, 11, 7, 29, 16, 42, 6, 17, 1, 19, 26, 8, 21, 44, 43, 31, 30, 39, 41, 24, 23, 4, 15, 3, 12, 2, 13, 5, 22])
(59033, [32, 34, 33, 9, 0, 11, 29, 16, 42, 6, 17, 1, 19, 26, 8, 21, 44, 38, 31, 30, 39, 23, 4, 15, 3, 12, 2, 22])
(59034, [32, 35, 34, 33, 20, 18, 27, 9, 0, 11, 7, 16, 42, 6, 28, 17, 1, 10, 19, 26, 8, 44, 43, 36, 31, 30, 37, 41, 24, 23, 4, 15, 3, 12, 2, 13, 5])
(59035, [32, 33, 7, 44, 43, 31, 23, 15, 22])
(59036, [32, 35, 33, 20, 9, 0, 11, 16, 6, 17, 1, 10, 19, 26, 31, 30, 24, 23, 15, 3, 2])
(59037, [32, 34, 33, 9, 11, 44, 43, 31, 30, 2])
(59038, [32, 35, 33, 18, 9, 0, 11, 16, 17, 1, 19, 26, 8, 21, 44, 43, 31, 30, 37, 39, 41, 24, 23, 4, 15, 3, 12, 2, 13, 14, 22])
(59039, [32, 34, 33, 19, 44, 31, 30, 3])
(59040, [32, 35, 34, 33, 18, 27, 9, 0, 11, 29, 16, 6, 28, 17, 1, 10, 19, 26, 21, 44, 38, 36, 31, 30, 37, 39, 41, 24, 23, 4, 15, 3, 12, 40, 2, 13, 14])
(59041, [32, 34, 33, 18, 9, 0, 11, 29, 16, 6, 17, 1, 10, 19, 26, 8, 44, 43, 36, 31, 30, 41, 24, 4, 15, 3, 40, 2, 13, 14, 22])
(59042, [32, 34, 33, 20, 18, 9, 0, 11, 7, 29, 42, 6, 1, 10, 19, 21, 43, 31, 30, 39, 24, 23, 4, 15, 3])
(59043, [32, 34, 33, 18, 9, 0, 11, 7, 29, 16, 42, 6, 1, 19, 44, 43, 31, 30, 37, 23, 4, 15, 3, 12, 40, 2])
(59044, [32, 35, 27, 0, 11, 7, 16, 6, 17, 1, 19, 26, 44, 43, 30, 4, 15, 12, 2, 13, 14, 22])
(59045, [32, 33, 18, 0, 11, 6, 17, 1, 21, 44, 31, 30, 39, 23, 4, 15, 3, 12, 5])
(59046, [32, 0, 11, 1, 26, 41, 3, 22])
(59047, [32, 9, 0, 28, 1, 26, 43, 30, 24, 23, 4, 15, 3, 2, 14])
(59048, [32, 18, 1, 21, 44, 3])
(59049, [32, 17, 4, 15])
(59050, [32, 34, 33, 18, 9, 1, 19, 26, 44, 43, 31, 30, 41, 24, 4, 15, 3, 40, 2, 13, 14])
(59051, [32, 35, 33, 18, 27, 9, 0, 1, 8, 44, 31, 30, 37, 24, 23, 4, 15, 3, 12, 5, 22])
(59052, [32, 20, 18, 9, 0, 11, 7, 42, 17, 1, 26, 21, 44, 30, 41, 23, 4, 15, 3, 12, 2])
(59053, [32, 18, 9, 0, 11, 1, 19, 43, 39, 23, 4, 3, 2])
(59054, [32, 34, 9, 0, 11, 16, 17, 1, 19, 26, 44, 31, 30, 24, 3, 2, 14])
(59055, [32, 33, 11, 6, 17, 26, 43, 36, 31, 30, 41, 23, 4, 15, 3, 12, 2, 14])
(59056, [32, 33, 9, 0, 11, 16, 1, 41, 24, 15, 3, 40, 2, 13])
(59057, [32, 33, 18, 9, 0, 11, 6, 1, 44, 36, 31, 30, 23, 4, 15, 3, 12, 22])
(59058, [32, 35, 34, 33, 20, 18, 27, 9, 0, 11, 7, 29, 42, 6, 28, 1, 10, 19, 26, 21, 44, 43, 38, 31, 30, 37, 39, 41, 23, 4, 15, 3, 12, 40, 2, 13, 14, 22])
(59059, [32, 34, 33, 18, 0, 11, 19, 44, 43, 31, 30, 24, 4, 15, 3, 40, 2, 13, 14])
(59060, [32, 35, 34, 33, 18, 9, 0, 11, 29, 16, 42, 6, 1, 19, 8, 21, 44, 43, 31, 30, 41, 23, 4, 15, 3, 12, 2, 22])
(59061, [32, 34, 18, 27, 9, 11, 6, 17, 19, 26, 43, 31, 30, 41, 24, 23, 4, 15, 2, 13, 14])
(59062, [32, 34, 33, 20, 9, 0, 11, 28, 26, 43, 24, 4, 15, 12, 2, 14])
(59063, [32, 35, 34, 33, 20, 18, 27, 9, 0, 11, 7, 16, 42, 6, 28, 17, 1, 10, 19, 26, 8, 21, 44, 43, 38, 36, 31, 30, 37, 41, 24, 23, 4, 15, 3, 12, 2, 14])
(59064, [32, 35, 34, 33, 18, 29, 6, 17, 1, 19, 8, 21, 43, 31, 41, 23, 3, 2, 13, 14, 22])
(59065, [32, 34, 33, 9, 0, 11, 16, 6, 17, 1, 19, 26, 8, 36, 31, 30, 41, 24, 4, 15, 3, 12, 40, 2, 13])
(59066, [32, 35, 34, 33, 20, 18, 27, 9, 11, 7, 29, 16, 42, 6, 17, 1, 19, 26, 21, 44, 43, 38, 36, 31, 30, 37, 39, 41, 24, 23, 4, 15, 3, 12, 40, 2, 13, 14, 22])
(59067, [32, 34, 20, 18, 9, 0, 11, 7, 6, 28, 1, 26, 8, 44, 43, 41, 24, 4, 15, 3, 12, 2, 14])
(59068, [32, 35, 34, 33, 7, 1, 19, 26, 44, 31, 30, 3, 2, 13, 22])
(59069, [32, 34, 33, 20, 18, 27, 9, 0, 11, 7, 16, 6, 28, 17, 1, 19, 26, 44, 43, 36, 31, 30, 39, 41, 24, 23, 4, 15, 3, 12, 40, 2, 14])
(59070, [32, 33, 18, 27, 9, 0, 11, 6, 44, 12])
(59071, [32, 34, 33, 9, 0, 11, 7, 16, 6, 17, 1, 26, 43, 31, 30, 24, 23, 15, 3, 12, 2])
(59072, [32, 34, 33, 18, 9, 11, 16, 6, 28, 1, 19, 8, 44, 43, 36, 31, 37, 41, 23, 4, 15, 3, 40, 2, 13, 14, 22])
(59073, [32, 34, 18, 27, 9, 11, 7, 6, 1, 19, 26, 8, 21, 44, 43, 30, 37, 24, 23, 4, 15, 3, 12, 40, 2, 5, 14, 22])
(59074, [32, 1, 39, 3])
(59075, [32, 1])
(59076, [32, 0, 26, 41])
(59077, [32, 34, 33, 20, 18, 9, 0, 11, 7, 29, 16, 17, 1, 26, 21, 44, 36, 31, 37, 41, 23, 4, 15, 3, 2, 22])
(59078, [32, 20, 18, 9, 11, 7, 29, 6, 1, 19, 26, 21, 44, 43, 41, 24, 4, 15, 3, 12, 2, 22])
(59079, [32])
(59080, [32, 18, 9, 0, 11, 7, 42, 6, 1, 10, 26, 44, 43, 31, 30, 37, 41, 4, 3, 12, 2, 13, 14])
(59081, [32, 33, 11, 16, 1, 8, 21, 44, 30, 23, 4, 3, 2])
(59082, [32, 34, 33, 20, 18, 0, 11, 6, 17, 1, 19, 8, 44, 43, 38, 31, 30, 23, 4, 15, 3, 12, 2, 5, 22])
(59083, [32, 34, 20, 18, 0, 7, 6, 1, 26, 21, 43, 38, 41, 23, 4, 15, 2, 14])
(59084, [32, 35, 34, 18, 9, 0, 11, 16, 6, 17, 1, 19, 26, 21, 43, 36, 31, 30, 39, 41, 23, 4, 15, 3, 12, 40, 2, 22])
(59085, [32, 18, 27, 9, 0, 7, 16, 42, 6, 28, 1, 19, 26, 8, 21, 44, 43, 38, 31, 30, 24, 23, 4, 15, 3, 2, 5, 25])
(59086, [32, 33, 0, 4, 2])
(59087, [32, 35, 33, 18, 9, 11, 7, 16, 17, 1, 19, 21, 44, 30, 37, 4, 15, 3, 12, 2, 13, 14])
(59088, [32, 33, 9, 31, 30, 41, 24, 15])
(59089, [32, 34, 20, 19, 43, 31])
(59090, [32])
(59091, [32, 26, 4, 12])
(59092, [32, 7, 31, 3])
(59093, [32])
(59094, [32, 35, 34, 33, 20, 9, 7, 6, 8, 43, 31, 41, 24, 23, 15, 3, 40])
(59095, [32, 33, 9, 1, 31, 30, 41, 2, 13])
(59096, [32, 33, 20, 0, 29, 26, 43, 36, 41, 4, 15, 3, 12])
(59097, [32, 35, 33, 18, 27, 9, 0, 11, 29, 16, 17, 1, 10, 19, 26, 21, 44, 43, 38, 41, 24, 23, 4, 15, 3, 2, 13, 5, 14, 22])
(59098, [32, 34, 33, 20, 18, 11, 7, 16, 6, 17, 1, 19, 26, 44, 31, 39, 15, 3, 40, 2, 13, 14])
(59099, [32, 34, 31, 23, 12])
(59100, [32, 35, 34, 20, 18, 9, 0, 11, 7, 16, 42, 28, 1, 10, 19, 26, 8, 44, 43, 38, 31, 30, 39, 41, 24, 23, 4, 15, 3, 12, 2, 13, 14, 25])
(59101, [32, 0, 1, 23, 3])
(59102, [32, 9, 17, 1, 19, 8, 21, 44, 30, 15, 3, 13, 22])
(59103, [32])
(59104, [32, 35, 34, 33, 20, 18, 27, 9, 0, 11, 7, 29, 16, 42, 28, 17, 1, 19, 26, 21, 44, 43, 36, 30, 37, 39, 41, 24, 23, 4, 15, 3, 12, 2, 13, 14, 22])
(59105, [32, 34, 33, 9, 11, 16, 17, 26, 43, 31, 30, 39, 41, 24, 4, 15, 12, 40, 2, 13, 14, 22, 25])
(59106, [32, 33, 11, 17, 26, 44, 41, 15, 2, 13])
(59107, [32, 34, 33, 20, 18, 9, 0, 11, 7, 16, 42, 6, 28, 17, 1, 10, 19, 26, 8, 21, 44, 43, 36, 31, 30, 41, 24, 4, 15, 3, 12, 40, 2, 13, 14, 25])
(59108, [32, 34, 33, 11, 30, 41])
(59109, [32, 3])
(59110, [32, 34, 33, 20, 0, 11, 17, 1, 26, 8, 21, 44, 43, 31, 30, 41, 24, 15, 40, 2, 13, 5, 22])
(59111, [32, 18, 9, 0, 7, 42, 6, 1, 19, 26, 8, 43, 41, 2, 14])
(59112, [32, 34, 33, 20, 18, 27, 11, 7, 28, 17, 1, 19, 26, 21, 44, 43, 30, 37, 39, 41, 4, 15, 3, 12, 40, 2, 13, 5, 22, 25])
(59113, [32, 0, 11, 43, 36, 24, 12, 2])
(59114, [35, 34, 33, 20, 18, 27, 9, 0, 11, 7, 29, 16, 42, 6, 28, 1, 10, 19, 26, 8, 21, 44, 43, 38, 36, 31, 30, 37, 39, 41, 24, 23, 4, 15, 3, 12, 40, 2, 13, 5, 14, 22, 25])
(59115, [35, 1, 19, 21, 43, 40])
(59116, [35, 37])
(59117, [35, 18, 23])
(59118, [35, 27, 11, 3])
(59119, [35, 34, 20, 0, 11, 7, 16, 42, 1, 38, 30, 3])
(59120, [35])
(59121, [35, 34, 33, 11, 16, 1, 26, 44, 31, 30, 3])
(59122, [35, 33, 18, 9, 0, 7, 1, 19, 21, 44, 31, 39, 23, 4, 15, 3, 12, 5, 22])
(59123, [35, 18, 0, 6, 28, 1, 31, 30, 23, 3, 12, 40])
(59124, [35])
(59125, [35, 21, 23])
(59126, [35])
(59127, [35, 34, 20, 18, 7, 16, 1, 19, 8, 21, 31, 30, 3, 12])
(59128, [35, 18, 9, 31, 24, 15, 13])
(59129, [35, 44, 2, 22])
(59130, [35, 34, 33, 18, 0, 11, 7, 17, 1, 19, 21, 44, 43, 39, 41, 23, 4, 3, 12, 2, 5])
(59131, [35, 18, 9, 0, 19, 43, 31, 30, 41, 24, 23, 4, 5, 14])
(59132, [35])
(59133, [35, 18, 0, 7, 1, 8, 30, 4])
(59134, [35])
(59135, [35, 34, 33, 20, 18, 27, 9, 0, 11, 7, 17, 1, 8, 21, 38, 31, 30, 15, 3, 12, 5])
(59136, [35, 6])
(59137, [35])
(59138, [35, 0, 42, 6, 38, 41, 12])
(59139, [35])
(59140, [35])
(59141, [35])
(59142, [35, 18, 29, 6, 1, 19, 26, 8, 21, 44, 38, 30, 41, 24, 23, 4, 15, 3, 40, 2, 13, 22])
(59143, [35])
(59144, [35, 16, 1, 26, 3, 12])
(59145, [35, 26, 30])
(59146, [35, 34, 20, 9, 0, 11, 7, 6, 1, 19, 26, 8, 21, 44, 39, 41, 23, 3, 12, 13])
(59147, [35])
(59148, [35])
(59149, [35])
(59150, [35, 27, 9, 6, 43, 31, 41, 23, 4, 3, 12, 2])
(59151, [35, 6, 41])
(59152, [35])
(59153, [35, 20, 9, 11, 7, 16, 1, 10, 19, 26, 21, 44, 43, 30, 23, 15, 3, 12, 22])
(59154, [35, 16, 42, 28, 17, 19, 26, 24, 15, 3, 40])
(59155, [35, 34, 18, 19])
(59156, [35])
(59157, [35, 18, 8, 44, 43, 2])
(59158, [35, 20, 0, 11, 7, 16, 42, 1, 26, 21, 44, 31, 37, 23, 3, 12, 5, 14])
(59159, [35, 20, 18, 0, 16, 42, 1, 19, 26, 8, 44, 43, 36, 30, 39, 41, 15, 3, 12, 40, 2, 13, 14])
(59160, [34, 0, 5])
(59161, [34, 33, 20, 18, 9, 11, 16, 6, 1, 19, 26, 43, 31, 41, 4, 3, 12, 40, 2, 13])
(59162, [34])
(59163, [34])
(59164, [34, 20, 18, 9, 0, 11, 16, 42, 6, 10, 26, 8, 21, 44, 43, 31, 41, 15, 3, 12, 2, 5, 22])
(59165, [34, 18, 11, 6, 26, 12, 2])
(59166, [34, 9, 11, 26, 30, 24, 4, 14])
(59167, [34, 33, 44, 43, 3, 12])
(59168, [34, 33, 20, 0, 11, 7, 17, 1, 26, 21, 39, 3, 12, 2])
(59169, [34, 33, 0, 11, 7, 1, 15, 3, 12])
(59170, [34])
(59171, [34, 18, 1, 26, 8, 30, 4, 2])
(59172, [34, 20, 18, 0, 42, 1, 10, 26, 44, 31, 3, 12, 2, 22])
(59173, [34, 0, 7, 28, 10, 21, 36, 31, 30, 3, 12])
(59174, [34])
(59175, [34, 33, 9, 6, 23, 40, 2, 13, 14, 22])
(59176, [34, 9, 0, 11, 1, 21, 38, 3, 22])
(59177, [34, 0, 7, 16, 1, 26, 21, 43, 41, 23, 3, 2])
(59178, [34, 18, 11, 7, 16, 26, 21, 44, 3])
(59179, [34, 20, 16, 6, 1, 19, 44, 30, 15, 3, 12, 2, 25])
(59180, [34, 17, 1, 21, 44, 31, 30, 41, 15, 3, 13])
(59181, [34, 33, 18, 9, 0, 11, 7, 42, 6, 1, 19, 21, 44, 38, 31, 30, 39, 23, 4, 3, 12, 22])
(59182, [34])
(59183, [34])
(59184, [34])
(59185, [34, 14])
(59186, [34, 0])
(59187, [34])
(59188, [34])
(59189, [34, 33, 3])
(59190, [34, 20, 16, 1, 21, 3, 12])
(59191, [34, 33, 11, 1, 19, 21, 44, 31, 4, 40, 2, 22])
(59192, [34, 33, 11, 29, 42, 1, 21, 31, 30, 24, 2, 22])
(59193, [34, 1])
(59194, [34, 9, 11, 42, 1, 10, 19, 43, 36, 31, 23, 4, 15, 3, 12, 40, 2, 14])
(59195, [34, 18, 31, 22])
(59196, [34, 18, 9, 0, 11, 7, 29, 16, 42, 1, 26, 8, 21, 44, 31, 23, 4, 15, 3, 12, 2])
(59197, [34, 8, 5])
(59198, [34])
(59199, [34, 33, 6])
(59200, [34, 22])
(59201, [34, 18, 11, 16, 42, 1, 19, 44, 31, 3, 12])
(59202, [34, 0, 7, 1, 8, 31, 39, 41, 4, 3, 12])
(59203, [34, 23])
(59204, [34, 2])
(59205, [34, 9, 6, 26, 36, 23, 4, 3, 2, 13])
(59206, [34, 20, 0, 7, 28, 1, 19, 31, 3, 12, 2])
(59207, [34])
(59208, [34, 0, 8, 2, 14])
(59209, [34])
(59210, [34, 12])
(59211, [34, 9, 0, 11, 26, 43, 36, 24, 15, 40, 2])
(59212, [34, 9, 1, 19, 12, 2])
(59213, [34, 9, 0, 10, 12, 2])
(59214, [34, 33, 18, 9, 7, 16, 42, 19, 44, 43, 31, 15, 12])
(59215, [34, 20, 18, 27, 9, 0, 11, 16, 1, 26, 43, 23, 15, 3, 40, 2, 13, 22])
(59216, [34, 0, 1, 36, 3])
(59217, [34, 33, 27, 0, 19, 26, 8, 21, 41, 23, 3, 12, 2, 5, 14])
(59218, [34, 33, 28, 1, 21, 3])
(59219, [34, 0, 2, 14, 25])
(59220, [34, 16, 23, 3])
(59221, [34, 18, 9, 6, 19, 26, 8, 21, 31, 30])
(59222, [34])
(59223, [34, 33, 9, 6, 31, 30])
(59224, [34, 9, 28, 19, 26, 43, 31, 41, 24, 4, 15, 2, 13])
(59225, [34])
(59226, [34, 20, 9, 0, 28, 10, 8, 3, 12])
(59227, [33])
(59228, [33, 1, 12])
(59229, [33, 30])
(59230, [33])
(59231, [33, 11, 7, 16, 1, 26, 21, 15, 12, 2])
(59232, [33, 20, 0, 11, 7, 42, 28, 17, 1, 19, 21, 31, 15, 3])
(59233, [33, 9, 1, 44, 43, 31, 30, 39, 23, 3, 22])
(59234, [33, 20, 0, 11, 1, 36, 3, 12, 14])
(59235, [33, 9, 0, 11, 6, 10, 21, 43, 38, 30, 41, 24, 23, 15, 12, 2, 25])
(59236, [33, 9, 19, 39, 24, 4, 12, 2, 14])
(59237, [33, 31])
(59238, [33, 9, 1, 19, 43, 31, 23, 3, 12])
(59239, [33, 1, 19, 41, 15, 3])
(59240, [33, 20, 0, 17, 1, 44, 23, 3, 22])
(59241, [33, 21, 15])
(59242, [33, 18, 11, 17, 19, 26, 39, 41, 15, 3, 12, 2, 14, 25])
(59243, [33, 20, 0, 11, 6, 28, 17, 26, 41, 24, 4, 15, 2, 14])
(59244, [33, 9, 7, 28, 1, 19, 26, 44, 43, 31, 41, 24, 23, 4, 15, 3, 12, 2, 13])
(59245, [33, 1, 38, 41])
(59246, [33, 19, 36])
(59247, [33, 31])
(59248, [33])
(59249, [33, 2])
(59250, [33, 0, 11, 1, 26, 21, 24, 3, 14, 22])
(59251, [33, 28, 17, 26, 44, 36, 39, 24, 4, 40, 2, 14])
(59252, [33, 26])
(59253, [33, 40])
(59254, [33, 44, 30])
(59255, [33, 19, 26, 43, 23, 15, 2])
(59256, [33, 27, 9, 0, 7, 6, 17, 1, 26, 43, 30, 41, 4, 12, 2, 14])
(59257, [33])
(59258, [33, 15, 14])
(59259, [33])
(59260, [33])
(59261, [33, 1, 19, 23, 3, 12])
(59262, [33])
(59263, [33, 20, 18, 27, 9, 0, 11, 7, 16, 6, 17, 19, 26, 44, 43, 36, 31, 4, 12, 40, 2, 13, 14])
(59264, [33, 18, 43, 30])
(59265, [33, 18, 42, 1, 8, 37, 15, 3, 22])
(59266, [33, 16, 43, 15, 2])
(59267, [33, 18, 6, 43, 30, 23])
(59268, [33, 1, 19, 21, 3, 22])
(59269, [33])
(59270, [33, 18, 9, 0, 11, 16, 42, 28, 17, 1, 10, 19, 21, 44, 43, 30, 39, 41, 24, 4, 15, 3, 12, 13, 22])
(59271, [33])
(59272, [33])
(59273, [20])
(59274, [20, 44, 2])
(59275, [20])
(59276, [20])
(59277, [20, 0, 12])
(59278, [20, 9, 17, 1, 38, 3])
(59279, [20, 26])
(59280, [20, 0, 8, 30, 22])
(59281, [20])
(59282, [20, 0, 1, 21, 3])
(59283, [20, 7, 3])
(59284, [20])
(59285, [20, 11, 1, 26, 24, 15, 2])
(59286, [20, 9, 0, 17, 26, 44, 36, 41, 23, 3, 12])
(59287, [20, 29, 1, 19, 3, 12, 2, 22])
(59288, [20, 9, 43])
(59289, [20])
(59290, [20, 18, 43, 3])
(59291, [20, 0, 11, 17, 1, 19, 26, 21, 44, 41, 3, 12])
(59292, [20])
(59293, [20])
(59294, [20])
(59295, [20, 3])
(59296, [20, 9, 6, 1, 23, 4, 2])
(59297, [20, 43, 3])
(59298, [20, 1, 30, 23, 15, 3])
(59299, [20])
(59300, [20, 9, 0, 10, 12])
(59301, [18])
(59302, [18])
(59303, [18])
(59304, [18])
(59305, [18])
(59306, [18, 3])
(59307, [18])
(59308, [18])
(59309, [18, 23])
(59310, [18])
(59311, [18])
(59312, [18])
(59313, [18, 9, 6, 43, 41, 24, 4, 3])
(59314, [18, 1, 19, 21, 44, 23, 15, 22])
(59315, [18])
(59316, [18])
(59317, [18, 11, 22])
(59318, [18, 3])
(59319, [18])
(59320, [18, 29, 30, 15, 3, 2])
(59321, [18, 19, 3, 5, 22])
(59322, [18, 9, 26, 15, 3, 12])
(59323, [18, 9, 7, 26, 44, 3, 12, 2, 13])
(59324, [18, 0])
(59325, [18, 37, 23])
(59326, [18])
(59327, [18, 21])
(59328, [18])
(59329, [18])
(59330, [18, 29])
(59331, [18])
(59332, [18, 1])
(59333, [18])
(59334, [18, 9, 0, 26])
(59335, [18])
(59336, [18])
(59337, [18, 8, 23])
(59338, [18, 19])
(59339, [18, 23, 3])
(59340, [18])
(59341, [18])
(59342, [18])
(59343, [18])
(59344, [18, 19])
(59345, [18])
(59346, [18])
(59347, [18])
(59348, [18, 17, 38, 15, 12, 22])
(59349, [18])
(59350, [18])
(59351, [18])
(59352, [18, 23])
(59353, [18])
(59354, [18, 2, 14])
(59355, [18])
(59356, [18])
(59357, [18, 19, 31, 30])
(59358, [18])
(59359, [18, 43, 23, 13])
(59360, [18])
(59361, [18])
(59362, [18, 41, 12])
(59363, [18])
(59364, [18, 30])
(59365, [18, 30, 23])
(59366, [18, 11, 8, 21, 36, 31, 3, 12, 13])
(59367, [18])
(59368, [18, 17, 26, 24])
(59369, [18])
(59370, [18])
(59371, [18, 41])
(59372, [18])
(59373, [18, 0, 26, 12])
(59374, [18])
(59375, [18])
(59376, [18, 0])
(59377, [18, 0, 21, 43, 41, 4, 3, 12])
(59378, [18])
(59379, [18])
(59380, [18, 6, 17])
(59381, [18, 26, 3])
(59382, [27])
(59383, [27, 43, 40])
(59384, [27])
(59385, [27])
(59386, [27])
(59387, [27])
(59388, [27])
(59389, [27])
(59390, [9, 0, 6, 43, 30, 41, 12, 2, 13])
(59391, [9, 41, 15])
(59392, [9, 11, 26, 31, 24, 23])
(59393, [9, 17, 1, 19, 8, 21, 30, 23, 4, 15, 3, 12, 5])
(59394, [9])
(59395, [9, 0, 28, 21, 23, 12, 2])
(59396, [9, 0, 8, 23, 3, 22])
(59397, [9, 17, 26, 41, 2])
(59398, [9, 0, 41, 23, 15])
(59399, [9])
(59400, [9, 42, 6, 17, 1, 19, 26, 44, 41, 23, 4, 15])
(59401, [9, 1, 41, 23, 3, 2, 14])
(59402, [9])
(59403, [9, 0, 29, 31, 4, 2, 14])
(59404, [9])
(59405, [9, 11, 1, 19, 26, 31, 3, 2])
(59406, [9, 7, 1, 19, 26, 44, 38, 30, 15, 3, 2])
(59407, [9])
(59408, [9])
(59409, [9])
(59410, [9, 0, 30])
(59411, [9, 7, 6, 1, 19, 44, 30, 4, 3, 2])
(59412, [9, 23, 15])
(59413, [9])
(59414, [9, 0, 6, 1, 21, 44, 36, 31, 41, 23, 2])
(59415, [9, 16, 1, 19, 26, 44, 3])
(59416, [9])
(59417, [9, 11, 6, 17, 1, 19, 8, 21, 44, 38, 24, 15, 3, 40, 2])
(59418, [9])
(59419, [9])
(59420, [9])
(59421, [9])
(59422, [9, 19, 2])
(59423, [9])
(59424, [9])
(59425, [9])
(59426, [9])
(59427, [9])
(59428, [9, 43, 31, 24, 23, 3, 2])
(59429, [9])
(59430, [9])
(59431, [9])
(59432, [9, 38, 4, 15])
(59433, [9])
(59434, [9])
(59435, [9])
(59436, [9, 2, 14])
(59437, [9, 0, 43, 3])
(59438, [9])
(59439, [9, 31])
(59440, [9])
(59441, [9, 12])
(59442, [9, 2])
(59443, [9])
(59444, [9])
(59445, [9])
(59446, [9, 2])
(59447, [9, 0, 16, 1, 13])
(59448, [9, 42, 1, 43, 31, 4])
(59449, [9])
(59450, [9])
(59451, [9])
(59452, [9])
(59453, [9, 16, 1, 24, 12, 2])
(59454, [9, 11, 17, 1, 43, 39, 41, 4, 14])
(59455, [0, 8, 44, 36, 23, 3, 2, 14])
(59456, [0, 16, 1, 21, 44, 39, 3])
(59457, [0])
(59458, [0, 12])
(59459, [0])
(59460, [0, 11, 28, 1, 21, 31, 41, 4, 3, 12])
(59461, [0])
(59462, [0])
(59463, [0, 12])
(59464, [0])
(59465, [0, 12])
(59466, [0, 15, 14])
(59467, [0, 1, 19, 3, 12, 2, 14])
(59468, [0])
(59469, [0])
(59470, [0])
(59471, [0])
(59472, [0, 12])
(59473, [0])
(59474, [0, 12])
(59475, [0])
(59476, [0])
(59477, [0])
(59478, [0])
(59479, [0, 44, 30, 3])
(59480, [0, 16, 1])
(59481, [0])
(59482, [0, 17, 1, 36, 23, 4, 3, 12, 2, 14])
(59483, [0])
(59484, [0])
(59485, [0, 12])
(59486, [0])
(59487, [0])
(59488, [0, 11])
(59489, [0])
(59490, [0])
(59491, [0])
(59492, [0])
(59493, [0])
(59494, [0])
(59495, [0])
(59496, [0])
(59497, [0])
(59498, [0, 7, 16, 6, 1, 44, 23, 3, 12, 2, 13])
(59499, [0])
(59500, [0])
(59501, [0])
(59502, [0, 3])
(59503, [0])
(59504, [0])
(59505, [0])
(59506, [0])
(59507, [0, 1])
(59508, [0])
(59509, [0])
(59510, [0])
(59511, [0])
(59512, [0])
(59513, [0])
(59514, [0])
(59515, [0])
(59516, [0])
(59517, [0])
(59518, [0])
(59519, [0])
(59520, [0])
(59521, [0])
(59522, [0, 5])
(59523, [0])
(59524, [0])
(59525, [0, 12])
(59526, [0])
(59527, [0])
(59528, [0])
(59529, [0])
(59530, [0])
(59531, [0])
(59532, [0])
(59533, [0])
(59534, [0])
(59535, [0])
(59536, [0])
(59537, [0])
(59538, [0])
(59539, [0])
(59540, [0, 11, 16, 1, 44, 30, 23, 4, 3, 2])
(59541, [0])
(59542, [0])
(59543, [0])
(59544, [0])
(59545, [0])
(59546, [0])
(59547, [0])
(59548, [0])
(59549, [0])
(59550, [0])
(59551, [0])
(59552, [0])
(59553, [0, 41, 3])
(59554, [0])
(59555, [0])
(59556, [0])
(59557, [0])
(59558, [0])
(59559, [0, 2])
(59560, [0, 11, 43, 41])
(59561, [0])
(59562, [0])
(59563, [0])
(59564, [0, 3])
(59565, [0])
(59566, [0, 6])
(59567, [0])
(59568, [0])
(59569, [0])
(59570, [0])
(59571, [0])
(59572, [0])
(59573, [0])
(59574, [0, 26, 12])
(59575, [0])
(59576, [0])
(59577, [0])
(59578, [0, 44, 4, 2, 14])
(59579, [0])
(59580, [0])
(59581, [0])
(59582, [0])
(59583, [0])
(59584, [0])
(59585, [0])
(59586, [0])
(59587, [0])
(59588, [0])
(59589, [0, 12])
(59590, [0])
(59591, [0, 26, 31, 30, 41, 15, 2])
(59592, [0])
(59593, [0])
(59594, [0, 7])
(59595, [0])
(59596, [0])
(59597, [0])
(59598, [0])
(59599, [0, 28, 26, 12, 13])
(59600, [0])
(59601, [0])
(59602, [0])
(59603, [0, 7, 1, 19, 21, 3])
(59604, [0, 1, 4, 22])
(59605, [0])
(59606, [0, 41])
(59607, [0, 11])
(59608, [0])
(59609, [0])
(59610, [0, 12])
(59611, [0])
(59612, [0])
(59613, [0])
(59614, [0])
(59615, [0])
(59616, [0])
(59617, [0, 1, 19, 26, 21, 44, 3, 22])
(59618, [0])
(59619, [0])
(59620, [0])
(59621, [0, 12])
(59622, [0])
(59623, [0])
(59624, [0])
(59625, [0])
(59626, [0])
(59627, [0])
(59628, [0])
(59629, [0])
(59630, [0])
(59631, [0, 11, 19])
(59632, [0])
(59633, [0])
(59634, [0])
(59635, [0])
(59636, [0])
(59637, [0])
(59638, [0, 19, 26, 41, 3, 2])
(59639, [0])
(59640, [0])
(59641, [0, 14])
(59642, [0])
(59643, [0])
(59644, [0])
(59645, [0, 16, 1, 21, 3, 2, 5, 22])
(59646, [0])
(59647, [0])
(59648, [0, 12])
(59649, [0])
(59650, [0])
(59651, [0])
(59652, [0])
(59653, [0])
(59654, [0])
(59655, [0])
(59656, [0])
(59657, [0])
(59658, [0, 21])
(59659, [0])
(59660, [0, 1, 19, 23, 12])
(59661, [0])
(59662, [0])
(59663, [0])
(59664, [0])
(59665, [0])
(59666, [0])
(59667, [0])
(59668, [0, 5])
(59669, [0])
(59670, [0, 11])
(59671, [0])
(59672, [0])
(59673, [0])
(59674, [0])
(59675, [0])
(59676, [0])
(59677, [0])
(59678, [0])
(59679, [0])
(59680, [0])
(59681, [11, 3])
(59682, [11])
(59683, [11, 1, 26, 21, 4, 3])
(59684, [11])
(59685, [11, 1, 19, 26, 21, 43, 3, 12])
(59686, [11, 17, 26, 44, 36, 30, 41, 24, 4, 15, 12, 2])
(59687, [11, 1, 4])
(59688, [11])
(59689, [11, 8, 3, 22])
(59690, [11, 3])
(59691, [11, 6])
(59692, [11, 7, 1, 21, 41, 3])
(59693, [11, 7, 41])
(59694, [11, 30])
(59695, [11])
(59696, [11])
(59697, [11])
(59698, [11, 7, 42, 21, 3, 12])
(59699, [11, 29, 1, 8, 3])
(59700, [11, 1, 3])
(59701, [11])
(59702, [11])
(59703, [11])
(59704, [11])
(59705, [11, 42, 43, 2])
(59706, [11])
(59707, [11, 17])
(59708, [11, 26, 2, 14])
(59709, [7])
(59710, [7, 42, 19, 44, 41, 23, 40, 2])
(59711, [7, 19, 31, 2, 25])
(59712, [7])
(59713, [7, 1, 38, 3, 12, 22])
(59714, [7, 1])
(59715, [7, 28, 19, 4, 12, 2])
(59716, [7])
(59717, [7])
(59718, [7])
(59719, [7])
(59720, [7])
(59721, [7])
(59722, [7, 12])
(59723, [7])
(59724, [7])
(59725, [7, 1])
(59726, [29])
(59727, [29, 16, 17, 1, 41, 23, 15, 3])
(59728, [29, 6])
(59729, [29])
(59730, [29, 17, 1, 19, 8, 30, 3, 22])
(59731, [29])
(59732, [29])
(59733, [29, 19, 31, 3])
(59734, [16])
(59735, [16, 6, 17, 41, 24])
(59736, [16])
(59737, [16])
(59738, [16])
(59739, [16])
(59740, [16])
(59741, [16, 30, 23, 2])
(59742, [16])
(59743, [16, 43, 30])
(59744, [16])
(59745, [16])
(59746, [16])
(59747, [16, 6, 26, 3])
(59748, [16])
(59749, [16])
(59750, [42, 23])
(59751, [42, 23, 2])
(59752, [42, 4, 2])
(59753, [42])
(59754, [42])
(59755, [6, 26, 2])
(59756, [6, 2])
(59757, [6, 17, 44, 43, 2])
(59758, [6, 30])
(59759, [6])
(59760, [6, 1, 19, 26, 41, 24, 2, 14, 22])
(59761, [6, 4])
(59762, [6, 26, 44, 41, 24, 40])
(59763, [6])
(59764, [6, 31, 23, 15, 3])
(59765, [6])
(59766, [6])
(59767, [6])
(59768, [28, 5])
(59769, [28])
(59770, [17, 26, 41, 2, 25])
(59771, [17])
(59772, [17])
(59773, [17])
(59774, [17])
(59775, [17, 12])
(59776, [17, 10, 43, 41])
(59777, [17])
(59778, [17])
(59779, [17, 26, 41])
(59780, [17, 19, 8, 30, 23, 4, 3, 2, 22])
(59781, [17])
(59782, [17, 1, 44, 43])
(59783, [17])
(59784, [17])
(59785, [17])
(59786, [1])
(59787, [1])
(59788, [1, 19])
(59789, [1, 19, 22])
(59790, [1])
(59791, [1, 30])
(59792, [1, 19, 8, 21, 31, 3, 12, 14, 22])
(59793, [1, 19, 43])
(59794, [1])
(59795, [1])
(59796, [1, 26, 24, 15, 3, 22])
(59797, [1])
(59798, [1])
(59799, [1])
(59800, [1])
(59801, [1])
(59802, [1])
(59803, [1, 3])
(59804, [1, 3])
(59805, [1])
(59806, [1])
(59807, [1, 21, 3, 12])
(59808, [1, 3])
(59809, [1, 19, 31, 3])
(59810, [1])
(59811, [1])
(59812, [1, 3, 14])
(59813, [1, 2])
(59814, [1, 26, 2])
(59815, [1, 3])
(59816, [1, 21])
(59817, [1])
(59818, [1])
(59819, [1])
(59820, [1])
(59821, [10])
(59822, [10])
(59823, [19, 8, 21, 5])
(59824, [19, 8, 21, 44])
(59825, [19])
(59826, [19])
(59827, [19, 3])
(59828, [19, 31])
(59829, [19])
(59830, [19])
(59831, [19, 43, 30, 4, 22])
(59832, [19])
(59833, [19])
(59834, [19])
(59835, [19, 44])
(59836, [19])
(59837, [19])
(59838, [19, 23])
(59839, [19])
(59840, [19, 21])
(59841, [19, 21, 30])
(59842, [19])
(59843, [19])
(59844, [19])
(59845, [19])
(59846, [26])
(59847, [26, 8, 3, 13])
(59848, [26])
(59849, [26, 41, 24, 2])
(59850, [26])
(59851, [26, 43])
(59852, [26])
(59853, [26])
(59854, [26])
(59855, [26, 23, 15, 12])
(59856, [26, 3, 2])
(59857, [26])
(59858, [26, 31, 37, 39, 3, 12])
(59859, [26])
(59860, [26])
(59861, [8])
(59862, [8, 23, 5])
(59863, [8, 23])
(59864, [8, 2])
(59865, [8])
(59866, [8])
(59867, [8, 12])
(59868, [8, 44, 43, 23, 3, 12, 5])
(59869, [8])
(59870, [8])
(59871, [8])
(59872, [8, 21])
(59873, [8])
(59874, [8])
(59875, [8, 23, 12])
(59876, [8])
(59877, [8])
(59878, [8, 43, 5])
(59879, [8])
(59880, [8])
(59881, [8])
(59882, [21])
(59883, [21])
(59884, [21, 41, 2])
(59885, [21])
(59886, [21])
(59887, [21])
(59888, [21])
(59889, [21])
(59890, [21, 12])
(59891, [21])
(59892, [21])
(59893, [21])
(59894, [21, 12])
(59895, [21])
(59896, [21])
(59897, [21])
(59898, [21])
(59899, [21])
(59900, [21])
(59901, [21])
(59902, [21])
(59903, [21])
(59904, [21])
(59905, [21])
(59906, [21])
(59907, [21])
(59908, [21, 2])
(59909, [21])
(59910, [21])
(59911, [21])
(59912, [44, 3, 2])
(59913, [44])
(59914, [44])
(59915, [44])
(59916, [44])
(59917, [44, 23])
(59918, [44])
(59919, [44])
(59920, [44, 12, 40])
(59921, [44])
(59922, [44, 3])
(59923, [44, 43, 41, 2])
(59924, [44])
(59925, [44])
(59926, [44])
(59927, [43, 23, 4, 2])
(59928, [43])
(59929, [43])
(59930, [43])
(59931, [43])
(59932, [43])
(59933, [43])
(59934, [43])
(59935, [43])
(59936, [43])
(59937, [43])
(59938, [43])
(59939, [43])
(59940, [43])
(59941, [43])
(59942, [43, 13])
(59943, [43, 40])
(59944, [43, 2])
(59945, [43])
(59946, [43])
(59947, [43, 4, 2])
(59948, [38, 4])
(59949, [38])
(59950, [38])
(59951, [38])
(59952, [38])
(59953, [36])
(59954, [36])
(59955, [36])
(59956, [36])
(59957, [36])
(59958, [36, 30])
(59959, [36])
(59960, [36])
(59961, [36])
(59962, [36])
(59963, [36])
(59964, [36])
(59965, [36])
(59966, [36])
(59967, [36])
(59968, [36])
(59969, [36])
(59970, [36])
(59971, [36])
(59972, [36])
(59973, [36])
(59974, [36])
(59975, [36])
(59976, [36, 2])
(59977, [36])
(59978, [31])
(59979, [31])
(59980, [31])
(59981, [31])
(59982, [31])
(59983, [31, 12, 13])
(59984, [31])
(59985, [31])
(59986, [31])
(59987, [31])
(59988, [31])
(59989, [31, 41])
(59990, [31])
(59991, [31])
(59992, [30])
(59993, [30, 39])
(59994, [30])
(59995, [30])
(59996, [30, 3, 2])
(59997, [30])
(59998, [30])
(59999, [30, 4])
(60000, [30])
(60001, [30])
(60002, [30])
(60003, [30])
(60004, [30])
(60005, [30])
(60006, [30])
(60007, [30, 24])
(60008, [37, 5])
(60009, [37])
(60010, [37])
(60011, [37])
(60012, [37])
(60013, [37])
(60014, [39])
(60015, [39])
(60016, [41])
(60017, [41])
(60018, [41])
(60019, [41, 23])
(60020, [41])
(60021, [41])
(60022, [41, 2])
(60023, [41])
(60024, [41])
(60025, [41])
(60026, [41])
(60027, [41])
(60028, [41])
(60029, [41])
(60030, [41])
(60031, [41])
(60032, [41])
(60033, [41])
(60034, [41])
(60035, [41])
(60036, [41])
(60037, [24])
(60038, [24, 2, 14])
(60039, [24, 14])
(60040, [24])
(60041, [24])
(60042, [24])
(60043, [24, 3])
(60044, [23])
(60045, [23])
(60046, [23])
(60047, [23])
(60048, [23])
(60049, [23])
(60050, [23])
(60051, [23])
(60052, [23])
(60053, [23])
(60054, [23])
(60055, [23])
(60056, [23])
(60057, [23])
(60058, [23])
(60059, [23])
(60060, [23])
(60061, [23])
(60062, [23])
(60063, [23])
(60064, [23])
(60065, [23])
(60066, [23])
(60067, [23])
(60068, [23])
(60069, [23])
(60070, [23])
(60071, [23])
(60072, [23])
(60073, [23])
(60074, [23])
(60075, [23, 2, 22, 25])
(60076, [23])
(60077, [23])
(60078, [23])
(60079, [23])
(60080, [23])
(60081, [23, 12])
(60082, [23])
(60083, [23])
(60084, [23])
(60085, [23])
(60086, [23])
(60087, [23])
(60088, [23])
(60089, [23])
(60090, [23])
(60091, [23])
(60092, [23])
(60093, [23])
(60094, [23])
(60095, [23])
(60096, [23])
(60097, [23])
(60098, [23])
(60099, [23])
(60100, [23])
(60101, [23])
(60102, [23])
(60103, [23])
(60104, [23])
(60105, [23])
(60106, [23])
(60107, [23])
(60108, [23])
(60109, [23])
(60110, [23])
(60111, [23])
(60112, [23])
(60113, [23])
(60114, [23])
(60115, [23])
(60116, [23])
(60117, [4])
(60118, [4])
(60119, [4])
(60120, [4])
(60121, [4])
(60122, [4])
(60123, [4])
(60124, [4])
(60125, [4])
(60126, [4, 2])
(60127, [4])
(60128, [4])
(60129, [4])
(60130, [4])
(60131, [4])
(60132, [4])
(60133, [4])
(60134, [4])
(60135, [4])
(60136, [4])
(60137, [4])
(60138, [4])
(60139, [4])
(60140, [4, 2])
(60141, [4, 2])
(60142, [4])
(60143, [4])
(60144, [4])
(60145, [15])
(60146, [15])
(60147, [15])
(60148, [15])
(60149, [15])
(60150, [15])
(60151, [15])
(60152, [15])
(60153, [15])
(60154, [15])
(60155, [15])
(60156, [15])
(60157, [3])
(60158, [3])
(60159, [3])
(60160, [3])
(60161, [3])
(60162, [3])
(60163, [3])
(60164, [3])
(60165, [3])
(60166, [3])
(60167, [3])
(60168, [3])
(60169, [3])
(60170, [3])
(60171, [3])
(60172, [3])
(60173, [3])
(60174, [3])
(60175, [3])
(60176, [3])
(60177, [3])
(60178, [3])
(60179, [3])
(60180, [3, 2])
(60181, [3])
(60182, [3])
(60183, [3])
(60184, [3])
(60185, [3])
(60186, [12])
(60187, [12, 2, 25])
(60188, [12])
(60189, [12])
(60190, [12])
(60191, [12])
(60192, [12])
(60193, [12])
(60194, [12])
(60195, [12])
(60196, [12])
(60197, [12])
(60198, [12])
(60199, [12])
(60200, [12])
(60201, [12])
(60202, [12])
(60203, [12])
(60204, [12])
(60205, [12])
(60206, [12])
(60207, [12])
(60208, [12])
(60209, [12])
(60210, [12, 2])
(60211, [12])
(60212, [12])
(60213, [12])
(60214, [12])
(60215, [12])
(60216, [12])
(60217, [12])
(60218, [12])
(60219, [12])
(60220, [12])
(60221, [12])
(60222, [12])
(60223, [12])
(60224, [12])
(60225, [12])
(60226, [12])
(60227, [12])
(60228, [12])
(60229, [12])
(60230, [12])
(60231, [12])
(60232, [12])
(60233, [12])
(60234, [12])
(60235, [12])
(60236, [12])
(60237, [12])
(60238, [12])
(60239, [12])
(60240, [12])
(60241, [12])
(60242, [12])
(60243, [12])
(60244, [12])
(60245, [12])
(60246, [12])
(60247, [12])
(60248, [12])
(60249, [12])
(60250, [12])
(60251, [12])
(60252, [12])
(60253, [12])
(60254, [40])
(60255, [2])
(60256, [2])
(60257, [2])
(60258, [2])
(60259, [2])
(60260, [2])
(60261, [2])
(60262, [2])
(60263, [2])
(60264, [2])
(60265, [2])
(60266, [2])
(60267, [2])
(60268, [2])
(60269, [2])
(60270, [2])
(60271, [2])
(60272, [2])
(60273, [2])
(60274, [2])
(60275, [2])
(60276, [2])
(60277, [2])
(60278, [2])
(60279, [2])
(60280, [2])
(60281, [2])
(60282, [2])
(60283, [2])
(60284, [2])
(60285, [2])
(60286, [2])
(60287, [2])
(60288, [2])
(60289, [2])
(60290, [2])
(60291, [2])
(60292, [2])
(60293, [2])
(60294, [2])
(60295, [2])
(60296, [2])
(60297, [2])
(60298, [2])
(60299, [2])
(60300, [2])
(60301, [2])
(60302, [2])
(60303, [2])
(60304, [2])
(60305, [2])
(60306, [2])
(60307, [2])
(60308, [2])
(60309, [2, 14])
(60310, [2])
(60311, [2])
(60312, [2])
(60313, [2])
(60314, [2])
(60315, [2])
(60316, [2])
(60317, [2])
(60318, [2])
(60319, [2])
(60320, [2])
(60321, [2])
(60322, [2])
(60323, [2])
(60324, [2])
(60325, [2])
(60326, [13])
(60327, [13])
(60328, [13])
(60329, [13])
(60330, [13])
(60331, [13])
(60332, [5])
(60333, [5])
(60334, [5])
(60335, [5])
(60336, [5])
(60337, [5])
(60338, [5])
(60339, [5])
(60340, [5])
(60341, [14])
(60342, [14])
(60343, [14])
(60344, [14])
(60345, [14])
(60346, [14])
(60347, [14])
(60348, [14])
(60349, [14])
(60350, [14])
(60351, [14])
(60352, [14])
(60353, [14])
(60354, [14])
(60355, [14])
(60356, [14])
(60357, [14])
(60358, [14])
(60359, [14])
(60360, [14])
(60361, [22])
(60362, [22])
(60363, [22])
(60364, [22])
(60365, [22])
(60366, [22])
(60367, [22])
(60368, [22])
(60369, [22])
(60370, [22])
(60371, [22])
(60372, [22])
(60373, [25])
(60374, [25])
(60375, [25])
