(24717, [32, 35, 34, 33, 20, 18, 27, 9, 0, 11, 7, 29, 16, 42, 6, 28, 17, 1, 10, 19, 26, 8, 21, 44, 43, 38, 36, 31, 30, 37, 39, 41, 24, 23, 4, 15, 3, 12, 40, 2, 13, 5, 14, 22, 25])
(24718, [32, 35, 34, 33, 20, 18, 27, 9, 0, 11, 7, 29, 16, 42, 6, 28, 17, 1, 10, 19, 26, 8, 21, 44, 43, 38, 36, 31, 30, 37, 39, 41, 24, 23, 4, 15, 3, 12, 40, 2, 13, 5, 14, 22, 25])
(24719, [32, 18, 17, 21, 43, 31, 14, 22])
(24720, [32, 35, 34, 33, 20, 18, 27, 9, 0, 11, 7, 29, 16, 42, 6, 28, 17, 1, 10, 19, 26, 8, 21, 44, 43, 38, 36, 31, 30, 37, 39, 41, 24, 23, 4, 15, 3, 12, 40, 2, 13, 5, 14, 22, 25])
(24721, [32, 35, 34, 33, 20, 18, 27, 9, 0, 11, 7, 29, 16, 42, 6, 28, 17, 1, 10, 19, 26, 8, 21, 44, 43, 38, 36, 31, 30, 37, 39, 41, 24, 23, 4, 15, 3, 12, 40, 2, 13, 5, 14, 22, 25])
(24722, [32, 35, 34, 33, 20, 18, 27, 9, 11, 7, 29, 16, 42, 6, 28, 17, 1, 10, 19, 26, 8, 21, 44, 43, 38, 36, 31, 30, 37, 39, 41, 24, 23, 4, 15, 3, 12, 40, 2, 13, 5, 14, 22])
(24723, [32, 35, 34, 33, 20, 18, 27, 9, 0, 11, 7, 29, 16, 42, 6, 28, 17, 1, 10, 19, 26, 8, 21, 44, 43, 38, 36, 31, 30, 37, 39, 41, 24, 23, 4, 15, 3, 12, 40, 2, 13, 5, 14, 22, 25])
(24724, [32, 35, 34, 18, 9, 11, 16, 17, 1, 26, 8, 21, 30, 24, 4, 15, 3, 12, 2, 22])
(24725, [32, 35, 34, 33, 20, 18, 27, 9, 0, 11, 7, 29, 16, 42, 6, 28, 17, 1, 10, 19, 26, 8, 21, 44, 43, 38, 36, 31, 30, 37, 39, 41, 24, 23, 4, 15, 3, 12, 40, 2, 13, 5, 14, 22, 25])
(24726, [32, 35, 34, 33, 20, 18, 27, 9, 0, 11, 7, 29, 16, 42, 6, 28, 17, 1, 10, 19, 26, 8, 21, 44, 43, 38, 36, 31, 30, 37, 39, 41, 24, 23, 4, 15, 3, 12, 40, 2, 13, 5, 14, 22, 25])
(24727, [32, 35, 34, 33, 20, 18, 27, 9, 0, 11, 7, 29, 16, 42, 6, 28, 17, 1, 10, 19, 26, 8, 21, 44, 43, 38, 36, 31, 30, 37, 39, 41, 24, 23, 4, 15, 3, 12, 40, 2, 13, 5, 14, 22, 25])
(24728, [32, 18, 1])
(24729, [32, 35, 34, 33, 20, 18, 27, 9, 0, 11, 7, 29, 16, 42, 6, 28, 17, 1, 19, 26, 8, 21, 44, 43, 36, 31, 30, 37, 39, 41, 24, 23, 4, 15, 3, 12, 40, 2, 13, 5, 14, 22, 25])
(24730, [32, 34, 33, 20, 0, 29, 6, 1, 19, 43, 31, 30, 41, 24, 23, 4, 15, 3, 12, 2, 5, 14])
(24731, [32, 34, 33, 20, 18, 9, 11, 7, 29, 16, 6, 17, 1, 19, 26, 21, 44, 43, 38, 36, 31, 30, 41, 24, 23, 4, 15, 3, 12, 40, 2, 13, 14, 22])
(24732, [32, 35, 34, 33, 20, 18, 9, 0, 11, 7, 29, 16, 42, 6, 28, 17, 1, 10, 19, 26, 8, 21, 44, 43, 38, 36, 31, 30, 37, 39, 41, 24, 23, 4, 15, 3, 12, 40, 2, 13, 14, 22])
(24733, [32, 33, 31])
(24734, [32, 33, 18, 9, 29, 16, 42, 6, 17, 1, 19, 26, 8, 21, 44, 43, 31, 30, 37, 39, 41, 24, 23, 4, 15, 3, 40, 2, 13])
(24735, [32, 18, 11, 16, 44, 31, 30])
(24736, [32, 18, 29, 1, 38, 23, 15, 3])
(24737, [32, 34, 33, 20, 18, 9, 0, 11, 7, 16, 42, 6, 28, 17, 1, 19, 26, 8, 21, 44, 43, 38, 36, 31, 30, 39, 41, 24, 23, 4, 15, 3, 12, 40, 2, 13, 14, 22])
(24738, [32, 35, 18, 7, 29, 16, 1, 19, 21, 43, 38, 41, 15, 3, 12, 2, 22])
(24739, [32, 35, 34, 20, 18, 27, 9, 0, 11, 7, 29, 16, 42, 6, 28, 17, 1, 10, 19, 26, 8, 21, 44, 43, 38, 36, 31, 30, 39, 41, 24, 23, 4, 15, 3, 12, 40, 2, 13, 5, 14, 22])
(24740, [32, 34, 33, 20, 18, 9, 0, 11, 29, 17, 1, 10, 8, 21, 44, 43, 31, 30, 41, 24, 23, 4, 15, 3, 12, 2, 13, 22])
(24741, [32, 34, 33, 9, 0, 16, 17, 1, 21, 44, 36, 31, 30, 41, 24, 5, 22])
(24742, [32, 35, 34, 33, 20, 9, 0, 11, 6, 1, 26, 31, 30, 24, 4, 15, 3, 12, 2, 14])
(24743, [32, 34, 33, 18, 9, 0, 11, 7, 16, 42, 28, 17, 1, 19, 26, 44, 43, 31, 37, 41, 23, 4, 15, 3, 12, 2])
(24744, [32, 0, 11, 7, 16, 42, 6, 17, 1, 10, 19, 26, 21, 44, 36, 41, 24, 23, 15, 3, 12, 40, 2, 13])
(24745, [32, 33, 18, 9, 7, 16, 1, 43, 36, 30, 41, 4, 3])
(24746, [32, 34, 33, 18, 9, 0, 11, 16, 6, 28, 1, 19, 26, 8, 21, 44, 43, 38, 31, 37, 41, 24, 23, 4, 15, 3, 12, 2, 5, 22])
(24747, [32, 34, 33, 20, 18, 9, 11, 16, 6, 17, 1, 19, 26, 44, 43, 31, 30, 41, 4, 15, 3, 12, 40, 2, 13, 14])
(24748, [32, 34, 33, 20, 18, 9, 11, 16, 17, 1, 10, 19, 26, 21, 31, 30, 37, 39, 41, 24, 23, 4, 15, 3, 12, 2, 25])
(24749, [32, 33, 20, 18, 9, 0, 7, 42, 1, 10, 19, 8, 31, 30, 37, 41, 24, 23, 4, 12, 2, 13])
(24750, [32, 34, 18, 0, 11, 7, 42, 6, 17, 1, 44, 31, 30, 39, 3, 12, 40, 2, 13])
(24751, [32, 20, 18, 0, 11, 7, 16, 42, 17, 1, 26, 21, 44, 43, 3, 12, 2])
(24752, [32, 35, 20, 27, 9, 0, 11, 16, 6, 1, 10, 19, 8, 43, 31, 37, 41, 23, 4, 12, 2, 13, 5])
(24753, [32, 18, 9, 11, 28, 17, 19, 36, 41, 2, 13])
(24754, [32, 35, 34, 33, 20, 18, 27, 9, 11, 7, 16, 42, 6, 28, 17, 1, 10, 26, 8, 21, 44, 43, 36, 31, 30, 37, 41, 24, 23, 4, 15, 3, 12, 40, 2, 5, 14])
(24755, [32])
(24756, [32, 34, 9, 0, 11, 26, 44, 31, 37, 24, 12, 2])
(24757, [32, 35, 33, 18, 0, 11, 16, 19, 43, 37, 4, 15, 12, 40, 2])
(24758, [32, 6, 17, 26, 30, 39, 24, 23, 4, 15, 2, 14])
(24759, [32, 33, 9, 0, 7, 16, 10, 41, 12, 2])
(24760, [32, 35, 34, 33, 20, 18, 27, 9, 0, 11, 7, 16, 42, 6, 1, 10, 19, 26, 8, 21, 44, 38, 31, 30, 37, 39, 41, 24, 23, 4, 15, 3, 12, 2, 13])
(24761, [32, 35, 34, 33, 20, 18, 27, 9, 0, 11, 7, 16, 42, 6, 28, 17, 1, 10, 19, 26, 8, 21, 44, 43, 36, 31, 30, 37, 39, 41, 24, 23, 4, 15, 3, 12, 40, 2, 13, 5, 14, 22, 25])
(24762, [32, 34, 27, 0, 11, 1, 26, 43, 30, 24, 4, 15, 12, 2, 13])
(24763, [32, 33, 18, 9, 0, 11, 29, 42, 6, 28, 17, 1, 19, 26, 21, 44, 38, 36, 30, 24, 4, 15, 3, 12, 40, 2, 14, 22, 25])
(24764, [32, 9, 0, 11, 17, 1, 44, 41, 4, 12, 2])
(24765, [32, 0, 31, 40])
(24766, [32, 18, 15])
(24767, [32, 33, 9, 0, 11, 16, 42, 6, 1, 21, 44, 43, 36, 30, 4, 3, 22])
(24768, [32, 27, 0])
(24769, [32, 35, 33, 20, 27, 9, 0, 11, 7, 16, 6, 17, 1, 19, 26, 21, 44, 43, 31, 30, 39, 41, 24, 23, 15, 3, 12, 40, 2, 13, 14, 22, 25])
(24770, [32, 34, 33, 18, 7, 41, 22])
(24771, [32, 4])
(24772, [32, 35, 34, 33, 20, 18, 9, 0, 7, 16, 6, 17, 1, 10, 19, 26, 44, 43, 31, 30, 39, 41, 24, 23, 4, 15, 3, 12, 40, 22])
(24773, [32, 20, 18, 9, 0, 11, 16, 6, 28, 17, 1, 19, 26, 44, 43, 31, 41, 23, 4, 15, 3, 12, 40, 2])
(24774, [32, 35, 34, 33, 20, 18, 27, 9, 0, 11, 7, 16, 6, 28, 17, 1, 19, 26, 44, 43, 38, 36, 31, 30, 37, 41, 24, 23, 4, 15, 3, 12, 2, 13, 5])
(24775, [32, 33, 18, 9, 11, 1, 19, 43, 31, 30, 15, 3, 2, 22])
(24776, [32, 18, 27, 41, 23, 15, 2])
(24777, [32, 35, 34, 9, 6, 1, 43, 31, 30, 41, 23])
(24778, [32, 35, 33, 18, 27, 9, 11, 16, 42, 17, 1, 19, 26, 8, 21, 43, 37, 41, 4, 3, 2])
(24779, [32, 35, 18, 27, 16, 17, 1, 19, 8, 21, 43, 31, 30, 23, 15, 3, 12, 22])
(24780, [32, 18, 9, 16, 26, 8, 23, 4, 15, 12])
(24781, [32, 18, 0, 6, 19, 41, 12])
(24782, [32, 6, 19, 31])
(24783, [32, 34, 33, 20, 9, 0, 11, 7, 16, 6, 28, 17, 1, 10, 19, 26, 21, 44, 43, 38, 36, 31, 30, 37, 39, 41, 24, 23, 4, 15, 3, 12, 2, 13, 5])
(24784, [32, 9, 0, 6, 1, 26, 30, 24, 4, 15, 2, 22])
(24785, [32, 34, 33, 9, 11, 6, 17, 19, 8, 21, 44, 43, 36, 31, 30, 37, 23, 4, 15, 3, 12, 2, 14, 22])
(24786, [32, 35, 33, 20, 18, 9, 0, 11, 7, 42, 6, 1, 19, 26, 21, 43, 36, 31, 30, 41, 23, 4, 15, 3, 12, 22])
(24787, [32, 18, 11, 6, 21, 43, 23, 3, 12, 2])
(24788, [32, 35, 33, 27, 0, 6, 17, 1, 8, 21, 44, 36, 31, 30, 23, 3, 12, 13])
(24789, [32, 18, 30, 41, 23, 4])
(24790, [32, 11, 16, 6, 1, 8, 44, 41, 24, 15, 3, 2, 14])
(24791, [32, 34, 19, 21, 4, 3, 14])
(24792, [32, 1, 4, 3])
(24793, [32, 35, 33, 9, 0, 1, 26, 43, 31, 30, 41, 12])
(24794, [32, 34, 33, 17, 1, 31, 15, 2])
(24795, [32, 35, 9, 0, 11, 42, 6, 1, 19, 26, 8, 21, 43, 23, 4, 15, 3, 12, 22])
(24796, [32, 20, 18, 11, 1, 44, 43, 31, 24, 23, 4, 3])
(24797, [32, 34, 0, 1, 31, 15, 12, 2])
(24798, [32, 35, 34, 33, 18, 9, 0, 11, 7, 16, 42, 6, 17, 1, 10, 19, 26, 21, 44, 43, 41, 24, 23, 4, 15, 3, 12, 40, 2, 13, 5, 14, 22])
(24799, [32, 1, 21, 3])
(24800, [32, 9, 30])
(24801, [32, 34, 33, 18, 11, 7, 16, 17, 1, 19, 26, 21, 44, 31, 30, 39, 41, 4, 15, 3, 12, 40, 2, 13, 5])
(24802, [32])
(24803, [32, 33, 20, 9, 0, 11, 7, 19, 43, 41, 3, 13])
(24804, [32, 13])
(24805, [32, 6, 1, 26, 3, 2])
(24806, [32])
(24807, [32, 11, 12, 2])
(24808, [32, 23, 15, 3])
(24809, [32, 34, 33, 18, 11, 16, 6, 41, 15, 12, 2])
(24810, [32, 1, 26, 23, 2])
(24811, [32, 18, 0, 11, 42, 6, 1, 19, 43, 38, 30, 37, 41, 23, 15, 2])
(24812, [32, 35, 20, 0, 16, 6, 1, 10, 26, 21, 44, 24, 23, 15, 12, 2, 13])
(24813, [32, 18, 9, 11, 16, 42, 6, 17, 1, 10, 19, 26, 44, 30, 41, 24, 4, 3, 12, 2, 13])
(24814, [32])
(24815, [35, 33, 6, 21, 30, 23, 2, 22])
(24816, [35])
(24817, [35, 18, 9, 0, 11, 16, 42, 1, 19, 26, 8, 21, 44, 43, 23, 15, 3, 12, 2, 13, 5, 22])
(24818, [35])
(24819, [35])
(24820, [35, 18, 9, 0, 11, 42, 28, 1, 19, 26, 21, 44, 30, 41, 24, 4, 15, 12, 2, 13, 14])
(24821, [35, 1, 8, 12])
(24822, [35, 18, 9, 0, 11, 16, 6, 1, 21, 44, 43, 36, 31, 37, 39, 41, 23, 15, 3, 12, 2, 14])
(24823, [35, 33, 18, 0, 7, 17, 1, 10, 19, 26, 21, 31, 30, 41, 24, 3, 12, 2])
(24824, [35])
(24825, [35])
(24826, [35, 43, 23, 3, 5])
(24827, [35])
(24828, [35, 11, 29, 16, 6, 21, 31, 3, 12])
(24829, [35, 18, 43])
(24830, [35])
(24831, [35])
(24832, [35])
(24833, [35])
(24834, [35, 34, 33, 0, 11, 17, 1, 19, 44, 30, 41, 24, 23, 3, 5])
(24835, [35])
(24836, [35])
(24837, [35])
(24838, [35, 0, 11, 1, 8, 37, 39, 23, 3, 12])
(24839, [35, 1])
(24840, [35, 11, 16, 31, 2])
(24841, [35, 0, 11, 16, 6, 19, 26, 21, 43, 30, 4, 15, 3, 12, 2])
(24842, [35])
(24843, [35, 18, 38, 23])
(24844, [35])
(24845, [35, 27, 44, 41, 2, 14])
(24846, [35, 18, 9, 16, 19, 8, 21, 23, 4, 15, 3, 12])
(24847, [35, 6])
(24848, [35, 15])
(24849, [35, 9, 16, 6, 1, 26, 44, 24, 15, 3, 2, 22])
(24850, [35])
(24851, [35, 18, 23])
(24852, [34, 11, 44, 31])
(24853, [34])
(24854, [34])
(24855, [34])
(24856, [34, 23])
(24857, [34])
(24858, [34, 9, 11, 7, 42, 6, 1, 19, 44, 43, 31, 30, 23, 4, 15, 3, 40, 2, 14])
(24859, [34])
(24860, [34, 9, 11, 43, 30, 4])
(24861, [34, 44])
(24862, [34, 11, 7, 43, 23])
(24863, [34, 18, 9, 0, 11, 7, 6, 17, 1, 19, 8, 21, 44, 31, 30, 41, 23, 4, 15, 3, 12, 40, 2, 22])
(24864, [34, 20, 9, 0, 7, 16, 42, 1, 10, 21, 44, 31, 30, 3, 12, 40, 2, 22])
(24865, [34, 16, 42, 1, 19, 21, 30, 23, 4, 3, 2])
(24866, [34, 33, 20, 6, 28, 36, 4, 2, 25])
(24867, [34])
(24868, [34])
(24869, [34])
(24870, [34, 3])
(24871, [34])
(24872, [34, 14])
(24873, [34, 11, 6, 1, 31, 39, 3])
(24874, [34, 33, 6, 17, 26, 44, 24])
(24875, [34, 29, 6, 1, 4, 3, 22])
(24876, [34, 31, 12, 5])
(24877, [34, 33, 9, 0, 14])
(24878, [34, 33, 20, 9, 0, 11, 7, 16, 42, 28, 1, 19, 44, 36, 31, 37, 41, 3, 12, 2])
(24879, [34])
(24880, [34, 33, 20, 18, 9, 0, 11, 6, 1, 19, 26, 31, 30, 41, 24, 3, 12, 2])
(24881, [34, 12])
(24882, [34, 20, 9, 0, 11, 7, 1, 44, 30, 3, 12])
(24883, [34])
(24884, [34, 43, 36, 41, 2, 14])
(24885, [34, 22])
(24886, [34, 0])
(24887, [34, 19, 23, 3])
(24888, [34])
(24889, [34, 11, 26, 44, 30, 3, 13])
(24890, [34])
(24891, [34, 16, 44, 12])
(24892, [34])
(24893, [34])
(24894, [34])
(24895, [34])
(24896, [34])
(24897, [34, 0, 12])
(24898, [34, 20, 18, 9, 0, 11, 7, 28, 17, 43, 41, 4, 12, 2, 5, 14])
(24899, [34])
(24900, [33, 19, 26, 43, 41, 14])
(24901, [33])
(24902, [33, 20, 1, 21, 3, 14, 22])
(24903, [33])
(24904, [33, 0, 1, 26, 44, 30, 39, 3])
(24905, [33])
(24906, [33])
(24907, [33])
(24908, [33])
(24909, [33, 9, 0, 16, 1, 19, 26, 31, 24, 23, 15, 40, 2])
(24910, [33, 9, 11, 7, 16, 17, 1, 8, 21, 43, 30, 3, 12, 2, 13, 22])
(24911, [33, 1, 3])
(24912, [33])
(24913, [33])
(24914, [33, 9, 6, 31, 12, 14])
(24915, [33, 14])
(24916, [33, 11, 7, 1, 21, 30, 41, 3, 12, 2])
(24917, [33])
(24918, [33, 42])
(24919, [33, 18, 9, 6, 26, 44, 43, 31, 30, 41, 23, 15, 5, 22])
(24920, [33, 11, 17, 19, 44, 43, 37, 41, 4, 3, 40, 2])
(24921, [33, 1, 44, 30, 3])
(24922, [33, 9, 11, 17, 43, 2])
(24923, [33, 18, 17, 2])
(24924, [33, 0])
(24925, [33, 42, 1, 3])
(24926, [33, 18])
(24927, [33])
(24928, [33, 3])
(24929, [33, 18, 9, 17, 19, 21, 44, 43, 31, 23, 15, 3, 12, 2, 13, 14])
(24930, [33])
(24931, [33, 18, 42, 1, 8, 31, 30, 37, 41, 23, 3, 12, 5, 22])
(24932, [33])
(24933, [33, 1, 19, 26, 21, 31, 15, 3, 2])
(24934, [33, 0, 12])
(24935, [33, 6, 19, 26, 15])
(24936, [33, 0, 12])
(24937, [33, 8, 22])
(24938, [33, 30])
(24939, [33])
(24940, [33, 9, 6, 43, 24, 23, 4, 2, 14])
(24941, [33, 20, 18, 9, 0, 11, 7, 16, 42, 1, 19, 26, 21, 44, 43, 23, 4, 3, 12])
(24942, [33, 11])
(24943, [33, 19, 30])
(24944, [33, 20, 42, 1, 8, 21, 39, 15, 3, 22])
(24945, [33, 19, 26, 15])
(24946, [33, 19, 15])
(24947, [20, 44, 2, 22])
(24948, [20, 3])
(24949, [20, 0, 3, 2])
(24950, [20, 6, 19, 43, 2])
(24951, [20, 0, 1, 31])
(24952, [20])
(24953, [20])
(24954, [20])
(24955, [20, 9, 7, 16, 42, 17, 1, 44, 31, 30, 4, 15, 12, 2, 13])
(24956, [20])
(24957, [20])
(24958, [20, 0, 16, 15, 3])
(24959, [20, 11, 7, 42, 19, 21, 41, 23, 15, 3])
(24960, [20, 3])
(24961, [20, 11, 17, 1, 19, 3])
(24962, [20, 1, 3])
(24963, [20, 0, 11, 7, 16, 1, 26, 44, 39, 41, 4, 15, 3, 12, 13])
(24964, [20, 18, 9, 0, 28, 17, 1, 19, 26, 44, 43, 36, 31, 30, 4, 2])
(24965, [20, 9, 11, 6, 1, 19, 21, 43, 39, 15, 3, 2])
(24966, [20])
(24967, [20, 3])
(24968, [20, 7, 1, 3, 12])
(24969, [20, 0])
(24970, [20, 27, 9, 11, 42, 6, 26, 44, 43, 15, 12])
(24971, [20, 9, 0, 16, 1, 21, 23, 3, 12, 2])
(24972, [20])
(24973, [20, 11, 26, 44, 37, 41, 24, 5])
(24974, [20, 9, 0, 42, 19, 44, 30, 37, 41, 12, 14])
(24975, [20])
(24976, [20])
(24977, [20, 0, 7, 30, 41, 4, 12, 22])
(24978, [18])
(24979, [18])
(24980, [18, 26, 23, 3, 2, 14])
(24981, [18])
(24982, [18, 7, 16, 42, 6, 1, 10, 43, 24, 3, 12, 2, 5])
(24983, [18, 1, 12, 2])
(24984, [18, 38, 23])
(24985, [18, 9, 1, 3, 40])
(24986, [18, 1, 21, 44, 31, 23, 3])
(24987, [18, 9, 19])
(24988, [18, 19, 14, 22])
(24989, [18, 9, 39, 23])
(24990, [18])
(24991, [18, 30, 3])
(24992, [18, 7, 6, 26, 43, 41, 15, 2, 13, 14])
(24993, [18, 9, 0, 6, 17, 19, 26, 30, 37, 23, 15, 3, 2])
(24994, [18, 9, 0, 11, 1, 43, 31, 39, 41, 24, 3, 12, 5])
(24995, [18, 23, 5])
(24996, [18, 6])
(24997, [18, 0, 11, 7, 1, 19, 26, 21, 44, 38, 39, 4, 3, 12, 40, 2, 22])
(24998, [18, 12])
(24999, [18, 43, 31, 23])
(25000, [18, 0, 6, 19, 43, 4, 15, 2])
(25001, [18])
(25002, [18])
(25003, [18, 21, 44, 31, 3, 12, 40, 2])
(25004, [18])
(25005, [18, 41, 22])
(25006, [18])
(25007, [18, 9, 16, 6, 26, 44, 43, 36, 4, 15, 12, 2])
(25008, [18])
(25009, [18])
(25010, [18, 17, 1, 43, 30, 3, 12, 2])
(25011, [18])
(25012, [18, 1, 3])
(25013, [18])
(25014, [18])
(25015, [18])
(25016, [18])
(25017, [18])
(25018, [18, 31, 2])
(25019, [18])
(25020, [18])
(25021, [18])
(25022, [18, 0, 16, 21, 36, 23, 4, 14])
(25023, [18])
(25024, [18, 1, 21, 30, 22])
(25025, [18])
(25026, [18, 0, 1, 26, 41, 40])
(25027, [18])
(25028, [18, 27, 28, 12])
(25029, [18])
(25030, [18])
(25031, [18, 17, 19, 31])
(25032, [18])
(25033, [18])
(25034, [18, 9])
(25035, [18, 23])
(25036, [18])
(25037, [18, 24])
(25038, [18])
(25039, [18, 6, 12, 2])
(25040, [18])
(25041, [18, 21])
(25042, [18, 36, 4])
(25043, [18])
(25044, [18, 0, 16, 1, 38, 15, 3])
(25045, [18])
(25046, [18, 9, 0, 16, 8, 23, 12, 5])
(25047, [18])
(25048, [18])
(25049, [18])
(25050, [18])
(25051, [27])
(25052, [27, 9, 0, 42, 17, 10, 19, 43, 31])
(25053, [27])
(25054, [27])
(25055, [27])
(25056, [9, 0, 6, 17, 1, 26, 43, 36, 41, 23, 4, 15, 12, 2, 13])
(25057, [9])
(25058, [9])
(25059, [9])
(25060, [9, 0, 8, 21, 44, 43, 23, 40, 5])
(25061, [9])
(25062, [9, 6, 43, 30])
(25063, [9, 26, 44, 36, 31, 30, 4, 2])
(25064, [9])
(25065, [9])
(25066, [9, 0, 11, 17, 19, 21, 44, 2, 22])
(25067, [9])
(25068, [9])
(25069, [9])
(25070, [9, 4])
(25071, [9, 11, 43, 31, 41, 24, 23, 15])
(25072, [9])
(25073, [9, 44, 43, 23, 3])
(25074, [9])
(25075, [9, 17, 1, 26, 44, 41, 4])
(25076, [9])
(25077, [9, 16, 28, 24, 23, 2, 14])
(25078, [9])
(25079, [9])
(25080, [9])
(25081, [9])
(25082, [9])
(25083, [9])
(25084, [9])
(25085, [9])
(25086, [9, 26, 44])
(25087, [9])
(25088, [9])
(25089, [9])
(25090, [9])
(25091, [9])
(25092, [9, 31, 2])
(25093, [9, 11, 12])
(25094, [9, 8])
(25095, [9])
(25096, [9, 11, 7, 1, 43, 38, 31, 30, 24, 3, 2, 13])
(25097, [9])
(25098, [9])
(25099, [9, 2])
(25100, [9, 0, 7, 16, 42, 40])
(25101, [9])
(25102, [9, 0, 16, 42, 1, 10, 44, 37, 41, 23, 15, 3])
(25103, [9])
(25104, [9])
(25105, [9])
(25106, [9])
(25107, [9, 19, 23])
(25108, [9])
(25109, [0, 12])
(25110, [0])
(25111, [0, 12])
(25112, [0])
(25113, [0])
(25114, [0])
(25115, [0])
(25116, [0])
(25117, [0])
(25118, [0])
(25119, [0])
(25120, [0])
(25121, [0])
(25122, [0, 12])
(25123, [0])
(25124, [0])
(25125, [0])
(25126, [0])
(25127, [0])
(25128, [0])
(25129, [0])
(25130, [0])
(25131, [0])
(25132, [0])
(25133, [0])
(25134, [0])
(25135, [0])
(25136, [0])
(25137, [0])
(25138, [0])
(25139, [0])
(25140, [0])
(25141, [0])
(25142, [0])
(25143, [0])
(25144, [0, 21])
(25145, [0])
(25146, [0])
(25147, [0])
(25148, [0])
(25149, [0])
(25150, [0])
(25151, [0])
(25152, [0])
(25153, [0])
(25154, [0])
(25155, [0])
(25156, [0, 7, 16, 6, 1, 21, 41, 15, 3, 12, 13])
(25157, [0])
(25158, [0])
(25159, [0, 23, 12])
(25160, [0])
(25161, [0])
(25162, [0])
(25163, [0])
(25164, [0])
(25165, [0, 11, 17, 41, 12, 22])
(25166, [0])
(25167, [0])
(25168, [0])
(25169, [0])
(25170, [0])
(25171, [0])
(25172, [0])
(25173, [0, 44, 3])
(25174, [0])
(25175, [0])
(25176, [0, 12])
(25177, [0])
(25178, [0, 2])
(25179, [0])
(25180, [0])
(25181, [0])
(25182, [0, 11])
(25183, [0])
(25184, [0])
(25185, [0])
(25186, [0, 11, 16, 6, 44, 41, 2])
(25187, [0])
(25188, [0])
(25189, [0, 8])
(25190, [0, 38, 22])
(25191, [0])
(25192, [0])
(25193, [0])
(25194, [0])
(25195, [0])
(25196, [0])
(25197, [0, 12])
(25198, [0])
(25199, [0, 11])
(25200, [0])
(25201, [0, 11, 1, 26, 44, 31, 30, 23, 12])
(25202, [0, 1, 24, 3])
(25203, [0])
(25204, [0])
(25205, [0])
(25206, [0])
(25207, [0])
(25208, [0])
(25209, [0])
(25210, [0])
(25211, [0])
(25212, [0])
(25213, [0])
(25214, [0])
(25215, [0])
(25216, [0])
(25217, [0, 11, 16, 19, 12])
(25218, [0])
(25219, [0])
(25220, [0])
(25221, [0])
(25222, [0])
(25223, [0])
(25224, [0])
(25225, [0])
(25226, [0, 1, 38])
(25227, [0])
(25228, [0, 12])
(25229, [0])
(25230, [0])
(25231, [0])
(25232, [0])
(25233, [0])
(25234, [0])
(25235, [0])
(25236, [0, 17, 2])
(25237, [0])
(25238, [0])
(25239, [0])
(25240, [0])
(25241, [0])
(25242, [0])
(25243, [0])
(25244, [0])
(25245, [0])
(25246, [0])
(25247, [0])
(25248, [0, 12])
(25249, [0])
(25250, [0])
(25251, [0])
(25252, [0])
(25253, [0])
(25254, [0])
(25255, [0])
(25256, [0])
(25257, [0])
(25258, [0])
(25259, [0, 10, 44])
(25260, [0])
(25261, [0])
(25262, [0])
(25263, [0])
(25264, [0])
(25265, [0])
(25266, [0, 17])
(25267, [0])
(25268, [0])
(25269, [0])
(25270, [0])
(25271, [0])
(25272, [0])
(25273, [0])
(25274, [0, 1, 19, 31, 30])
(25275, [0])
(25276, [0, 12])
(25277, [0, 19])
(25278, [0])
(25279, [0])
(25280, [0])
(25281, [0])
(25282, [0])
(25283, [0])
(25284, [0])
(25285, [0])
(25286, [0])
(25287, [0])
(25288, [0])
(25289, [0])
(25290, [0])
(25291, [0])
(25292, [0])
(25293, [0])
(25294, [0])
(25295, [0])
(25296, [0, 21, 43, 31, 23, 3, 2])
(25297, [0, 21])
(25298, [0])
(25299, [0])
(25300, [0])
(25301, [0, 10])
(25302, [0])
(25303, [0])
(25304, [0])
(25305, [0])
(25306, [0])
(25307, [0])
(25308, [0])
(25309, [0])
(25310, [0])
(25311, [0])
(25312, [0])
(25313, [0])
(25314, [0])
(25315, [0])
(25316, [0])
(25317, [0])
(25318, [0, 12])
(25319, [0])
(25320, [0])
(25321, [0])
(25322, [0])
(25323, [0])
(25324, [0])
(25325, [0])
(25326, [0])
(25327, [0])
(25328, [0])
(25329, [0])
(25330, [0])
(25331, [0])
(25332, [0])
(25333, [0])
(25334, [0])
(25335, [0])
(25336, [0])
(25337, [0])
(25338, [0])
(25339, [0])
(25340, [0])
(25341, [0])
(25342, [0])
(25343, [0])
(25344, [0])
(25345, [0])
(25346, [0])
(25347, [0])
(25348, [0])
(25349, [0])
(25350, [0])
(25351, [0])
(25352, [0])
(25353, [0])
(25354, [0])
(25355, [0])
(25356, [0])
(25357, [0, 42, 23, 4, 15, 12])
(25358, [0])
(25359, [0])
(25360, [0])
(25361, [0, 2])
(25362, [0])
(25363, [0])
(25364, [0])
(25365, [0])
(25366, [11, 1, 44, 15, 3, 2, 14, 22])
(25367, [11])
(25368, [11, 3])
(25369, [11])
(25370, [11, 1, 41, 3])
(25371, [11, 17, 1, 26, 44, 24, 15, 40, 2, 13])
(25372, [11, 1, 21, 3])
(25373, [11, 17, 26, 40, 2])
(25374, [11, 3, 2])
(25375, [11])
(25376, [11, 17, 1, 19, 21, 36, 15, 3])
(25377, [11])
(25378, [11])
(25379, [11, 23])
(25380, [11, 6, 1, 44, 30, 4])
(25381, [11])
(25382, [11, 19, 39, 23, 3, 2])
(25383, [11])
(25384, [11, 6, 31, 15])
(25385, [11, 44, 13])
(25386, [11, 44])
(25387, [11])
(25388, [11, 2])
(25389, [11, 44])
(25390, [11, 43])
(25391, [11, 44])
(25392, [11])
(25393, [7, 21, 30, 4, 15, 3, 22])
(25394, [7])
(25395, [7])
(25396, [7])
(25397, [7, 3])
(25398, [7, 8, 3])
(25399, [7, 31, 24])
(25400, [7, 19, 21, 4, 3])
(25401, [7])
(25402, [7, 6, 17, 3])
(25403, [7])
(25404, [7, 1, 44, 3])
(25405, [7, 3])
(25406, [7])
(25407, [7])
(25408, [7])
(25409, [7])
(25410, [29, 6, 1, 44, 23, 3])
(25411, [16])
(25412, [16])
(25413, [16])
(25414, [16, 8])
(25415, [16, 22])
(25416, [16, 17, 19, 26, 8, 21, 44, 30, 23, 4, 15, 3, 12, 2, 13, 22])
(25417, [16])
(25418, [16, 1, 21, 39, 41, 3, 2])
(25419, [16, 39, 4, 40, 2, 14])
(25420, [16, 10])
(25421, [16])
(25422, [16, 1, 38, 30, 4])
(25423, [16])
(25424, [16])
(25425, [16])
(25426, [42, 3, 2])
(25427, [42])
(25428, [42])
(25429, [42, 6, 8, 43, 23])
(25430, [6])
(25431, [6])
(25432, [6, 24, 3])
(25433, [6])
(25434, [6, 26, 24, 3, 12, 2])
(25435, [6])
(25436, [6, 19])
(25437, [6])
(25438, [6])
(25439, [6])
(25440, [6, 23, 12])
(25441, [6])
(25442, [6, 43, 41, 24, 4])
(25443, [6])
(25444, [6, 30])
(25445, [28])
(25446, [28, 17])
(25447, [28])
(25448, [28, 1, 44, 43, 36, 12, 40, 2])
(25449, [28])
(25450, [28, 2])
(25451, [28])
(25452, [28])
(25453, [17, 2, 25])
(25454, [17, 1])
(25455, [17, 24])
(25456, [17, 13])
(25457, [17, 2])
(25458, [17])
(25459, [17])
(25460, [17, 26])
(25461, [17, 19, 41, 3])
(25462, [17])
(25463, [17])
(25464, [17, 12])
(25465, [1])
(25466, [1, 21, 3])
(25467, [1, 21, 44, 15, 3])
(25468, [1, 23, 4, 3])
(25469, [1, 3])
(25470, [1, 3])
(25471, [1, 31, 30, 4, 3])
(25472, [1, 26, 3])
(25473, [1, 12])
(25474, [1, 10])
(25475, [1, 22])
(25476, [1])
(25477, [1, 8, 3])
(25478, [1, 3])
(25479, [1])
(25480, [1, 23, 3])
(25481, [1, 12])
(25482, [1])
(25483, [1])
(25484, [1])
(25485, [1])
(25486, [1])
(25487, [1])
(25488, [1, 39])
(25489, [1, 3])
(25490, [1, 25])
(25491, [1, 19, 26, 4, 3, 2])
(25492, [1, 3])
(25493, [1, 3])
(25494, [1, 19])
(25495, [1])
(25496, [1])
(25497, [1, 3])
(25498, [1, 3])
(25499, [1, 43, 23, 12])
(25500, [1])
(25501, [1])
(25502, [1])
(25503, [10])
(25504, [10])
(25505, [10])
(25506, [10, 14])
(25507, [10])
(25508, [10])
(25509, [10, 12, 2])
(25510, [10])
(25511, [10, 19, 31])
(25512, [10])
(25513, [10])
(25514, [19])
(25515, [19, 8, 43, 39, 12, 5])
(25516, [19])
(25517, [19, 15])
(25518, [19, 2])
(25519, [19, 43])
(25520, [19])
(25521, [19])
(25522, [19, 21, 24, 2])
(25523, [19])
(25524, [19])
(25525, [19])
(25526, [19, 39, 15, 3])
(25527, [19])
(25528, [19])
(25529, [19])
(25530, [19])
(25531, [26])
(25532, [26, 41, 2])
(25533, [26])
(25534, [26, 21])
(25535, [26])
(25536, [26, 2, 13])
(25537, [26, 43, 41, 4, 3, 2, 13])
(25538, [26])
(25539, [26, 44, 43, 30, 4])
(25540, [26, 41, 2, 13, 14])
(25541, [26])
(25542, [26])
(25543, [26])
(25544, [26])
(25545, [26, 2])
(25546, [26])
(25547, [26])
(25548, [8])
(25549, [8])
(25550, [8, 23])
(25551, [8])
(25552, [8, 5])
(25553, [8])
(25554, [8])
(25555, [8])
(25556, [8])
(25557, [8])
(25558, [8])
(25559, [8])
(25560, [8])
(25561, [8])
(25562, [8])
(25563, [8])
(25564, [8])
(25565, [21])
(25566, [21, 3])
(25567, [21])
(25568, [21])
(25569, [21])
(25570, [21])
(25571, [21])
(25572, [21])
(25573, [21])
(25574, [21])
(25575, [21])
(25576, [21])
(25577, [21])
(25578, [21])
(25579, [21])
(25580, [21])
(25581, [21])
(25582, [21])
(25583, [21])
(25584, [21])
(25585, [21])
(25586, [21])
(25587, [21])
(25588, [21])
(25589, [21])
(25590, [21])
(25591, [21])
(25592, [21])
(25593, [21])
(25594, [21])
(25595, [21])
(25596, [21])
(25597, [21])
(25598, [21, 44, 3])
(25599, [21])
(25600, [21])
(25601, [21])
(25602, [21])
(25603, [21])
(25604, [21])
(25605, [21, 3])
(25606, [44])
(25607, [44, 2])
(25608, [44])
(25609, [44, 24])
(25610, [44])
(25611, [44, 41])
(25612, [44])
(25613, [44])
(25614, [44])
(25615, [44, 43])
(25616, [44, 4])
(25617, [44, 43])
(25618, [44])
(25619, [44])
(25620, [44])
(25621, [44])
(25622, [44])
(25623, [44, 2])
(25624, [44, 2])
(25625, [44])
(25626, [44])
(25627, [44])
(25628, [44])
(25629, [44])
(25630, [44])
(25631, [44])
(25632, [44])
(25633, [44])
(25634, [43])
(25635, [43])
(25636, [43])
(25637, [43])
(25638, [43])
(25639, [43])
(25640, [43])
(25641, [43])
(25642, [43, 41])
(25643, [43])
(25644, [43])
(25645, [43, 41, 15, 40])
(25646, [43])
(25647, [43, 23])
(25648, [43, 15, 2])
(25649, [43])
(25650, [43, 15])
(25651, [43])
(25652, [43])
(25653, [43])
(25654, [43])
(25655, [43])
(25656, [43])
(25657, [43])
(25658, [43])
(25659, [36])
(25660, [36])
(25661, [36])
(25662, [36])
(25663, [36])
(25664, [36])
(25665, [36])
(25666, [36])
(25667, [36])
(25668, [36])
(25669, [36])
(25670, [36])
(25671, [36])
(25672, [36])
(25673, [36])
(25674, [36])
(25675, [36, 2])
(25676, [36])
(25677, [36])
(25678, [36, 41, 2])
(25679, [36])
(25680, [36])
(25681, [36])
(25682, [36])
(25683, [36])
(25684, [36])
(25685, [36])
(25686, [31])
(25687, [31])
(25688, [31])
(25689, [31])
(25690, [31])
(25691, [31])
(25692, [31])
(25693, [31, 15])
(25694, [31])
(25695, [31])
(25696, [31])
(25697, [31])
(25698, [30])
(25699, [30, 3])
(25700, [30])
(25701, [30])
(25702, [30])
(25703, [30])
(25704, [30])
(25705, [30])
(25706, [30])
(25707, [30, 2])
(25708, [30])
(25709, [37, 23])
(25710, [37])
(25711, [37])
(25712, [37])
(25713, [37, 3, 12])
(25714, [37])
(25715, [39])
(25716, [39])
(25717, [39])
(25718, [39])
(25719, [39, 4])
(25720, [39])
(25721, [39])
(25722, [39, 2])
(25723, [39, 4, 15, 14])
(25724, [41, 24, 4, 2, 14])
(25725, [41])
(25726, [41, 23])
(25727, [41])
(25728, [41, 3])
(25729, [41])
(25730, [41])
(25731, [41])
(25732, [41])
(25733, [41])
(25734, [41])
(25735, [41, 14])
(25736, [41, 15, 12])
(25737, [41])
(25738, [41])
(25739, [41])
(25740, [41])
(25741, [41])
(25742, [41, 2, 14])
(25743, [41, 3, 12, 22])
(25744, [41])
(25745, [24])
(25746, [24])
(25747, [24])
(25748, [24])
(25749, [24])
(25750, [24, 2])
(25751, [24, 4, 15, 2, 22])
(25752, [24])
(25753, [24])
(25754, [23])
(25755, [23])
(25756, [23])
(25757, [23])
(25758, [23])
(25759, [23])
(25760, [23])
(25761, [23])
(25762, [23])
(25763, [23])
(25764, [23])
(25765, [23, 14])
(25766, [23])
(25767, [23])
(25768, [23, 3])
(25769, [23])
(25770, [23])
(25771, [23])
(25772, [23])
(25773, [23])
(25774, [23])
(25775, [23])
(25776, [23])
(25777, [23])
(25778, [23])
(25779, [23])
(25780, [23])
(25781, [23])
(25782, [23])
(25783, [23])
(25784, [23])
(25785, [23])
(25786, [23])
(25787, [23])
(25788, [23])
(25789, [23])
(25790, [23])
(25791, [23, 3])
(25792, [23])
(25793, [23])
(25794, [23])
(25795, [23])
(25796, [23])
(25797, [23])
(25798, [23])
(25799, [23])
(25800, [23])
(25801, [23])
(25802, [23])
(25803, [23])
(25804, [23])
(25805, [23])
(25806, [23])
(25807, [23])
(25808, [23])
(25809, [23])
(25810, [23])
(25811, [23])
(25812, [23])
(25813, [23])
(25814, [23])
(25815, [23])
(25816, [23])
(25817, [23])
(25818, [23])
(25819, [23])
(25820, [4])
(25821, [4])
(25822, [4])
(25823, [4])
(25824, [4])
(25825, [4])
(25826, [4])
(25827, [4, 2])
(25828, [4])
(25829, [4])
(25830, [4])
(25831, [4])
(25832, [4])
(25833, [4])
(25834, [4])
(25835, [4])
(25836, [4, 12])
(25837, [4])
(25838, [4])
(25839, [4])
(25840, [4])
(25841, [4])
(25842, [4])
(25843, [15])
(25844, [15])
(25845, [15])
(25846, [15])
(25847, [15, 3])
(25848, [15])
(25849, [15])
(25850, [15])
(25851, [15])
(25852, [15])
(25853, [15])
(25854, [15])
(25855, [15])
(25856, [3])
(25857, [3])
(25858, [3])
(25859, [3])
(25860, [3])
(25861, [3, 12])
(25862, [3])
(25863, [3])
(25864, [3, 2])
(25865, [3])
(25866, [3])
(25867, [3])
(25868, [3])
(25869, [3])
(25870, [3])
(25871, [3])
(25872, [3])
(25873, [3])
(25874, [3])
(25875, [3])
(25876, [3])
(25877, [3])
(25878, [3])
(25879, [3])
(25880, [3])
(25881, [12])
(25882, [12])
(25883, [12])
(25884, [12])
(25885, [12])
(25886, [12])
(25887, [12])
(25888, [12, 2])
(25889, [12])
(25890, [12])
(25891, [12])
(25892, [12])
(25893, [12])
(25894, [12])
(25895, [12])
(25896, [12])
(25897, [12])
(25898, [12])
(25899, [12])
(25900, [12])
(25901, [12, 2])
(25902, [12])
(25903, [12])
(25904, [12])
(25905, [12])
(25906, [12])
(25907, [12])
(25908, [12])
(25909, [12])
(25910, [12])
(25911, [12])
(25912, [12])
(25913, [12])
(25914, [12])
(25915, [12])
(25916, [12])
(25917, [12])
(25918, [12])
(25919, [12])
(25920, [12])
(25921, [12])
(25922, [12])
(25923, [12])
(25924, [12])
(25925, [12])
(25926, [12])
(25927, [12])
(25928, [12])
(25929, [12])
(25930, [12])
(25931, [12])
(25932, [12])
(25933, [12])
(25934, [12])
(25935, [12])
(25936, [12])
(25937, [12])
(25938, [12])
(25939, [12])
(25940, [12])
(25941, [12])
(25942, [12])
(25943, [12])
(25944, [12])
(25945, [40])
(25946, [40])
(25947, [40])
(25948, [40])
(25949, [40])
(25950, [40])
(25951, [40])
(25952, [40])
(25953, [2])
(25954, [2])
(25955, [2])
(25956, [2])
(25957, [2])
(25958, [2])
(25959, [2])
(25960, [2])
(25961, [2])
(25962, [2])
(25963, [2])
(25964, [2])
(25965, [2])
(25966, [2])
(25967, [2])
(25968, [2])
(25969, [2])
(25970, [2])
(25971, [2])
(25972, [2])
(25973, [2])
(25974, [2])
(25975, [2])
(25976, [2])
(25977, [2])
(25978, [2])
(25979, [2])
(25980, [2])
(25981, [2])
(25982, [2, 25])
(25983, [2])
(25984, [2])
(25985, [2])
(25986, [2])
(25987, [2])
(25988, [2])
(25989, [2])
(25990, [2])
(25991, [2])
(25992, [2])
(25993, [2])
(25994, [2])
(25995, [2])
(25996, [2])
(25997, [2])
(25998, [2, 14])
(25999, [2])
(26000, [2])
(26001, [2])
(26002, [2])
(26003, [2])
(26004, [2])
(26005, [2])
(26006, [2])
(26007, [2])
(26008, [2])
(26009, [2])
(26010, [2])
(26011, [2])
(26012, [2])
(26013, [2])
(26014, [2])
(26015, [2])
(26016, [2])
(26017, [2])
(26018, [13])
(26019, [13])
(26020, [13])
(26021, [5])
(26022, [5])
(26023, [5])
(26024, [5])
(26025, [5])
(26026, [5])
(26027, [5])
(26028, [5])
(26029, [14])
(26030, [14])
(26031, [14])
(26032, [14])
(26033, [14])
(26034, [14])
(26035, [14])
(26036, [14])
(26037, [14])
(26038, [14])
(26039, [14])
(26040, [14])
(26041, [14])
(26042, [14])
(26043, [14])
(26044, [22])
(26045, [22])
(26046, [22])
(26047, [22])
(26048, [22])
(26049, [22])
(26050, [22])
(26051, [22])
(26052, [22])
(26053, [22])
(26054, [22])
(26055, [22])
(26056, [22])
(26057, [25])
