(16531, [32, 35, 34, 33, 20, 18, 27, 9, 0, 11, 7, 29, 16, 42, 6, 28, 17, 1, 10, 19, 26, 8, 21, 44, 43, 38, 36, 31, 30, 37, 39, 41, 24, 23, 4, 15, 3, 12, 40, 2, 13, 5, 14, 22, 25])
(16532, [32, 35, 34, 33, 20, 18, 27, 9, 0, 11, 7, 29, 16, 42, 6, 28, 17, 1, 10, 19, 26, 8, 21, 44, 43, 38, 36, 31, 30, 37, 39, 41, 24, 23, 4, 15, 3, 12, 40, 2, 13, 5, 14, 22, 25])
(16533, [32, 35, 34, 33, 20, 18, 27, 9, 0, 11, 7, 29, 16, 42, 6, 28, 17, 1, 10, 19, 26, 8, 21, 44, 43, 38, 36, 31, 30, 37, 39, 41, 24, 23, 4, 15, 3, 12, 40, 2, 13, 5, 14, 22, 25])
(16534, [32, 35, 34, 33, 20, 18, 27, 9, 0, 11, 7, 29, 16, 42, 6, 28, 17, 1, 10, 19, 26, 8, 21, 44, 43, 38, 36, 31, 30, 37, 39, 41, 24, 23, 4, 15, 3, 12, 40, 2, 13, 5, 14, 22, 25])
(16535, [32, 35, 34, 33, 20, 18, 27, 9, 0, 11, 7, 29, 16, 42, 6, 28, 17, 1, 10, 19, 26, 8, 21, 44, 43, 38, 36, 31, 30, 37, 39, 41, 24, 23, 4, 15, 3, 12, 40, 2, 13, 5, 14, 22, 25])
(16536, [32, 35, 34, 33, 20, 18, 27, 9, 0, 11, 7, 16, 42, 6, 28, 17, 1, 10, 19, 26, 21, 44, 43, 38, 31, 30, 37, 39, 41, 24, 23, 4, 15, 3, 12, 40, 2, 13, 5, 14, 22])
(16537, [32, 35, 34, 33, 18, 27, 9, 0, 11, 7, 16, 42, 6, 17, 1, 10, 8, 21, 44, 43, 36, 31, 30, 37, 39, 41, 24, 23, 4, 15, 3, 40, 13, 22])
(16538, [32, 34, 9, 10, 24, 4, 15, 3, 12, 40, 2])
(16539, [32, 34, 33, 20, 18, 9, 11, 16, 6, 17, 1, 19, 26, 21, 44, 43, 38, 36, 31, 30, 39, 23, 4, 15, 3, 12, 40, 2, 13, 14, 22])
(16540, [32, 35, 34, 33, 20, 18, 27, 9, 0, 11, 7, 16, 6, 17, 1, 19, 26, 8, 44, 43, 36, 31, 30, 39, 41, 24, 23, 4, 15, 3, 12, 40, 2, 14, 22])
(16541, [32, 35, 34, 33, 20, 18, 27, 9, 0, 11, 7, 29, 16, 42, 6, 28, 17, 1, 10, 19, 26, 8, 21, 44, 43, 38, 36, 31, 30, 37, 39, 41, 24, 23, 4, 15, 3, 12, 40, 2, 13, 14, 22, 25])
(16542, [32, 35, 34, 33, 18, 9, 0, 11, 7, 16, 6, 28, 17, 1, 10, 19, 26, 21, 44, 43, 31, 30, 37, 39, 41, 24, 23, 4, 15, 3, 12, 40, 2, 13, 5, 14, 22])
(16543, [32, 35, 34, 33, 20, 18, 9, 11, 7, 29, 16, 42, 6, 17, 1, 10, 19, 26, 8, 21, 44, 43, 38, 31, 30, 37, 39, 41, 24, 23, 4, 15, 3, 12, 40, 2, 13, 5, 14, 22])
(16544, [32, 0, 11, 31, 30, 23, 4])
(16545, [32, 35, 34, 33, 20, 18, 9, 0, 11, 7, 16, 42, 6, 17, 1, 10, 19, 26, 8, 21, 44, 43, 36, 31, 30, 37, 39, 41, 24, 23, 4, 15, 3, 12, 40, 2, 13, 14, 22, 25])
(16546, [32, 34, 33, 20, 7, 6, 1, 19, 26, 44, 43, 31, 30, 4, 3, 12, 2, 13])
(16547, [32, 35, 34, 33, 20, 18, 27, 9, 0, 11, 7, 16, 42, 6, 17, 1, 19, 26, 8, 21, 44, 43, 31, 30, 37, 39, 41, 24, 23, 4, 15, 3, 12, 40, 2, 13, 5, 14, 22])
(16548, [32, 34, 33, 9, 11, 7, 6, 28, 17, 1, 10, 19, 26, 44, 43, 31, 30, 41, 24, 4, 15, 3, 40, 2, 5])
(16549, [32, 35, 34, 33, 20, 18, 9, 0, 11, 6, 17, 1, 19, 26, 8, 21, 44, 43, 36, 31, 30, 41, 24, 23, 4, 15, 3, 12, 40, 2, 13, 22])
(16550, [32, 20, 9, 0, 11, 7, 16, 6, 28, 17, 1, 10, 19, 26, 44, 43, 31, 30, 39, 41, 4, 15, 3, 12, 2, 13, 14])
(16551, [32, 33, 18, 9, 11, 7, 16, 42, 17, 1, 19, 21, 43, 38, 41, 23, 4, 3, 12, 2, 13])
(16552, [32, 35, 34, 33, 20, 18, 27, 9, 0, 11, 7, 16, 42, 6, 17, 1, 10, 19, 26, 8, 21, 44, 43, 36, 31, 30, 37, 41, 23, 4, 15, 3, 12, 40, 2, 13, 5, 14, 22])
(16553, [32, 34, 20, 18, 9, 7, 1, 19, 26, 43, 36, 31, 30, 4, 3, 12, 40, 2])
(16554, [32, 35, 34, 33, 20, 18, 27, 9, 0, 11, 7, 29, 16, 42, 6, 28, 17, 1, 10, 19, 26, 8, 21, 44, 43, 38, 31, 30, 37, 39, 41, 24, 23, 4, 15, 3, 12, 40, 2, 13, 14, 22, 25])
(16555, [32, 35, 34, 33, 18, 11, 29, 6, 17, 1, 19, 26, 8, 21, 44, 38, 36, 31, 30, 37, 41, 24, 23, 4, 15, 3, 12, 2, 5, 22])
(16556, [32, 34, 33, 20, 18, 9, 11, 16, 42, 6, 17, 1, 19, 26, 21, 44, 43, 38, 31, 30, 23, 4, 15, 3, 12, 40, 2, 14])
(16557, [32, 35, 34, 33, 9, 0, 11, 7, 16, 28, 17, 1, 19, 26, 44, 43, 36, 31, 30, 39, 41, 24, 4, 15, 3, 40, 2, 13, 14, 25])
(16558, [32, 35, 27, 9, 11, 6, 26, 43, 41, 4, 15, 12, 2, 13, 14])
(16559, [32, 35, 34, 33, 20, 18, 27, 9, 0, 11, 7, 29, 16, 42, 6, 17, 1, 19, 26, 8, 21, 44, 43, 38, 31, 30, 37, 39, 41, 24, 23, 4, 15, 3, 12, 40, 2, 13, 14, 22, 25])
(16560, [32, 19, 44, 30, 41, 15, 3, 13])
(16561, [32, 34, 33, 18, 9, 0, 11, 7, 16, 42, 6, 17, 1, 19, 21, 44, 43, 31, 41, 23, 15, 3, 12, 40, 2, 13, 14, 22])
(16562, [32, 33, 20, 18, 9, 0, 16, 6, 28, 17, 1, 10, 19, 26, 21, 44, 36, 30, 24, 23, 4, 15, 3, 12, 40, 2])
(16563, [32, 35, 33, 20, 18, 27, 9, 0, 11, 7, 6, 28, 17, 1, 19, 26, 21, 44, 43, 30, 37, 41, 24, 4, 15, 3, 12, 40, 2, 13, 14])
(16564, [32, 35, 34, 33, 20, 18, 27, 9, 0, 11, 7, 16, 6, 28, 1, 19, 26, 21, 44, 43, 36, 31, 30, 41, 24, 23, 4, 15, 3, 12, 40, 2, 13, 14, 22])
(16565, [32, 35, 34, 33, 20, 18, 27, 9, 0, 11, 7, 16, 42, 6, 28, 17, 1, 10, 19, 26, 8, 44, 43, 31, 30, 41, 24, 4, 15, 3, 12, 40, 2, 13, 14])
(16566, [32, 35, 34, 33, 18, 9, 0, 11, 7, 16, 6, 17, 1, 19, 26, 44, 43, 36, 31, 30, 41, 24, 23, 4, 15, 3, 12, 40, 2, 13, 14])
(16567, [32, 35, 34, 18, 0, 11, 16, 6, 28, 17, 1, 19, 26, 8, 21, 44, 43, 31, 30, 39, 41, 24, 23, 4, 15, 3, 40, 2, 5, 14, 22])
(16568, [32, 8, 43, 31, 30, 41, 23, 40, 22])
(16569, [32, 20, 0, 17, 44, 30, 39, 23, 4, 15, 12, 2, 14])
(16570, [32, 35, 20, 18, 27, 9, 0, 11, 29, 16, 6, 17, 1, 19, 26, 36, 31, 30, 41, 24, 23, 4, 22])
(16571, [32, 33, 20, 9, 0, 11, 7, 1, 19, 44, 43, 36, 24, 4, 15, 3, 12, 2, 13, 14, 25])
(16572, [32, 18, 9, 8, 30, 23, 4, 15, 12])
(16573, [32, 18, 9, 29, 6, 1, 19, 26, 44, 31, 41, 3, 40, 2])
(16574, [32, 6, 17, 30, 3])
(16575, [32, 0, 11, 16, 6, 17, 1, 26, 8, 21, 23, 4, 15, 3, 12, 40, 2, 22])
(16576, [32, 20, 27, 11, 29, 1, 19, 23, 15, 3, 2, 13])
(16577, [32, 34, 33, 18, 9, 11, 16, 6, 17, 1, 26, 43, 31, 30, 24, 23, 4, 15, 12, 40, 2, 13])
(16578, [32, 18, 1, 19, 21, 31, 3])
(16579, [32, 34, 20, 18, 27, 0, 11, 7, 29, 16, 42, 6, 17, 1, 19, 8, 21, 44, 36, 31, 39, 4, 3, 12, 2, 5, 14, 22])
(16580, [32, 35, 33, 18, 27, 16, 6, 17, 19, 8, 21, 43, 31, 30, 39, 23, 15, 3, 12, 40, 2, 13, 22])
(16581, [32, 31])
(16582, [32, 34, 9, 11, 17, 1, 19, 21, 44, 31, 24, 23, 15, 3, 12, 13])
(16583, [32, 34, 33, 20, 18, 27, 9, 11, 7, 16, 6, 28, 1, 19, 21, 44, 43, 38, 36, 31, 30, 24, 23, 4, 15, 3, 12, 40, 2])
(16584, [32, 35, 34, 33, 20, 18, 27, 9, 0, 11, 7, 29, 16, 42, 6, 28, 17, 1, 10, 19, 26, 8, 21, 44, 43, 38, 36, 31, 30, 37, 39, 41, 24, 23, 4, 3, 12, 40, 2, 13, 5, 14, 22, 25])
(16585, [32, 20, 18, 9, 0, 11, 29, 6, 17, 1, 10, 26, 8, 43, 41, 23, 4, 15, 3, 12, 2, 13, 14])
(16586, [32, 34, 18, 9, 7, 6, 43, 31, 30, 41, 24, 23, 15, 3, 2])
(16587, [32, 35, 20, 18, 19, 8, 44, 43, 31, 23, 4, 15, 2])
(16588, [32, 20, 9, 0, 11, 16, 6, 1, 19, 44, 31, 41, 4, 15, 3, 2])
(16589, [32, 35, 34, 33, 27, 9, 7, 16, 28, 1, 19, 26, 21, 44, 30, 41, 15, 3, 12, 2, 5, 14])
(16590, [32, 34, 33, 20, 0, 11, 21, 41, 15, 12])
(16591, [32, 35, 34, 18, 9, 11, 6, 1, 21, 31, 30, 23, 4, 15, 3, 12, 5, 22])
(16592, [32, 20, 42, 1, 43, 41, 15, 3])
(16593, [32, 34, 33, 20, 18, 27, 9, 11, 7, 6, 17, 1, 19, 26, 21, 44, 43, 38, 36, 31, 30, 39, 41, 24, 23, 4, 15, 3, 40, 2, 5])
(16594, [32, 34, 33, 20, 9, 0, 11, 7, 6, 1, 19, 26, 44, 43, 36, 31, 41, 23, 15, 3, 12, 40, 2, 25])
(16595, [32, 34, 33, 27, 9, 0, 11, 7, 16, 6, 1, 26, 8, 44, 43, 31, 30, 39, 23, 3, 12, 40, 2, 5, 22])
(16596, [32, 34, 33, 20, 18, 9, 0, 7, 16, 1, 26, 8, 21, 44, 31, 30, 23, 4, 15, 3, 12, 40, 2, 5, 22])
(16597, [32, 34, 33, 9, 6, 28, 19, 38, 36, 30, 39, 4, 15, 40, 2, 22])
(16598, [32, 34, 33, 20, 0, 10, 31, 30, 5])
(16599, [32, 34, 18, 9, 29, 16, 6, 1, 19, 26, 8, 21, 44, 43, 31, 30, 39, 41, 23, 4, 15, 3, 12, 2, 13, 22])
(16600, [32, 34, 20, 9, 0, 11, 16, 6, 28, 1, 10, 26, 8, 21, 43, 31, 37, 24, 23, 3, 12, 2, 14])
(16601, [32, 20, 0, 26, 21, 44, 39, 41, 12, 2])
(16602, [32, 34, 20, 18, 16, 42, 1, 21, 4, 15, 3, 2, 22])
(16603, [32, 35, 34, 33, 18, 9, 11, 7, 16, 6, 28, 17, 1, 10, 19, 26, 21, 44, 43, 31, 30, 37, 39, 24, 23, 4, 15, 3, 12, 2, 5, 22, 25])
(16604, [32, 34, 33, 0, 7, 42, 1, 21, 38, 31])
(16605, [32, 35, 34, 33, 20, 18, 9, 0, 11, 16, 42, 17, 1, 19, 26, 44, 43, 31, 30, 41, 24, 23, 15, 3, 12, 40, 2, 13, 14, 25])
(16606, [32, 34, 33, 9, 0, 17, 26, 43, 36, 31, 30, 41, 24, 23, 15, 40, 2, 13, 25])
(16607, [32, 34, 33, 18, 9, 11, 7, 6, 1, 21, 44, 43, 30, 39, 23, 4, 15, 3, 2, 13, 14, 22])
(16608, [32, 35, 33, 9, 0, 11, 7, 16, 42, 6, 1, 26, 8, 21, 44, 43, 31, 30, 39, 41, 23, 3, 12, 2, 22])
(16609, [32, 33, 18, 0, 29, 1, 19, 8, 21, 44, 30, 39, 41, 23, 3, 2, 22])
(16610, [32, 33, 11, 1, 31, 30, 4, 15, 3, 12, 22])
(16611, [32, 35, 33, 18, 27, 9, 11, 1, 26, 21, 44, 43, 31, 30, 24, 23, 15, 40, 5])
(16612, [32, 34, 33, 9, 0, 11, 16, 17, 1, 19, 8, 31, 37, 23, 15, 3, 12])
(16613, [32, 34, 20, 18, 11, 6, 17, 1, 36, 31, 24, 4, 15, 40, 2, 14])
(16614, [32, 35, 34, 33, 20, 27, 9, 0, 11, 7, 6, 17, 1, 10, 19, 26, 21, 44, 31, 30, 41, 4, 15, 3, 12, 2, 14, 22])
(16615, [32])
(16616, [32, 35, 33, 20, 18, 29, 6, 21, 43, 31, 41, 23, 3, 13, 22])
(16617, [35])
(16618, [35, 9, 11, 7, 1, 8, 21, 38, 39, 3, 12])
(16619, [35])
(16620, [35, 16, 19, 26, 21, 44, 36, 3])
(16621, [35, 43, 12])
(16622, [35])
(16623, [35, 9, 16, 19, 26, 8, 44, 41, 24, 23, 4, 15, 3])
(16624, [35, 34, 33, 20, 18, 27, 9, 0, 11, 7, 29, 16, 42, 1, 10, 19, 26, 8, 21, 44, 38, 31, 30, 39, 41, 23, 4, 15, 3, 12, 13, 22])
(16625, [35])
(16626, [35, 20, 18, 27, 9, 0, 16, 42, 6, 1, 19, 26, 8, 21, 43, 39, 23, 4, 15, 3, 12, 40, 2, 14, 22])
(16627, [35])
(16628, [35, 18, 9, 0, 11, 16, 17, 1, 10, 19, 8, 44, 43, 41, 24, 23, 15, 3, 12, 2, 5])
(16629, [35])
(16630, [35, 34, 33, 18, 9, 0, 11, 7, 16, 42, 6, 1, 19, 8, 44, 43, 36, 31, 30, 41, 23, 4, 15, 3, 12, 40, 2, 13, 5])
(16631, [35, 10])
(16632, [35, 1, 19, 26, 8, 21, 43, 4, 3, 12, 2])
(16633, [35, 33, 6, 43, 30, 24])
(16634, [35])
(16635, [35, 33, 0, 26, 8, 5, 22])
(16636, [35])
(16637, [35])
(16638, [35, 18, 9, 6, 43, 39, 41, 2, 22])
(16639, [35, 18, 8, 23])
(16640, [35, 20, 18, 1, 8, 23, 15, 2])
(16641, [35])
(16642, [35, 34, 33, 9, 11, 16, 28, 26, 44, 24, 4, 15, 2, 14])
(16643, [35, 10])
(16644, [35, 34, 33, 20, 18, 9, 0, 11, 7, 42, 6, 28, 17, 1, 19, 26, 44, 43, 31, 37, 39, 41, 24, 23, 4, 15, 3, 12, 40, 2, 13, 14, 25])
(16645, [35])
(16646, [35])
(16647, [35, 9, 11, 42, 17, 1, 8, 43, 31, 30, 4, 15, 12, 22])
(16648, [35, 18, 43, 23, 22])
(16649, [35])
(16650, [35, 18, 8, 23, 15])
(16651, [35])
(16652, [35])
(16653, [35, 9, 16, 10, 37, 23])
(16654, [35, 0, 11, 42, 17, 1, 26, 43, 3, 12, 2, 14])
(16655, [35])
(16656, [35, 34, 33, 20, 18, 27, 9, 11, 7, 16, 6, 28, 17, 1, 19, 26, 44, 43, 30, 37, 41, 24, 23, 4, 15, 3, 12, 40, 2, 13, 14])
(16657, [35, 0, 1, 19, 26, 4, 3, 2])
(16658, [35, 9, 0, 29, 16, 10, 19, 26, 44, 43, 41, 24, 23, 15, 3, 12, 2, 13])
(16659, [35, 33, 20, 27, 9, 0, 11, 7, 17, 1, 19, 26, 21, 44, 43, 39, 4, 3, 12, 40, 2, 13, 14])
(16660, [35, 33, 18, 0, 6, 1, 19, 31, 37, 41, 23, 15, 3, 12, 2, 14])
(16661, [35, 18, 8, 23])
(16662, [35])
(16663, [35])
(16664, [35, 18, 9, 11, 28, 8, 21, 44, 41, 23, 4, 3, 12])
(16665, [35, 34, 33, 18, 0, 7, 16, 17, 19, 26, 31, 41, 15])
(16666, [35])
(16667, [34, 31, 4])
(16668, [34])
(16669, [34])
(16670, [34, 33])
(16671, [34, 30, 41])
(16672, [34, 1, 12, 2])
(16673, [34, 31, 15])
(16674, [34, 33, 20, 18, 9, 0, 11, 16, 6, 17, 1, 10, 19, 26, 21, 44, 43, 36, 31, 30, 39, 41, 24, 23, 4, 15, 3, 12, 40, 2, 13, 22])
(16675, [34, 33, 27, 9, 0, 11, 6, 1, 36, 31, 30, 41, 4, 3, 12, 2, 13, 14])
(16676, [34, 15, 3])
(16677, [34, 33, 20, 31, 2])
(16678, [34, 9, 6, 26, 31, 30, 41, 24, 15, 2, 14])
(16679, [34, 7, 23, 4, 15, 13])
(16680, [34])
(16681, [34])
(16682, [34])
(16683, [34, 17, 26, 36, 3, 2, 14])
(16684, [34, 33, 19, 30, 40, 2])
(16685, [34])
(16686, [34])
(16687, [34, 33, 31, 3])
(16688, [34, 0, 26, 36, 31, 23])
(16689, [34, 33, 18, 27, 16, 28, 17, 44, 43, 36, 41, 24, 15, 40, 2])
(16690, [34, 9, 23])
(16691, [34, 33, 20, 18, 9, 0, 11, 7, 29, 16, 42, 1, 10, 19, 44, 38, 36, 31, 30, 39, 24, 23, 3, 12, 2])
(16692, [34, 20, 11, 1, 19, 21, 43, 30, 41, 15, 3, 12, 2])
(16693, [34])
(16694, [34, 18, 26, 43, 15, 12, 2])
(16695, [34, 12])
(16696, [34, 6, 17, 10, 26, 41, 23, 4, 15, 12, 2])
(16697, [34])
(16698, [34])
(16699, [34, 9, 0, 17, 26, 43, 31, 24, 23, 2])
(16700, [34, 33, 0, 43, 31, 15, 3])
(16701, [34, 33, 9, 11, 7, 1, 44, 31, 39, 2])
(16702, [34, 9, 0, 6, 44, 43, 41, 24])
(16703, [34, 18, 29, 1, 19, 21, 3])
(16704, [34])
(16705, [34, 18, 9, 11, 42, 17, 26, 43, 36, 31, 30, 41, 24, 15, 3, 40, 13])
(16706, [34, 9, 0, 16, 6, 1, 26, 21, 43, 31, 3, 12])
(16707, [34, 1, 21, 3])
(16708, [34])
(16709, [34, 0, 8, 39, 12])
(16710, [34, 1, 21, 3])
(16711, [34, 0])
(16712, [34, 11, 31, 30])
(16713, [34])
(16714, [34, 20, 0, 7, 29, 16, 31, 3, 12, 2])
(16715, [34, 9, 0, 19, 43, 38, 3, 12, 2])
(16716, [34])
(16717, [34, 18, 9, 0, 11, 7, 16, 28, 1, 19, 26, 43, 31, 30, 41, 24, 23, 4, 15, 3, 12, 40, 2, 14])
(16718, [34, 20, 18, 11, 7, 16, 6, 10, 21, 36, 41, 3, 12, 2])
(16719, [33])
(16720, [33, 18, 43, 31, 15, 2])
(16721, [33, 11, 43, 41, 24, 2])
(16722, [33])
(16723, [33, 20, 6, 17])
(16724, [33, 31])
(16725, [33, 20, 18, 27, 9, 0, 11, 7, 16, 1, 10, 19, 21, 41, 3, 12, 2, 22])
(16726, [33, 3])
(16727, [33, 20, 18, 9, 11, 7, 16, 42, 6, 17, 1, 19, 26, 8, 21, 44, 43, 38, 31, 30, 39, 23, 4, 3, 12, 2, 22])
(16728, [33])
(16729, [33, 26, 24, 2])
(16730, [33])
(16731, [33, 10])
(16732, [33])
(16733, [33, 9, 0, 30, 41, 4, 2])
(16734, [33])
(16735, [33, 9, 11, 7, 1, 19, 21, 44, 43, 36, 41, 24, 4, 3, 40, 2, 22, 25])
(16736, [33, 1, 19, 21, 44, 4, 3, 2, 14])
(16737, [33, 20, 18, 27, 0, 11, 16, 6, 1, 10, 19, 26, 8, 44, 43, 36, 31, 37, 41, 23, 4, 15, 3, 12, 2, 14])
(16738, [33, 9, 1, 26, 44, 43, 39, 41, 24, 2])
(16739, [33, 0, 30, 2])
(16740, [33, 20, 18, 0, 6, 19, 23, 15, 5])
(16741, [33, 20, 18, 0, 11, 6, 31, 30])
(16742, [33, 31, 30, 3, 2])
(16743, [33, 19, 31, 30, 2])
(16744, [33, 0, 11, 7, 16, 42, 1, 10, 19, 21, 43, 41, 23, 15, 3, 12, 2, 22])
(16745, [33, 0, 7, 42, 28, 1, 31, 3])
(16746, [33, 18, 16, 6, 17, 44, 36, 31, 41, 4, 15, 40, 2, 13, 14])
(16747, [33, 30])
(16748, [33])
(16749, [33])
(16750, [33, 20, 18, 9, 0, 11, 16, 42, 1, 19, 26, 21, 44, 30, 23, 4, 15, 3, 12, 2, 22])
(16751, [33, 11, 1])
(16752, [33, 11, 30, 14])
(16753, [33, 18, 9, 0, 11, 7, 16, 42, 6, 10, 19, 26, 43, 30, 3, 12, 2])
(16754, [33])
(16755, [33])
(16756, [33])
(16757, [33, 18, 43, 23, 3])
(16758, [33])
(16759, [33])
(16760, [33, 29, 1, 3])
(16761, [33, 31])
(16762, [33, 5])
(16763, [33, 18, 9, 11, 7, 16, 6, 1, 19, 26, 21, 31, 30, 39, 24, 4, 15, 3, 2, 13, 5, 14])
(16764, [20, 18, 27, 0, 7, 42, 6, 17, 1, 26, 31, 30, 41, 15, 3, 12, 40, 2, 13, 14])
(16765, [20, 0, 22])
(16766, [20])
(16767, [20])
(16768, [20, 0, 11, 10, 23, 12, 5])
(16769, [20, 9, 7, 42, 1, 38, 31, 4])
(16770, [20])
(16771, [20])
(16772, [20])
(16773, [20])
(16774, [20])
(16775, [20, 18, 0, 11, 7, 16, 42, 6, 1, 19, 26, 8, 44, 43, 23, 15, 3, 12, 2, 13])
(16776, [20])
(16777, [20, 42, 3])
(16778, [20, 9, 11, 43])
(16779, [20])
(16780, [20, 1, 19, 12])
(16781, [20, 2])
(16782, [20, 26])
(16783, [20, 0, 11, 1, 44, 3])
(16784, [20])
(16785, [20, 0, 7, 3])
(16786, [20])
(16787, [20])
(16788, [20])
(16789, [20, 0, 1, 36])
(16790, [20, 0, 23, 14])
(16791, [20, 0, 1])
(16792, [20])
(16793, [20])
(16794, [20])
(16795, [18])
(16796, [18])
(16797, [18])
(16798, [18, 0, 23, 4, 3, 2])
(16799, [18])
(16800, [18])
(16801, [18, 0, 1, 21])
(16802, [18, 23])
(16803, [18, 0, 12])
(16804, [18, 42, 28, 17, 1, 26, 43, 4, 15, 3, 12])
(16805, [18, 23])
(16806, [18])
(16807, [18, 1, 19, 3, 12, 2, 22])
(16808, [18, 37])
(16809, [18])
(16810, [18, 0])
(16811, [18, 1, 43, 3, 2])
(16812, [18, 8, 37, 23, 5])
(16813, [18, 0, 17, 36, 3])
(16814, [18, 9, 11, 1, 19, 26, 8, 43, 39, 41, 23, 15, 3])
(16815, [18])
(16816, [18, 19, 31, 30])
(16817, [18, 15, 2])
(16818, [18, 30])
(16819, [18, 16, 1, 8, 3, 12, 2])
(16820, [18])
(16821, [18])
(16822, [18, 1, 19, 8, 3, 12, 2, 22])
(16823, [18])
(16824, [18])
(16825, [18])
(16826, [18, 40])
(16827, [18, 0, 6, 1, 19, 26, 8, 23, 15, 3])
(16828, [18])
(16829, [18, 9, 41, 12])
(16830, [18])
(16831, [18])
(16832, [18, 0, 11, 6])
(16833, [18, 0, 1, 3])
(16834, [18, 27, 7, 1, 21, 30, 4, 15, 13, 22])
(16835, [18, 21])
(16836, [18])
(16837, [18])
(16838, [18])
(16839, [18])
(16840, [18])
(16841, [18])
(16842, [18])
(16843, [18])
(16844, [18])
(16845, [18])
(16846, [18, 1, 8, 30, 23, 2])
(16847, [18])
(16848, [18, 0, 2])
(16849, [18, 19, 3, 2])
(16850, [18])
(16851, [18])
(16852, [18, 7, 29, 6, 1, 21, 43, 3])
(16853, [18])
(16854, [18])
(16855, [18, 27, 11, 6, 1, 19, 30, 23, 15, 3, 40, 5, 22])
(16856, [18])
(16857, [18])
(16858, [18])
(16859, [18])
(16860, [18, 27, 11, 16, 6, 41, 4, 3, 12, 2])
(16861, [18, 41])
(16862, [18])
(16863, [18, 2])
(16864, [18])
(16865, [18])
(16866, [18])
(16867, [18])
(16868, [18])
(16869, [18])
(16870, [18])
(16871, [18])
(16872, [27, 0, 1, 19, 26, 15, 3, 12, 22])
(16873, [27, 0, 1, 41, 3, 2])
(16874, [27, 9, 0, 7, 16, 42, 6, 17, 1, 19, 8, 21, 44, 36, 31, 39, 41, 23, 4, 15, 3, 12, 40, 2, 13, 5, 22])
(16875, [27])
(16876, [27, 6])
(16877, [27])
(16878, [27])
(16879, [27])
(16880, [27])
(16881, [27])
(16882, [27])
(16883, [27])
(16884, [27])
(16885, [27, 21])
(16886, [27, 21])
(16887, [27])
(16888, [27, 26, 43, 24, 15, 3, 12, 2, 22])
(16889, [27, 26, 44, 37])
(16890, [27, 7])
(16891, [9])
(16892, [9, 26, 30, 41, 24, 4, 13])
(16893, [9])
(16894, [9])
(16895, [9])
(16896, [9, 0, 11, 16, 43, 12, 2])
(16897, [9, 10])
(16898, [9, 10])
(16899, [9, 6, 43, 30, 23, 15])
(16900, [9, 19, 37, 4, 15, 40, 22])
(16901, [9, 0, 16, 6, 28, 31, 30, 24, 15, 12])
(16902, [9, 31])
(16903, [9, 17, 19, 4])
(16904, [9, 6, 31])
(16905, [9, 12])
(16906, [9, 39, 3])
(16907, [9, 0, 2])
(16908, [9, 19, 44, 24])
(16909, [9])
(16910, [9, 1, 23, 4])
(16911, [9, 17])
(16912, [9, 16, 17, 15, 2])
(16913, [9])
(16914, [9, 16, 17, 41])
(16915, [9, 2])
(16916, [9])
(16917, [9])
(16918, [9, 0])
(16919, [9, 41])
(16920, [9, 12])
(16921, [9, 31, 23, 3])
(16922, [9])
(16923, [9, 6, 2])
(16924, [9])
(16925, [9, 0])
(16926, [9])
(16927, [9])
(16928, [9])
(16929, [9])
(16930, [9, 19, 21, 4, 12])
(16931, [9])
(16932, [9])
(16933, [9, 41])
(16934, [9])
(16935, [9])
(16936, [9])
(16937, [9])
(16938, [9, 8, 23, 5])
(16939, [9, 0, 11, 16, 6, 44])
(16940, [9, 0, 1, 4, 12])
(16941, [9])
(16942, [9, 0, 17])
(16943, [9])
(16944, [9])
(16945, [9])
(16946, [9])
(16947, [9])
(16948, [9])
(16949, [9, 4])
(16950, [9])
(16951, [9, 41, 12])
(16952, [9, 26, 31])
(16953, [9])
(16954, [9])
(16955, [9, 0, 16, 12, 2])
(16956, [0, 16, 43])
(16957, [0])
(16958, [0])
(16959, [0])
(16960, [0])
(16961, [0])
(16962, [0])
(16963, [0, 12])
(16964, [0])
(16965, [0])
(16966, [0])
(16967, [0])
(16968, [0])
(16969, [0])
(16970, [0])
(16971, [0, 1, 21, 44, 31, 41, 15, 3, 12, 2])
(16972, [0])
(16973, [0, 41, 12, 2])
(16974, [0])
(16975, [0, 12])
(16976, [0])
(16977, [0])
(16978, [0])
(16979, [0, 6])
(16980, [0, 1])
(16981, [0])
(16982, [0])
(16983, [0])
(16984, [0, 19, 44, 43, 36, 41, 23, 15, 2, 14])
(16985, [0])
(16986, [0, 12])
(16987, [0])
(16988, [0])
(16989, [0, 16, 17, 1, 26, 12])
(16990, [0, 11, 17, 10, 44, 3, 2])
(16991, [0])
(16992, [0, 1, 23, 15, 3])
(16993, [0])
(16994, [0])
(16995, [0, 17])
(16996, [0])
(16997, [0])
(16998, [0, 11, 7, 17, 26, 21, 3, 12])
(16999, [0])
(17000, [0])
(17001, [0])
(17002, [0])
(17003, [0])
(17004, [0])
(17005, [0, 11, 1, 19, 21, 43, 37, 3, 22])
(17006, [0])
(17007, [0])
(17008, [0])
(17009, [0])
(17010, [0])
(17011, [0])
(17012, [0])
(17013, [0])
(17014, [0, 11, 44, 12, 2])
(17015, [0])
(17016, [0])
(17017, [0])
(17018, [0])
(17019, [0])
(17020, [0, 42, 6, 44, 36, 4, 3, 2])
(17021, [0])
(17022, [0])
(17023, [0])
(17024, [0])
(17025, [0, 2])
(17026, [0])
(17027, [0])
(17028, [0, 23])
(17029, [0])
(17030, [0])
(17031, [0])
(17032, [0])
(17033, [0])
(17034, [0])
(17035, [0])
(17036, [0])
(17037, [0, 1, 41, 12])
(17038, [0, 12])
(17039, [0])
(17040, [0, 10, 26, 4, 15, 14])
(17041, [0])
(17042, [0])
(17043, [0])
(17044, [0])
(17045, [0])
(17046, [0])
(17047, [0])
(17048, [0, 6, 31])
(17049, [0])
(17050, [0, 12, 2])
(17051, [0])
(17052, [0])
(17053, [0])
(17054, [0])
(17055, [0])
(17056, [0, 16, 17, 26, 43, 30, 23])
(17057, [0])
(17058, [0])
(17059, [0])
(17060, [0])
(17061, [0])
(17062, [0])
(17063, [0])
(17064, [0, 15, 12])
(17065, [0, 11, 17, 3, 12])
(17066, [0])
(17067, [0, 40])
(17068, [0, 11, 7, 6, 19, 30, 4, 3, 12])
(17069, [0, 12])
(17070, [0])
(17071, [0])
(17072, [0, 12])
(17073, [0])
(17074, [0])
(17075, [0])
(17076, [0, 4, 2])
(17077, [0, 11, 16, 1, 26, 30, 41, 4, 12, 40, 2, 14])
(17078, [0])
(17079, [0])
(17080, [0])
(17081, [0])
(17082, [0])
(17083, [0])
(17084, [0])
(17085, [0])
(17086, [0])
(17087, [0])
(17088, [0])
(17089, [0])
(17090, [0])
(17091, [0])
(17092, [0])
(17093, [0])
(17094, [0])
(17095, [0])
(17096, [0])
(17097, [0, 17, 26, 41])
(17098, [0])
(17099, [0])
(17100, [0])
(17101, [0])
(17102, [0])
(17103, [0, 3])
(17104, [0, 11, 42, 1, 21, 3, 12])
(17105, [0])
(17106, [0])
(17107, [0])
(17108, [0])
(17109, [0])
(17110, [0])
(17111, [0])
(17112, [0])
(17113, [0, 7])
(17114, [0])
(17115, [0])
(17116, [0])
(17117, [0])
(17118, [0])
(17119, [0])
(17120, [0])
(17121, [0])
(17122, [0])
(17123, [0])
(17124, [0])
(17125, [0])
(17126, [0])
(17127, [0])
(17128, [0])
(17129, [0])
(17130, [0])
(17131, [0])
(17132, [0])
(17133, [0])
(17134, [0])
(17135, [0])
(17136, [0])
(17137, [0, 11, 7, 1, 19, 26, 8, 38, 41, 3])
(17138, [0])
(17139, [0])
(17140, [0])
(17141, [0])
(17142, [0, 6, 12, 2])
(17143, [0])
(17144, [0, 1, 31, 25])
(17145, [0])
(17146, [0, 16, 21, 44])
(17147, [0])
(17148, [0])
(17149, [0])
(17150, [0, 11, 1, 23, 4, 14])
(17151, [0, 12])
(17152, [0])
(17153, [0])
(17154, [0, 1, 4, 3, 12, 2])
(17155, [0])
(17156, [0])
(17157, [0])
(17158, [0])
(17159, [0])
(17160, [0])
(17161, [0])
(17162, [0])
(17163, [0])
(17164, [0])
(17165, [0])
(17166, [0])
(17167, [0])
(17168, [0])
(17169, [0])
(17170, [0])
(17171, [0])
(17172, [0])
(17173, [0])
(17174, [0])
(17175, [0])
(17176, [0])
(17177, [0])
(17178, [0, 8, 21, 24, 2])
(17179, [0])
(17180, [0])
(17181, [0, 23])
(17182, [0])
(17183, [0])
(17184, [0, 11, 7, 6, 17, 44, 12, 2])
(17185, [0, 3])
(17186, [0, 1])
(17187, [0])
(17188, [0, 11])
(17189, [0])
(17190, [0])
(17191, [0])
(17192, [0])
(17193, [0])
(17194, [0])
(17195, [0])
(17196, [0])
(17197, [0])
(17198, [0])
(17199, [0])
(17200, [0])
(17201, [0, 6, 31, 30, 22])
(17202, [0])
(17203, [0])
(17204, [0])
(17205, [0])
(17206, [0])
(17207, [0])
(17208, [0])
(17209, [0])
(17210, [0])
(17211, [0])
(17212, [0])
(17213, [0])
(17214, [0, 1, 44])
(17215, [11])
(17216, [11])
(17217, [11, 44, 43, 12])
(17218, [11, 3])
(17219, [11, 17, 41])
(17220, [11])
(17221, [11, 28, 17, 41])
(17222, [11, 17, 1, 21, 38, 23, 3])
(17223, [11])
(17224, [11, 1, 19, 24, 2])
(17225, [11, 16, 17, 10, 21, 12])
(17226, [11, 19, 26, 41, 40, 2, 13, 14])
(17227, [11])
(17228, [11])
(17229, [11, 30, 3, 2])
(17230, [11, 1, 21])
(17231, [11])
(17232, [11, 1, 21, 2])
(17233, [11])
(17234, [11])
(17235, [11])
(17236, [11])
(17237, [11, 6, 1, 3])
(17238, [11, 1, 21, 44, 4, 15])
(17239, [11, 21, 44, 2, 22])
(17240, [11])
(17241, [11, 1, 12, 2])
(17242, [11, 3])
(17243, [11])
(17244, [11])
(17245, [11, 43, 4])
(17246, [11, 3])
(17247, [11, 1, 19, 21, 3])
(17248, [11])
(17249, [7])
(17250, [7, 42, 43])
(17251, [7])
(17252, [7])
(17253, [7])
(17254, [7])
(17255, [7, 4, 3])
(17256, [7, 1, 3])
(17257, [7])
(17258, [7, 12])
(17259, [7])
(17260, [7])
(17261, [29])
(17262, [29])
(17263, [16, 6, 1, 21, 44, 43, 15, 3, 12, 2])
(17264, [16, 6, 1, 23, 4, 3])
(17265, [16, 2])
(17266, [16, 19, 23])
(17267, [16])
(17268, [16, 1, 23])
(17269, [16, 19, 26, 8, 43, 41, 24, 15])
(17270, [16])
(17271, [16])
(17272, [16])
(17273, [16, 31, 3])
(17274, [16])
(17275, [16])
(17276, [42, 44, 4])
(17277, [42])
(17278, [6, 31])
(17279, [6, 8])
(17280, [6, 3, 2])
(17281, [6, 1, 24])
(17282, [6, 23, 4, 14])
(17283, [6, 8, 30, 3])
(17284, [6])
(17285, [6, 4, 2])
(17286, [6])
(17287, [6, 10, 12])
(17288, [6])
(17289, [6])
(17290, [28])
(17291, [28, 39, 3, 2])
(17292, [28, 2])
(17293, [17])
(17294, [17, 19, 31])
(17295, [17, 12, 40])
(17296, [17])
(17297, [17])
(17298, [17])
(17299, [17])
(17300, [17])
(17301, [17])
(17302, [17])
(17303, [17])
(17304, [17, 19, 25])
(17305, [17])
(17306, [17])
(17307, [17])
(17308, [17])
(17309, [17])
(17310, [1])
(17311, [1])
(17312, [1, 10, 21, 3, 40, 2])
(17313, [1])
(17314, [1, 3])
(17315, [1, 19, 44, 3])
(17316, [1])
(17317, [1])
(17318, [1])
(17319, [1, 23])
(17320, [1])
(17321, [1, 19])
(17322, [1])
(17323, [1])
(17324, [1])
(17325, [1])
(17326, [1])
(17327, [1])
(17328, [1])
(17329, [1, 21, 3])
(17330, [1, 39, 3, 2])
(17331, [1])
(17332, [1])
(17333, [1, 12])
(17334, [1])
(17335, [1, 14])
(17336, [1, 2])
(17337, [1])
(17338, [1])
(17339, [1])
(17340, [1])
(17341, [1])
(17342, [1, 3])
(17343, [10])
(17344, [10])
(17345, [10])
(17346, [10])
(17347, [10])
(17348, [10])
(17349, [10])
(17350, [10, 12])
(17351, [10])
(17352, [19, 4])
(17353, [19])
(17354, [19, 44])
(17355, [19, 3])
(17356, [19, 41, 15])
(17357, [19, 23])
(17358, [19, 26, 30])
(17359, [19, 38, 3, 14, 22])
(17360, [19, 26])
(17361, [19])
(17362, [19, 43, 4, 2])
(17363, [19])
(17364, [19])
(17365, [19])
(17366, [19, 21, 15, 3])
(17367, [19, 12])
(17368, [19, 21])
(17369, [19])
(17370, [19, 31, 30])
(17371, [19, 2])
(17372, [19])
(17373, [19])
(17374, [19, 21, 44, 43, 30, 4, 15, 12, 40])
(17375, [26, 4])
(17376, [26])
(17377, [26])
(17378, [26])
(17379, [26, 12])
(17380, [26])
(17381, [26])
(17382, [26])
(17383, [26])
(17384, [26, 3, 2])
(17385, [26])
(17386, [26])
(17387, [26, 15, 2])
(17388, [26])
(17389, [26])
(17390, [26])
(17391, [26, 3, 2])
(17392, [8, 31, 30])
(17393, [8])
(17394, [8])
(17395, [8, 23])
(17396, [8])
(17397, [8, 23])
(17398, [8, 12])
(17399, [8])
(17400, [8])
(17401, [8])
(17402, [8, 23])
(17403, [8])
(17404, [8])
(17405, [8])
(17406, [8])
(17407, [8, 23])
(17408, [8, 23])
(17409, [8])
(17410, [8, 43, 23])
(17411, [8, 5])
(17412, [8])
(17413, [21])
(17414, [21])
(17415, [21])
(17416, [21])
(17417, [21])
(17418, [21])
(17419, [21])
(17420, [21])
(17421, [21])
(17422, [21])
(17423, [21])
(17424, [21])
(17425, [21])
(17426, [21, 3, 12])
(17427, [21])
(17428, [21, 4, 3])
(17429, [21])
(17430, [21])
(17431, [21])
(17432, [21])
(17433, [21])
(17434, [21, 4])
(17435, [21])
(17436, [21])
(17437, [21])
(17438, [21])
(17439, [21])
(17440, [21])
(17441, [21])
(17442, [21])
(17443, [21])
(17444, [21, 3])
(17445, [21])
(17446, [21])
(17447, [21])
(17448, [21])
(17449, [21])
(17450, [21])
(17451, [21])
(17452, [21, 3])
(17453, [21])
(17454, [21])
(17455, [21])
(17456, [21])
(17457, [21])
(17458, [21])
(17459, [21])
(17460, [21])
(17461, [21])
(17462, [21, 12])
(17463, [21])
(17464, [21])
(17465, [21])
(17466, [21])
(17467, [44])
(17468, [44, 14])
(17469, [44])
(17470, [44])
(17471, [44])
(17472, [44])
(17473, [44])
(17474, [44])
(17475, [44])
(17476, [44])
(17477, [44])
(17478, [44])
(17479, [44])
(17480, [44])
(17481, [44])
(17482, [44])
(17483, [44])
(17484, [44, 39])
(17485, [44, 43, 41, 24, 4])
(17486, [44, 3])
(17487, [44])
(17488, [44])
(17489, [43])
(17490, [43])
(17491, [43])
(17492, [43])
(17493, [43])
(17494, [43])
(17495, [43, 15])
(17496, [43])
(17497, [43])
(17498, [43])
(17499, [43])
(17500, [43])
(17501, [43])
(17502, [43])
(17503, [43, 40])
(17504, [43])
(17505, [43])
(17506, [43, 40])
(17507, [43])
(17508, [43])
(17509, [43])
(17510, [43, 4, 15])
(17511, [36])
(17512, [36])
(17513, [36])
(17514, [36])
(17515, [36])
(17516, [36])
(17517, [36])
(17518, [36])
(17519, [36])
(17520, [36])
(17521, [36])
(17522, [36])
(17523, [36])
(17524, [36])
(17525, [36])
(17526, [36])
(17527, [36])
(17528, [36])
(17529, [36])
(17530, [36, 14])
(17531, [36])
(17532, [36])
(17533, [31])
(17534, [31])
(17535, [31, 30])
(17536, [31])
(17537, [31, 4])
(17538, [31])
(17539, [31])
(17540, [31])
(17541, [31])
(17542, [31])
(17543, [31])
(17544, [31])
(17545, [31])
(17546, [31])
(17547, [30])
(17548, [30])
(17549, [30])
(17550, [30, 3])
(17551, [30])
(17552, [30])
(17553, [30])
(17554, [30])
(17555, [30])
(17556, [30])
(17557, [30])
(17558, [37])
(17559, [39])
(17560, [39])
(17561, [39, 2])
(17562, [39])
(17563, [39])
(17564, [39])
(17565, [39])
(17566, [39])
(17567, [41])
(17568, [41])
(17569, [41])
(17570, [41])
(17571, [41, 40])
(17572, [41, 13])
(17573, [41])
(17574, [41])
(17575, [41])
(17576, [41])
(17577, [41])
(17578, [41])
(17579, [41, 3])
(17580, [41])
(17581, [41])
(17582, [41])
(17583, [41])
(17584, [41])
(17585, [41])
(17586, [41])
(17587, [41])
(17588, [41, 12, 2])
(17589, [41, 12])
(17590, [24, 2])
(17591, [24, 3])
(17592, [24])
(17593, [24])
(17594, [24])
(17595, [24])
(17596, [24])
(17597, [24])
(17598, [23])
(17599, [23])
(17600, [23])
(17601, [23])
(17602, [23])
(17603, [23])
(17604, [23])
(17605, [23])
(17606, [23])
(17607, [23])
(17608, [23])
(17609, [23, 3])
(17610, [23])
(17611, [23])
(17612, [23])
(17613, [23])
(17614, [23])
(17615, [23])
(17616, [23])
(17617, [23])
(17618, [23])
(17619, [23])
(17620, [23])
(17621, [23])
(17622, [23])
(17623, [23])
(17624, [23])
(17625, [23])
(17626, [23])
(17627, [23])
(17628, [23])
(17629, [23])
(17630, [23])
(17631, [23])
(17632, [23])
(17633, [23])
(17634, [23])
(17635, [23])
(17636, [23])
(17637, [23])
(17638, [23, 3])
(17639, [23])
(17640, [23, 12])
(17641, [23])
(17642, [23])
(17643, [23])
(17644, [23])
(17645, [23])
(17646, [23])
(17647, [23, 4, 15])
(17648, [23])
(17649, [23])
(17650, [23])
(17651, [23])
(17652, [23])
(17653, [23])
(17654, [23])
(17655, [23])
(17656, [23])
(17657, [23])
(17658, [23])
(17659, [23])
(17660, [23])
(17661, [23])
(17662, [23])
(17663, [23])
(17664, [23])
(17665, [23])
(17666, [4, 15])
(17667, [4])
(17668, [4])
(17669, [4])
(17670, [4, 15])
(17671, [4])
(17672, [4, 3])
(17673, [4])
(17674, [4])
(17675, [4])
(17676, [4])
(17677, [4])
(17678, [4])
(17679, [4])
(17680, [4])
(17681, [4])
(17682, [4])
(17683, [4])
(17684, [4])
(17685, [4])
(17686, [4])
(17687, [4])
(17688, [15])
(17689, [15])
(17690, [15])
(17691, [15])
(17692, [15])
(17693, [15])
(17694, [15])
(17695, [15])
(17696, [15])
(17697, [15])
(17698, [15])
(17699, [15])
(17700, [3])
(17701, [3])
(17702, [3, 12])
(17703, [3])
(17704, [3, 12])
(17705, [3])
(17706, [3])
(17707, [3])
(17708, [3])
(17709, [3])
(17710, [3])
(17711, [3])
(17712, [3])
(17713, [3])
(17714, [3])
(17715, [3])
(17716, [3])
(17717, [3])
(17718, [3])
(17719, [3])
(17720, [3])
(17721, [3])
(17722, [3])
(17723, [3])
(17724, [3])
(17725, [3])
(17726, [3])
(17727, [3])
(17728, [3])
(17729, [3])
(17730, [3])
(17731, [3])
(17732, [3])
(17733, [3])
(17734, [3])
(17735, [3])
(17736, [3])
(17737, [12])
(17738, [12, 14])
(17739, [12])
(17740, [12])
(17741, [12])
(17742, [12])
(17743, [12])
(17744, [12])
(17745, [12])
(17746, [12])
(17747, [12])
(17748, [12])
(17749, [12])
(17750, [12])
(17751, [12])
(17752, [12])
(17753, [12])
(17754, [12])
(17755, [12])
(17756, [12])
(17757, [12])
(17758, [12])
(17759, [12])
(17760, [12])
(17761, [12])
(17762, [12])
(17763, [12])
(17764, [12])
(17765, [12])
(17766, [12])
(17767, [12])
(17768, [12])
(17769, [12])
(17770, [12])
(17771, [12])
(17772, [12])
(17773, [12])
(17774, [12])
(17775, [12])
(17776, [12])
(17777, [12])
(17778, [12])
(17779, [12])
(17780, [12])
(17781, [12])
(17782, [12])
(17783, [12])
(17784, [12])
(17785, [12])
(17786, [12])
(17787, [12])
(17788, [12])
(17789, [12])
(17790, [12])
(17791, [12])
(17792, [12])
(17793, [12])
(17794, [12])
(17795, [12])
(17796, [12])
(17797, [12])
(17798, [12])
(17799, [12])
(17800, [12])
(17801, [12])
(17802, [12])
(17803, [12])
(17804, [12])
(17805, [12])
(17806, [12])
(17807, [12])
(17808, [12])
(17809, [12])
(17810, [12])
(17811, [12])
(17812, [12])
(17813, [12])
(17814, [12])
(17815, [12])
(17816, [40])
(17817, [40])
(17818, [40])
(17819, [40])
(17820, [40])
(17821, [40, 22])
(17822, [40])
(17823, [2])
(17824, [2])
(17825, [2])
(17826, [2])
(17827, [2])
(17828, [2])
(17829, [2])
(17830, [2])
(17831, [2])
(17832, [2])
(17833, [2])
(17834, [2])
(17835, [2])
(17836, [2])
(17837, [2])
(17838, [2])
(17839, [2])
(17840, [2])
(17841, [2])
(17842, [2])
(17843, [2])
(17844, [2])
(17845, [2])
(17846, [2, 22])
(17847, [2])
(17848, [2])
(17849, [2])
(17850, [2])
(17851, [2])
(17852, [2])
(17853, [2])
(17854, [2])
(17855, [2])
(17856, [2])
(17857, [2])
(17858, [2])
(17859, [2])
(17860, [2])
(17861, [2])
(17862, [2])
(17863, [2])
(17864, [2])
(17865, [2])
(17866, [2])
(17867, [2])
(17868, [2])
(17869, [2])
(17870, [2])
(17871, [2])
(17872, [2])
(17873, [2])
(17874, [2])
(17875, [2])
(17876, [2, 13])
(17877, [2])
(17878, [2])
(17879, [2])
(17880, [2])
(17881, [2])
(17882, [2])
(17883, [2])
(17884, [2])
(17885, [2])
(17886, [2])
(17887, [2])
(17888, [2])
(17889, [2])
(17890, [2])
(17891, [2])
(17892, [2])
(17893, [2])
(17894, [2])
(17895, [2])
(17896, [2])
(17897, [2])
(17898, [2])
(17899, [2])
(17900, [2])
(17901, [2])
(17902, [2])
(17903, [2])
(17904, [2])
(17905, [2])
(17906, [13])
(17907, [13])
(17908, [13])
(17909, [13])
(17910, [13])
(17911, [13])
(17912, [13])
(17913, [5])
(17914, [5])
(17915, [5])
(17916, [5])
(17917, [5])
(17918, [5])
(17919, [5])
(17920, [5])
(17921, [5])
(17922, [14])
(17923, [14])
(17924, [14])
(17925, [14])
(17926, [14])
(17927, [14])
(17928, [14])
(17929, [14])
(17930, [14])
(17931, [14])
(17932, [22])
(17933, [22])
(17934, [22])
(17935, [22])
(17936, [22])
(17937, [22])
(17938, [22])
(17939, [22])
(17940, [22])
(17941, [22])
(17942, [22])
(17943, [22])
(17944, [25])
(17945, [25])
