(115167, [0, 1, 2, 3, 4, 5, 6, 7, 8, 9, 10, 11, 12, 13, 14, 15, 16, 17, 18, 19, 20, 21, 22, 23, 24, 25, 26, 27, 28, 29, 30, 31, 32, 33, 34, 35, 36, 37, 38, 39, 40, 41, 42, 43, 44])
(115168, [2, 3, 12, 14, 15, 17, 22, 23, 24, 32, 38])
(115169, [0, 1, 2, 3, 4, 5, 6, 7, 8, 9, 10, 11, 12, 13, 14, 15, 16, 17, 18, 19, 20, 21, 22, 24, 26, 27, 28, 29, 30, 31, 32, 33, 34, 35, 36, 37, 38, 39, 40, 41, 42, 43, 44])
(115170, [14, 15, 17, 18, 23, 32])
(115171, [0, 1, 2, 3, 4, 5, 6, 7, 8, 9, 10, 11, 12, 13, 14, 16, 18, 19, 20, 21, 22, 23, 24, 25, 26, 27, 28, 29, 30, 31, 32, 33, 34, 35, 36, 37, 38, 39, 40, 41, 42, 43, 44])
(115172, [0, 1, 2, 3, 4, 5, 6, 7, 8, 9, 10, 11, 12, 13, 14, 15, 16, 17, 18, 19, 20, 21, 22, 23, 24, 25, 26, 27, 28, 29, 30, 31, 32, 33, 34, 35, 36, 37, 38, 39, 40, 41, 42, 43, 44])
(115173, [0, 1, 2, 3, 4, 5, 6, 7, 8, 9, 10, 11, 12, 13, 14, 15, 16, 17, 18, 19, 20, 21, 22, 23, 24, 25, 26, 27, 28, 29, 30, 31, 32, 33, 34, 35, 36, 37, 38, 39, 40, 41, 42, 43, 44])
(115174, [0, 2, 3, 4, 9, 11, 12, 13, 14, 15, 19, 23, 24, 28, 30, 32, 34, 36, 39, 40, 41, 43])
(115175, [0, 1, 2, 3, 4, 5, 6, 8, 9, 11, 12, 13, 15, 16, 17, 18, 19, 21, 22, 23, 24, 26, 29, 30, 31, 32, 33, 34, 35, 36, 37, 38, 39, 40, 41, 43, 44])
(115176, [1, 2, 3, 4, 6, 9, 10, 11, 12, 14, 15, 16, 17, 18, 21, 23, 24, 30, 31, 32, 33, 34, 39, 40, 42, 43, 44])
(115177, [0, 1, 2, 3, 6, 7, 8, 9, 12, 15, 16, 18, 19, 21, 22, 23, 26, 29, 30, 31, 32, 33, 34, 37, 40, 41, 42, 43, 44])
(115178, [0, 1, 2, 3, 4, 5, 6, 7, 8, 9, 10, 11, 12, 13, 14, 15, 16, 17, 18, 19, 20, 21, 22, 23, 24, 25, 26, 27, 28, 29, 30, 31, 32, 33, 34, 35, 36, 37, 38, 39, 40, 41, 42, 43, 44])
(115179, [1, 2, 3, 4, 5, 6, 7, 8, 9, 10, 11, 12, 13, 14, 15, 16, 17, 18, 19, 20, 21, 22, 23, 29, 30, 31, 32, 33, 34, 35, 36, 38, 42, 43, 44])
(115180, [0, 1, 2, 3, 4, 6, 7, 9, 11, 12, 13, 14, 15, 16, 17, 18, 19, 20, 21, 22, 23, 24, 25, 26, 27, 28, 30, 31, 32, 33, 34, 35, 36, 38, 39, 40, 41, 42, 43, 44])
(115181, [0, 1, 2, 3, 4, 5, 6, 7, 8, 9, 11, 12, 13, 15, 17, 18, 19, 20, 21, 22, 23, 24, 26, 27, 30, 31, 32, 33, 34, 35, 38, 40, 41, 42, 44])
(115182, [4, 9, 13, 14, 30, 32, 43])
(115183, [0, 1, 2, 3, 4, 7, 8, 9, 11, 12, 13, 15, 16, 18, 19, 20, 21, 23, 26, 32, 33, 34, 35, 41, 42, 43, 44])
(115184, [0, 1, 2, 3, 4, 6, 7, 9, 10, 12, 14, 15, 16, 17, 18, 19, 20, 22, 24, 26, 31, 32, 33, 34, 36, 38, 41, 43, 44])
(115185, [1, 2, 7, 11, 12, 17, 24, 26, 32, 33, 34, 44])
(115186, [0, 1, 2, 6, 8, 14, 16, 18, 26, 31, 32, 34, 35, 43])
(115187, [0, 1, 3, 4, 6, 7, 9, 10, 11, 12, 15, 16, 17, 18, 19, 20, 21, 22, 23, 26, 27, 30, 32, 33, 35, 41, 42, 43, 44])
(115188, [0, 1, 2, 3, 4, 5, 6, 8, 9, 11, 14, 15, 16, 17, 18, 19, 21, 22, 23, 24, 26, 29, 30, 31, 32, 33, 34, 35, 37, 38, 41, 44])
(115189, [11, 25, 30, 32, 41, 43])
(115190, [0, 1, 2, 3, 4, 6, 7, 8, 9, 11, 12, 13, 14, 15, 16, 17, 19, 20, 24, 25, 26, 27, 30, 31, 32, 33, 34, 35, 36, 39, 40, 41, 43])
(115191, [1, 2, 3, 4, 6, 7, 8, 9, 10, 11, 12, 14, 15, 16, 17, 18, 19, 20, 21, 23, 24, 26, 28, 30, 31, 32, 33, 34, 36, 37, 40, 41, 42, 43, 44])
(115192, [0, 2, 3, 6, 7, 9, 13, 24, 26, 31, 32, 34, 40, 41, 42, 43])
(115193, [0, 1, 2, 3, 4, 5, 7, 9, 10, 11, 12, 13, 14, 15, 16, 17, 18, 19, 20, 21, 22, 23, 24, 27, 30, 31, 32, 33, 38, 40, 42, 43, 44])
(115194, [0, 1, 3, 4, 7, 9, 11, 13, 15, 16, 18, 23, 29, 32, 33, 38])
(115195, [0, 1, 3, 8, 9, 12, 13, 15, 16, 21, 22, 31, 32, 43])
(115196, [0, 1, 2, 3, 5, 6, 7, 8, 9, 10, 11, 12, 13, 15, 16, 18, 19, 20, 21, 23, 24, 30, 31, 32, 33, 34, 35, 36, 37, 40, 41, 42, 43, 44])
(115197, [0, 1, 3, 9, 12, 17, 21, 26, 31, 32])
(115198, [0, 1, 2, 6, 9, 12, 15, 17, 18, 19, 21, 29, 30, 31, 32, 33, 42])
(115199, [0, 1, 2, 3, 4, 5, 6, 7, 8, 9, 10, 11, 12, 13, 14, 15, 16, 17, 18, 19, 20, 21, 22, 23, 24, 25, 26, 27, 28, 30, 31, 32, 33, 34, 35, 36, 37, 38, 39, 40, 41, 42, 43, 44])
(115200, [0, 3, 9, 15, 17, 18, 26, 30, 32, 34, 41])
(115201, [1, 2, 4, 7, 8, 11, 21, 22, 23, 24, 26, 30, 31, 32, 33, 40, 44])
(115202, [1, 2, 4, 5, 6, 8, 9, 11, 12, 17, 18, 19, 23, 30, 31, 32, 34, 40, 41, 43])
(115203, [1, 2, 3, 6, 9, 11, 12, 13, 15, 18, 21, 22, 26, 31, 32, 41, 44])
(115204, [0, 1, 3, 7, 11, 21, 26, 31, 32, 42])
(115205, [1, 2, 3, 4, 6, 7, 8, 9, 11, 12, 14, 15, 16, 17, 18, 19, 20, 21, 22, 23, 24, 26, 28, 30, 31, 32, 33, 35, 37, 39, 40, 41, 43, 44])
(115206, [3, 4, 10, 12, 22, 30, 32, 34, 38, 40])
(115207, [0, 1, 2, 3, 4, 9, 16, 23, 30, 31, 32, 33, 34, 44])
(115208, [2, 4, 9, 32, 34, 41])
(115209, [1, 3, 32])
(115210, [1, 3, 4, 6, 8, 11, 12, 16, 18, 19, 21, 23, 26, 30, 31, 32, 38, 40, 41, 42, 43, 44])
(115211, [9, 11, 16, 22, 24, 26, 31, 32, 33, 34, 44])
(115212, [4, 32, 43])
(115213, [0, 1, 2, 3, 4, 9, 11, 12, 14, 15, 16, 17, 19, 21, 22, 24, 26, 30, 32, 35, 36, 40, 42, 44])
(115214, [0, 1, 2, 3, 4, 6, 7, 8, 9, 11, 12, 13, 14, 15, 16, 18, 23, 28, 32, 43])
(115215, [32])
(115216, [32])
(115217, [1, 2, 3, 4, 5, 6, 7, 8, 9, 10, 11, 12, 13, 15, 17, 18, 19, 20, 24, 26, 30, 31, 32, 33, 36, 37, 43, 44])
(115218, [0, 1, 2, 3, 6, 7, 9, 11, 12, 13, 15, 16, 20, 24, 26, 28, 30, 31, 32, 33, 34, 37, 38, 44])
(115219, [0, 1, 2, 3, 9, 11, 12, 13, 14, 15, 17, 18, 19, 23, 24, 26, 28, 31, 32, 33, 34, 41, 43, 44])
(115220, [0, 2, 4, 6, 9, 11, 12, 15, 16, 17, 18, 24, 32, 36, 37, 42, 44])
(115221, [0, 1, 2, 3, 6, 7, 9, 11, 12, 13, 16, 17, 18, 20, 22, 23, 29, 30, 32, 33, 35, 39, 40, 41, 42, 44])
(115222, [0, 1, 2, 3, 5, 6, 7, 9, 10, 12, 14, 15, 16, 18, 19, 20, 21, 23, 24, 31, 32, 33, 34, 36, 38, 41, 42, 43, 44])
(115223, [18, 19, 30, 32])
(115224, [0, 1, 2, 3, 4, 5, 7, 8, 9, 12, 15, 16, 19, 20, 21, 22, 23, 24, 26, 28, 32, 34, 38, 41, 42, 43, 44])
(115225, [1, 2, 3, 4, 5, 6, 8, 9, 10, 11, 12, 13, 14, 15, 16, 17, 18, 19, 21, 22, 23, 25, 26, 30, 31, 32, 33, 34, 35, 36, 37, 38, 39, 40, 41, 42, 43, 44])
(115226, [2, 4, 14, 15, 18, 24, 26, 32, 34, 41])
(115227, [2, 3, 6, 9, 13, 15, 17, 20, 24, 26, 31, 32, 34, 36, 40, 41, 43])
(115228, [2, 3, 4, 6, 8, 9, 13, 15, 23, 26, 30, 31, 32, 35, 41, 43, 44])
(115229, [0, 1, 2, 3, 4, 5, 6, 8, 9, 10, 11, 12, 13, 14, 15, 16, 17, 18, 19, 20, 21, 23, 24, 26, 27, 28, 30, 31, 32, 33, 34, 35, 36, 37, 38, 39, 40, 41, 42, 43, 44])
(115230, [0, 1, 6, 13, 18, 20, 32, 36])
(115231, [1, 2, 3, 4, 5, 7, 8, 9, 11, 12, 13, 14, 15, 16, 17, 18, 19, 20, 22, 23, 24, 25, 26, 27, 28, 29, 30, 31, 32, 33, 34, 35, 36, 37, 38, 39, 40, 41, 42, 43, 44])
(115232, [1, 2, 3, 4, 15, 16, 17, 18, 19, 25, 32, 34, 38, 43])
(115233, [12, 16, 18, 23, 26, 32])
(115234, [0, 3, 4, 12, 16, 23, 24, 30, 31, 32])
(115235, [0, 1, 2, 3, 6, 9, 12, 14, 15, 16, 18, 19, 21, 23, 24, 26, 27, 28, 32, 35, 39, 41, 42, 43, 44])
(115236, [1, 2, 6, 7, 12, 17, 18, 26, 31, 32, 35, 36, 40, 41, 43, 44])
(115237, [0, 1, 2, 3, 4, 12, 14, 15, 18, 19, 20, 23, 31, 32, 34])
(115238, [0, 2, 3, 4, 7, 9, 11, 12, 14, 15, 16, 17, 20, 24, 26, 32, 33, 34, 42, 43, 44])
(115239, [0, 2, 3, 6, 8, 9, 10, 12, 15, 23, 31, 32, 35, 43])
(115240, [2, 3, 4, 6, 9, 13, 14, 16, 17, 26, 27, 32, 44])
(115241, [0, 3, 16, 21, 23, 28, 32])
(115242, [0, 1, 2, 3, 7, 11, 12, 15, 16, 18, 19, 21, 22, 23, 26, 27, 32, 38, 42])
(115243, [1, 2, 3, 6, 11, 12, 16, 17, 18, 19, 21, 22, 24, 31, 32, 33, 41, 42, 43, 44])
(115244, [2, 6, 14, 24, 32])
(115245, [0, 9, 32])
(115246, [1, 2, 3, 4, 6, 7, 9, 11, 12, 15, 17, 18, 19, 21, 23, 24, 26, 29, 32, 35, 36, 37, 41, 43, 44])
(115247, [0, 2, 3, 4, 12, 32])
(115248, [2, 9, 12, 15, 17, 24, 32, 33, 34, 41])
(115249, [0, 1, 2, 3, 4, 5, 6, 7, 8, 9, 10, 11, 12, 13, 14, 15, 16, 17, 18, 19, 20, 21, 22, 23, 24, 25, 26, 27, 28, 29, 30, 31, 32, 33, 34, 35, 36, 37, 39, 40, 41, 42, 43, 44])
(115250, [0, 1, 2, 3, 4, 5, 7, 8, 9, 11, 12, 13, 14, 15, 16, 17, 18, 20, 21, 23, 24, 26, 28, 30, 31, 32, 33, 34, 38, 41, 42, 43, 44])
(115251, [1, 2, 3, 4, 6, 7, 12, 16, 17, 18, 20, 23, 24, 26, 30, 31, 32, 43])
(115252, [32])
(115253, [0, 1, 2, 3, 4, 6, 9, 12, 13, 15, 17, 21, 22, 23, 24, 26, 30, 31, 32, 40, 41, 43])
(115254, [1, 3, 20, 31, 32])
(115255, [32])
(115256, [1, 2, 3, 9, 11, 12, 13, 15, 16, 17, 18, 19, 20, 23, 24, 26, 28, 31, 32, 34, 37, 41, 43, 44])
(115257, [0, 2, 3, 4, 6, 9, 10, 11, 12, 13, 14, 15, 17, 20, 23, 26, 32, 34, 40, 41, 42, 44])
(115258, [1, 3, 4, 9, 28, 32])
(115259, [1, 2, 3, 4, 6, 7, 9, 11, 12, 13, 15, 18, 19, 21, 22, 23, 26, 30, 31, 32, 33, 37, 38, 41, 42, 43, 44])
(115260, [0, 1, 2, 3, 8, 9, 11, 12, 13, 16, 18, 19, 23, 26, 31, 32, 33, 39, 44])
(115261, [0, 1, 2, 3, 4, 6, 7, 11, 12, 13, 14, 15, 18, 19, 20, 21, 24, 25, 26, 27, 28, 29, 30, 31, 32, 33, 34, 38, 42])
(115262, [2, 11, 17, 18, 24, 32, 41, 44])
(115263, [0, 2, 4, 12, 16, 17, 23, 24, 32, 41, 43])
(115264, [1, 3, 19, 32, 43])
(115265, [1, 2, 3, 6, 8, 11, 15, 17, 18, 19, 21, 22, 23, 26, 31, 32, 44])
(115266, [0, 1, 2, 3, 11, 26, 31, 32, 42])
(115267, [2, 13, 14, 17, 18, 24, 25, 26, 30, 31, 32, 33, 34, 35, 40, 41])
(115268, [0, 2, 3, 22, 32, 33])
(115269, [0, 2, 9, 17, 31, 32, 34, 41])
(115270, [0, 9, 14, 32, 43, 44])
(115271, [0, 32, 43, 44])
(115272, [1, 2, 4, 11, 12, 17, 18, 19, 20, 26, 32, 44])
(115273, [1, 2, 9, 12, 13, 14, 15, 18, 19, 24, 26, 32])
(115274, [0, 1, 3, 6, 9, 15, 16, 17, 19, 20, 21, 23, 24, 28, 31, 32, 39, 40, 41, 42, 43, 44])
(115275, [4, 6, 31, 32])
(115276, [3, 9, 12, 15, 16, 19, 23, 30, 31, 32, 33, 41, 42, 44])
(115277, [1, 2, 3, 9, 11, 12, 17, 20, 24, 26, 31, 32, 33, 40, 44])
(115278, [0, 6, 30, 32, 44])
(115279, [0, 1, 2, 3, 5, 6, 7, 8, 9, 10, 11, 12, 13, 15, 16, 18, 19, 20, 21, 23, 24, 26, 27, 30, 33, 35, 39, 41, 42, 43, 44])
(115280, [0, 1, 2, 3, 4, 5, 6, 7, 8, 9, 10, 11, 12, 13, 14, 15, 16, 17, 18, 19, 20, 21, 22, 23, 24, 25, 26, 27, 28, 29, 30, 31, 33, 34, 35, 36, 37, 38, 39, 40, 41, 42, 43, 44])
(115281, [0, 2, 4, 7, 11, 14, 16, 17, 18, 20, 24, 26, 30, 33, 35, 36, 40, 44])
(115282, [0, 35])
(115283, [0, 1, 2, 3, 4, 5, 6, 7, 8, 9, 11, 12, 13, 14, 15, 16, 18, 19, 21, 22, 23, 26, 27, 30, 31, 33, 35, 39, 41, 42, 43, 44])
(115284, [1, 2, 3, 6, 9, 12, 16, 20, 23, 26, 27, 28, 33, 35, 38, 40, 41, 42, 44])
(115285, [35])
(115286, [1, 3, 5, 8, 9, 10, 11, 12, 15, 18, 23, 29, 30, 33, 35, 39, 41, 43, 44])
(115287, [2, 3, 4, 6, 15, 18, 21, 23, 24, 35, 37, 39, 43, 44])
(115288, [0, 1, 3, 4, 7, 9, 12, 19, 21, 23, 35, 40, 41, 43, 44])
(115289, [0, 1, 3, 9, 11, 12, 14, 16, 19, 20, 21, 30, 31, 34, 35, 37, 42, 43])
(115290, [3, 18, 19, 21, 31, 33, 35, 44])
(115291, [12, 35])
(115292, [35])
(115293, [18, 21, 23, 35])
(115294, [1, 3, 4, 7, 9, 11, 12, 15, 19, 20, 21, 23, 26, 35, 43, 44])
(115295, [2, 35])
(115296, [35])
(115297, [35])
(115298, [35])
(115299, [35])
(115300, [0, 1, 2, 6, 11, 12, 30, 34, 35, 41, 42, 44])
(115301, [6, 35])
(115302, [0, 1, 2, 3, 4, 6, 7, 8, 9, 11, 12, 14, 15, 16, 17, 18, 19, 21, 22, 26, 29, 33, 35, 37, 40, 41, 43, 44])
(115303, [10, 35])
(115304, [0, 1, 3, 15, 19, 22, 30, 31, 35, 43])
(115305, [35])
(115306, [35])
(115307, [35])
(115308, [19, 35])
(115309, [0, 2, 4, 6, 8, 9, 10, 11, 12, 18, 23, 26, 28, 34, 35, 41, 42])
(115310, [1, 2, 3, 4, 6, 8, 9, 11, 16, 17, 18, 19, 20, 21, 22, 23, 26, 29, 31, 33, 34, 35, 37, 38, 39, 43, 44])
(115311, [35])
(115312, [35])
(115313, [35])
(115314, [35])
(115315, [18, 23, 35, 39])
(115316, [35])
(115317, [0, 4, 12, 20, 23, 28, 30, 34])
(115318, [1, 3, 21, 34])
(115319, [0, 1, 7, 11, 12, 13, 21, 26, 33, 34, 43])
(115320, [2, 12, 18, 21, 22, 24, 26, 30, 34, 40])
(115321, [8, 23, 34])
(115322, [1, 3, 17, 20, 30, 33, 34, 43])
(115323, [1, 2, 8, 11, 16, 33, 34, 39, 41, 43, 44])
(115324, [34])
(115325, [0, 9, 34])
(115326, [2, 3, 6, 8, 9, 10, 13, 15, 18, 23, 24, 30, 31, 34, 40, 41, 43])
(115327, [34])
(115328, [2, 4, 18, 34, 44])
(115329, [0, 1, 2, 3, 4, 13, 16, 19, 20, 28, 34, 41, 43])
(115330, [34])
(115331, [31, 34, 43])
(115332, [30, 34])
(115333, [0, 4, 20, 34])
(115334, [0, 2, 3, 5, 9, 10, 11, 12, 15, 16, 23, 27, 33, 34, 43])
(115335, [4, 11, 15, 18, 23, 31, 34, 43])
(115336, [30, 34])
(115337, [34])
(115338, [34])
(115339, [34])
(115340, [0, 2, 4, 9, 12, 13, 14, 15, 20, 24, 31, 33, 34, 38, 40, 43])
(115341, [34])
(115342, [0, 1, 2, 3, 8, 12, 13, 18, 19, 20, 21, 23, 26, 29, 30, 31, 33, 34, 37, 41, 44])
(115343, [3, 34])
(115344, [1, 2, 3, 4, 8, 9, 11, 12, 14, 15, 17, 19, 21, 22, 23, 24, 25, 28, 34, 41, 42, 43, 44])
(115345, [34])
(115346, [34])
(115347, [3, 11, 18, 19, 26, 30, 31, 33, 34])
(115348, [18, 21, 34, 41])
(115349, [3, 9, 11, 15, 18, 19, 21, 34, 38])
(115350, [0, 1, 2, 3, 4, 7, 11, 13, 17, 19, 20, 30, 31, 33, 34])
(115351, [9, 11, 12, 15, 17, 18, 24, 30, 33, 34, 36, 41, 43])
(115352, [11, 12, 17, 19, 34, 44])
(115353, [2, 34])
(115354, [2, 34])
(115355, [0, 1, 2, 3, 10, 11, 12, 23, 26, 30, 31, 34, 38, 39, 43])
(115356, [1, 3, 4, 6, 9, 15, 17, 18, 19, 23, 24, 26, 31, 33, 34, 37, 40, 41, 43])
(115357, [0, 1, 2, 3, 8, 11, 15, 22, 26, 30, 31, 34])
(115358, [0, 3, 34])
(115359, [2, 4, 9, 18, 19, 23, 31, 34, 41, 43])
(115360, [0, 8, 12, 31, 34, 43])
(115361, [0, 1, 2, 9, 12, 13, 14, 24, 26, 28, 31, 33, 34, 41, 44])
(115362, [1, 6, 18, 19, 21, 30, 34, 44])
(115363, [0, 1, 2, 3, 4, 9, 12, 13, 15, 16, 17, 18, 19, 20, 22, 23, 26, 27, 30, 33, 34, 43, 44])
(115364, [34])
(115365, [1, 3, 6, 8, 11, 21, 23, 33, 34, 36])
(115366, [34])
(115367, [0, 1, 2, 3, 7, 9, 10, 11, 12, 14, 16, 17, 18, 19, 20, 22, 26, 27, 28, 29, 31, 33, 34, 36, 37, 40, 41, 43, 44])
(115368, [0, 1, 3, 9, 11, 34])
(115369, [2, 17, 18, 34, 36])
(115370, [34])
(115371, [0, 2, 3, 10, 12, 23, 34, 36, 41])
(115372, [9, 10, 12, 31, 34])
(115373, [34])
(115374, [34])
(115375, [1, 3, 13, 19, 21, 24, 30, 34, 38, 41])
(115376, [34])
(115377, [0, 9, 16, 18, 19, 30, 33, 34])
(115378, [5, 6, 15, 16, 23, 24, 26, 34, 41])
(115379, [33])
(115380, [33])
(115381, [33])
(115382, [12, 18, 19, 33])
(115383, [2, 9, 19, 33, 38, 40, 41])
(115384, [33])
(115385, [33])
(115386, [33])
(115387, [1, 3, 7, 8, 9, 11, 12, 18, 20, 33, 41, 44])
(115388, [30, 33])
(115389, [30, 33])
(115390, [1, 3, 33])
(115391, [33])
(115392, [1, 2, 4, 17, 26, 33])
(115393, [6, 19, 22, 33])
(115394, [33])
(115395, [33])
(115396, [2, 7, 9, 14, 15, 19, 20, 23, 24, 26, 30, 33, 40, 41, 43])
(115397, [12, 30, 33])
(115398, [2, 3, 15, 18, 30, 33, 44])
(115399, [0, 4, 12, 33])
(115400, [17, 33])
(115401, [1, 12, 21, 33, 44])
(115402, [33])
(115403, [1, 3, 6, 9, 19, 31, 33])
(115404, [1, 2, 3, 12, 15, 18, 19, 20, 21, 30, 31, 33, 41, 42])
(115405, [33])
(115406, [33])
(115407, [33])
(115408, [0, 1, 3, 5, 9, 10, 11, 12, 15, 17, 20, 24, 26, 33, 43])
(115409, [33])
(115410, [33])
(115411, [1, 3, 7, 11, 12, 19, 20, 21, 30, 42, 44])
(115412, [20])
(115413, [20, 31])
(115414, [0, 1, 2, 3, 8, 9, 10, 12, 14, 15, 16, 19, 20, 21, 22, 23, 25, 26, 27, 30, 36, 38, 39, 41, 42, 43, 44])
(115415, [0, 3, 12, 20, 30, 31, 36])
(115416, [20])
(115417, [2, 9, 14, 15, 17, 20, 24, 26, 31, 36, 41])
(115418, [20])
(115419, [0, 1, 2, 3, 6, 9, 11, 12, 13, 15, 16, 20, 21, 23, 30, 37, 38, 42, 44])
(115420, [3, 20])
(115421, [20])
(115422, [20, 36, 41])
(115423, [1, 2, 3, 6, 7, 11, 12, 15, 16, 17, 19, 20, 21, 44])
(115424, [20])
(115425, [0, 1, 3, 4, 6, 9, 11, 15, 19, 20, 21, 23, 30, 42, 43, 44])
(115426, [0, 1, 2, 12, 15, 16, 20])
(115427, [0, 20])
(115428, [20])
(115429, [0, 1, 3, 20])
(115430, [3, 6, 20, 36])
(115431, [20])
(115432, [1, 3, 15, 18, 20, 21, 31])
(115433, [20])
(115434, [1, 3, 9, 11, 12, 20])
(115435, [0, 1, 2, 3, 7, 9, 13, 14, 19, 20, 21, 23, 40, 44])
(115436, [20])
(115437, [3, 15, 20])
(115438, [0, 1, 2, 3, 9, 11, 20, 21])
(115439, [20])
(115440, [12, 20, 44])
(115441, [1, 3, 12, 20, 22])
(115442, [0, 1, 2, 3, 4, 6, 14, 18, 19, 20, 23, 30, 38, 41, 43, 44])
(115443, [20])
(115444, [18])
(115445, [1, 4, 6, 17, 18, 19, 22, 29, 30, 38, 43, 44])
(115446, [18])
(115447, [0, 18])
(115448, [18])
(115449, [18])
(115450, [18])
(115451, [18, 31, 40, 42])
(115452, [18])
(115453, [18])
(115454, [18])
(115455, [18])
(115456, [8, 9, 12, 18, 19])
(115457, [18])
(115458, [3, 16, 18, 23])
(115459, [18])
(115460, [1, 6, 18, 30, 36])
(115461, [0, 1, 3, 7, 11, 12, 17, 18, 21, 23, 26, 27, 31, 41, 42, 44])
(115462, [18])
(115463, [0, 3, 4, 14, 15, 18, 19, 26, 27])
(115464, [18])
(115465, [0, 1, 2, 3, 4, 6, 11, 12, 16, 17, 18, 23, 30, 31, 42, 43, 44])
(115466, [18])
(115467, [3, 4, 6, 9, 15, 18, 22, 26, 43])
(115468, [18])
(115469, [2, 3, 16, 18, 19, 22, 23])
(115470, [18])
(115471, [3, 9, 18])
(115472, [18])
(115473, [18])
(115474, [18, 23])
(115475, [18])
(115476, [6, 8, 9, 18, 23, 31, 44])
(115477, [8, 18])
(115478, [6, 7, 18, 23, 31])
(115479, [3, 6, 15, 18, 43])
(115480, [18])
(115481, [0, 1, 2, 3, 8, 18, 21, 36, 44])
(115482, [18])
(115483, [0, 6, 16, 18])
(115484, [6, 18, 23, 30, 31])
(115485, [18])
(115486, [13, 18, 26, 43])
(115487, [18])
(115488, [0, 3, 7, 18, 19, 21])
(115489, [18])
(115490, [18])
(115491, [1, 2, 3, 4, 6, 9, 12, 14, 15, 18, 19, 23, 24, 26, 30, 31, 41, 43, 44])
(115492, [16, 18])
(115493, [18])
(115494, [18])
(115495, [18])
(115496, [18])
(115497, [18])
(115498, [18, 23])
(115499, [18])
(115500, [18])
(115501, [18])
(115502, [18])
(115503, [18])
(115504, [3, 11, 18, 42])
(115505, [18])
(115506, [18])
(115507, [3, 7, 9, 12, 18, 43])
(115508, [18])
(115509, [18])
(115510, [1, 8, 18, 23])
(115511, [1, 2, 3, 18, 19, 39, 43])
(115512, [18])
(115513, [18])
(115514, [18])
(115515, [18])
(115516, [18])
(115517, [18])
(115518, [18])
(115519, [18])
(115520, [18])
(115521, [18])
(115522, [6, 15, 18])
(115523, [18])
(115524, [0, 2, 18])
(115525, [18])
(115526, [18])
(115527, [18])
(115528, [1, 9, 12, 18, 21, 26, 43])
(115529, [1, 2, 9, 12, 16, 18, 23])
(115530, [0, 3, 8, 9, 12, 18, 19, 21, 23, 30, 44])
(115531, [18, 19, 30, 43, 44])
(115532, [3, 18])
(115533, [18])
(115534, [27])
(115535, [27])
(115536, [3, 12, 13, 27])
(115537, [3, 4, 17, 27, 43])
(115538, [27])
(115539, [27])
(115540, [27])
(115541, [27])
(115542, [27])
(115543, [3, 16, 27])
(115544, [0, 9])
(115545, [9, 19])
(115546, [9, 16])
(115547, [9, 11, 13, 16, 17, 26])
(115548, [9, 14])
(115549, [3, 9, 44])
(115550, [0, 2, 6, 9])
(115551, [1, 2, 9, 16, 21])
(115552, [9])
(115553, [5, 9, 16])
(115554, [5, 9])
(115555, [0, 1, 9, 21])
(115556, [9])
(115557, [9])
(115558, [0, 9, 12])
(115559, [9])
(115560, [9])
(115561, [9])
(115562, [9, 44])
(115563, [9])
(115564, [0, 1, 2, 3, 9, 12, 15, 16])
(115565, [0, 2, 3, 9, 10, 12, 44])
(115566, [9])
(115567, [9])
(115568, [9, 15, 21, 29, 44])
(115569, [9])
(115570, [6, 9])
(115571, [9])
(115572, [2, 6, 9])
(115573, [9, 37])
(115574, [1, 9, 26, 40, 44])
(115575, [9])
(115576, [1, 9])
(115577, [9])
(115578, [9])
(115579, [9])
(115580, [9])
(115581, [9])
(115582, [9])
(115583, [0, 9])
(115584, [9])
(115585, [0, 3, 9, 10, 12])
(115586, [6, 9, 23, 39])
(115587, [1, 3, 7, 9, 11, 15, 16, 21, 24, 26, 43, 44])
(115588, [9])
(115589, [0, 2, 4, 9, 11, 12, 15, 17, 19, 31, 44])
(115590, [9])
(115591, [9])
(115592, [9])
(115593, [9])
(115594, [6, 9, 12, 41])
(115595, [9])
(115596, [3, 9, 16, 31])
(115597, [9])
(115598, [9])
(115599, [9])
(115600, [9])
(115601, [9])
(115602, [0, 5, 8, 12, 16, 23, 38])
(115603, [0])
(115604, [0])
(115605, [0, 2])
(115606, [0])
(115607, [0])
(115608, [0])
(115609, [0])
(115610, [0])
(115611, [0, 1, 2, 3, 10, 11, 12, 13, 15, 16, 19, 24, 25, 26, 28, 40, 41, 44])
(115612, [0])
(115613, [0])
(115614, [0])
(115615, [0])
(115616, [0])
(115617, [0, 1, 26])
(115618, [0])
(115619, [0])
(115620, [0])
(115621, [0])
(115622, [0])
(115623, [0])
(115624, [0, 10])
(115625, [0, 12])
(115626, [0, 1, 2, 3, 12, 17, 21, 26, 36, 44])
(115627, [0])
(115628, [0])
(115629, [0])
(115630, [0])
(115631, [0, 1, 2, 3, 11, 41, 42])
(115632, [0])
(115633, [0])
(115634, [0])
(115635, [0])
(115636, [0])
(115637, [0])
(115638, [0, 3])
(115639, [0, 2, 11, 15, 40, 41])
(115640, [0])
(115641, [0])
(115642, [0])
(115643, [0])
(115644, [0])
(115645, [0])
(115646, [0])
(115647, [0])
(115648, [0])
(115649, [0])
(115650, [0, 12, 15, 24])
(115651, [0])
(115652, [0])
(115653, [0])
(115654, [0])
(115655, [0])
(115656, [0])
(115657, [0, 12])
(115658, [0])
(115659, [0])
(115660, [0])
(115661, [0])
(115662, [0])
(115663, [0])
(115664, [0])
(115665, [0])
(115666, [0])
(115667, [0])
(115668, [0])
(115669, [0])
(115670, [0])
(115671, [0])
(115672, [0, 2])
(115673, [0])
(115674, [0])
(115675, [0, 15, 43])
(115676, [0, 19, 26])
(115677, [0])
(115678, [0])
(115679, [0, 3, 17, 19, 44])
(115680, [0])
(115681, [0, 1, 2, 3, 6, 11, 15, 42])
(115682, [0])
(115683, [0, 3, 12, 15, 23, 31])
(115684, [0, 12])
(115685, [0])
(115686, [0])
(115687, [0])
(115688, [0])
(115689, [0])
(115690, [0])
(115691, [0])
(115692, [0, 12])
(115693, [0])
(115694, [0, 3])
(115695, [0, 12])
(115696, [0, 1])
(115697, [0])
(115698, [0])
(115699, [0])
(115700, [0])
(115701, [0])
(115702, [0])
(115703, [0])
(115704, [0])
(115705, [0])
(115706, [0, 2])
(115707, [0])
(115708, [0])
(115709, [0])
(115710, [0, 12])
(115711, [0])
(115712, [0])
(115713, [0])
(115714, [0])
(115715, [0])
(115716, [0, 4])
(115717, [0, 12])
(115718, [0])
(115719, [0])
(115720, [0, 12])
(115721, [0, 11])
(115722, [0])
(115723, [0])
(115724, [0, 2, 12])
(115725, [0])
(115726, [0])
(115727, [0])
(115728, [0])
(115729, [0])
(115730, [0])
(115731, [0, 22])
(115732, [0])
(115733, [0])
(115734, [0])
(115735, [0])
(115736, [0])
(115737, [0, 1, 12, 31])
(115738, [0])
(115739, [0])
(115740, [0])
(115741, [0])
(115742, [0])
(115743, [0])
(115744, [0])
(115745, [0])
(115746, [0])
(115747, [0])
(115748, [0])
(115749, [0])
(115750, [0])
(115751, [0])
(115752, [0])
(115753, [0, 3, 21])
(115754, [0])
(115755, [0])
(115756, [0, 12])
(115757, [0, 44])
(115758, [0])
(115759, [0])
(115760, [0])
(115761, [0])
(115762, [0])
(115763, [0])
(115764, [0])
(115765, [0, 39])
(115766, [0])
(115767, [0])
(115768, [0, 12, 26])
(115769, [0])
(115770, [0])
(115771, [0, 12])
(115772, [0])
(115773, [0])
(115774, [0])
(115775, [0])
(115776, [0, 7])
(115777, [0])
(115778, [0])
(115779, [0, 15])
(115780, [0, 1, 12])
(115781, [0])
(115782, [0, 3, 8, 10, 23, 29, 31, 41])
(115783, [0])
(115784, [0])
(115785, [0])
(115786, [0])
(115787, [0])
(115788, [0, 17, 40])
(115789, [0, 12])
(115790, [0, 3])
(115791, [0])
(115792, [0])
(115793, [0, 5, 12])
(115794, [0])
(115795, [0])
(115796, [0])
(115797, [0, 3])
(115798, [0])
(115799, [0])
(115800, [0])
(115801, [0])
(115802, [0])
(115803, [0])
(115804, [0])
(115805, [0])
(115806, [0])
(115807, [0])
(115808, [0])
(115809, [0, 3, 5, 12, 16, 40])
(115810, [0])
(115811, [0])
(115812, [0])
(115813, [0])
(115814, [0])
(115815, [0])
(115816, [0])
(115817, [0])
(115818, [0])
(115819, [0])
(115820, [0, 3, 7])
(115821, [0])
(115822, [0, 2, 19])
(115823, [0])
(115824, [0, 12])
(115825, [0])
(115826, [0, 19, 39, 44])
(115827, [0, 2])
(115828, [0])
(115829, [0])
(115830, [0, 29])
(115831, [0])
(115832, [0])
(115833, [0])
(115834, [0])
(115835, [0])
(115836, [0])
(115837, [0])
(115838, [0])
(115839, [0])
(115840, [11, 22])
(115841, [11, 13])
(115842, [11, 15])
(115843, [1, 2, 4, 11, 15, 17])
(115844, [11, 12, 15, 41])
(115845, [11, 19])
(115846, [11])
(115847, [2, 3, 11, 12, 17, 19, 41])
(115848, [11])
(115849, [11, 13, 17, 19])
(115850, [11, 43])
(115851, [11])
(115852, [1, 11, 12, 30])
(115853, [11, 13, 26])
(115854, [11])
(115855, [2, 10, 11, 15, 19, 21, 26, 29, 41])
(115856, [11])
(115857, [11])
(115858, [2, 11, 14, 41])
(115859, [11, 26, 44])
(115860, [3, 11, 15])
(115861, [11])
(115862, [2, 11, 26])
(115863, [11])
(115864, [11])
(115865, [11, 15, 21, 30])
(115866, [11])
(115867, [2, 11])
(115868, [11])
(115869, [3, 7])
(115870, [7])
(115871, [7])
(115872, [7])
(115873, [7])
(115874, [7])
(115875, [7])
(115876, [7])
(115877, [3, 4, 26, 29, 42])
(115878, [5, 16, 29])
(115879, [29])
(115880, [16])
(115881, [2, 3, 6, 12, 15, 16, 23, 26, 28, 30])
(115882, [16])
(115883, [16])
(115884, [16])
(115885, [16])
(115886, [16])
(115887, [16])
(115888, [16])
(115889, [14, 16])
(115890, [2, 12, 16, 31, 41])
(115891, [4, 16])
(115892, [16, 42])
(115893, [16])
(115894, [39, 42, 43, 44])
(115895, [1, 2, 3, 12, 15, 17, 19, 42, 44])
(115896, [3, 23, 42])
(115897, [2, 23, 39, 42])
(115898, [2, 3, 4, 5, 12, 14, 15, 26, 41, 42, 43])
(115899, [6])
(115900, [6, 40])
(115901, [6])
(115902, [6])
(115903, [6])
(115904, [6])
(115905, [6, 43])
(115906, [6, 44])
(115907, [6])
(115908, [6])
(115909, [28])
(115910, [15, 28])
(115911, [28])
(115912, [28])
(115913, [28])
(115914, [28])
(115915, [28])
(115916, [17, 41])
(115917, [17])
(115918, [2, 17, 39])
(115919, [17])
(115920, [17])
(115921, [17])
(115922, [17])
(115923, [1, 3, 17])
(115924, [2, 17, 26])
(115925, [17])
(115926, [17])
(115927, [17, 40])
(115928, [2, 17])
(115929, [17])
(115930, [17])
(115931, [2, 17, 41])
(115932, [17])
(115933, [17])
(115934, [1])
(115935, [1, 3, 19])
(115936, [1, 39])
(115937, [1, 3, 21, 26, 43, 44])
(115938, [1, 3])
(115939, [1])
(115940, [1, 2, 3, 15, 19, 24, 30])
(115941, [1])
(115942, [1])
(115943, [1, 3, 21, 22])
(115944, [1, 3])
(115945, [1, 3, 15])
(115946, [1, 3, 19, 44])
(115947, [1])
(115948, [1])
(115949, [1, 3])
(115950, [1, 3, 23, 30])
(115951, [1, 2])
(115952, [1])
(115953, [1])
(115954, [1, 2, 3])
(115955, [1, 3, 12])
(115956, [1])
(115957, [1])
(115958, [1])
(115959, [1, 41])
(115960, [1, 21, 22])
(115961, [1, 3, 12, 19, 21, 26, 43, 44])
(115962, [1, 19, 41])
(115963, [1, 2, 3, 12, 14, 19, 21, 22])
(115964, [1])
(115965, [1, 4, 19])
(115966, [1])
(115967, [1])
(115968, [1, 3, 41])
(115969, [1])
(115970, [1, 4])
(115971, [1])
(115972, [1])
(115973, [1, 3])
(115974, [10])
(115975, [10])
(115976, [10])
(115977, [10])
(115978, [10])
(115979, [10])
(115980, [10])
(115981, [10, 12])
(115982, [2, 3, 10, 12, 23, 30])
(115983, [10])
(115984, [2, 10, 41])
(115985, [10])
(115986, [10])
(115987, [19])
(115988, [3, 14, 19])
(115989, [19, 22])
(115990, [2, 12, 19, 30])
(115991, [19])
(115992, [19, 22])
(115993, [19])
(115994, [19])
(115995, [19, 44])
(115996, [19])
(115997, [4, 19, 38])
(115998, [12, 19])
(115999, [19, 23, 41, 44])
(116000, [19])
(116001, [19])
(116002, [2, 19])
(116003, [3, 19])
(116004, [19])
(116005, [2, 19])
(116006, [19, 24])
(116007, [19])
(116008, [19, 39])
(116009, [19, 23, 26, 41])
(116010, [19])
(116011, [4, 19])
(116012, [19, 23, 31, 40])
(116013, [3, 19, 23])
(116014, [26])
(116015, [26])
(116016, [26])
(116017, [3, 26])
(116018, [26])
(116019, [26])
(116020, [26])
(116021, [2, 26])
(116022, [2, 13, 15, 23, 26])
(116023, [26])
(116024, [2, 26, 41])
(116025, [2, 3, 21, 26, 30, 41, 43])
(116026, [13, 24, 26, 41])
(116027, [26, 43])
(116028, [26])
(116029, [26])
(116030, [26])
(116031, [8, 23])
(116032, [8])
(116033, [8])
(116034, [4, 8])
(116035, [8, 23])
(116036, [8])
(116037, [8])
(116038, [8])
(116039, [8, 30, 44])
(116040, [8])
(116041, [8])
(116042, [5, 8])
(116043, [8])
(116044, [8])
(116045, [8])
(116046, [21])
(116047, [3, 15, 21])
(116048, [21])
(116049, [21])
(116050, [21])
(116051, [12, 21])
(116052, [21])
(116053, [12, 21])
(116054, [21])
(116055, [21])
(116056, [21])
(116057, [21])
(116058, [21])
(116059, [21])
(116060, [21])
(116061, [3, 21])
(116062, [21])
(116063, [21])
(116064, [21])
(116065, [3, 4, 12, 14, 21])
(116066, [3, 21])
(116067, [21])
(116068, [21])
(116069, [21])
(116070, [21])
(116071, [21])
(116072, [21])
(116073, [21])
(116074, [21])
(116075, [21])
(116076, [3, 21])
(116077, [21, 44])
(116078, [21])
(116079, [21])
(116080, [21])
(116081, [21])
(116082, [21])
(116083, [44])
(116084, [44])
(116085, [2, 41, 43, 44])
(116086, [44])
(116087, [44])
(116088, [44])
(116089, [44])
(116090, [23, 44])
(116091, [2, 44])
(116092, [2, 44])
(116093, [44])
(116094, [44])
(116095, [43])
(116096, [43])
(116097, [43])
(116098, [43])
(116099, [4, 14, 43])
(116100, [43])
(116101, [43])
(116102, [43])
(116103, [43])
(116104, [43])
(116105, [43])
(116106, [43])
(116107, [43])
(116108, [2, 43])
(116109, [43])
(116110, [43])
(116111, [43])
(116112, [43])
(116113, [43])
(116114, [43])
(116115, [43])
(116116, [43])
(116117, [43])
(116118, [23, 43])
(116119, [43])
(116120, [43])
(116121, [43])
(116122, [2, 43])
(116123, [43])
(116124, [43])
(116125, [43])
(116126, [43])
(116127, [43])
(116128, [43])
(116129, [43])
(116130, [38])
(116131, [36])
(116132, [36])
(116133, [36])
(116134, [36])
(116135, [36])
(116136, [36])
(116137, [14, 36])
(116138, [36])
(116139, [36])
(116140, [36])
(116141, [4, 36, 39])
(116142, [2, 36])
(116143, [36])
(116144, [36])
(116145, [36])
(116146, [36])
(116147, [36])
(116148, [36])
(116149, [36])
(116150, [36])
(116151, [36])
(116152, [36])
(116153, [31])
(116154, [31])
(116155, [2, 31])
(116156, [31])
(116157, [12, 31])
(116158, [2, 22, 31])
(116159, [31])
(116160, [31])
(116161, [31])
(116162, [31])
(116163, [31])
(116164, [31])
(116165, [30])
(116166, [30])
(116167, [30])
(116168, [30])
(116169, [30])
(116170, [2, 4, 22, 30])
(116171, [30])
(116172, [4, 24, 30])
(116173, [2, 30])
(116174, [37])
(116175, [37])
(116176, [37])
(116177, [37])
(116178, [37])
(116179, [37])
(116180, [37])
(116181, [37])
(116182, [39])
(116183, [39])
(116184, [39])
(116185, [39])
(116186, [39])
(116187, [39])
(116188, [41])
(116189, [2, 41])
(116190, [41])
(116191, [41])
(116192, [41])
(116193, [2, 3, 23, 41])
(116194, [41])
(116195, [41])
(116196, [41])
(116197, [41])
(116198, [41])
(116199, [23, 41])
(116200, [41])
(116201, [41])
(116202, [41])
(116203, [24])
(116204, [24])
(116205, [24])
(116206, [24])
(116207, [24])
(116208, [24])
(116209, [24])
(116210, [24])
(116211, [4, 23])
(116212, [23])
(116213, [23])
(116214, [23])
(116215, [23])
(116216, [23])
(116217, [23])
(116218, [23])
(116219, [23])
(116220, [23])
(116221, [23])
(116222, [2, 23])
(116223, [23])
(116224, [23])
(116225, [23])
(116226, [23])
(116227, [23])
(116228, [23])
(116229, [23])
(116230, [23])
(116231, [23])
(116232, [23])
(116233, [23])
(116234, [23])
(116235, [23])
(116236, [23])
(116237, [23])
(116238, [23])
(116239, [23])
(116240, [23])
(116241, [23])
(116242, [23])
(116243, [23])
(116244, [23])
(116245, [23])
(116246, [23])
(116247, [23])
(116248, [23])
(116249, [23])
(116250, [23])
(116251, [23])
(116252, [23])
(116253, [23])
(116254, [23])
(116255, [23])
(116256, [15, 23])
(116257, [23])
(116258, [23])
(116259, [23])
(116260, [23])
(116261, [23])
(116262, [2, 23])
(116263, [23])
(116264, [23])
(116265, [4])
(116266, [4])
(116267, [4, 15])
(116268, [4])
(116269, [4])
(116270, [4])
(116271, [4])
(116272, [4])
(116273, [4, 14])
(116274, [4])
(116275, [4])
(116276, [4])
(116277, [4])
(116278, [4])
(116279, [4])
(116280, [4])
(116281, [4])
(116282, [4])
(116283, [4])
(116284, [4])
(116285, [4])
(116286, [4])
(116287, [4])
(116288, [15])
(116289, [15])
(116290, [15])
(116291, [15])
(116292, [15])
(116293, [15])
(116294, [15])
(116295, [15])
(116296, [15])
(116297, [15, 40])
(116298, [15, 22])
(116299, [15])
(116300, [15])
(116301, [15])
(116302, [3])
(116303, [3])
(116304, [3])
(116305, [3])
(116306, [3])
(116307, [3])
(116308, [3])
(116309, [3])
(116310, [3])
(116311, [3])
(116312, [3])
(116313, [3])
(116314, [3])
(116315, [3, 12])
(116316, [3])
(116317, [3])
(116318, [2, 3])
(116319, [3])
(116320, [3])
(116321, [3])
(116322, [3])
(116323, [3])
(116324, [3])
(116325, [3])
(116326, [3])
(116327, [3])
(116328, [3])
(116329, [12])
(116330, [12])
(116331, [12])
(116332, [12])
(116333, [12])
(116334, [12])
(116335, [12])
(116336, [12])
(116337, [12])
(116338, [12])
(116339, [12])
(116340, [12])
(116341, [12])
(116342, [12])
(116343, [12])
(116344, [12])
(116345, [12])
(116346, [12])
(116347, [12])
(116348, [12])
(116349, [12])
(116350, [12])
(116351, [12])
(116352, [12])
(116353, [12])
(116354, [12])
(116355, [12])
(116356, [12])
(116357, [12])
(116358, [12])
(116359, [12])
(116360, [12])
(116361, [12])
(116362, [12])
(116363, [12])
(116364, [12])
(116365, [12])
(116366, [12])
(116367, [12])
(116368, [12])
(116369, [12])
(116370, [12])
(116371, [12])
(116372, [12])
(116373, [12])
(116374, [12])
(116375, [12])
(116376, [12])
(116377, [12])
(116378, [12])
(116379, [12])
(116380, [12])
(116381, [12])
(116382, [12])
(116383, [12])
(116384, [12])
(116385, [12])
(116386, [12])
(116387, [12])
(116388, [12])
(116389, [12])
(116390, [12])
(116391, [12])
(116392, [12])
(116393, [12])
(116394, [12])
(116395, [12])
(116396, [12])
(116397, [12])
(116398, [12])
(116399, [12])
(116400, [12])
(116401, [12])
(116402, [12])
(116403, [12])
(116404, [12])
(116405, [12])
(116406, [12])
(116407, [12])
(116408, [40])
(116409, [2])
(116410, [2])
(116411, [2])
(116412, [2])
(116413, [2])
(116414, [2])
(116415, [2])
(116416, [2])
(116417, [2])
(116418, [2])
(116419, [2])
(116420, [2])
(116421, [2])
(116422, [2])
(116423, [2])
(116424, [2])
(116425, [2])
(116426, [2])
(116427, [2])
(116428, [2])
(116429, [2])
(116430, [2])
(116431, [2])
(116432, [2])
(116433, [2])
(116434, [2])
(116435, [2])
(116436, [2])
(116437, [2])
(116438, [2])
(116439, [2])
(116440, [2])
(116441, [2])
(116442, [2])
(116443, [2])
(116444, [2])
(116445, [2])
(116446, [2])
(116447, [2])
(116448, [2])
(116449, [2])
(116450, [2])
(116451, [2])
(116452, [2])
(116453, [2])
(116454, [2])
(116455, [2])
(116456, [2])
(116457, [2])
(116458, [2])
(116459, [2])
(116460, [2])
(116461, [2])
(116462, [2])
(116463, [2])
(116464, [2])
(116465, [2])
(116466, [2])
(116467, [2])
(116468, [2])
(116469, [2])
(116470, [2])
(116471, [2])
(116472, [2])
(116473, [2])
(116474, [2])
(116475, [2])
(116476, [2])
(116477, [2])
(116478, [2])
(116479, [2])
(116480, [2])
(116481, [2])
(116482, [2])
(116483, [2])
(116484, [13])
(116485, [13])
(116486, [13])
(116487, [13])
(116488, [13])
(116489, [5])
(116490, [5])
(116491, [5])
(116492, [5])
(116493, [5])
(116494, [5])
(116495, [5])
(116496, [5])
(116497, [5])
(116498, [14])
(116499, [14])
(116500, [14])
(116501, [14])
(116502, [14])
(116503, [14])
(116504, [14])
(116505, [14])
(116506, [14])
(116507, [14])
(116508, [14])
(116509, [14])
(116510, [14])
(116511, [14])
(116512, [14])
(116513, [14])
(116514, [14])
(116515, [14])
(116516, [14])
(116517, [14])
(116518, [14])
(116519, [22])
(116520, [22])
(116521, [22])
(116522, [22])
(116523, [22])
(116524, [22])
(116525, [25])
