(31610, [17, 32])
(31611, [3, 4, 17, 18, 19, 22, 32, 39])
(31612, [17, 22, 32])
(31613, [2, 5, 8, 12, 17, 23, 30, 31, 32, 35])
(31614, [32])
(31615, [0, 1, 2, 3, 4, 5, 6, 7, 8, 9, 10, 11, 12, 13, 14, 15, 16, 17, 18, 19, 20, 21, 22, 23, 24, 25, 26, 27, 28, 29, 30, 31, 32, 33, 34, 35, 36, 37, 38, 39, 40, 41, 42, 43, 44])
(31616, [0, 1, 2, 3, 4, 5, 6, 7, 8, 9, 10, 11, 12, 13, 14, 15, 16, 17, 18, 19, 20, 21, 22, 23, 24, 25, 26, 27, 28, 29, 30, 31, 32, 33, 34, 35, 36, 37, 38, 39, 40, 41, 42, 43, 44])
(31617, [0, 1, 2, 3, 4, 5, 6, 7, 8, 9, 10, 11, 12, 13, 14, 15, 16, 17, 18, 19, 20, 21, 22, 23, 24, 25, 26, 27, 28, 29, 30, 31, 32, 33, 34, 35, 36, 37, 38, 39, 40, 41, 42, 43, 44])
(31618, [2, 8, 30, 32])
(31619, [1, 3, 4, 16, 19, 21, 22, 32])
(31620, [0, 1, 2, 3, 4, 5, 6, 7, 8, 9, 10, 11, 12, 14, 15, 16, 17, 18, 19, 20, 21, 22, 23, 24, 26, 28, 30, 31, 32, 33, 34, 35, 39, 40, 42, 43, 44])
(31621, [0, 1, 2, 3, 4, 5, 6, 7, 8, 9, 10, 11, 12, 13, 14, 15, 16, 17, 18, 19, 20, 21, 22, 23, 24, 26, 27, 28, 29, 30, 31, 32, 33, 34, 35, 36, 37, 38, 39, 40, 41, 42, 43, 44])
(31622, [0, 1, 2, 3, 4, 5, 6, 7, 8, 9, 10, 11, 12, 13, 14, 15, 16, 17, 18, 19, 20, 21, 22, 23, 24, 26, 27, 28, 30, 31, 32, 33, 34, 35, 36, 37, 38, 39, 40, 41, 42, 43, 44])
(31623, [0, 1, 2, 3, 4, 6, 7, 8, 11, 12, 14, 15, 16, 17, 18, 19, 21, 22, 23, 24, 30, 32, 33, 34, 35, 37, 40, 43, 44])
(31624, [0, 1, 2, 3, 4, 6, 7, 9, 11, 12, 13, 14, 15, 16, 17, 18, 19, 20, 24, 26, 27, 28, 30, 31, 32, 33, 34, 36, 37, 39, 40, 41, 42, 43, 44])
(31625, [0, 1, 2, 3, 4, 6, 7, 9, 10, 13, 14, 15, 17, 18, 20, 22, 23, 24, 26, 27, 30, 31, 32, 33, 34, 39, 41, 43])
(31626, [0, 1, 2, 3, 4, 6, 8, 9, 12, 13, 14, 15, 17, 18, 19, 20, 21, 24, 26, 28, 30, 31, 32, 33, 34, 36, 41, 43, 44])
(31627, [0, 1, 2, 3, 4, 5, 6, 7, 8, 9, 10, 11, 12, 15, 16, 18, 19, 20, 21, 23, 24, 26, 27, 28, 31, 32, 33, 34, 40, 41, 42, 43, 44])
(31628, [0, 1, 2, 3, 4, 6, 7, 8, 9, 11, 12, 14, 15, 16, 17, 18, 19, 20, 21, 22, 23, 24, 26, 30, 31, 32, 33, 34, 35, 36, 38, 39, 40, 41, 43, 44])
(31629, [0, 1, 2, 3, 4, 5, 6, 7, 8, 9, 10, 11, 12, 13, 14, 15, 16, 17, 18, 19, 20, 21, 22, 23, 24, 25, 26, 27, 28, 29, 30, 31, 32, 33, 34, 35, 36, 37, 38, 39, 40, 41, 42, 43, 44])
(31630, [1, 2, 3, 4, 6, 7, 8, 9, 11, 12, 15, 17, 18, 19, 20, 21, 22, 23, 24, 26, 30, 31, 32, 33, 34, 35, 38, 39, 41, 43, 44])
(31631, [0, 4, 9, 14, 19, 20, 24, 31, 32, 43])
(31632, [0, 2, 3, 4, 5, 6, 7, 8, 11, 12, 13, 14, 15, 17, 18, 19, 20, 21, 22, 24, 26, 27, 30, 31, 32, 33, 34, 35, 39, 40, 41, 42, 43, 44])
(31633, [0, 1, 2, 3, 4, 7, 9, 11, 12, 15, 16, 17, 18, 19, 21, 22, 23, 26, 29, 32, 33, 35, 37, 38, 39, 42, 43, 44])
(31634, [0, 1, 2, 3, 4, 6, 7, 9, 11, 12, 13, 14, 15, 16, 17, 18, 19, 21, 23, 24, 25, 26, 30, 32, 33, 40, 41, 43, 44])
(31635, [0, 1, 2, 3, 4, 6, 7, 9, 10, 11, 12, 15, 16, 19, 20, 24, 26, 32, 33, 39, 41, 42, 43, 44])
(31636, [2, 3, 7, 9, 12, 13, 17, 24, 26, 31, 32, 40, 43])
(31637, [1, 2, 3, 6, 11, 12, 14, 15, 18, 19, 20, 21, 24, 25, 31, 32, 33, 34, 41, 42])
(31638, [0, 1, 2, 3, 6, 7, 8, 9, 10, 11, 12, 14, 15, 16, 17, 18, 19, 20, 21, 23, 26, 28, 30, 31, 32, 33, 35, 38, 40, 41, 42, 43, 44])
(31639, [0, 1, 2, 3, 4, 6, 7, 8, 9, 11, 12, 13, 15, 16, 17, 18, 19, 20, 21, 22, 23, 24, 25, 26, 29, 30, 31, 32, 33, 34, 37, 38, 39, 40, 41, 42, 43, 44])
(31640, [1, 12, 32])
(31641, [0, 1, 2, 3, 4, 6, 7, 8, 9, 11, 12, 15, 16, 18, 20, 21, 22, 25, 26, 27, 28, 30, 31, 32, 33, 34, 35, 38, 39, 40, 42, 43, 44])
(31642, [1, 2, 3, 15, 22, 32, 44])
(31643, [3, 10, 32])
(31644, [0, 1, 2, 3, 4, 6, 7, 9, 11, 12, 13, 15, 16, 17, 18, 19, 20, 23, 24, 26, 27, 30, 31, 32, 34, 36, 41, 44])
(31645, [0, 1, 2, 4, 9, 16, 18, 23, 26, 32, 40, 43])
(31646, [1, 2, 3, 4, 5, 6, 7, 9, 11, 12, 13, 14, 15, 17, 18, 19, 21, 22, 23, 24, 28, 29, 30, 31, 32, 33, 34, 35, 38, 41, 43, 44])
(31647, [2, 4, 6, 12, 14, 15, 18, 32, 33])
(31648, [0, 1, 2, 3, 4, 5, 6, 8, 9, 11, 12, 14, 15, 16, 17, 18, 19, 20, 21, 22, 23, 24, 26, 27, 28, 29, 32, 33, 36, 37, 40, 42, 43, 44])
(31649, [0, 2, 17, 32])
(31650, [1, 2, 3, 9, 12, 15, 16, 19, 23, 32, 43])
(31651, [0, 1, 3, 6, 8, 9, 11, 12, 13, 15, 17, 18, 19, 20, 23, 26, 31, 32, 33, 35, 37, 41, 43, 44])
(31652, [4, 6, 14, 17, 19, 24, 32])
(31653, [2, 4, 9, 32])
(31654, [1, 9, 16, 18, 19, 30, 32, 41])
(31655, [1, 3, 9, 13, 24, 30, 31, 32, 43])
(31656, [1, 3, 4, 6, 9, 11, 12, 13, 15, 19, 21, 22, 26, 27, 30, 31, 32, 33, 34, 41, 44])
(31657, [0, 1, 3, 4, 6, 7, 8, 11, 12, 14, 18, 19, 23, 24, 25, 26, 30, 31, 32, 33, 37, 41, 42, 43, 44])
(31658, [1, 4, 5, 8, 12, 14, 15, 16, 17, 18, 19, 21, 22, 23, 27, 30, 31, 32, 43])
(31659, [1, 2, 3, 11, 18, 19, 22, 32, 33, 34, 38, 40, 43])
(31660, [2, 3, 6, 7, 15, 18, 20, 21, 32, 40, 44])
(31661, [8, 9, 11, 15, 19, 21, 31, 32, 34, 41, 43])
(31662, [0, 2, 4, 6, 9, 12, 26, 32, 35, 36, 43, 44])
(31663, [15, 32])
(31664, [12, 16, 18, 23, 32, 35])
(31665, [3, 4, 7, 12, 15, 16, 19, 20, 21, 23, 24, 27, 31, 32, 34, 36, 37, 41, 43])
(31666, [0, 1, 2, 3, 7, 9, 11, 13, 15, 17, 18, 19, 21, 26, 30, 31, 32, 33, 43, 44])
(31667, [18, 32])
(31668, [0, 1, 2, 3, 4, 9, 11, 12, 15, 16, 17, 19, 20, 21, 27, 28, 30, 31, 32, 33, 34, 36, 40, 41, 43, 44])
(31669, [32])
(31670, [1, 2, 3, 4, 5, 6, 7, 8, 9, 11, 12, 15, 16, 17, 18, 19, 22, 23, 24, 26, 30, 31, 32, 34, 39, 40, 43, 44])
(31671, [1, 3, 7, 9, 11, 12, 15, 16, 19, 21, 22, 23, 24, 25, 26, 31, 32, 33, 35, 40, 41, 42, 43, 44])
(31672, [1, 2, 3, 6, 7, 9, 10, 11, 12, 14, 15, 16, 17, 18, 19, 20, 21, 22, 23, 24, 26, 30, 31, 32, 34, 37, 38, 41, 42, 43, 44])
(31673, [0, 1, 2, 3, 4, 5, 7, 11, 12, 16, 19, 20, 21, 22, 23, 29, 30, 31, 32, 33, 35, 44])
(31674, [32])
(31675, [0, 1, 11, 13, 15, 24, 26, 29, 30, 31, 32, 33, 41, 42, 43, 44])
(31676, [0, 18, 32])
(31677, [3, 10, 17, 20, 24, 26, 30, 31, 32, 33, 34])
(31678, [2, 7, 12, 19, 31, 32])
(31679, [32])
(31680, [32])
(31681, [1, 2, 9, 11, 21, 22, 23, 24, 30, 31, 32, 34, 35, 43])
(31682, [0, 1, 2, 3, 4, 6, 7, 9, 11, 12, 13, 14, 15, 16, 17, 18, 19, 20, 21, 22, 23, 24, 26, 30, 31, 32, 33, 36, 38, 39, 40, 41, 42, 43, 44])
(31683, [3, 9, 19, 32])
(31684, [1, 3, 15, 16, 17, 19, 21, 23, 26, 32, 39, 44])
(31685, [32])
(31686, [2, 7, 17, 31, 32, 40, 41])
(31687, [15, 19, 26, 31, 32])
(31688, [32])
(31689, [1, 3, 4, 6, 11, 12, 14, 15, 16, 18, 19, 20, 23, 24, 30, 31, 32, 33, 34, 40, 41, 43])
(31690, [1, 2, 3, 4, 6, 7, 11, 12, 14, 15, 17, 18, 19, 30, 32, 33, 34, 36, 39, 40, 43, 44])
(31691, [15, 26, 32, 41])
(31692, [31, 32, 33])
(31693, [4, 23, 32, 39])
(31694, [32])
(31695, [0, 1, 2, 3, 4, 5, 6, 7, 8, 9, 10, 11, 12, 13, 14, 16, 18, 19, 20, 21, 22, 23, 24, 25, 26, 27, 28, 29, 30, 31, 33, 34, 35, 36, 37, 38, 39, 40, 41, 42, 43, 44])
(31696, [35])
(31697, [21, 35])
(31698, [1, 3, 11, 12, 21, 23, 33, 35])
(31699, [21, 35])
(31700, [35])
(31701, [18, 23, 35])
(31702, [35])
(31703, [1, 2, 3, 4, 6, 8, 9, 10, 11, 12, 13, 14, 15, 16, 18, 19, 20, 21, 22, 23, 24, 28, 34, 35, 36, 39, 40, 42, 43, 44])
(31704, [0, 1, 2, 3, 8, 12, 14, 16, 17, 21, 35, 42, 43])
(31705, [3, 35])
(31706, [35])
(31707, [35])
(31708, [2, 3, 15, 31, 35])
(31709, [0, 2, 3, 4, 5, 8, 9, 10, 11, 16, 17, 19, 20, 35, 43, 44])
(31710, [1, 2, 8, 12, 16, 18, 23, 35, 43])
(31711, [35])
(31712, [0, 1, 2, 3, 4, 5, 6, 8, 9, 11, 12, 15, 17, 18, 19, 21, 22, 24, 26, 28, 30, 31, 33, 34, 35, 37, 39, 40, 41, 43, 44])
(31713, [35])
(31714, [2, 4, 6, 8, 9, 11, 12, 13, 14, 15, 16, 17, 19, 21, 24, 25, 26, 30, 33, 35, 40, 43, 44])
(31715, [35])
(31716, [35])
(31717, [35])
(31718, [3, 27, 35, 41, 43])
(31719, [8, 12, 15, 18, 23, 27, 35, 43])
(31720, [23, 35])
(31721, [1, 2, 3, 15, 18, 35])
(31722, [35])
(31723, [1, 2, 18, 19, 22, 35])
(31724, [0, 1, 2, 3, 6, 12, 15, 23, 24, 27, 35, 41, 43])
(31725, [1, 9, 11, 14, 23, 24, 26, 30, 31, 35, 36, 40, 43])
(31726, [35])
(31727, [35])
(31728, [1, 6, 9, 11, 17, 20, 35, 39, 40])
(31729, [0, 4, 9, 35])
(31730, [2, 3, 7, 19, 22, 28, 34, 35, 41, 43])
(31731, [3, 6, 16, 18, 19, 35])
(31732, [0, 1, 3, 8, 21, 23, 35, 42])
(31733, [0, 1, 12, 14, 15, 21, 24, 26, 30, 31, 34])
(31734, [1, 3, 30, 34])
(31735, [4, 19, 33, 34, 36])
(31736, [0, 1, 2, 3, 4, 6, 7, 9, 10, 11, 12, 13, 15, 16, 17, 18, 19, 21, 23, 28, 30, 31, 33, 34, 39, 43, 44])
(31737, [5, 23, 31, 34])
(31738, [34])
(31739, [3, 6, 9, 12, 17, 18, 19, 24, 31, 34, 41, 43])
(31740, [1, 2, 3, 4, 6, 7, 12, 19, 21, 22, 26, 30, 31, 33, 34, 40, 41])
(31741, [0, 1, 2, 3, 4, 6, 7, 8, 9, 10, 11, 12, 13, 14, 15, 16, 17, 19, 20, 21, 23, 29, 31, 33, 34, 36, 41, 44])
(31742, [4, 18, 30, 31, 33, 34, 40])
(31743, [6, 26, 34])
(31744, [1, 3, 9, 12, 15, 17, 25, 30, 33, 34])
(31745, [1, 3, 4, 8, 9, 11, 18, 19, 21, 22, 30, 31, 33, 34, 39, 44])
(31746, [34])
(31747, [34])
(31748, [0, 1, 2, 3, 6, 9, 11, 12, 13, 14, 15, 16, 17, 18, 19, 20, 23, 26, 31, 33, 34, 38, 40, 41, 43, 44])
(31749, [34])
(31750, [0, 23, 34, 43])
(31751, [34])
(31752, [34])
(31753, [34])
(31754, [34])
(31755, [34])
(31756, [0, 4, 11, 12, 19, 34, 36, 40])
(31757, [34])
(31758, [15, 23, 34])
(31759, [1, 15, 34])
(31760, [33, 34])
(31761, [13, 34])
(31762, [2, 12, 31, 34])
(31763, [0, 1, 2, 3, 5, 7, 10, 11, 12, 16, 21, 26, 34, 43, 44])
(31764, [26, 34])
(31765, [34])
(31766, [0, 1, 2, 3, 6, 12, 15, 19, 22, 23, 30, 31, 34, 40])
(31767, [34])
(31768, [1, 3, 30, 34, 36])
(31769, [3, 15, 21, 26, 34])
(31770, [9, 18, 30, 33, 34])
(31771, [15, 34])
(31772, [34])
(31773, [3, 16, 34])
(31774, [0, 1, 2, 3, 6, 9, 12, 14, 15, 18, 19, 22, 23, 26, 31, 34, 41, 43])
(31775, [3, 6, 19, 34, 41, 43, 44])
(31776, [0, 1, 2, 3, 10, 11, 12, 14, 16, 17, 18, 20, 21, 24, 34, 41, 43])
(31777, [0, 1, 2, 3, 4, 6, 7, 9, 11, 12, 14, 15, 16, 19, 20, 21, 22, 23, 26, 27, 34, 38, 41, 42, 44])
(31778, [0, 1, 3, 8, 9, 11, 21, 34, 38])
(31779, [34])
(31780, [26, 34])
(31781, [1, 3, 9, 11, 19, 21, 23, 33, 34, 38, 43])
(31782, [0, 6, 11, 12, 24, 31, 34])
(31783, [0, 3, 19, 34])
(31784, [0, 1, 2, 3, 4, 6, 7, 12, 15, 16, 19, 23, 26, 31, 34, 42, 43, 44])
(31785, [4, 28, 30, 34])
(31786, [34])
(31787, [0, 2, 3, 11, 12, 34])
(31788, [34])
(31789, [0, 2, 4, 12, 14, 15, 16, 23, 24, 27, 28, 34, 39])
(31790, [0, 34])
(31791, [0, 12, 34])
(31792, [3, 34])
(31793, [34])
(31794, [2, 3, 9, 24, 34, 41])
(31795, [34])
(31796, [0, 1, 2, 8, 12, 15, 20, 24, 30, 34])
(31797, [2, 6, 9, 23, 26, 33, 34, 41])
(31798, [34])
(31799, [2, 3, 9, 15, 16, 19, 21, 33, 43])
(31800, [33])
(31801, [1, 13, 19, 30, 33])
(31802, [33])
(31803, [33])
(31804, [33])
(31805, [33])
(31806, [2, 18, 19, 20, 23, 31, 33, 44])
(31807, [33])
(31808, [33])
(31809, [2, 12, 33])
(31810, [33])
(31811, [0, 1, 2, 3, 4, 7, 24, 26, 30, 33, 41, 44])
(31812, [0, 18, 26, 31, 33, 43])
(31813, [1, 3, 8, 23, 28, 33])
(31814, [22, 33])
(31815, [33])
(31816, [2, 16, 17, 33])
(31817, [1, 2, 9, 15, 17, 19, 24, 28, 33, 44])
(31818, [33])
(31819, [33])
(31820, [3, 6, 8, 9, 15, 23, 30, 31, 33, 40])
(31821, [0, 2, 3, 8, 9, 19, 30, 33, 41, 44])
(31822, [6, 19, 33, 44])
(31823, [33])
(31824, [33])
(31825, [33])
(31826, [1, 33])
(31827, [33])
(31828, [1, 2, 3, 9, 19, 24, 25, 26, 33, 43, 44])
(31829, [0, 2, 3, 11, 12, 15, 20, 33, 39])
(31830, [2, 4, 33, 39])
(31831, [6, 33])
(31832, [0, 1, 6, 12, 31, 33, 44])
(31833, [0, 3, 11, 16, 33])
(31834, [0, 1, 3, 18, 19, 21, 22, 23, 24, 30, 31, 33, 38, 40, 41, 43])
(31835, [2, 9, 26, 33, 39])
(31836, [33])
(31837, [33])
(31838, [33])
(31839, [3, 20])
(31840, [0, 1, 2, 3, 6, 7, 8, 9, 11, 12, 15, 16, 18, 20, 21, 23, 42, 43, 44])
(31841, [1, 12, 20])
(31842, [0, 1, 6, 7, 8, 9, 13, 15, 17, 19, 20, 24, 43])
(31843, [0, 2, 3, 4, 9, 12, 14, 15, 17, 18, 20, 28, 37, 43])
(31844, [6, 18, 20, 26])
(31845, [9, 20, 36])
(31846, [9, 20])
(31847, [20])
(31848, [0, 20])
(31849, [2, 14, 18, 19, 20, 31, 36, 40])
(31850, [20])
(31851, [20])
(31852, [0, 3, 20, 26, 44])
(31853, [0, 20, 23])
(31854, [3, 20])
(31855, [0, 20, 31])
(31856, [3, 20])
(31857, [20])
(31858, [0, 3, 20])
(31859, [11, 12, 18, 20, 36])
(31860, [18, 20, 26, 41])
(31861, [20])
(31862, [20])
(31863, [0, 20])
(31864, [20])
(31865, [20, 37])
(31866, [1, 3, 5, 20, 26, 42])
(31867, [3, 20])
(31868, [20, 36])
(31869, [0, 1, 2, 3, 4, 13, 17, 20, 27, 30, 31, 36, 44])
(31870, [1, 3, 16, 18, 21, 23, 44])
(31871, [18])
(31872, [18])
(31873, [18])
(31874, [18])
(31875, [18])
(31876, [18])
(31877, [3, 18, 23])
(31878, [18])
(31879, [18])
(31880, [18, 21])
(31881, [0, 15, 18, 26, 41])
(31882, [4, 9, 18, 23])
(31883, [2, 6, 8, 15, 18, 44])
(31884, [18])
(31885, [0, 2, 18])
(31886, [0, 2, 7, 12, 14, 18, 23, 26, 36, 43])
(31887, [8, 9, 16, 18, 19, 30, 31])
(31888, [18])
(31889, [0, 2, 4, 6, 8, 11, 13, 15, 18, 19, 23, 24, 26, 27, 30, 41])
(31890, [18])
(31891, [1, 3, 12, 18, 21, 26])
(31892, [18])
(31893, [18])
(31894, [18])
(31895, [18])
(31896, [18])
(31897, [3, 18, 19, 21, 42])
(31898, [2, 18])
(31899, [18])
(31900, [2, 18])
(31901, [18])
(31902, [1, 2, 3, 7, 18, 19, 21, 22, 29])
(31903, [6, 18, 23, 24, 43])
(31904, [18])
(31905, [18])
(31906, [1, 2, 13, 15, 18, 19])
(31907, [18])
(31908, [18])
(31909, [18, 23])
(31910, [18])
(31911, [18])
(31912, [18])
(31913, [18])
(31914, [0, 18])
(31915, [18])
(31916, [18])
(31917, [2, 4, 6, 9, 15, 17, 18, 24, 26, 28, 41, 43])
(31918, [2, 3, 18, 19, 26, 43])
(31919, [18, 23, 43])
(31920, [0, 3, 7, 8, 9, 15, 18, 19, 30, 40, 43])
(31921, [2, 18, 41])
(31922, [18])
(31923, [18])
(31924, [18])
(31925, [18])
(31926, [18])
(31927, [18])
(31928, [18])
(31929, [18, 26])
(31930, [18])
(31931, [15, 18])
(31932, [8, 9, 18, 19, 26, 29, 43])
(31933, [18])
(31934, [8, 18, 41])
(31935, [18, 19])
(31936, [1, 3, 4, 17, 18, 19, 44])
(31937, [18, 30])
(31938, [18])
(31939, [18])
(31940, [18])
(31941, [18])
(31942, [18])
(31943, [6, 14, 23, 27, 36, 43])
(31944, [27])
(31945, [27])
(31946, [27])
(31947, [27])
(31948, [9])
(31949, [0, 2, 9, 15, 26])
(31950, [9, 22])
(31951, [1, 2, 3, 4, 8, 9, 11, 12, 15, 26, 30, 36, 37, 40])
(31952, [0, 2, 9, 30])
(31953, [9, 16])
(31954, [9])
(31955, [9, 12, 31, 41, 43])
(31956, [9])
(31957, [9, 22, 30])
(31958, [9, 17, 22])
(31959, [9])
(31960, [9])
(31961, [2, 9, 41])
(31962, [0, 2, 3, 9, 11, 17, 19, 23, 24, 26, 41, 43])
(31963, [9])
(31964, [1, 9])
(31965, [1, 9])
(31966, [9])
(31967, [0, 2, 7, 9, 11, 12, 19])
(31968, [9, 15, 43])
(31969, [9, 15, 22])
(31970, [9])
(31971, [9, 17, 19])
(31972, [2, 3, 7, 9, 11, 13, 15, 17, 19, 24, 26, 40, 43, 44])
(31973, [9])
(31974, [9])
(31975, [1, 9, 17, 19])
(31976, [2, 3, 9, 11, 23, 26, 28, 31])
(31977, [3, 9, 17, 21, 23, 43])
(31978, [0, 2, 9, 11, 17])
(31979, [0, 9, 16, 19, 41])
(31980, [9])
(31981, [9])
(31982, [9])
(31983, [9])
(31984, [2, 9, 12])
(31985, [9])
(31986, [0, 2, 9, 28, 36, 40, 42])
(31987, [9])
(31988, [2, 3, 9, 11, 12, 42])
(31989, [1, 9, 28])
(31990, [9])
(31991, [2, 9, 11, 12, 15, 19, 39, 40, 43])
(31992, [3, 9])
(31993, [3, 9])
(31994, [6, 8, 9, 15, 43])
(31995, [0, 9, 12])
(31996, [9])
(31997, [9])
(31998, [9])
(31999, [9])
(32000, [0, 2, 9, 12])
(32001, [9])
(32002, [9])
(32003, [4, 9])
(32004, [9])
(32005, [9])
(32006, [9])
(32007, [9])
(32008, [0, 2, 9, 11, 12, 28, 44])
(32009, [9])
(32010, [0, 1, 3, 9, 38, 41])
(32011, [9])
(32012, [9, 21])
(32013, [0, 2, 6, 9, 12, 36])
(32014, [0, 9, 12, 24, 36, 43, 44])
(32015, [9])
(32016, [9])
(32017, [0])
(32018, [0])
(32019, [0, 21])
(32020, [0])
(32021, [0])
(32022, [0, 3])
(32023, [0])
(32024, [0])
(32025, [0])
(32026, [0])
(32027, [0])
(32028, [0])
(32029, [0, 8])
(32030, [0])
(32031, [0, 12])
(32032, [0])
(32033, [0])
(32034, [0])
(32035, [0, 1, 28])
(32036, [0])
(32037, [0])
(32038, [0])
(32039, [0])
(32040, [0, 12])
(32041, [0, 12])
(32042, [0, 1, 2, 3, 4, 6, 8, 11, 12, 16])
(32043, [0])
(32044, [0])
(32045, [0])
(32046, [0])
(32047, [0])
(32048, [0])
(32049, [0])
(32050, [0])
(32051, [0])
(32052, [0])
(32053, [0])
(32054, [0])
(32055, [0])
(32056, [0, 2])
(32057, [0])
(32058, [0])
(32059, [0])
(32060, [0])
(32061, [0])
(32062, [0])
(32063, [0])
(32064, [0])
(32065, [0])
(32066, [0])
(32067, [0, 1])
(32068, [0])
(32069, [0])
(32070, [0, 10, 12])
(32071, [0])
(32072, [0, 2])
(32073, [0])
(32074, [0])
(32075, [0, 11, 12, 16])
(32076, [0])
(32077, [0])
(32078, [0])
(32079, [0])
(32080, [0])
(32081, [0])
(32082, [0])
(32083, [0])
(32084, [0])
(32085, [0, 1, 3, 4, 19, 23, 36, 40, 43])
(32086, [0])
(32087, [0])
(32088, [0])
(32089, [0])
(32090, [0])
(32091, [0])
(32092, [0])
(32093, [0])
(32094, [0])
(32095, [0, 23])
(32096, [0])
(32097, [0])
(32098, [0])
(32099, [0])
(32100, [0])
(32101, [0])
(32102, [0])
(32103, [0])
(32104, [0])
(32105, [0])
(32106, [0])
(32107, [0])
(32108, [0])
(32109, [0])
(32110, [0])
(32111, [0])
(32112, [0])
(32113, [0])
(32114, [0, 2, 11])
(32115, [0])
(32116, [0])
(32117, [0])
(32118, [0])
(32119, [0])
(32120, [0])
(32121, [0])
(32122, [0, 17, 44])
(32123, [0])
(32124, [0])
(32125, [0])
(32126, [0])
(32127, [0])
(32128, [0, 12])
(32129, [0, 8])
(32130, [0])
(32131, [0, 1, 12])
(32132, [0])
(32133, [0])
(32134, [0])
(32135, [0])
(32136, [0])
(32137, [0, 2, 11, 30, 40, 44])
(32138, [0])
(32139, [0])
(32140, [0, 22, 36])
(32141, [0])
(32142, [0])
(32143, [0])
(32144, [0, 12, 44])
(32145, [0])
(32146, [0])
(32147, [0])
(32148, [0])
(32149, [0, 5])
(32150, [0, 12])
(32151, [0, 1, 3, 8])
(32152, [0])
(32153, [0])
(32154, [0])
(32155, [0])
(32156, [0, 12])
(32157, [0])
(32158, [0, 2, 15, 41])
(32159, [0])
(32160, [0])
(32161, [0])
(32162, [0, 1, 11, 23])
(32163, [0])
(32164, [0, 3, 42])
(32165, [0])
(32166, [0])
(32167, [0])
(32168, [0])
(32169, [0])
(32170, [0])
(32171, [0])
(32172, [0])
(32173, [0])
(32174, [0])
(32175, [0])
(32176, [0])
(32177, [0])
(32178, [0])
(32179, [0])
(32180, [0, 1, 3, 12, 16, 21, 38])
(32181, [0])
(32182, [0])
(32183, [0])
(32184, [0])
(32185, [0, 19])
(32186, [0])
(32187, [0, 12])
(32188, [0])
(32189, [0, 12])
(32190, [0])
(32191, [0, 12])
(32192, [0])
(32193, [0])
(32194, [0])
(32195, [0])
(32196, [0])
(32197, [0, 23])
(32198, [0])
(32199, [0])
(32200, [0])
(32201, [0])
(32202, [0, 3])
(32203, [0])
(32204, [0])
(32205, [0])
(32206, [0])
(32207, [0])
(32208, [0])
(32209, [0])
(32210, [0])
(32211, [0])
(32212, [0])
(32213, [0])
(32214, [0])
(32215, [0, 4, 17, 36])
(32216, [0])
(32217, [0])
(32218, [0, 12])
(32219, [0, 3, 7, 39])
(32220, [0])
(32221, [0, 13])
(32222, [0])
(32223, [0])
(32224, [0])
(32225, [0])
(32226, [0])
(32227, [0, 12])
(32228, [0])
(32229, [0])
(32230, [0])
(32231, [0])
(32232, [0])
(32233, [0])
(32234, [0, 12])
(32235, [0, 3, 12])
(32236, [0])
(32237, [0])
(32238, [0])
(32239, [0])
(32240, [0])
(32241, [0, 3, 7, 21])
(32242, [0])
(32243, [0, 23])
(32244, [0])
(32245, [0])
(32246, [0, 12])
(32247, [0])
(32248, [0])
(32249, [0])
(32250, [0])
(32251, [0])
(32252, [0])
(32253, [0])
(32254, [0])
(32255, [0])
(32256, [0, 2, 7])
(32257, [0])
(32258, [0, 1, 3])
(32259, [0, 2])
(32260, [0])
(32261, [0])
(32262, [0])
(32263, [11, 12])
(32264, [11, 44])
(32265, [11])
(32266, [3, 11])
(32267, [1, 3, 11])
(32268, [11, 15, 31])
(32269, [11, 28, 43])
(32270, [11])
(32271, [2, 11, 14, 15, 41])
(32272, [11, 39])
(32273, [11])
(32274, [11])
(32275, [1, 11, 12])
(32276, [6, 11, 26, 31])
(32277, [11, 22, 42])
(32278, [11, 23, 24, 43])
(32279, [2, 11, 24, 44])
(32280, [11])
(32281, [11, 30])
(32282, [1, 3, 11])
(32283, [11])
(32284, [11])
(32285, [11])
(32286, [11])
(32287, [1, 11, 24])
(32288, [11, 19])
(32289, [11])
(32290, [11])
(32291, [1, 3, 6, 11, 13, 17, 19, 21, 30, 43, 44])
(32292, [11])
(32293, [6, 11, 16])
(32294, [7])
(32295, [7])
(32296, [7])
(32297, [7])
(32298, [1, 3, 7, 21])
(32299, [7])
(32300, [1, 7])
(32301, [1, 7])
(32302, [3, 7, 19, 23, 24, 26, 28, 41, 43])
(32303, [7])
(32304, [7])
(32305, [2, 29])
(32306, [1, 29, 30])
(32307, [29])
(32308, [1, 2, 3, 5, 6, 8, 16, 24, 29, 31, 38])
(32309, [3, 10, 29, 36])
(32310, [16])
(32311, [16])
(32312, [1, 2, 3, 8, 15, 16, 23, 24, 43])
(32313, [16])
(32314, [2, 6, 16])
(32315, [16])
(32316, [16])
(32317, [16, 44])
(32318, [16])
(32319, [2, 4, 16, 26, 31, 40])
(32320, [16])
(32321, [6, 16, 23, 43])
(32322, [16])
(32323, [16])
(32324, [16])
(32325, [42])
(32326, [1, 2, 4, 12, 15, 17, 26, 41, 42, 43])
(32327, [1, 3, 42])
(32328, [1, 2, 6, 15, 23])
(32329, [6])
(32330, [6, 12, 23])
(32331, [6])
(32332, [6])
(32333, [6])
(32334, [2, 6, 14, 17, 23, 26, 31, 41])
(32335, [6])
(32336, [2, 6, 14, 15, 17, 23])
(32337, [6])
(32338, [6])
(32339, [6])
(32340, [2, 3, 6, 12, 15])
(32341, [6, 41])
(32342, [6])
(32343, [6, 17, 28, 41])
(32344, [6])
(32345, [6])
(32346, [6])
(32347, [6])
(32348, [6])
(32349, [28])
(32350, [28])
(32351, [28])
(32352, [28])
(32353, [2, 28])
(32354, [28])
(32355, [28])
(32356, [28])
(32357, [17])
(32358, [2, 17])
(32359, [17, 43])
(32360, [17])
(32361, [17])
(32362, [3, 17, 25])
(32363, [17])
(32364, [17])
(32365, [17])
(32366, [17, 19])
(32367, [17])
(32368, [17, 39, 44])
(32369, [2, 4, 12, 17, 19, 26, 39])
(32370, [17])
(32371, [17])
(32372, [17])
(32373, [17, 19])
(32374, [17])
(32375, [17])
(32376, [2, 17])
(32377, [17])
(32378, [2, 17, 44])
(32379, [2, 14, 15, 17, 19, 25, 40, 43, 44])
(32380, [17])
(32381, [1])
(32382, [1, 2, 12, 24])
(32383, [1, 3, 19, 21, 26])
(32384, [1, 4])
(32385, [1, 3])
(32386, [1, 3, 21])
(32387, [1])
(32388, [1])
(32389, [1, 2, 13, 21])
(32390, [1, 2, 3, 12, 13, 41])
(32391, [1, 30, 31])
(32392, [1])
(32393, [1, 31])
(32394, [1])
(32395, [1, 3])
(32396, [1])
(32397, [1, 3, 14])
(32398, [1, 3, 36])
(32399, [1])
(32400, [1])
(32401, [1, 3, 21, 26, 44])
(32402, [1, 3, 13, 26])
(32403, [1])
(32404, [1])
(32405, [1, 2, 3])
(32406, [1])
(32407, [1, 2, 44])
(32408, [1, 2])
(32409, [1])
(32410, [1])
(32411, [1])
(32412, [1])
(32413, [1])
(32414, [1, 2])
(32415, [1, 22])
(32416, [1])
(32417, [1])
(32418, [1])
(32419, [1, 21, 44])
(32420, [10])
(32421, [10])
(32422, [10])
(32423, [10])
(32424, [10])
(32425, [10])
(32426, [10])
(32427, [10])
(32428, [3, 15, 19, 23, 30, 43])
(32429, [19])
(32430, [19])
(32431, [19])
(32432, [19, 38])
(32433, [19])
(32434, [19, 22, 30])
(32435, [19])
(32436, [19])
(32437, [19])
(32438, [19])
(32439, [19])
(32440, [19])
(32441, [14, 19])
(32442, [14, 19])
(32443, [19, 21, 30, 31])
(32444, [15, 19])
(32445, [19, 23])
(32446, [19])
(32447, [2, 14, 19, 26, 30, 43, 44])
(32448, [19])
(32449, [26])
(32450, [26])
(32451, [26])
(32452, [26])
(32453, [26])
(32454, [26])
(32455, [26])
(32456, [26])
(32457, [4, 26])
(32458, [26])
(32459, [2, 26, 41, 44])
(32460, [26])
(32461, [26])
(32462, [26])
(32463, [26])
(32464, [26])
(32465, [26])
(32466, [12, 26])
(32467, [26])
(32468, [26])
(32469, [26])
(32470, [12, 26])
(32471, [26])
(32472, [8])
(32473, [8])
(32474, [8])
(32475, [8, 23])
(32476, [8, 23])
(32477, [3, 4, 8, 23])
(32478, [8])
(32479, [8])
(32480, [5, 8])
(32481, [8])
(32482, [5, 8])
(32483, [8])
(32484, [8])
(32485, [8])
(32486, [8])
(32487, [3, 8])
(32488, [8])
(32489, [8])
(32490, [8])
(32491, [4, 8, 23])
(32492, [21, 23])
(32493, [21])
(32494, [21])
(32495, [21])
(32496, [21])
(32497, [21])
(32498, [21])
(32499, [12, 21])
(32500, [21])
(32501, [21])
(32502, [21])
(32503, [21])
(32504, [21])
(32505, [21])
(32506, [21])
(32507, [21])
(32508, [3, 21])
(32509, [21, 31, 39, 40, 43])
(32510, [21])
(32511, [21])
(32512, [21])
(32513, [21])
(32514, [21])
(32515, [21])
(32516, [21])
(32517, [21])
(32518, [21])
(32519, [21])
(32520, [21])
(32521, [21])
(32522, [21])
(32523, [21])
(32524, [21])
(32525, [21])
(32526, [2, 14, 21])
(32527, [21])
(32528, [21])
(32529, [21])
(32530, [21])
(32531, [21])
(32532, [21])
(32533, [44])
(32534, [44])
(32535, [44])
(32536, [44])
(32537, [44])
(32538, [44])
(32539, [44])
(32540, [44])
(32541, [44])
(32542, [44])
(32543, [41, 44])
(32544, [44])
(32545, [2, 3, 44])
(32546, [44])
(32547, [44])
(32548, [30, 44])
(32549, [44])
(32550, [43])
(32551, [43])
(32552, [43])
(32553, [43])
(32554, [2, 43])
(32555, [43])
(32556, [43])
(32557, [43])
(32558, [43])
(32559, [43])
(32560, [43])
(32561, [43])
(32562, [2, 43])
(32563, [43])
(32564, [43])
(32565, [43])
(32566, [2, 43])
(32567, [43])
(32568, [2, 43])
(32569, [43])
(32570, [43])
(32571, [43])
(32572, [43])
(32573, [43])
(32574, [43])
(32575, [43])
(32576, [43])
(32577, [38])
(32578, [22, 36])
(32579, [36])
(32580, [36])
(32581, [30, 36])
(32582, [36])
(32583, [36])
(32584, [36])
(32585, [36])
(32586, [36])
(32587, [36])
(32588, [14, 36])
(32589, [36])
(32590, [36])
(32591, [36])
(32592, [36])
(32593, [36])
(32594, [36])
(32595, [36])
(32596, [36])
(32597, [36])
(32598, [36])
(32599, [36])
(32600, [36])
(32601, [36])
(32602, [36])
(32603, [36])
(32604, [36])
(32605, [36])
(32606, [36])
(32607, [31])
(32608, [12, 31])
(32609, [31])
(32610, [31])
(32611, [31])
(32612, [31])
(32613, [31])
(32614, [31])
(32615, [30, 31])
(32616, [30])
(32617, [30])
(32618, [30])
(32619, [30])
(32620, [4, 24, 30])
(32621, [4, 30])
(32622, [37])
(32623, [37])
(32624, [37])
(32625, [39])
(32626, [39])
(32627, [3, 39])
(32628, [39])
(32629, [39])
(32630, [39])
(32631, [39])
(32632, [39])
(32633, [41])
(32634, [41])
(32635, [41])
(32636, [41])
(32637, [41])
(32638, [41])
(32639, [41])
(32640, [41])
(32641, [41])
(32642, [41])
(32643, [41])
(32644, [41])
(32645, [41])
(32646, [41])
(32647, [41])
(32648, [41])
(32649, [41])
(32650, [41])
(32651, [41])
(32652, [4, 24])
(32653, [24])
(32654, [24])
(32655, [24])
(32656, [24])
(32657, [24])
(32658, [24])
(32659, [23])
(32660, [23])
(32661, [23])
(32662, [23])
(32663, [23])
(32664, [23])
(32665, [23])
(32666, [23])
(32667, [23])
(32668, [23])
(32669, [23])
(32670, [23])
(32671, [23])
(32672, [23])
(32673, [23])
(32674, [23])
(32675, [23])
(32676, [23])
(32677, [23])
(32678, [23])
(32679, [23])
(32680, [23])
(32681, [23])
(32682, [23])
(32683, [23])
(32684, [23])
(32685, [23])
(32686, [23])
(32687, [23])
(32688, [23])
(32689, [23])
(32690, [23])
(32691, [23])
(32692, [23])
(32693, [23])
(32694, [23])
(32695, [23])
(32696, [23])
(32697, [23])
(32698, [23])
(32699, [23])
(32700, [23])
(32701, [23])
(32702, [23])
(32703, [23])
(32704, [23])
(32705, [23])
(32706, [23])
(32707, [23])
(32708, [23])
(32709, [23])
(32710, [15, 23])
(32711, [23])
(32712, [4])
(32713, [4])
(32714, [4])
(32715, [4])
(32716, [4])
(32717, [4])
(32718, [4])
(32719, [4])
(32720, [4])
(32721, [2, 4])
(32722, [4])
(32723, [4])
(32724, [4, 22])
(32725, [4])
(32726, [4])
(32727, [4])
(32728, [4])
(32729, [4])
(32730, [4])
(32731, [4, 14])
(32732, [4])
(32733, [4])
(32734, [4])
(32735, [4])
(32736, [4, 22])
(32737, [15])
(32738, [15])
(32739, [15])
(32740, [15])
(32741, [15])
(32742, [15])
(32743, [15])
(32744, [15])
(32745, [15])
(32746, [15])
(32747, [3, 15])
(32748, [15])
(32749, [15])
(32750, [15])
(32751, [15])
(32752, [3])
(32753, [3])
(32754, [3])
(32755, [3])
(32756, [3])
(32757, [3])
(32758, [3])
(32759, [3])
(32760, [3])
(32761, [3])
(32762, [3])
(32763, [3])
(32764, [3])
(32765, [3])
(32766, [12])
(32767, [12])
(32768, [12])
(32769, [12])
(32770, [12])
(32771, [12])
(32772, [12])
(32773, [12])
(32774, [12])
(32775, [12])
(32776, [2, 12])
(32777, [12])
(32778, [12])
(32779, [12])
(32780, [12])
(32781, [12])
(32782, [12])
(32783, [12])
(32784, [12])
(32785, [12])
(32786, [12])
(32787, [12])
(32788, [12])
(32789, [12])
(32790, [12])
(32791, [12])
(32792, [12])
(32793, [12])
(32794, [12])
(32795, [12])
(32796, [12])
(32797, [12])
(32798, [12])
(32799, [12])
(32800, [12])
(32801, [12])
(32802, [12])
(32803, [12])
(32804, [12])
(32805, [12])
(32806, [12])
(32807, [12])
(32808, [12])
(32809, [12])
(32810, [12])
(32811, [12])
(32812, [12])
(32813, [12])
(32814, [12])
(32815, [12])
(32816, [12])
(32817, [12])
(32818, [12])
(32819, [12])
(32820, [12])
(32821, [12])
(32822, [12])
(32823, [12])
(32824, [12])
(32825, [2, 12])
(32826, [12])
(32827, [12])
(32828, [12])
(32829, [12])
(32830, [12])
(32831, [12])
(32832, [12])
(32833, [12])
(32834, [40])
(32835, [40])
(32836, [22, 40])
(32837, [40])
(32838, [40])
(32839, [2])
(32840, [2])
(32841, [2])
(32842, [2])
(32843, [2])
(32844, [2])
(32845, [2])
(32846, [2])
(32847, [2])
(32848, [2])
(32849, [2])
(32850, [2])
(32851, [2])
(32852, [2])
(32853, [2])
(32854, [2])
(32855, [2])
(32856, [2])
(32857, [2])
(32858, [2])
(32859, [2])
(32860, [2])
(32861, [2])
(32862, [2])
(32863, [2])
(32864, [2])
(32865, [2])
(32866, [2])
(32867, [2])
(32868, [2])
(32869, [2])
(32870, [2])
(32871, [2])
(32872, [2])
(32873, [2])
(32874, [2])
(32875, [2])
(32876, [2])
(32877, [2])
(32878, [2])
(32879, [2])
(32880, [2])
(32881, [2])
(32882, [2])
(32883, [2])
(32884, [2])
(32885, [2])
(32886, [2])
(32887, [2])
(32888, [2])
(32889, [2])
(32890, [2])
(32891, [2])
(32892, [2])
(32893, [2])
(32894, [2])
(32895, [2])
(32896, [2])
(32897, [2])
(32898, [2])
(32899, [2])
(32900, [2])
(32901, [2])
(32902, [2])
(32903, [2])
(32904, [13])
(32905, [13])
(32906, [13])
(32907, [13])
(32908, [13])
(32909, [13])
(32910, [13])
(32911, [13])
(32912, [5])
(32913, [5])
(32914, [5])
(32915, [5])
(32916, [5])
(32917, [5])
(32918, [5])
(32919, [5])
(32920, [14])
(32921, [14])
(32922, [14])
(32923, [14])
(32924, [14])
(32925, [14])
(32926, [14])
(32927, [14])
(32928, [14])
(32929, [14])
(32930, [14])
(32931, [14])
(32932, [14])
(32933, [14])
(32934, [14])
(32935, [14])
(32936, [14])
(32937, [14])
(32938, [14])
(32939, [14])
(32940, [14])
(32941, [22])
(32942, [22])
(32943, [22])
(32944, [22])
(32945, [25])
