(101480, [32, 35, 34, 33, 20, 18, 27, 9, 0, 11, 7, 29, 16, 42, 6, 28, 17, 1, 10, 19, 26, 8, 21, 44, 43, 38, 36, 31, 30, 37, 39, 41, 24, 23, 4, 15, 3, 12, 40, 2, 13, 5, 14, 22, 25])
(101481, [32, 35, 34, 33, 20, 18, 27, 9, 0, 11, 7, 29, 16, 42, 6, 28, 17, 1, 10, 19, 26, 8, 21, 44, 43, 38, 36, 31, 30, 37, 39, 41, 24, 23, 4, 15, 3, 12, 40, 2, 13, 5, 14, 22, 25])
(101482, [32, 35, 34, 33, 20, 18, 27, 9, 0, 11, 7, 29, 16, 42, 6, 28, 17, 1, 10, 19, 26, 8, 21, 44, 43, 38, 36, 31, 30, 37, 39, 41, 24, 23, 4, 15, 3, 12, 40, 2, 13, 5, 14, 22, 25])
(101483, [32, 35, 34, 33, 20, 18, 27, 9, 0, 11, 7, 29, 16, 42, 6, 28, 17, 1, 10, 19, 26, 8, 21, 44, 43, 38, 36, 31, 30, 37, 39, 41, 24, 23, 4, 15, 3, 12, 40, 2, 13, 5, 14, 22, 25])
(101484, [32, 35, 34, 33, 20, 18, 9, 0, 11, 16, 42, 6, 28, 17, 1, 19, 26, 8, 21, 44, 43, 38, 36, 31, 30, 37, 39, 41, 24, 23, 4, 15, 3, 12, 40, 2, 13, 5, 14, 22, 25])
(101485, [32, 35, 34, 33, 20, 18, 27, 9, 0, 11, 7, 16, 42, 6, 28, 17, 1, 19, 26, 8, 21, 44, 43, 38, 31, 30, 39, 41, 24, 23, 4, 15, 3, 12, 40, 2, 13, 14, 22, 25])
(101486, [32, 28, 4])
(101487, [32, 34, 33, 20, 18, 9, 0, 11, 7, 16, 42, 6, 17, 1, 10, 8, 21, 44, 43, 38, 31, 30, 37, 39, 41, 24, 23, 4, 15, 3, 12, 40, 2, 13, 5, 14])
(101488, [32, 35, 34, 33, 20, 18, 27, 9, 0, 11, 7, 29, 16, 42, 6, 28, 17, 1, 19, 26, 8, 21, 44, 43, 38, 36, 31, 30, 37, 39, 41, 24, 23, 4, 15, 3, 12, 40, 2, 13, 5, 14, 22, 25])
(101489, [32, 33, 9, 30, 41, 4, 40, 2, 14])
(101490, [32, 35, 34, 33, 20, 18, 9, 0, 11, 29, 16, 6, 17, 1, 10, 19, 26, 21, 44, 43, 36, 31, 30, 41, 24, 23, 4, 15, 3, 12, 2, 13, 22])
(101491, [32, 35, 34, 33, 20, 18, 27, 9, 0, 11, 7, 16, 42, 6, 17, 1, 10, 19, 26, 8, 21, 44, 43, 38, 36, 31, 30, 24, 23, 4, 15, 3, 12, 40, 2, 5, 14, 22])
(101492, [32, 33, 20, 18, 19, 26, 43, 30, 24, 4, 15, 40])
(101493, [32, 35, 34, 33, 9, 0, 11, 16, 42, 6, 28, 17, 1, 10, 19, 26, 21, 44, 43, 36, 31, 37, 41, 24, 23, 4, 15, 3, 12, 40, 2, 13, 14, 22, 25])
(101494, [32, 34, 33, 20, 18, 27, 9, 0, 11, 16, 42, 6, 28, 17, 1, 10, 19, 26, 8, 44, 43, 31, 30, 41, 24, 23, 4, 15, 3, 12, 40, 2, 13, 14])
(101495, [32, 35, 34, 33, 9, 11, 16, 6, 28, 17, 1, 19, 21, 44, 31, 30, 39, 41, 24, 23, 4, 15, 3, 12, 40, 2, 13, 5, 22, 25])
(101496, [32, 34, 33, 20, 18, 27, 9, 0, 11, 7, 16, 42, 17, 1, 19, 26, 43, 31, 30, 24, 23, 4, 15, 3, 12, 40, 2, 13, 5, 14, 22])
(101497, [32, 34, 33, 18, 27, 9, 0, 11, 7, 16, 42, 6, 17, 1, 19, 26, 21, 44, 43, 36, 31, 30, 41, 24, 23, 4, 15, 3, 12, 2, 13, 5, 14, 22])
(101498, [32, 35, 34, 33, 20, 18, 27, 9, 0, 11, 7, 16, 42, 6, 28, 17, 1, 10, 19, 26, 8, 21, 44, 43, 36, 31, 30, 41, 24, 23, 4, 15, 3, 12, 40, 2, 13, 5, 14, 22, 25])
(101499, [32, 33, 17, 1, 31, 30, 37, 4, 15, 3])
(101500, [32, 33, 1, 43, 31, 30, 23, 3])
(101501, [32, 18, 0, 6, 1, 26, 23, 15])
(101502, [32, 7, 42, 31, 3])
(101503, [32, 4])
(101504, [32, 34, 33, 18, 9, 11, 29, 16, 1, 19, 8, 44, 43, 31, 30, 41, 24, 23, 15, 3, 40, 5, 22])
(101505, [32, 34, 33, 20, 18, 9, 11, 7, 16, 42, 17, 1, 19, 26, 21, 44, 43, 31, 30, 39, 24, 4, 15, 3, 12, 40, 2, 13])
(101506, [32, 33, 20, 6, 1, 19, 26, 21, 43, 38, 31, 41, 15, 3, 2, 13])
(101507, [32, 33, 18, 11, 16, 6, 17, 1, 10, 19, 26, 44, 31, 30, 23, 12, 40, 2, 13, 22])
(101508, [32, 44])
(101509, [32, 33, 9, 29, 17, 1, 19, 44, 43, 31, 30, 4, 15, 3, 2])
(101510, [32])
(101511, [32, 33, 11, 16, 1, 43, 30, 23, 15, 3, 12, 2, 13, 22])
(101512, [32, 20, 18, 0, 1, 19, 21, 44, 38, 31, 30, 4, 15, 3, 22])
(101513, [32, 34, 33, 20, 9, 0, 11, 17, 1, 19, 26, 21, 44, 36, 31, 30, 41, 24, 4, 15, 3, 12, 40, 2, 13, 14])
(101514, [32, 34, 33, 20, 9, 0, 11, 7, 16, 28, 17, 1, 19, 26, 44, 43, 36, 31, 30, 41, 24, 4, 15, 3, 12, 40, 2, 13, 14])
(101515, [32, 6, 26])
(101516, [32, 34, 33, 20, 18, 27, 9, 0, 7, 29, 42, 6, 17, 1, 19, 26, 21, 44, 43, 31, 30, 41, 4, 15, 3, 12, 2, 13])
(101517, [32, 35, 34, 20, 18, 9, 0, 11, 16, 42, 6, 28, 1, 10, 19, 26, 8, 21, 44, 43, 31, 30, 37, 39, 41, 24, 23, 4, 15, 3, 12, 40, 2, 5])
(101518, [32, 34, 33, 11, 16, 1, 19, 8, 44, 43, 31, 30, 39, 24, 15, 3, 40])
(101519, [32, 18, 23, 4])
(101520, [32, 27, 0, 11, 6, 26, 43, 36, 30, 41, 24, 23, 4, 12, 40, 2])
(101521, [32, 35, 34, 18, 27, 16, 17, 19, 8, 21, 44, 31, 30, 23, 15, 3, 12, 5, 22])
(101522, [32, 41])
(101523, [32, 35, 34, 33, 20, 27, 9, 0, 7, 16, 6, 1, 10, 26, 21, 43, 41, 24, 23, 4, 3, 12, 40, 2, 13, 5])
(101524, [32, 35, 33, 9, 0, 11, 7, 16, 6, 1, 19, 26, 21, 43, 38, 30, 41, 4, 15, 12, 2, 22, 25])
(101525, [32])
(101526, [32, 34, 18, 9, 0, 6, 19, 26, 43, 41, 24, 23, 4, 15, 3, 2, 14])
(101527, [32, 23])
(101528, [32, 18, 0, 11, 16, 6, 1, 19, 26, 44, 43, 41, 24, 15, 3, 12, 2, 13])
(101529, [32, 35, 34, 33, 20, 18, 9, 0, 11, 7, 29, 42, 6, 1, 19, 26, 8, 21, 43, 31, 30, 41, 24, 23, 4, 15, 3, 12, 40, 2, 13, 14, 22])
(101530, [32, 34, 20, 11, 42, 1, 26, 21, 31, 41, 15, 3, 2, 13, 22])
(101531, [32, 34, 33, 20, 18, 27, 9, 0, 11, 16, 6, 1, 19, 26, 8, 44, 43, 31, 30, 41, 24, 23, 4, 15, 3, 12, 2, 14])
(101532, [32, 35, 34, 33, 9, 16, 6, 1, 19, 26, 21, 44, 43, 38, 39, 24, 23, 15, 3, 12, 2, 13, 14, 22])
(101533, [32, 34, 33, 20, 18, 9, 6, 17, 1, 19, 8, 21, 44, 38, 36, 31, 30, 41, 24, 23, 4, 15, 3, 12, 2])
(101534, [32, 18, 9, 11, 6, 26, 31, 30, 41, 15, 12, 2, 14])
(101535, [32, 35, 34, 33, 27, 9, 0, 11, 7, 16, 19, 26, 44, 43, 36, 30, 41, 24, 4, 15, 3, 40, 2, 13, 22, 25])
(101536, [32, 6, 43, 31, 41, 23, 15, 12, 2, 14])
(101537, [32, 21, 3])
(101538, [32])
(101539, [32, 18, 24, 23, 4, 15, 40, 2])
(101540, [32, 34, 18, 9, 11, 1, 19, 8, 21, 30, 23, 3, 14, 22])
(101541, [32, 35, 34, 33, 18, 9, 11, 7, 16, 42, 6, 1, 10, 19, 26, 8, 21, 44, 38, 31, 30, 39, 24, 23, 3, 12, 2, 13, 22])
(101542, [32, 18, 9, 17, 1, 19, 36, 3, 2])
(101543, [32, 35, 34, 33, 20, 18, 9, 11, 29, 16, 42, 6, 17, 1, 19, 8, 21, 44, 43, 36, 31, 30, 39, 41, 23, 4, 15, 3, 12, 40, 2, 13, 5, 22])
(101544, [32, 34, 0, 11, 1, 19, 21, 30, 41, 23, 15, 3, 12, 40, 2])
(101545, [32, 34, 33, 9, 11, 17, 1, 26, 44, 39, 3, 12, 2])
(101546, [32, 34, 0, 30, 15])
(101547, [32, 34, 33, 18, 9, 0, 11, 7, 42, 6, 28, 17, 19, 26, 21, 44, 43, 31, 30, 39, 41, 24, 23, 4, 15, 3, 12, 40, 2, 13, 5])
(101548, [32, 35, 33, 18, 9, 1, 19, 43, 31, 39, 41])
(101549, [32, 33, 18, 6, 19, 31, 30, 15, 40])
(101550, [32, 35, 34, 20, 27, 9, 0, 11, 7, 29, 16, 6, 28, 1, 10, 8, 21, 44, 43, 36, 31, 30, 37, 39, 24, 23, 4, 15, 3, 12, 2, 5, 14, 22])
(101551, [32, 35, 34, 18, 0, 7, 1, 10, 19, 8, 21, 43, 36, 23, 4, 3, 12, 2, 22])
(101552, [32, 35, 34, 20, 9, 0, 11, 6, 1, 19, 26, 44, 43, 41, 24, 3, 2, 13])
(101553, [32, 35, 34, 18, 0, 6, 26, 31, 30, 23, 15, 3])
(101554, [32, 34, 33, 20, 18, 9, 0, 16, 17, 1, 44, 31, 30, 23, 15, 12, 2])
(101555, [32, 9, 26, 41, 24, 2])
(101556, [32, 35, 34, 33, 20, 18, 27, 9, 0, 11, 7, 16, 42, 6, 28, 17, 1, 10, 19, 26, 21, 44, 43, 38, 31, 30, 37, 39, 41, 24, 23, 4, 15, 3, 12, 40, 2, 13, 5, 14, 22])
(101557, [32, 18, 0, 11, 7, 6, 19, 26, 31, 3, 2])
(101558, [32, 34, 20, 0, 11, 1, 19, 21, 44, 36, 23, 3, 13])
(101559, [32, 34, 33, 10, 26, 21, 43, 3])
(101560, [32, 18, 11, 1, 21, 14])
(101561, [32, 34, 20, 18, 27, 9, 0, 11, 7, 16, 42, 6, 1, 10, 19, 26, 44, 43, 36, 30, 39, 41, 24, 23, 4, 15, 3, 12, 40, 2, 13, 14])
(101562, [32, 30])
(101563, [32, 34, 18, 9, 0, 11, 16, 6, 17, 1, 19, 44, 4, 15, 2])
(101564, [32, 33, 18, 27, 9, 0, 11, 7, 16, 42, 6, 28, 17, 1, 19, 21, 44, 43, 38, 36, 41, 24, 23, 4, 15, 3, 12, 2, 13, 14, 22])
(101565, [32, 35, 9, 6, 26, 31, 41, 4, 15, 3, 2])
(101566, [32, 34, 33, 11, 7, 26, 21, 44, 31, 15, 22])
(101567, [32, 34, 33, 6, 19, 26, 31, 4, 15, 2])
(101568, [32, 34, 9, 0, 11, 6, 24, 4, 3, 12, 2])
(101569, [32, 44, 3])
(101570, [32, 20, 18, 9, 0, 11, 7, 16, 42, 17, 1, 10, 19, 26, 21, 44, 43, 31, 41, 4, 15, 3, 2, 13])
(101571, [32, 21, 2])
(101572, [32, 33, 18, 9, 0, 11, 7, 1, 26, 31, 30, 3, 2])
(101573, [32, 34, 33, 18, 0, 17, 1, 19, 44, 36, 30, 39, 41, 3, 12, 14])
(101574, [32, 33, 9, 11, 10, 26, 44, 31, 30, 4, 13])
(101575, [32])
(101576, [32, 33])
(101577, [32, 33, 16, 26, 30, 15, 2])
(101578, [32, 20, 9, 11, 7, 16, 42, 10, 19, 23, 4, 15, 3, 12, 2])
(101579, [32, 7, 17, 1, 19, 26, 44, 30, 4, 3, 2])
(101580, [32, 20, 6, 17, 26, 44, 43, 30, 24, 23, 12, 2])
(101581, [32])
(101582, [32, 1, 31, 30, 13])
(101583, [32])
(101584, [35, 34, 33, 20, 18, 27, 9, 0, 11, 7, 29, 16, 42, 6, 28, 1, 10, 19, 26, 8, 21, 44, 43, 38, 36, 31, 30, 37, 39, 41, 24, 23, 4, 15, 3, 12, 40, 2, 13, 5, 14, 22, 25])
(101585, [35, 34, 20, 0, 11, 16, 1, 10, 23, 3])
(101586, [35])
(101587, [35])
(101588, [35, 9, 10])
(101589, [35])
(101590, [35])
(101591, [35])
(101592, [35])
(101593, [35])
(101594, [35, 9, 0, 17, 1, 41, 24, 15, 2])
(101595, [35])
(101596, [35])
(101597, [35, 20, 9, 11, 16, 17, 1, 10, 19, 21, 3, 12, 2, 5])
(101598, [35])
(101599, [35])
(101600, [35, 20, 18, 27, 9, 7, 1, 10, 19, 26, 8, 21, 43, 23, 15, 3, 40, 2])
(101601, [35, 9, 0, 16, 6, 17, 1, 21, 23, 3, 12, 5])
(101602, [35, 34, 20, 42, 1, 43, 3])
(101603, [35, 34, 33, 20, 18, 9, 11, 7, 42, 17, 1, 19, 26, 8, 21, 44, 43, 31, 39, 24, 4, 3, 12, 40, 2])
(101604, [35])
(101605, [35, 34, 18, 17, 1, 19, 8, 44, 43, 31, 30, 24, 3, 12, 2, 5])
(101606, [35])
(101607, [35])
(101608, [35, 11, 1])
(101609, [35])
(101610, [35, 9, 10, 2])
(101611, [35, 1, 10, 21, 44, 23, 3])
(101612, [35])
(101613, [35, 9, 0, 6, 17, 1, 19, 26, 21, 31, 41, 24, 23, 3, 2, 13, 22])
(101614, [35])
(101615, [35, 33, 20, 18, 9, 0, 11, 29, 16, 42, 17, 1, 10, 19, 8, 21, 44, 43, 30, 37, 41, 24, 4, 15, 3, 12, 2])
(101616, [35, 23])
(101617, [35, 34, 9, 26, 41, 24, 12])
(101618, [35])
(101619, [34, 33, 11, 1, 21, 44, 31, 30, 37, 4, 3, 2, 14])
(101620, [34, 18, 27, 0, 11, 7, 26, 21, 44, 23, 3, 2])
(101621, [34])
(101622, [34, 18, 27, 9, 0, 11, 16, 8, 31, 12, 2, 14, 22])
(101623, [34, 33, 18, 7, 2])
(101624, [34, 18, 9, 1, 3])
(101625, [34, 33])
(101626, [34, 10, 44, 43, 2])
(101627, [34, 18, 11, 28, 3])
(101628, [34, 17, 10, 31, 30])
(101629, [34, 33, 17, 8, 21, 15, 3, 22])
(101630, [34, 0, 11, 1, 26, 31, 30, 41, 24, 3, 40, 2])
(101631, [34])
(101632, [34, 6, 43, 30, 41, 24, 40, 25])
(101633, [34])
(101634, [34, 14])
(101635, [34])
(101636, [34])
(101637, [34, 20, 18, 27, 9, 11, 17, 1, 19, 44, 31, 23, 3, 12, 2])
(101638, [34, 19, 41, 15, 40])
(101639, [34, 0, 42, 1, 10, 12])
(101640, [34])
(101641, [34, 33, 9, 16, 6, 1, 19, 8, 21, 44, 36, 31, 41, 12, 2, 13])
(101642, [34])
(101643, [34, 0, 31, 30])
(101644, [34, 0, 12])
(101645, [34, 11, 41, 3, 12, 13])
(101646, [34, 8, 41, 12, 2])
(101647, [34, 0])
(101648, [34, 0, 11, 43, 31, 3, 12, 2])
(101649, [34])
(101650, [34, 20, 9, 0, 6, 44, 43, 36, 31, 41, 24, 14])
(101651, [34, 20])
(101652, [34, 0, 26, 44, 31, 23, 3, 13])
(101653, [34, 26, 15, 5, 25])
(101654, [34, 20, 9, 0, 11, 7, 6, 17, 1, 19, 26, 44, 31, 4, 15, 3, 2, 13])
(101655, [34, 33, 20, 9, 11, 6, 10, 26, 8, 31, 30, 41, 23, 4, 15, 2, 13])
(101656, [34, 33, 20, 9, 0, 11, 1, 19, 31, 15, 3])
(101657, [34, 0, 11, 16, 17, 1, 26, 43, 24, 3, 12, 2])
(101658, [34, 33, 20, 9, 10, 26, 41, 23, 2])
(101659, [34, 0])
(101660, [34, 1, 3])
(101661, [34, 0, 12])
(101662, [34, 0, 12])
(101663, [34])
(101664, [34, 9, 23])
(101665, [34])
(101666, [34, 20, 9, 0, 11, 7, 29, 16, 42, 1, 19, 21, 44, 38, 31, 23, 4, 3, 12, 2, 22])
(101667, [34, 18, 0, 17, 10, 44, 24, 23, 3, 12, 40])
(101668, [33, 0, 11, 16, 6, 1, 19, 38, 24, 4, 15, 3, 40, 2])
(101669, [33, 11, 1, 44, 38, 31, 4, 3])
(101670, [33, 30])
(101671, [33, 18, 9, 11, 16, 17, 1, 19, 8, 21, 44, 38, 31, 30, 41, 24, 23, 4, 15, 3, 12, 40, 2, 22])
(101672, [33])
(101673, [33, 23])
(101674, [33])
(101675, [33, 43, 31, 3, 2])
(101676, [33, 18, 11, 16, 19, 26, 21, 44, 43, 31, 41, 24, 4, 3, 40, 2])
(101677, [33, 0, 1, 19, 26, 30])
(101678, [33, 31])
(101679, [33, 0, 41, 3])
(101680, [33])
(101681, [33])
(101682, [33, 3])
(101683, [33, 44, 31, 30, 15])
(101684, [33])
(101685, [33, 18, 0, 11, 29, 1, 19, 26, 21, 36, 31, 24, 3, 40, 25])
(101686, [33, 20, 0, 11, 7, 6, 26, 31, 30, 15, 3, 12, 2, 14])
(101687, [33])
(101688, [33])
(101689, [33, 0, 1, 19, 21, 30, 3])
(101690, [33, 9, 7, 41, 12])
(101691, [33, 7])
(101692, [33, 19])
(101693, [33])
(101694, [33])
(101695, [33, 20, 9, 0, 16, 1, 37, 3, 12, 13, 25])
(101696, [33])
(101697, [33, 11, 44])
(101698, [33, 41])
(101699, [33])
(101700, [33, 11, 17, 44, 22])
(101701, [33, 9, 11, 1, 21, 44, 15, 3, 2, 22])
(101702, [33, 19, 21, 43, 4, 15, 14])
(101703, [33])
(101704, [33, 18, 6, 1, 19, 26, 44, 43, 37, 23, 3, 12, 5])
(101705, [33, 20, 9, 0, 11, 7, 42, 6, 21, 44, 31, 41, 24, 23, 3, 12, 2])
(101706, [33])
(101707, [33, 31])
(101708, [33])
(101709, [33, 6, 41])
(101710, [33])
(101711, [33, 7, 29, 1, 19, 44, 43, 30, 3, 12, 2])
(101712, [33, 43, 15, 2])
(101713, [33, 16, 1, 8, 37, 23, 5])
(101714, [33, 9])
(101715, [20, 1, 10, 3])
(101716, [20, 7, 1, 19, 3, 22])
(101717, [20])
(101718, [20])
(101719, [20, 18, 9, 17, 19, 26, 43, 39, 15, 12, 25])
(101720, [20])
(101721, [20])
(101722, [20, 40])
(101723, [20])
(101724, [20, 12])
(101725, [20, 11, 1, 19, 8, 21, 23, 2, 5])
(101726, [20, 11, 7, 17, 1, 44, 31, 3])
(101727, [20, 1, 30])
(101728, [20, 11, 1, 19, 44, 36, 4, 3, 25])
(101729, [20, 18, 0, 11, 1, 21, 3, 25])
(101730, [20])
(101731, [20])
(101732, [20, 9, 0, 11, 19])
(101733, [20])
(101734, [20, 0, 7, 2])
(101735, [20, 9, 11, 7, 16, 17, 1, 19, 26, 44, 43, 38, 36, 41, 24, 15, 3, 12, 2, 13])
(101736, [20, 0, 12])
(101737, [20, 7, 1])
(101738, [20, 0, 19, 41, 24, 12, 13])
(101739, [20, 9, 0, 11, 7, 42, 28, 1, 19, 8, 21, 23, 15, 3, 12])
(101740, [20, 16, 44, 23])
(101741, [20, 9, 0, 11, 42, 1, 26, 44, 43, 24, 23, 15, 12])
(101742, [20, 18, 0, 11, 16, 42, 19, 31, 39, 3])
(101743, [20, 12])
(101744, [20, 16, 42, 17, 19, 39, 3])
(101745, [20, 21])
(101746, [20, 9, 0, 17, 1, 19, 44, 43, 38, 36, 30, 15, 3, 12, 40, 2, 13, 14])
(101747, [20])
(101748, [20, 0, 15])
(101749, [20, 18, 11, 1, 19, 8, 39, 3, 2])
(101750, [20, 0])
(101751, [20, 0, 23, 3])
(101752, [20])
(101753, [20, 18, 27, 11, 7, 26, 36, 30, 4, 12])
(101754, [20, 7, 3])
(101755, [20, 2])
(101756, [20, 0, 28, 43, 12])
(101757, [18])
(101758, [18, 40, 2])
(101759, [18, 30, 3])
(101760, [18, 6, 1, 21, 44, 23, 15, 2])
(101761, [18, 19])
(101762, [18])
(101763, [18])
(101764, [18, 1, 43, 4, 15, 40])
(101765, [18, 41, 23, 5])
(101766, [18, 2])
(101767, [18, 16, 19, 26, 43, 30, 41, 23, 4, 2, 14])
(101768, [18, 8])
(101769, [18, 19, 26, 3])
(101770, [18, 21])
(101771, [18])
(101772, [18])
(101773, [18, 0])
(101774, [18])
(101775, [18])
(101776, [18])
(101777, [18, 1, 19, 8, 44, 43, 3])
(101778, [18, 23])
(101779, [18, 21])
(101780, [18, 0, 6, 19, 26, 43, 31, 15, 2])
(101781, [18, 0, 11, 6, 23, 3])
(101782, [18, 21, 3])
(101783, [18, 9, 11, 7, 16, 1, 8, 41, 23, 3, 12])
(101784, [18])
(101785, [18, 0, 6, 1, 3])
(101786, [18, 19, 12])
(101787, [18])
(101788, [18])
(101789, [18])
(101790, [18])
(101791, [18])
(101792, [18, 9, 6, 1, 10, 21, 12, 2])
(101793, [18])
(101794, [18])
(101795, [18])
(101796, [18])
(101797, [18])
(101798, [18])
(101799, [18])
(101800, [18, 1, 2])
(101801, [18])
(101802, [18])
(101803, [18])
(101804, [18, 43, 23])
(101805, [18])
(101806, [18])
(101807, [18])
(101808, [18, 3])
(101809, [18])
(101810, [18])
(101811, [18])
(101812, [18, 23])
(101813, [18])
(101814, [18])
(101815, [18])
(101816, [18, 9, 43, 41, 23, 3, 12])
(101817, [18, 0])
(101818, [18])
(101819, [18, 7, 1])
(101820, [18])
(101821, [18])
(101822, [18])
(101823, [18, 9, 37])
(101824, [18])
(101825, [18, 0, 16, 1, 10, 26, 3, 12])
(101826, [18, 11, 6, 8, 44])
(101827, [18, 11, 6, 3])
(101828, [18, 43, 41, 24, 23, 4, 12, 2])
(101829, [18])
(101830, [18, 17, 2])
(101831, [18, 0, 38, 23, 2, 14])
(101832, [18, 7])
(101833, [18, 27, 0, 11, 28, 26, 44, 30, 41, 15, 2])
(101834, [18, 19])
(101835, [18])
(101836, [18])
(101837, [18, 6, 39, 3, 12])
(101838, [18])
(101839, [18, 16, 42, 1, 26, 31])
(101840, [18, 41, 24])
(101841, [18, 19, 21])
(101842, [18])
(101843, [18, 24])
(101844, [18])
(101845, [18, 42, 1])
(101846, [18, 19, 15, 3, 22])
(101847, [18, 19])
(101848, [18])
(101849, [18])
(101850, [18, 36])
(101851, [27])
(101852, [27])
(101853, [27])
(101854, [27])
(101855, [27])
(101856, [27])
(101857, [27, 31])
(101858, [27])
(101859, [9, 41])
(101860, [9, 11, 36, 4, 15, 3, 40])
(101861, [9, 17, 19, 31])
(101862, [9, 11, 6, 17, 19, 4, 2])
(101863, [9, 0, 11, 7, 29, 16, 42, 21, 41, 23, 4, 15, 3, 12])
(101864, [9, 43, 30, 23])
(101865, [9])
(101866, [9])
(101867, [9, 19, 43, 31, 23])
(101868, [9, 42, 23])
(101869, [9, 11, 6, 1, 26, 44, 30, 41, 15, 3])
(101870, [9])
(101871, [9, 10, 12, 2])
(101872, [9, 11, 6, 1, 44, 13])
(101873, [9, 3])
(101874, [9, 14])
(101875, [9])
(101876, [9])
(101877, [9])
(101878, [9])
(101879, [9, 16])
(101880, [9])
(101881, [9])
(101882, [9, 11, 6, 28, 17, 26, 44, 43, 41, 15, 2, 13])
(101883, [9, 10, 3])
(101884, [9, 1, 44, 43])
(101885, [9, 12])
(101886, [9])
(101887, [9])
(101888, [9, 11, 1, 2])
(101889, [9, 36, 12])
(101890, [9, 11, 7, 28, 1, 43, 25])
(101891, [9])
(101892, [9])
(101893, [9])
(101894, [9])
(101895, [9])
(101896, [9])
(101897, [9])
(101898, [9])
(101899, [9])
(101900, [9, 0])
(101901, [9])
(101902, [9, 0, 42, 17, 1, 19, 26, 41, 3])
(101903, [9, 0, 6, 43, 31, 30, 41, 24, 23, 12])
(101904, [9, 8, 31])
(101905, [0])
(101906, [0])
(101907, [0])
(101908, [0])
(101909, [0])
(101910, [0])
(101911, [0])
(101912, [0])
(101913, [0, 12])
(101914, [0])
(101915, [0])
(101916, [0, 19, 21, 24, 23])
(101917, [0])
(101918, [0])
(101919, [0, 28, 37])
(101920, [0])
(101921, [0, 12])
(101922, [0])
(101923, [0, 1, 31, 23, 2])
(101924, [0, 36])
(101925, [0])
(101926, [0])
(101927, [0])
(101928, [0])
(101929, [0])
(101930, [0])
(101931, [0])
(101932, [0])
(101933, [0])
(101934, [0])
(101935, [0])
(101936, [0])
(101937, [0, 24])
(101938, [0])
(101939, [0])
(101940, [0, 12])
(101941, [0])
(101942, [0])
(101943, [0])
(101944, [0])
(101945, [0])
(101946, [0])
(101947, [0])
(101948, [0])
(101949, [0])
(101950, [0])
(101951, [0])
(101952, [0])
(101953, [0, 26, 3])
(101954, [0])
(101955, [0, 11, 44, 41, 4, 12, 2])
(101956, [0])
(101957, [0])
(101958, [0])
(101959, [0])
(101960, [0, 12])
(101961, [0])
(101962, [0])
(101963, [0, 43, 36, 3, 2, 5])
(101964, [0])
(101965, [0])
(101966, [0])
(101967, [0])
(101968, [0])
(101969, [0, 16, 1, 21, 41, 3])
(101970, [0, 30, 23])
(101971, [0, 12])
(101972, [0, 3, 12, 2])
(101973, [0])
(101974, [0])
(101975, [0])
(101976, [0])
(101977, [0, 1, 10, 44, 12, 2, 25])
(101978, [0])
(101979, [0, 11, 44, 12])
(101980, [0])
(101981, [0])
(101982, [0])
(101983, [0, 12])
(101984, [0])
(101985, [0])
(101986, [0])
(101987, [0, 10, 12])
(101988, [0])
(101989, [0])
(101990, [0])
(101991, [0, 23])
(101992, [0])
(101993, [0])
(101994, [0])
(101995, [0])
(101996, [0])
(101997, [0])
(101998, [0])
(101999, [0])
(102000, [0])
(102001, [0])
(102002, [0, 23])
(102003, [0])
(102004, [0])
(102005, [0])
(102006, [0])
(102007, [0])
(102008, [0])
(102009, [0, 12])
(102010, [0])
(102011, [0])
(102012, [0])
(102013, [0])
(102014, [0])
(102015, [0])
(102016, [0, 11])
(102017, [0])
(102018, [0])
(102019, [0])
(102020, [0])
(102021, [0, 2])
(102022, [0, 26, 36, 24, 12])
(102023, [0])
(102024, [0])
(102025, [0])
(102026, [0])
(102027, [0])
(102028, [0])
(102029, [0])
(102030, [0])
(102031, [0])
(102032, [0])
(102033, [0])
(102034, [0])
(102035, [0])
(102036, [0])
(102037, [0, 1, 3, 12, 2])
(102038, [0])
(102039, [0])
(102040, [0, 11, 1, 2])
(102041, [0])
(102042, [0])
(102043, [0])
(102044, [0])
(102045, [0])
(102046, [0])
(102047, [0])
(102048, [0])
(102049, [0])
(102050, [0])
(102051, [0])
(102052, [0])
(102053, [0])
(102054, [0])
(102055, [0, 3, 2])
(102056, [0, 44, 12, 2])
(102057, [0])
(102058, [0, 26, 12])
(102059, [0])
(102060, [0])
(102061, [0])
(102062, [0])
(102063, [0])
(102064, [0])
(102065, [0])
(102066, [0, 16, 1, 24, 23, 4, 15, 3])
(102067, [0])
(102068, [0, 36, 41])
(102069, [0])
(102070, [0])
(102071, [0])
(102072, [0])
(102073, [0])
(102074, [0])
(102075, [0])
(102076, [0])
(102077, [0])
(102078, [0])
(102079, [0, 12])
(102080, [0])
(102081, [0])
(102082, [0])
(102083, [0])
(102084, [0])
(102085, [0])
(102086, [0])
(102087, [0])
(102088, [0])
(102089, [0])
(102090, [0])
(102091, [0, 36])
(102092, [0])
(102093, [0])
(102094, [0])
(102095, [0])
(102096, [0])
(102097, [0])
(102098, [0, 11])
(102099, [0])
(102100, [0])
(102101, [0])
(102102, [0, 30, 12])
(102103, [0])
(102104, [0, 1])
(102105, [0])
(102106, [0])
(102107, [0])
(102108, [0])
(102109, [0])
(102110, [0])
(102111, [0])
(102112, [0])
(102113, [0])
(102114, [0])
(102115, [0, 12])
(102116, [0])
(102117, [0, 12])
(102118, [0])
(102119, [0, 1, 21, 3])
(102120, [0, 31, 30, 4, 15])
(102121, [0, 23])
(102122, [0])
(102123, [0])
(102124, [0])
(102125, [0])
(102126, [0])
(102127, [0])
(102128, [0])
(102129, [0])
(102130, [0])
(102131, [0])
(102132, [0])
(102133, [0])
(102134, [0])
(102135, [0])
(102136, [0])
(102137, [0, 7, 1, 4, 12, 14])
(102138, [0])
(102139, [0, 11, 41])
(102140, [0])
(102141, [0])
(102142, [0])
(102143, [0])
(102144, [0])
(102145, [0])
(102146, [0])
(102147, [0])
(102148, [0])
(102149, [0])
(102150, [0])
(102151, [0])
(102152, [0])
(102153, [0])
(102154, [11, 1, 3])
(102155, [11, 21])
(102156, [11])
(102157, [11, 1, 21, 40])
(102158, [11])
(102159, [11, 26, 44, 24, 15, 3, 2])
(102160, [11])
(102161, [11, 3])
(102162, [11])
(102163, [11])
(102164, [11, 1, 12])
(102165, [11, 1, 8, 24, 23, 12, 2])
(102166, [11, 7, 15])
(102167, [11, 10, 26])
(102168, [11, 44, 2])
(102169, [11, 19, 26, 8, 12])
(102170, [11])
(102171, [11, 1, 21, 23, 3, 2])
(102172, [11, 26, 12, 2])
(102173, [11])
(102174, [11])
(102175, [11, 19, 26, 21, 2])
(102176, [11])
(102177, [11])
(102178, [7])
(102179, [7])
(102180, [7])
(102181, [7])
(102182, [7])
(102183, [7])
(102184, [7])
(102185, [7])
(102186, [7, 31])
(102187, [7])
(102188, [7])
(102189, [7])
(102190, [7, 6])
(102191, [7])
(102192, [7])
(102193, [29, 19, 30])
(102194, [29, 16, 21, 23])
(102195, [29, 3])
(102196, [29, 19, 40])
(102197, [16])
(102198, [16])
(102199, [16])
(102200, [16, 23])
(102201, [16])
(102202, [16])
(102203, [16, 26, 23, 3, 12])
(102204, [16])
(102205, [16, 19, 41, 23, 4])
(102206, [16])
(102207, [16, 3])
(102208, [16, 10, 3, 2])
(102209, [16, 44, 43])
(102210, [16])
(102211, [16, 1, 44, 38, 3])
(102212, [16])
(102213, [16, 19, 31])
(102214, [42, 1, 19, 44, 3, 22])
(102215, [42])
(102216, [42])
(102217, [42, 26, 21, 44, 3, 12])
(102218, [6])
(102219, [6, 40])
(102220, [6])
(102221, [6, 1, 43, 23, 2, 14])
(102222, [6, 19, 8, 40])
(102223, [6, 1, 31, 41, 23, 2])
(102224, [6])
(102225, [6, 12])
(102226, [6, 1, 43, 31, 30, 15])
(102227, [6, 2])
(102228, [6, 30])
(102229, [6])
(102230, [6, 44])
(102231, [6, 36, 30, 2])
(102232, [6])
(102233, [6, 26, 43, 23, 13])
(102234, [6])
(102235, [6])
(102236, [6])
(102237, [6])
(102238, [6])
(102239, [28])
(102240, [28, 41])
(102241, [28])
(102242, [28, 24, 15])
(102243, [28])
(102244, [28, 1, 43, 15, 3])
(102245, [28])
(102246, [28])
(102247, [28, 1, 26, 31])
(102248, [17, 19, 21, 3, 2])
(102249, [17])
(102250, [17, 36, 40, 2, 14, 25])
(102251, [17])
(102252, [17, 2, 14])
(102253, [17, 3])
(102254, [17, 44, 15, 12, 2])
(102255, [17, 44, 40])
(102256, [17])
(102257, [17, 1, 4])
(102258, [17])
(102259, [17, 41, 2])
(102260, [17])
(102261, [17, 24, 2])
(102262, [17])
(102263, [17])
(102264, [1])
(102265, [1])
(102266, [1, 37, 23])
(102267, [1, 15])
(102268, [1])
(102269, [1, 3])
(102270, [1, 4, 2])
(102271, [1, 3])
(102272, [1])
(102273, [1, 15])
(102274, [1, 3])
(102275, [1])
(102276, [1])
(102277, [1, 19, 26, 21, 3])
(102278, [1, 21])
(102279, [1])
(102280, [1])
(102281, [1, 19, 3])
(102282, [1, 44])
(102283, [1])
(102284, [1])
(102285, [1])
(102286, [1, 30])
(102287, [1])
(102288, [1])
(102289, [1])
(102290, [1])
(102291, [1])
(102292, [1, 15, 3])
(102293, [1, 22])
(102294, [1, 26, 8, 15, 5])
(102295, [1, 3, 22])
(102296, [1])
(102297, [1])
(102298, [1])
(102299, [1])
(102300, [1])
(102301, [1])
(102302, [1, 3])
(102303, [1])
(102304, [1, 21, 23, 3])
(102305, [1])
(102306, [10])
(102307, [10])
(102308, [10])
(102309, [10])
(102310, [10])
(102311, [10])
(102312, [10])
(102313, [10])
(102314, [10, 12])
(102315, [19, 21, 3])
(102316, [19, 26, 31, 30])
(102317, [19, 41])
(102318, [19])
(102319, [19])
(102320, [19, 30])
(102321, [19, 2])
(102322, [19, 15])
(102323, [19])
(102324, [19])
(102325, [19, 24, 2, 25])
(102326, [19, 38, 23, 12])
(102327, [19, 37])
(102328, [19, 44])
(102329, [19])
(102330, [19, 3])
(102331, [19])
(102332, [19, 21])
(102333, [19, 14])
(102334, [19])
(102335, [19])
(102336, [19, 43, 30, 2])
(102337, [19, 26, 13])
(102338, [19])
(102339, [19, 26, 4, 2])
(102340, [19])
(102341, [19, 31, 3])
(102342, [19])
(102343, [19])
(102344, [19])
(102345, [19])
(102346, [19, 21])
(102347, [19])
(102348, [19])
(102349, [19])
(102350, [19])
(102351, [19, 30])
(102352, [19, 8])
(102353, [19])
(102354, [19])
(102355, [19])
(102356, [26, 41])
(102357, [26])
(102358, [26, 3, 12, 2])
(102359, [26, 43, 41])
(102360, [26])
(102361, [26, 41, 4])
(102362, [26, 2])
(102363, [26, 43, 31, 41, 23, 12])
(102364, [26])
(102365, [26])
(102366, [26])
(102367, [26])
(102368, [26, 41, 2])
(102369, [26])
(102370, [26])
(102371, [26])
(102372, [26])
(102373, [26])
(102374, [26, 44, 12])
(102375, [26])
(102376, [26])
(102377, [26])
(102378, [26])
(102379, [26])
(102380, [26])
(102381, [8])
(102382, [8, 23])
(102383, [8])
(102384, [8, 23])
(102385, [8])
(102386, [8])
(102387, [8, 2])
(102388, [8, 39])
(102389, [8])
(102390, [8])
(102391, [8])
(102392, [8])
(102393, [8])
(102394, [8])
(102395, [21])
(102396, [21])
(102397, [21, 41])
(102398, [21])
(102399, [21])
(102400, [21])
(102401, [21])
(102402, [21])
(102403, [21])
(102404, [21])
(102405, [21])
(102406, [21])
(102407, [21])
(102408, [21])
(102409, [21])
(102410, [21])
(102411, [21])
(102412, [21, 3])
(102413, [21])
(102414, [21])
(102415, [21])
(102416, [21])
(102417, [21])
(102418, [21])
(102419, [21])
(102420, [21])
(102421, [21, 43, 3])
(102422, [21])
(102423, [21])
(102424, [21])
(102425, [21])
(102426, [21])
(102427, [21])
(102428, [21])
(102429, [21])
(102430, [21, 30])
(102431, [21])
(102432, [21, 31])
(102433, [21, 3])
(102434, [21])
(102435, [21])
(102436, [21])
(102437, [21])
(102438, [21])
(102439, [21])
(102440, [21])
(102441, [21])
(102442, [21])
(102443, [21])
(102444, [21])
(102445, [21])
(102446, [21])
(102447, [21, 3])
(102448, [44])
(102449, [44, 43])
(102450, [44, 2])
(102451, [44, 14])
(102452, [44])
(102453, [44, 24, 2, 14])
(102454, [44])
(102455, [44, 24, 13])
(102456, [44])
(102457, [44])
(102458, [43, 12])
(102459, [43])
(102460, [43])
(102461, [43, 39])
(102462, [43, 4])
(102463, [43, 4, 2])
(102464, [43, 4])
(102465, [43])
(102466, [43])
(102467, [43])
(102468, [43])
(102469, [43])
(102470, [43])
(102471, [43])
(102472, [43])
(102473, [43])
(102474, [43])
(102475, [43])
(102476, [43])
(102477, [43])
(102478, [43])
(102479, [43])
(102480, [43, 4])
(102481, [43])
(102482, [43])
(102483, [38])
(102484, [38])
(102485, [38])
(102486, [36])
(102487, [36])
(102488, [36])
(102489, [36])
(102490, [36, 14])
(102491, [36])
(102492, [36])
(102493, [36, 14])
(102494, [36])
(102495, [36])
(102496, [36])
(102497, [36])
(102498, [36])
(102499, [36])
(102500, [36, 30])
(102501, [36])
(102502, [36])
(102503, [36])
(102504, [36])
(102505, [36])
(102506, [36])
(102507, [36])
(102508, [36])
(102509, [36])
(102510, [36])
(102511, [36])
(102512, [36])
(102513, [36])
(102514, [36])
(102515, [36])
(102516, [31])
(102517, [31])
(102518, [31])
(102519, [31])
(102520, [31])
(102521, [31])
(102522, [30])
(102523, [30])
(102524, [30])
(102525, [30])
(102526, [30])
(102527, [30])
(102528, [30, 12])
(102529, [30])
(102530, [30])
(102531, [30])
(102532, [30])
(102533, [30, 39, 3])
(102534, [30, 12])
(102535, [37])
(102536, [37])
(102537, [39])
(102538, [39])
(102539, [39, 3])
(102540, [39])
(102541, [41])
(102542, [41, 4])
(102543, [41, 13])
(102544, [41])
(102545, [41])
(102546, [41])
(102547, [41])
(102548, [41])
(102549, [41])
(102550, [41])
(102551, [41])
(102552, [41])
(102553, [24])
(102554, [24])
(102555, [24])
(102556, [24])
(102557, [24])
(102558, [24])
(102559, [24])
(102560, [24])
(102561, [24, 2])
(102562, [24])
(102563, [23])
(102564, [23])
(102565, [23])
(102566, [23])
(102567, [23])
(102568, [23])
(102569, [23])
(102570, [23])
(102571, [23])
(102572, [23, 4])
(102573, [23])
(102574, [23])
(102575, [23, 3])
(102576, [23])
(102577, [23])
(102578, [23])
(102579, [23])
(102580, [23])
(102581, [23])
(102582, [23])
(102583, [23])
(102584, [23])
(102585, [23])
(102586, [23])
(102587, [23])
(102588, [23])
(102589, [23])
(102590, [23])
(102591, [23])
(102592, [23])
(102593, [23])
(102594, [23])
(102595, [23])
(102596, [23])
(102597, [23])
(102598, [23])
(102599, [23])
(102600, [23])
(102601, [23])
(102602, [23])
(102603, [23])
(102604, [23, 3])
(102605, [23])
(102606, [23])
(102607, [23])
(102608, [23])
(102609, [23])
(102610, [23])
(102611, [23])
(102612, [23])
(102613, [23])
(102614, [23])
(102615, [23])
(102616, [23])
(102617, [23])
(102618, [23])
(102619, [4])
(102620, [4])
(102621, [4])
(102622, [4])
(102623, [4])
(102624, [4])
(102625, [4])
(102626, [4, 2])
(102627, [4])
(102628, [4])
(102629, [4])
(102630, [4])
(102631, [4])
(102632, [4])
(102633, [4])
(102634, [4])
(102635, [4, 3])
(102636, [4])
(102637, [4])
(102638, [4])
(102639, [4])
(102640, [4])
(102641, [4])
(102642, [15])
(102643, [15])
(102644, [15])
(102645, [15])
(102646, [15])
(102647, [15])
(102648, [15])
(102649, [15])
(102650, [15])
(102651, [15])
(102652, [15])
(102653, [15])
(102654, [15])
(102655, [15, 40])
(102656, [15])
(102657, [3])
(102658, [3])
(102659, [3])
(102660, [3])
(102661, [3])
(102662, [3])
(102663, [3])
(102664, [3])
(102665, [3])
(102666, [3])
(102667, [3])
(102668, [3])
(102669, [3])
(102670, [3, 12])
(102671, [3])
(102672, [3])
(102673, [3])
(102674, [3])
(102675, [3])
(102676, [3])
(102677, [3])
(102678, [3])
(102679, [3])
(102680, [3])
(102681, [3])
(102682, [3])
(102683, [3])
(102684, [3])
(102685, [3])
(102686, [3])
(102687, [3])
(102688, [12])
(102689, [12])
(102690, [12])
(102691, [12])
(102692, [12])
(102693, [12])
(102694, [12])
(102695, [12])
(102696, [12])
(102697, [12])
(102698, [12])
(102699, [12])
(102700, [12])
(102701, [12])
(102702, [12])
(102703, [12])
(102704, [12])
(102705, [12])
(102706, [12])
(102707, [12])
(102708, [12])
(102709, [12])
(102710, [12])
(102711, [12])
(102712, [12])
(102713, [12, 14])
(102714, [12])
(102715, [12])
(102716, [12])
(102717, [12])
(102718, [12])
(102719, [12])
(102720, [12])
(102721, [12])
(102722, [12])
(102723, [12])
(102724, [12])
(102725, [12])
(102726, [12])
(102727, [12])
(102728, [12])
(102729, [12])
(102730, [12])
(102731, [12])
(102732, [12])
(102733, [12])
(102734, [12])
(102735, [12])
(102736, [12])
(102737, [12])
(102738, [12])
(102739, [12])
(102740, [12])
(102741, [12])
(102742, [12])
(102743, [12])
(102744, [12])
(102745, [12])
(102746, [12])
(102747, [12])
(102748, [12])
(102749, [12])
(102750, [12])
(102751, [12])
(102752, [12])
(102753, [12])
(102754, [12])
(102755, [12])
(102756, [12])
(102757, [12])
(102758, [12])
(102759, [12])
(102760, [12])
(102761, [12])
(102762, [12])
(102763, [12])
(102764, [40])
(102765, [40])
(102766, [40])
(102767, [2])
(102768, [2])
(102769, [2])
(102770, [2])
(102771, [2])
(102772, [2])
(102773, [2])
(102774, [2])
(102775, [2])
(102776, [2])
(102777, [2])
(102778, [2])
(102779, [2])
(102780, [2])
(102781, [2])
(102782, [2])
(102783, [2])
(102784, [2])
(102785, [2])
(102786, [2])
(102787, [2])
(102788, [2])
(102789, [2])
(102790, [2])
(102791, [2])
(102792, [2])
(102793, [2])
(102794, [2])
(102795, [2])
(102796, [2])
(102797, [2])
(102798, [2])
(102799, [2])
(102800, [2])
(102801, [2])
(102802, [2])
(102803, [2])
(102804, [2])
(102805, [2])
(102806, [2])
(102807, [2])
(102808, [2])
(102809, [2])
(102810, [2])
(102811, [2])
(102812, [2])
(102813, [2])
(102814, [2])
(102815, [2])
(102816, [2])
(102817, [2, 14])
(102818, [2])
(102819, [2])
(102820, [2])
(102821, [2])
(102822, [2])
(102823, [2])
(102824, [2])
(102825, [2])
(102826, [2])
(102827, [2])
(102828, [2])
(102829, [2])
(102830, [2])
(102831, [2])
(102832, [2])
(102833, [2])
(102834, [2])
(102835, [2])
(102836, [2])
(102837, [2])
(102838, [2])
(102839, [13])
(102840, [13])
(102841, [13])
(102842, [13])
(102843, [13])
(102844, [13])
(102845, [13])
(102846, [5])
(102847, [5])
(102848, [5])
(102849, [5])
(102850, [5])
(102851, [5])
(102852, [5])
(102853, [14])
(102854, [14])
(102855, [14])
(102856, [14])
(102857, [14])
(102858, [14])
(102859, [14])
(102860, [14])
(102861, [14])
(102862, [14])
(102863, [14])
(102864, [14])
(102865, [14])
(102866, [14])
(102867, [14])
(102868, [14])
(102869, [14])
(102870, [14])
(102871, [14])
(102872, [14])
(102873, [14])
(102874, [22])
(102875, [22])
(102876, [22])
(102877, [22])
(102878, [22])
(102879, [22])
(102880, [22])
(102881, [22])
(102882, [22])
(102883, [22])
(102884, [22])
(102885, [22])
(102886, [22])
(102887, [22])
(102888, [22])
(102889, [22])
(102890, [25])
