(67200, [32, 35, 34, 33, 20, 18, 27, 9, 0, 11, 7, 29, 16, 42, 6, 28, 17, 1, 10, 19, 26, 8, 21, 44, 43, 38, 36, 31, 30, 37, 39, 41, 24, 23, 4, 15, 3, 12, 40, 2, 13, 5, 14, 22, 25])
(67201, [32, 35, 34, 33, 20, 18, 27, 9, 0, 11, 7, 29, 16, 42, 6, 28, 17, 1, 10, 19, 26, 8, 21, 44, 43, 38, 36, 31, 30, 37, 39, 41, 24, 23, 4, 15, 3, 12, 40, 2, 13, 5, 14, 22, 25])
(67202, [32, 35, 34, 33, 20, 18, 27, 9, 0, 11, 7, 29, 16, 42, 6, 28, 17, 1, 10, 19, 26, 8, 21, 44, 43, 38, 36, 31, 30, 37, 39, 41, 24, 23, 4, 15, 3, 12, 40, 2, 13, 5, 14, 22, 25])
(67203, [32, 35, 34, 33, 20, 18, 27, 9, 0, 11, 7, 29, 16, 42, 6, 28, 17, 1, 10, 19, 26, 8, 21, 44, 43, 38, 36, 31, 30, 37, 39, 41, 24, 23, 4, 15, 3, 12, 40, 2, 13, 5, 14, 22, 25])
(67204, [32, 11, 19, 30, 23, 3, 40])
(67205, [32, 35, 34, 33, 20, 18, 27, 9, 0, 11, 7, 29, 16, 42, 6, 28, 17, 1, 10, 19, 26, 8, 21, 44, 43, 31, 30, 37, 39, 41, 24, 23, 4, 15, 3, 12, 40, 2, 13, 5, 14, 22])
(67206, [32, 35, 34, 33, 20, 18, 27, 9, 0, 16, 6, 28, 17, 1, 10, 19, 26, 21, 44, 43, 38, 36, 31, 30, 24, 23, 4, 15, 3, 12, 40, 2, 14, 22])
(67207, [32, 35, 34, 33, 20, 18, 27, 9, 0, 11, 7, 16, 42, 6, 28, 17, 1, 10, 19, 26, 8, 21, 44, 43, 38, 36, 31, 30, 37, 39, 41, 24, 23, 4, 15, 3, 12, 40, 2, 13, 5, 14, 22, 25])
(67208, [32, 35, 34, 33, 18, 9, 0, 11, 7, 29, 16, 42, 6, 17, 1, 19, 26, 8, 21, 44, 43, 36, 31, 30, 37, 39, 41, 23, 4, 15, 3, 12, 40, 2, 13, 5, 14, 22])
(67209, [32, 33, 20, 18, 9, 0, 11, 7, 29, 16, 42, 6, 17, 1, 10, 19, 21, 44, 43, 31, 30, 37, 39, 41, 24, 23, 4, 15, 3, 12, 40, 2, 13, 14, 22])
(67210, [32, 35, 34, 33, 20, 18, 27, 9, 0, 11, 7, 16, 6, 17, 1, 10, 19, 26, 8, 21, 44, 43, 31, 30, 37, 39, 41, 24, 23, 4, 15, 3, 12, 40, 2, 13, 5, 14, 22])
(67211, [32, 34, 33, 9, 11, 29, 6, 26, 31, 30, 41, 24, 4, 40, 2, 13])
(67212, [32, 33, 18, 9, 11, 16, 6, 19, 26, 44, 43, 41, 23, 4, 15, 40, 2])
(67213, [32, 35, 34, 33, 20, 18, 27, 9, 0, 11, 7, 29, 16, 42, 6, 28, 17, 1, 10, 19, 26, 8, 21, 44, 43, 38, 36, 31, 30, 37, 39, 41, 24, 23, 4, 15, 3, 12, 40, 2, 13, 5, 14, 22, 25])
(67214, [32, 34, 33, 20, 18, 9, 0, 11, 7, 29, 16, 42, 17, 1, 19, 21, 44, 38, 31, 30, 37, 24, 23, 4, 15, 3, 12, 2])
(67215, [32, 20, 9, 0, 16, 6, 17, 1, 19, 26, 43, 23, 4, 15, 3, 12, 40, 2, 25])
(67216, [32, 34, 33, 20, 18, 27, 9, 0, 11, 7, 29, 16, 42, 6, 28, 17, 1, 10, 19, 26, 8, 21, 44, 43, 36, 31, 30, 41, 24, 23, 4, 15, 3, 12, 40, 2, 13, 5, 14, 22])
(67217, [32, 33, 18, 9, 4, 2, 25])
(67218, [32])
(67219, [32, 35, 34, 33, 20, 18, 0, 7, 16, 42, 6, 17, 1, 19, 21, 44, 43, 38, 31, 30, 37, 41, 24, 23, 4, 15, 3, 12, 2, 22])
(67220, [32, 34, 33, 20, 18, 27, 9, 0, 11, 16, 6, 17, 1, 10, 19, 26, 8, 21, 44, 43, 38, 36, 31, 30, 39, 41, 24, 23, 4, 15, 3, 12, 40, 2, 13, 14, 22])
(67221, [32, 34, 33, 11, 17, 1, 19, 26, 8, 21, 44, 30, 41, 15, 3, 5, 22])
(67222, [32, 34, 33, 18, 9, 11, 7, 16, 6, 17, 1, 19, 26, 8, 21, 44, 43, 38, 31, 30, 41, 24, 23, 4, 15, 3, 2, 13, 5, 14, 22, 25])
(67223, [32, 34, 33, 9, 29, 6, 28, 19, 38, 31, 30, 39, 4, 15, 12, 40, 2, 22])
(67224, [32, 35, 18, 9, 0, 11, 16, 6, 28, 17, 1, 8, 21, 43, 31, 30, 39, 41, 24, 23, 4, 15, 3, 12, 40, 2, 5])
(67225, [32, 35, 34, 33, 18, 9, 0, 11, 7, 29, 16, 6, 17, 1, 10, 19, 8, 21, 44, 43, 38, 31, 30, 37, 39, 41, 24, 23, 4, 15, 3, 12, 2, 13, 5, 14, 22])
(67226, [32, 35, 33, 18, 27, 9, 0, 11, 7, 16, 6, 17, 1, 10, 19, 26, 8, 21, 44, 31, 30, 39, 24, 23, 4, 15, 3, 12, 40, 2, 13, 22])
(67227, [32, 20, 18, 9, 0, 16, 42, 6, 28, 1, 19, 26, 31, 24, 15, 3, 2, 5])
(67228, [32, 35, 18, 9, 6, 1, 8, 44, 43, 12, 40, 2, 13, 14])
(67229, [32, 35, 34, 33, 20, 18, 9, 0, 11, 16, 6, 28, 17, 1, 8, 44, 43, 31, 37, 39, 41, 24, 23, 4, 15, 3, 12, 40, 2, 5, 14])
(67230, [32, 34, 33, 18, 43, 31, 41, 40])
(67231, [32, 1])
(67232, [32, 34, 33, 18, 9, 11, 7, 17, 1, 10, 19, 26, 44, 43, 31, 37, 39, 41, 24, 23, 4, 15, 3, 40, 2, 13, 14, 25])
(67233, [32, 35, 34, 33, 20, 18, 9, 0, 11, 7, 16, 42, 6, 28, 17, 1, 19, 26, 8, 44, 43, 36, 31, 30, 41, 24, 23, 4, 15, 3, 12, 40, 2, 13, 5, 14])
(67234, [32, 20, 18, 9, 0, 1, 26, 21, 38, 31, 30, 41, 15, 3, 40])
(67235, [32, 35, 34, 9, 28, 44, 43, 36, 31, 24, 15, 2, 14])
(67236, [32, 34, 33, 11, 6, 1, 26, 21, 44, 31, 30, 23, 4, 15, 3, 2, 22])
(67237, [32, 18, 23])
(67238, [32, 18, 0, 6, 17, 26, 44, 43, 4, 15, 3, 40, 2, 14])
(67239, [32, 35, 34, 20, 18, 27, 9, 0, 7, 16, 6, 28, 1, 10, 19, 26, 8, 21, 44, 43, 38, 31, 30, 41, 24, 23, 4, 15, 3, 12, 40, 2, 14, 25])
(67240, [32, 34, 33, 9, 11, 26, 31, 30, 24, 4, 3, 14])
(67241, [32, 34, 33, 18, 27, 9, 0, 11, 6, 1, 19, 8, 31, 30, 23, 4, 3, 12, 40, 2])
(67242, [32, 35, 20, 18, 27, 9, 0, 6, 28, 1, 26, 8, 44, 43, 38, 30, 39, 41, 23, 4, 15, 3, 12])
(67243, [32])
(67244, [32, 34, 0, 21, 38, 31, 30, 15])
(67245, [32])
(67246, [32, 43, 4, 15, 3])
(67247, [32, 18, 9, 1, 21, 44, 30, 4, 15, 12, 22])
(67248, [32, 34, 33, 18, 9, 0, 11, 16, 6, 17, 1, 10, 19, 26, 8, 21, 44, 43, 31, 30, 41, 24, 23, 4, 15, 3, 12, 40, 2, 13, 14])
(67249, [32, 18, 11, 6, 19, 26, 44, 43, 31, 15, 3, 2, 22])
(67250, [32, 35, 34, 33, 20, 18, 9, 11, 7, 29, 16, 42, 6, 17, 1, 19, 26, 8, 21, 44, 43, 31, 30, 37, 39, 41, 24, 23, 4, 15, 3, 12, 2, 13, 5, 22])
(67251, [32, 9, 0, 4, 15])
(67252, [32, 9, 6, 26, 8, 43, 41, 24, 15])
(67253, [32, 18, 9, 6, 44, 43, 4, 40, 2])
(67254, [32, 34, 20, 9, 0, 11, 7, 42, 17, 1, 10, 19, 8, 44, 43, 31, 23, 3, 12, 40, 2, 22])
(67255, [32, 35, 33, 20, 18, 27, 0, 11, 7, 16, 42, 6, 17, 1, 26, 21, 44, 30, 39, 41, 23, 4, 15, 3, 40, 2, 22])
(67256, [32, 35, 33, 18, 17, 1, 19, 21, 30, 23, 4, 15, 3, 12, 22])
(67257, [32, 35, 34, 33, 20, 11, 44, 31])
(67258, [32, 35, 9, 0, 7, 42, 1, 44, 43, 36, 31, 30, 41, 4, 3, 12, 2, 14])
(67259, [32, 33, 9, 0, 7, 16, 1, 10, 21, 43, 41, 4, 15, 3, 12, 2])
(67260, [32, 18, 9, 6, 17, 1, 19, 26, 21, 43, 31, 30, 41, 24, 23, 4, 15, 3, 40, 2, 13])
(67261, [32, 34, 20, 27, 0, 11, 7, 6, 1, 26, 43, 41, 24, 4, 15, 3, 12, 2, 14])
(67262, [32, 35, 34, 33, 20, 18, 9, 0, 11, 7, 16, 42, 6, 28, 17, 1, 10, 19, 26, 21, 44, 43, 38, 31, 30, 39, 41, 24, 23, 4, 15, 3, 12, 40, 2, 13, 5, 14])
(67263, [32, 34, 27, 9, 1, 19, 26, 44, 43, 31, 30, 23, 4, 15, 12, 40, 2, 13, 22])
(67264, [32, 34, 33, 9, 17, 1, 44, 30, 41, 40])
(67265, [32, 11, 30, 2])
(67266, [32, 9, 7, 1, 10, 24, 15, 3, 12, 2, 13, 5])
(67267, [32, 27, 0, 42, 43, 23])
(67268, [32, 34, 33, 20, 9, 0, 11, 29, 17, 1, 10, 19, 26, 21, 44, 31, 41, 24, 4, 15, 3, 12, 40, 2, 13, 14])
(67269, [32, 35, 34, 33, 20, 18, 9, 0, 11, 7, 29, 16, 6, 17, 1, 10, 19, 26, 8, 21, 44, 36, 31, 30, 37, 41, 24, 23, 4, 15, 3, 12, 40, 2, 13, 5, 22])
(67270, [32, 9, 43, 31, 41, 2])
(67271, [32, 6, 1, 44, 43, 30, 4, 15, 40, 2, 14])
(67272, [32, 33, 27, 9, 7, 17, 1, 19, 26, 8, 21, 31, 30, 23, 3, 2, 22])
(67273, [32])
(67274, [32, 35, 34, 33, 20, 18, 27, 9, 0, 11, 7, 16, 42, 6, 28, 17, 1, 19, 26, 21, 44, 43, 38, 31, 30, 39, 41, 24, 23, 4, 15, 3, 12, 2, 13, 14, 22])
(67275, [32, 18, 6, 15])
(67276, [32, 35, 34, 18, 0, 1, 26, 43, 31, 30, 39, 24, 15, 3, 12, 40])
(67277, [32, 18, 43])
(67278, [32, 33, 27, 9, 43])
(67279, [32, 35, 34, 18, 9, 0, 10, 31, 41, 3, 12, 13, 5])
(67280, [32, 20, 18, 9, 11, 17, 1, 19, 44, 43, 31, 30, 37, 41, 24, 4, 15, 3, 12, 2, 22])
(67281, [32, 33, 20, 18, 0, 7, 1, 10, 19, 26, 21, 44, 31, 12])
(67282, [32, 35, 34, 33, 20, 18, 9, 0, 11, 7, 16, 42, 6, 1, 19, 8, 21, 44, 43, 38, 36, 31, 30, 37, 39, 41, 24, 23, 4, 15, 3, 12, 40, 2, 5, 22])
(67283, [32, 33, 19, 41, 4, 3, 2, 5, 22])
(67284, [32])
(67285, [32, 34, 33, 20, 18, 42, 17, 1, 19, 26, 8, 44, 43, 31, 30, 41, 15, 3, 12])
(67286, [32, 18, 0, 6, 1, 4, 3, 12])
(67287, [32, 34, 33, 26, 31, 30, 40, 2])
(67288, [32, 33, 17, 1, 19, 44, 43, 31, 15, 3, 2, 5])
(67289, [32, 34, 9, 11, 7, 1, 19, 21, 44, 31, 24, 23, 4, 15, 2, 14])
(67290, [32, 0, 29, 44, 30, 41, 24, 3, 2])
(67291, [32])
(67292, [32, 35, 34, 33, 20, 18, 27, 9, 0, 11, 7, 16, 42, 6, 28, 17, 1, 10, 19, 26, 8, 21, 44, 43, 38, 36, 31, 30, 39, 41, 24, 23, 4, 15, 3, 12, 40, 2, 13, 5, 14, 25])
(67293, [32, 34, 33, 20, 18, 9, 0, 7, 42, 1, 26, 21, 44, 43, 31, 30, 37, 41, 23, 15, 3, 12, 2, 5])
(67294, [32, 1, 43, 41])
(67295, [32, 9, 0, 11, 16, 30, 3, 12, 2])
(67296, [32, 34, 33, 9, 0, 26, 31, 30, 4, 15, 40, 2])
(67297, [32, 34, 33, 9, 0, 28, 39, 41, 12, 2, 22])
(67298, [32, 19, 44, 31, 3])
(67299, [32, 34, 33, 26, 31, 30, 3])
(67300, [32, 31])
(67301, [32, 20, 0, 7, 30])
(67302, [32])
(67303, [32, 34, 33, 9, 11, 16, 6, 28, 17, 1, 19, 26, 36, 31, 30, 41, 23, 4, 3, 12, 2, 14])
(67304, [32])
(67305, [32, 35, 26, 44, 31, 23])
(67306, [32])
(67307, [32, 21, 2])
(67308, [32, 33, 18, 1, 19, 26, 31, 30, 24, 3])
(67309, [32, 35, 34, 33, 9, 11, 6, 28, 1, 10, 26, 43, 31, 30, 41, 24, 23, 4, 3, 12, 40, 2, 5, 14, 25])
(67310, [32, 35, 34, 33, 27, 9, 11, 7, 28, 17, 19, 26, 44, 43, 30, 39, 41, 24, 23, 4, 15, 3, 12, 40, 2, 13, 14])
(67311, [32])
(67312, [32, 33, 20, 18, 0, 7, 16, 1, 8, 44, 43, 38, 31, 30, 41, 15, 3, 12, 2, 13])
(67313, [32])
(67314, [32, 35, 34, 20, 9, 0, 11, 7, 42, 6, 17, 1, 19, 26, 8, 21, 44, 43, 41, 24, 23, 4, 15, 3, 12, 2, 13, 14])
(67315, [32, 18, 9, 4])
(67316, [32, 35, 34, 33, 20, 18, 9, 16, 42, 28, 1, 10, 19, 8, 21, 44, 31, 30, 37, 23, 15, 3, 12, 2, 13])
(67317, [32, 0, 42])
(67318, [32, 20, 18, 9, 0, 11, 7, 16, 42, 6, 17, 1, 26, 21, 44, 38, 31, 37, 4, 3, 12, 2, 22])
(67319, [32, 33, 18, 9, 6, 19, 26, 41, 15, 40, 2, 14])
(67320, [32, 35, 34, 33, 18, 11, 7, 1, 19, 21, 44, 38, 36, 31, 24, 23, 12, 2, 14])
(67321, [32, 1, 14])
(67322, [35])
(67323, [35])
(67324, [35, 34, 18, 9, 0, 7, 29, 16, 1, 19, 8, 21, 44, 30, 41, 23, 4, 3, 12, 2, 22])
(67325, [35, 33, 9, 0, 11, 1, 19, 26, 8, 21, 44, 43, 38, 31, 39, 23, 3, 12, 2, 5])
(67326, [35, 33, 11, 1, 19, 21, 44, 31, 4, 12, 2])
(67327, [35, 19, 26, 21, 31, 41, 3])
(67328, [35, 18, 1])
(67329, [35, 20, 18, 0, 6, 1, 19, 26, 8, 43, 41, 24, 23, 3, 12, 2, 13, 22])
(67330, [35, 34, 7, 1, 21, 3])
(67331, [35, 11, 21, 44, 30, 4, 15, 2, 22])
(67332, [35, 36, 14])
(67333, [35])
(67334, [35, 34, 33, 18, 27, 9, 11, 16, 6, 28, 17, 1, 19, 26, 44, 43, 38, 36, 31, 30, 39, 41, 24, 23, 4, 15, 3, 12, 40, 2, 14, 25])
(67335, [35, 34, 33, 20, 18, 27, 9, 7, 42, 6, 28, 1, 10, 26, 8, 44, 43, 31, 30, 37, 41, 23, 4, 15, 3, 12, 2, 5])
(67336, [35, 34, 20, 18, 0, 11, 16, 1, 31, 30, 3])
(67337, [35, 33, 9, 11, 29, 16, 6, 17, 1, 19, 21, 44, 36, 31, 30, 37, 3])
(67338, [35])
(67339, [35, 18, 16, 42, 1, 26, 38, 39, 15, 3, 40, 2, 22])
(67340, [35])
(67341, [35, 16])
(67342, [35, 0, 16, 10, 21, 23, 40, 5])
(67343, [35])
(67344, [35, 34, 9, 11, 6, 28, 10, 19, 26, 43, 36, 31, 30, 41, 24, 4, 15, 3, 40, 2, 14])
(67345, [35, 20, 11, 29, 1, 21, 38, 31, 3, 12, 22])
(67346, [35])
(67347, [35, 9, 11, 16, 42, 17, 1, 19, 26, 21, 44, 31, 30, 23, 4, 3, 12])
(67348, [35])
(67349, [35, 33, 20, 42, 1, 26, 43, 30, 3])
(67350, [35, 34, 9, 0, 11, 7, 1, 19, 26, 43, 36, 31, 24, 3, 12, 13])
(67351, [35, 10])
(67352, [35])
(67353, [35])
(67354, [35, 11, 8, 44, 43, 23, 4])
(67355, [35, 17, 44, 43, 30, 15, 5])
(67356, [35])
(67357, [35])
(67358, [35])
(67359, [35])
(67360, [34, 20, 9, 0, 16, 41, 23, 2])
(67361, [34, 18, 15])
(67362, [34, 33, 20, 18, 9, 0, 11, 7, 16, 42, 6, 28, 17, 1, 19, 26, 44, 43, 31, 30, 41, 24, 4, 15, 3, 12, 40, 2, 13, 14])
(67363, [34])
(67364, [34, 33, 20, 27, 9, 0, 16, 10, 19, 26, 31, 30, 39, 24, 15, 12, 40, 2, 14])
(67365, [34, 20, 18, 9, 0, 7, 42, 6, 28, 17, 1, 19, 8, 44, 43, 36, 15, 3])
(67366, [34, 17, 43, 41, 2, 14])
(67367, [34])
(67368, [34])
(67369, [34, 26])
(67370, [34, 33, 20, 18, 9, 0, 7, 16, 42, 17, 1, 10, 19, 26, 8, 21, 44, 31, 30, 39, 23, 4, 3, 12, 2, 13, 22])
(67371, [34])
(67372, [34])
(67373, [34, 11, 7, 17, 1, 26, 21, 44, 43, 30, 3, 12, 2, 13])
(67374, [34, 27, 9, 0, 11, 42, 6, 17, 1, 19, 26, 44, 43, 4, 3, 40, 2, 5, 14])
(67375, [34])
(67376, [34, 23, 4])
(67377, [34])
(67378, [34, 20, 4])
(67379, [34, 1, 19, 26, 3])
(67380, [34, 20, 11, 1, 19, 30, 4, 3, 2, 13])
(67381, [34, 33, 20, 11, 1, 26, 21, 13])
(67382, [34, 33, 3, 14])
(67383, [34, 33, 18, 27, 0, 11, 7, 16, 42, 6, 21, 36, 31, 30, 37, 39, 41, 24, 23, 4, 12, 2, 13, 5, 22])
(67384, [34, 1, 44])
(67385, [34, 33, 9, 11, 7, 17, 1, 26, 21, 44, 43, 31, 39, 24, 4, 15, 3, 40, 2, 13, 14, 22, 25])
(67386, [34, 33, 7, 6, 1, 21, 43, 36, 31, 30, 41, 3])
(67387, [34, 33, 20, 18, 0, 11, 7, 16, 42, 17, 1, 19, 26, 21, 44, 43, 31, 30, 41, 15, 2, 13, 22])
(67388, [34, 33, 18, 23, 3])
(67389, [34, 9, 7, 1, 43, 23, 3, 12, 2])
(67390, [34, 21, 37, 3])
(67391, [34, 20, 0, 1, 43, 3, 2, 22])
(67392, [34, 20, 9, 11, 7, 42, 10, 44, 38, 31, 41, 24, 4, 15, 12, 2])
(67393, [34, 20, 12])
(67394, [34])
(67395, [34, 18, 0, 1, 31, 3, 40])
(67396, [34, 0, 19, 3])
(67397, [34, 44, 12, 2])
(67398, [34])
(67399, [34, 20, 9, 0, 11, 21, 43, 41, 3])
(67400, [34, 33, 9, 17, 1, 44, 39, 15, 3, 2])
(67401, [34, 33, 11])
(67402, [34, 9, 0, 16, 31, 2])
(67403, [34, 9, 0, 11, 7, 17, 10, 44, 41, 15, 40])
(67404, [34])
(67405, [34, 18, 0, 1, 19, 44, 31, 23, 15, 2, 13])
(67406, [34, 33, 9, 11, 17, 30, 41, 24])
(67407, [34, 0, 12])
(67408, [34])
(67409, [34])
(67410, [34])
(67411, [34])
(67412, [34, 0])
(67413, [34])
(67414, [34, 0, 12])
(67415, [34])
(67416, [34])
(67417, [34, 9, 0])
(67418, [34, 7, 3])
(67419, [34, 33, 9, 0, 6, 26, 41, 2])
(67420, [34, 0])
(67421, [34, 33, 11, 19, 44, 36, 30, 2])
(67422, [33])
(67423, [33, 26])
(67424, [33, 20, 18, 0, 11, 7, 1, 19, 39, 3, 12, 40, 2])
(67425, [33])
(67426, [33])
(67427, [33, 1, 8, 23, 4, 12])
(67428, [33])
(67429, [33, 9, 11, 1, 26, 31, 24, 23, 3, 22])
(67430, [33])
(67431, [33, 0, 11, 1, 12])
(67432, [33, 0, 31, 23, 2])
(67433, [33, 6, 1, 8, 38, 30, 4, 3, 12, 2, 22])
(67434, [33, 9, 7, 29, 6, 1, 10, 19, 44, 43, 41, 15, 3, 12])
(67435, [33, 1, 19, 3])
(67436, [33, 0, 11, 19, 44, 4, 3])
(67437, [33, 22])
(67438, [33, 15, 40, 2, 13, 25])
(67439, [33, 3])
(67440, [33, 0, 1, 31, 3, 12])
(67441, [33])
(67442, [33, 20, 18, 9, 0, 3])
(67443, [33])
(67444, [33, 20, 27, 17, 3])
(67445, [33, 26, 41, 4, 2, 14])
(67446, [33, 1, 3])
(67447, [33, 11, 28, 17, 26, 44, 41, 24, 2, 14])
(67448, [33, 16, 26, 44, 41, 24, 23, 4, 40, 2, 14])
(67449, [33, 18, 11, 7, 29, 1, 19, 8, 21, 31, 30, 15, 22])
(67450, [33, 0, 19, 12])
(67451, [33])
(67452, [20])
(67453, [20, 0, 7, 17])
(67454, [20, 15])
(67455, [20, 18, 0])
(67456, [20])
(67457, [20, 9, 0, 11, 7, 16, 6, 17, 1, 10, 19, 26, 44, 43, 36, 31, 30, 41, 24, 4, 15, 3, 12, 2, 14, 25])
(67458, [20, 0, 1, 3])
(67459, [20])
(67460, [20, 0, 11, 7, 16, 42, 17, 1, 19, 26, 44, 43, 4, 15, 3, 2, 14])
(67461, [20, 9, 0, 7, 16, 42, 1, 3])
(67462, [20, 18, 9, 11, 6, 1, 26, 31, 30, 41, 4, 12, 2, 13])
(67463, [20, 41])
(67464, [20, 3])
(67465, [20, 18, 17, 2])
(67466, [20, 0, 1, 19, 38, 4, 3, 12, 22])
(67467, [20, 0])
(67468, [20, 16, 1, 44, 43, 3, 12])
(67469, [20, 9, 11, 16, 6, 28, 17, 1, 43, 31, 39, 41, 24, 23, 15, 3, 12, 2, 13, 22])
(67470, [20])
(67471, [20])
(67472, [20, 3])
(67473, [20, 0, 11, 7, 16, 28, 1, 10, 26, 21, 31, 41, 3, 12])
(67474, [20])
(67475, [20])
(67476, [20, 18, 6, 17, 1, 19, 26, 4, 15, 3, 40, 2, 14, 22, 25])
(67477, [20, 17])
(67478, [20, 21])
(67479, [20])
(67480, [20, 28, 21])
(67481, [20])
(67482, [20, 9, 0, 16, 1, 41, 3, 22])
(67483, [18, 29])
(67484, [18])
(67485, [18, 9, 0, 42, 1, 10, 4])
(67486, [18, 1, 21, 44, 31, 23, 3])
(67487, [18])
(67488, [18])
(67489, [18, 9, 11, 7, 16, 6, 19, 44, 43, 31, 23, 4, 15])
(67490, [18, 23])
(67491, [18])
(67492, [18])
(67493, [18, 0])
(67494, [18, 0, 28])
(67495, [18, 23])
(67496, [18, 6, 28, 17, 1, 41, 24, 15, 3, 12, 2])
(67497, [18])
(67498, [18])
(67499, [18, 9, 42, 17, 43, 36, 31, 30])
(67500, [18, 23, 3])
(67501, [18, 0, 11, 43, 15, 2])
(67502, [18])
(67503, [18])
(67504, [18, 21, 41, 12])
(67505, [18, 0, 16, 6, 43, 39, 24, 4, 3])
(67506, [18])
(67507, [18, 9, 24, 4, 40, 2, 14])
(67508, [18])
(67509, [18])
(67510, [18])
(67511, [18])
(67512, [18, 9, 3])
(67513, [18, 9, 0, 1, 23, 3, 12])
(67514, [18])
(67515, [18, 9, 17, 8, 36, 24, 23, 15, 2, 22])
(67516, [18, 8, 23, 3, 22])
(67517, [18, 9])
(67518, [18, 19, 43, 30, 3, 2])
(67519, [18])
(67520, [18])
(67521, [18])
(67522, [18, 43])
(67523, [18])
(67524, [18, 36, 4, 15])
(67525, [18])
(67526, [18])
(67527, [18])
(67528, [18])
(67529, [18])
(67530, [18])
(67531, [18])
(67532, [18])
(67533, [18])
(67534, [18])
(67535, [18])
(67536, [18])
(67537, [18])
(67538, [18])
(67539, [18])
(67540, [18, 11, 8, 44, 23, 12])
(67541, [18])
(67542, [18, 23])
(67543, [18])
(67544, [18, 27, 19, 4])
(67545, [18])
(67546, [18])
(67547, [18, 23])
(67548, [18, 0, 19, 30, 12, 2])
(67549, [18, 0, 1, 19])
(67550, [18])
(67551, [18])
(67552, [18])
(67553, [18, 6, 1, 43, 14])
(67554, [18, 2])
(67555, [18])
(67556, [18])
(67557, [18])
(67558, [18])
(67559, [18])
(67560, [18])
(67561, [18, 19, 26, 2])
(67562, [18, 3, 12])
(67563, [18])
(67564, [18])
(67565, [18])
(67566, [18, 6, 43, 31, 39, 3, 2, 5])
(67567, [18])
(67568, [18])
(67569, [18, 7, 43, 3])
(67570, [18, 10, 39, 41])
(67571, [18, 7])
(67572, [18])
(67573, [18, 1])
(67574, [18, 27, 11, 16, 17, 19, 26, 44, 41, 15, 12, 2, 13])
(67575, [18, 9, 0, 6, 10, 19, 43, 31, 39, 41, 24, 23, 40, 2, 14])
(67576, [18])
(67577, [18])
(67578, [27])
(67579, [27])
(67580, [27])
(67581, [27])
(67582, [27])
(67583, [27])
(67584, [27])
(67585, [27])
(67586, [9, 6, 41, 12, 2])
(67587, [9, 11, 19, 26, 36, 15, 2])
(67588, [9])
(67589, [9])
(67590, [9, 0, 15])
(67591, [9])
(67592, [9, 26])
(67593, [9, 26, 43])
(67594, [9, 43, 30])
(67595, [9])
(67596, [9, 0, 16])
(67597, [9, 17, 19, 26, 43, 31])
(67598, [9])
(67599, [9, 3])
(67600, [9])
(67601, [9, 0, 16, 1, 26, 44, 43, 23, 4, 15, 12, 2])
(67602, [9, 43, 23])
(67603, [9, 8, 43])
(67604, [9])
(67605, [9])
(67606, [9, 0, 7, 1, 19, 21, 44, 3, 2])
(67607, [9])
(67608, [9])
(67609, [9])
(67610, [9])
(67611, [9])
(67612, [9])
(67613, [9])
(67614, [9])
(67615, [9, 30, 23])
(67616, [9, 0, 31, 3, 12])
(67617, [9, 17, 19, 2])
(67618, [9])
(67619, [9])
(67620, [9, 30])
(67621, [9, 0])
(67622, [9])
(67623, [9, 11, 43, 24, 15])
(67624, [9])
(67625, [9])
(67626, [9])
(67627, [9, 6, 1, 31, 30, 24])
(67628, [9])
(67629, [9, 19])
(67630, [9, 43, 31])
(67631, [9])
(67632, [9])
(67633, [9])
(67634, [9])
(67635, [9])
(67636, [9])
(67637, [9])
(67638, [9, 0, 12, 2])
(67639, [9])
(67640, [9])
(67641, [9, 0, 11, 1, 44, 4, 3, 2])
(67642, [9])
(67643, [9])
(67644, [9, 10, 23, 12, 5, 22])
(67645, [9, 40])
(67646, [9])
(67647, [9, 11, 28, 26, 14])
(67648, [0, 12])
(67649, [0])
(67650, [0, 12])
(67651, [0])
(67652, [0])
(67653, [0])
(67654, [0, 12])
(67655, [0])
(67656, [0])
(67657, [0])
(67658, [0])
(67659, [0, 12])
(67660, [0])
(67661, [0])
(67662, [0])
(67663, [0])
(67664, [0])
(67665, [0])
(67666, [0])
(67667, [0, 11, 16, 10, 38, 3, 12])
(67668, [0])
(67669, [0])
(67670, [0])
(67671, [0])
(67672, [0])
(67673, [0])
(67674, [0])
(67675, [0])
(67676, [0])
(67677, [0])
(67678, [0, 16, 17, 1, 10, 19, 44, 43, 38, 39, 41, 24, 23, 4, 15, 12, 2, 14])
(67679, [0])
(67680, [0])
(67681, [0])
(67682, [0])
(67683, [0])
(67684, [0])
(67685, [0])
(67686, [0])
(67687, [0])
(67688, [0])
(67689, [0])
(67690, [0])
(67691, [0])
(67692, [0])
(67693, [0])
(67694, [0])
(67695, [0])
(67696, [0])
(67697, [0])
(67698, [0])
(67699, [0])
(67700, [0])
(67701, [0])
(67702, [0, 41, 12])
(67703, [0])
(67704, [0])
(67705, [0])
(67706, [0])
(67707, [0])
(67708, [0, 19, 26, 3, 2])
(67709, [0])
(67710, [0])
(67711, [0])
(67712, [0])
(67713, [0, 12])
(67714, [0])
(67715, [0])
(67716, [0])
(67717, [0])
(67718, [0])
(67719, [0])
(67720, [0])
(67721, [0])
(67722, [0])
(67723, [0])
(67724, [0])
(67725, [0])
(67726, [0])
(67727, [0])
(67728, [0])
(67729, [0])
(67730, [0, 12])
(67731, [0, 1, 12])
(67732, [0])
(67733, [0])
(67734, [0])
(67735, [0])
(67736, [0])
(67737, [0])
(67738, [0])
(67739, [0, 1, 19, 26])
(67740, [0])
(67741, [0])
(67742, [0, 16, 26, 31, 23])
(67743, [0])
(67744, [0])
(67745, [0])
(67746, [0])
(67747, [0])
(67748, [0])
(67749, [0])
(67750, [0])
(67751, [0])
(67752, [0])
(67753, [0])
(67754, [0])
(67755, [0])
(67756, [0])
(67757, [0])
(67758, [0, 12])
(67759, [0])
(67760, [0])
(67761, [0])
(67762, [0])
(67763, [0, 3])
(67764, [0, 3])
(67765, [0])
(67766, [0])
(67767, [0])
(67768, [0])
(67769, [0])
(67770, [0])
(67771, [0])
(67772, [0])
(67773, [0])
(67774, [0, 16])
(67775, [0])
(67776, [0])
(67777, [0])
(67778, [0, 36])
(67779, [0])
(67780, [0])
(67781, [0])
(67782, [0])
(67783, [0])
(67784, [0, 12])
(67785, [0])
(67786, [0])
(67787, [0])
(67788, [0])
(67789, [0])
(67790, [0])
(67791, [0])
(67792, [0])
(67793, [0, 10, 12])
(67794, [0])
(67795, [0])
(67796, [0])
(67797, [0])
(67798, [0, 12])
(67799, [0])
(67800, [0])
(67801, [0])
(67802, [0])
(67803, [0, 15])
(67804, [0])
(67805, [0])
(67806, [0])
(67807, [0])
(67808, [0])
(67809, [0])
(67810, [0, 1, 26])
(67811, [0])
(67812, [0])
(67813, [0])
(67814, [0])
(67815, [0])
(67816, [0, 12])
(67817, [0])
(67818, [0])
(67819, [0])
(67820, [0, 37, 40])
(67821, [0])
(67822, [0])
(67823, [0])
(67824, [0])
(67825, [0])
(67826, [0])
(67827, [0])
(67828, [0])
(67829, [0])
(67830, [0])
(67831, [0])
(67832, [0])
(67833, [0, 17, 1])
(67834, [0])
(67835, [0])
(67836, [0])
(67837, [0])
(67838, [0])
(67839, [0])
(67840, [0, 2])
(67841, [0])
(67842, [0])
(67843, [0])
(67844, [0])
(67845, [0])
(67846, [0])
(67847, [0])
(67848, [0])
(67849, [0])
(67850, [0])
(67851, [0])
(67852, [0])
(67853, [0])
(67854, [0])
(67855, [0])
(67856, [0])
(67857, [0])
(67858, [0])
(67859, [0])
(67860, [0])
(67861, [0])
(67862, [0])
(67863, [0])
(67864, [0, 12])
(67865, [0])
(67866, [0])
(67867, [0])
(67868, [0])
(67869, [0])
(67870, [0])
(67871, [0])
(67872, [0])
(67873, [0])
(67874, [0])
(67875, [0, 43, 31])
(67876, [0])
(67877, [0, 12])
(67878, [0])
(67879, [0])
(67880, [0])
(67881, [0, 11, 42, 6, 19, 43, 3, 14])
(67882, [0])
(67883, [0])
(67884, [0, 1, 8, 21, 43, 38, 30, 39, 15, 3])
(67885, [0, 2])
(67886, [0])
(67887, [0])
(67888, [0, 23])
(67889, [0])
(67890, [0, 12])
(67891, [0, 11])
(67892, [0])
(67893, [0])
(67894, [0])
(67895, [0])
(67896, [0])
(67897, [11])
(67898, [11, 19, 30, 23, 4, 15])
(67899, [11, 1, 12])
(67900, [11, 1, 19, 21, 30, 4, 3, 2, 22])
(67901, [11, 7, 1, 12])
(67902, [11, 1, 21, 31, 12])
(67903, [11, 16, 6, 1, 19, 26, 41, 24, 23, 15, 12, 2])
(67904, [11, 1])
(67905, [11])
(67906, [11, 19, 30, 23, 40, 5, 22])
(67907, [11, 13])
(67908, [11, 23])
(67909, [11])
(67910, [11, 17])
(67911, [11, 1])
(67912, [11])
(67913, [11, 7, 17, 1, 19, 26, 24, 4, 3, 2])
(67914, [11])
(67915, [11, 2])
(67916, [11, 1, 8, 36, 12])
(67917, [11, 44, 31])
(67918, [11, 7, 16, 17, 1, 21, 38, 30, 23, 3, 2, 22])
(67919, [11, 1, 19, 41, 24, 3])
(67920, [11, 17, 1, 43, 3, 2])
(67921, [11, 6, 1, 44, 3, 22])
(67922, [11, 44])
(67923, [11])
(67924, [11])
(67925, [11])
(67926, [11, 6, 17, 1, 31, 4, 3, 2])
(67927, [11])
(67928, [11, 26, 15])
(67929, [7])
(67930, [7, 1, 19, 44, 43, 41, 24, 15, 3, 40, 13])
(67931, [7])
(67932, [7, 44])
(67933, [7])
(67934, [7, 6, 15])
(67935, [7])
(67936, [7])
(67937, [7])
(67938, [7])
(67939, [7])
(67940, [7])
(67941, [7, 1, 3])
(67942, [7, 2])
(67943, [29])
(67944, [29])
(67945, [16, 6, 43, 3])
(67946, [16, 21, 12])
(67947, [16, 23])
(67948, [16, 1, 10, 43, 4, 3])
(67949, [16, 43, 4, 12, 2])
(67950, [16])
(67951, [16])
(67952, [16, 12])
(67953, [16])
(67954, [16])
(67955, [16, 21, 23, 22])
(67956, [16, 1, 26, 21, 31, 41, 23, 15])
(67957, [16, 36, 2, 14])
(67958, [16, 44, 36, 23, 2])
(67959, [16])
(67960, [16, 3])
(67961, [42, 3])
(67962, [42])
(67963, [42, 1, 19, 21, 44, 41, 3])
(67964, [42])
(67965, [6])
(67966, [6])
(67967, [6])
(67968, [6])
(67969, [6, 1, 12, 14])
(67970, [6, 28])
(67971, [6, 31])
(67972, [6])
(67973, [6, 17, 26, 36, 4, 5, 14])
(67974, [6, 30])
(67975, [6, 28, 17, 36])
(67976, [6, 23])
(67977, [6])
(67978, [28, 1])
(67979, [28, 19, 43, 36, 31, 41, 24, 14])
(67980, [28])
(67981, [28])
(67982, [28, 43, 41])
(67983, [17])
(67984, [17, 1])
(67985, [17, 26, 44, 14])
(67986, [17])
(67987, [17])
(67988, [17, 31, 4, 2])
(67989, [17])
(67990, [17, 1, 2])
(67991, [17])
(67992, [17])
(67993, [17])
(67994, [17, 41, 25])
(67995, [17, 2])
(67996, [17])
(67997, [17])
(67998, [17, 3])
(67999, [17])
(68000, [1, 3])
(68001, [1])
(68002, [1])
(68003, [1, 10, 19, 8, 21])
(68004, [1])
(68005, [1, 44, 31, 41, 24, 3])
(68006, [1, 12])
(68007, [1, 10, 19, 21, 44, 3, 12, 2])
(68008, [1, 44])
(68009, [1])
(68010, [1, 3])
(68011, [1, 44, 3])
(68012, [1])
(68013, [1])
(68014, [1, 21])
(68015, [1, 31, 41, 3, 12])
(68016, [1, 3])
(68017, [1])
(68018, [1])
(68019, [1, 3])
(68020, [1])
(68021, [1])
(68022, [1])
(68023, [1, 3])
(68024, [1])
(68025, [1])
(68026, [1])
(68027, [1])
(68028, [1])
(68029, [1, 21])
(68030, [1, 23])
(68031, [10])
(68032, [10])
(68033, [10])
(68034, [10, 8, 44, 41, 23, 3, 22])
(68035, [10])
(68036, [10, 12])
(68037, [10])
(68038, [10])
(68039, [10])
(68040, [10, 21])
(68041, [19, 43, 3, 25])
(68042, [19])
(68043, [19, 23, 15])
(68044, [19])
(68045, [19, 23])
(68046, [19, 3, 2])
(68047, [19])
(68048, [19, 21, 44, 3])
(68049, [19])
(68050, [19, 31])
(68051, [19, 40, 2, 22])
(68052, [19, 30, 3, 13])
(68053, [19, 15])
(68054, [19])
(68055, [19])
(68056, [19])
(68057, [19])
(68058, [19])
(68059, [19, 43, 4, 15, 12, 2])
(68060, [19])
(68061, [19])
(68062, [19])
(68063, [19, 30])
(68064, [19])
(68065, [19, 24, 15])
(68066, [19, 3])
(68067, [26])
(68068, [26, 44, 15, 2])
(68069, [26])
(68070, [26])
(68071, [26])
(68072, [26, 24, 15, 40, 13])
(68073, [26])
(68074, [26, 31, 15, 3, 2])
(68075, [26])
(68076, [26])
(68077, [26])
(68078, [26])
(68079, [26])
(68080, [26, 44, 31, 41, 15, 2, 13, 14])
(68081, [26, 24])
(68082, [26, 4])
(68083, [26])
(68084, [26])
(68085, [26])
(68086, [26])
(68087, [26, 43, 36, 24, 15, 40, 2])
(68088, [26])
(68089, [8])
(68090, [8])
(68091, [8])
(68092, [8])
(68093, [8, 3, 22])
(68094, [8, 24])
(68095, [8])
(68096, [8])
(68097, [8])
(68098, [8])
(68099, [8, 31, 30, 23, 3])
(68100, [8])
(68101, [8])
(68102, [8])
(68103, [8])
(68104, [8, 5])
(68105, [8])
(68106, [8])
(68107, [8])
(68108, [8])
(68109, [8])
(68110, [8])
(68111, [8, 30, 3])
(68112, [21])
(68113, [21])
(68114, [21])
(68115, [21])
(68116, [21])
(68117, [21])
(68118, [21])
(68119, [21])
(68120, [21, 43, 41, 23, 4])
(68121, [21])
(68122, [21, 3])
(68123, [21])
(68124, [21])
(68125, [21])
(68126, [21])
(68127, [21])
(68128, [21, 44])
(68129, [21])
(68130, [21])
(68131, [21, 12, 40])
(68132, [21])
(68133, [21])
(68134, [21])
(68135, [21, 3])
(68136, [21])
(68137, [21])
(68138, [21])
(68139, [21])
(68140, [21])
(68141, [21])
(68142, [21])
(68143, [44])
(68144, [44])
(68145, [44, 43, 2])
(68146, [44])
(68147, [44, 3])
(68148, [44])
(68149, [44])
(68150, [44])
(68151, [44])
(68152, [44])
(68153, [44, 24, 14])
(68154, [44, 12])
(68155, [44])
(68156, [44])
(68157, [44])
(68158, [44, 31])
(68159, [44])
(68160, [44])
(68161, [44])
(68162, [43])
(68163, [43])
(68164, [43, 24, 2])
(68165, [43, 2])
(68166, [43])
(68167, [43])
(68168, [43])
(68169, [43, 40])
(68170, [43, 15, 2])
(68171, [43])
(68172, [43])
(68173, [43])
(68174, [43])
(68175, [43, 3])
(68176, [43])
(68177, [43])
(68178, [43])
(68179, [43])
(68180, [43, 2])
(68181, [43, 4])
(68182, [43])
(68183, [43])
(68184, [43])
(68185, [43])
(68186, [43])
(68187, [43])
(68188, [43])
(68189, [43, 41, 15])
(68190, [43])
(68191, [36])
(68192, [36])
(68193, [36, 14])
(68194, [36])
(68195, [36])
(68196, [36])
(68197, [36])
(68198, [36, 14])
(68199, [36])
(68200, [36])
(68201, [36, 41, 23, 2, 14])
(68202, [36, 30, 2])
(68203, [36])
(68204, [36])
(68205, [36])
(68206, [36, 2, 14])
(68207, [36])
(68208, [36])
(68209, [36])
(68210, [36])
(68211, [36])
(68212, [36])
(68213, [36])
(68214, [36])
(68215, [36])
(68216, [36])
(68217, [36])
(68218, [36])
(68219, [36])
(68220, [36])
(68221, [36])
(68222, [31])
(68223, [31])
(68224, [31])
(68225, [31])
(68226, [31])
(68227, [31])
(68228, [31, 23, 4, 13])
(68229, [31])
(68230, [30])
(68231, [30])
(68232, [30])
(68233, [30])
(68234, [30, 3])
(68235, [30])
(68236, [30])
(68237, [30])
(68238, [30])
(68239, [30, 2])
(68240, [37])
(68241, [37])
(68242, [37])
(68243, [37])
(68244, [37])
(68245, [37])
(68246, [39])
(68247, [39])
(68248, [39])
(68249, [39])
(68250, [39])
(68251, [41])
(68252, [41, 24])
(68253, [41])
(68254, [41])
(68255, [41])
(68256, [41])
(68257, [41, 24, 4, 14])
(68258, [41])
(68259, [41])
(68260, [41])
(68261, [41])
(68262, [41])
(68263, [41])
(68264, [41])
(68265, [41, 15])
(68266, [24])
(68267, [24])
(68268, [24])
(68269, [24])
(68270, [24])
(68271, [24])
(68272, [24])
(68273, [24, 12])
(68274, [24, 4, 12])
(68275, [23])
(68276, [23])
(68277, [23])
(68278, [23])
(68279, [23])
(68280, [23])
(68281, [23])
(68282, [23])
(68283, [23])
(68284, [23])
(68285, [23])
(68286, [23])
(68287, [23])
(68288, [23])
(68289, [23])
(68290, [23])
(68291, [23])
(68292, [23])
(68293, [23])
(68294, [23])
(68295, [23])
(68296, [23])
(68297, [23])
(68298, [23])
(68299, [23])
(68300, [23])
(68301, [23])
(68302, [23])
(68303, [23])
(68304, [23, 3])
(68305, [23, 2])
(68306, [23])
(68307, [23])
(68308, [23])
(68309, [23])
(68310, [23])
(68311, [23])
(68312, [23])
(68313, [23])
(68314, [23])
(68315, [23])
(68316, [23])
(68317, [23])
(68318, [23])
(68319, [23])
(68320, [23])
(68321, [23])
(68322, [23])
(68323, [23])
(68324, [23])
(68325, [23])
(68326, [23])
(68327, [23])
(68328, [23])
(68329, [4])
(68330, [4])
(68331, [4])
(68332, [4, 3])
(68333, [4])
(68334, [4])
(68335, [4, 2])
(68336, [4])
(68337, [4])
(68338, [4])
(68339, [4])
(68340, [4])
(68341, [4])
(68342, [4])
(68343, [4])
(68344, [15, 3])
(68345, [15])
(68346, [15])
(68347, [15])
(68348, [15])
(68349, [15])
(68350, [15])
(68351, [15])
(68352, [3])
(68353, [3])
(68354, [3])
(68355, [3])
(68356, [3])
(68357, [3])
(68358, [3])
(68359, [3])
(68360, [3])
(68361, [3])
(68362, [3, 12])
(68363, [3])
(68364, [3])
(68365, [3])
(68366, [3])
(68367, [3])
(68368, [3])
(68369, [3])
(68370, [3])
(68371, [3])
(68372, [3, 12])
(68373, [3])
(68374, [3])
(68375, [3])
(68376, [3])
(68377, [3])
(68378, [3])
(68379, [3])
(68380, [12])
(68381, [12])
(68382, [12])
(68383, [12])
(68384, [12])
(68385, [12])
(68386, [12])
(68387, [12])
(68388, [12])
(68389, [12])
(68390, [12])
(68391, [12])
(68392, [12])
(68393, [12])
(68394, [12])
(68395, [12])
(68396, [12])
(68397, [12])
(68398, [12])
(68399, [12])
(68400, [12])
(68401, [12])
(68402, [12])
(68403, [12])
(68404, [12])
(68405, [12])
(68406, [12])
(68407, [12])
(68408, [12])
(68409, [12])
(68410, [12])
(68411, [12])
(68412, [12])
(68413, [12])
(68414, [12])
(68415, [12])
(68416, [12])
(68417, [12])
(68418, [12])
(68419, [12])
(68420, [12])
(68421, [12])
(68422, [12])
(68423, [12])
(68424, [12])
(68425, [12])
(68426, [12])
(68427, [12])
(68428, [12])
(68429, [12])
(68430, [12])
(68431, [12])
(68432, [12])
(68433, [12])
(68434, [12])
(68435, [12])
(68436, [12])
(68437, [12])
(68438, [12])
(68439, [12])
(68440, [12])
(68441, [12])
(68442, [12])
(68443, [12])
(68444, [12])
(68445, [12])
(68446, [12])
(68447, [12])
(68448, [12])
(68449, [12])
(68450, [12])
(68451, [12])
(68452, [12])
(68453, [12])
(68454, [12])
(68455, [40])
(68456, [40])
(68457, [40])
(68458, [40])
(68459, [40])
(68460, [2])
(68461, [2])
(68462, [2, 14])
(68463, [2])
(68464, [2])
(68465, [2])
(68466, [2])
(68467, [2])
(68468, [2])
(68469, [2])
(68470, [2])
(68471, [2])
(68472, [2])
(68473, [2])
(68474, [2])
(68475, [2])
(68476, [2])
(68477, [2])
(68478, [2])
(68479, [2])
(68480, [2])
(68481, [2])
(68482, [2])
(68483, [2])
(68484, [2])
(68485, [2])
(68486, [2])
(68487, [2])
(68488, [2])
(68489, [2])
(68490, [2])
(68491, [2])
(68492, [2])
(68493, [2])
(68494, [2])
(68495, [2])
(68496, [2])
(68497, [2])
(68498, [2])
(68499, [2])
(68500, [2])
(68501, [2])
(68502, [2])
(68503, [2])
(68504, [2])
(68505, [2])
(68506, [2])
(68507, [2])
(68508, [2])
(68509, [2])
(68510, [2])
(68511, [2])
(68512, [2])
(68513, [2])
(68514, [2])
(68515, [2])
(68516, [2])
(68517, [2])
(68518, [2])
(68519, [13])
(68520, [5])
(68521, [5])
(68522, [5])
(68523, [5])
(68524, [5])
(68525, [5])
(68526, [14])
(68527, [14])
(68528, [14])
(68529, [14])
(68530, [14])
(68531, [14])
(68532, [14])
(68533, [14])
(68534, [14])
(68535, [14])
(68536, [14])
(68537, [14])
(68538, [14])
(68539, [14])
(68540, [14])
(68541, [14])
(68542, [14])
(68543, [14])
(68544, [14])
(68545, [14])
(68546, [14])
(68547, [22])
(68548, [22])
(68549, [22])
(68550, [22])
(68551, [22])
(68552, [22])
(68553, [22])
(68554, [22])
(68555, [22])
(68556, [22])
(68557, [22])
(68558, [25])
(68559, [25])
