(74073, [0, 1, 2, 3, 4, 5, 6, 7, 8, 9, 10, 11, 12, 13, 14, 15, 16, 17, 18, 19, 20, 21, 22, 23, 24, 25, 26, 27, 28, 29, 30, 31, 32, 33, 34, 35, 36, 37, 38, 39, 40, 41, 42, 43, 44])
(74074, [0, 1, 2, 3, 4, 5, 6, 7, 8, 9, 10, 11, 12, 13, 14, 15, 16, 17, 18, 19, 20, 21, 22, 23, 24, 25, 26, 27, 28, 29, 30, 31, 32, 33, 34, 35, 36, 37, 38, 39, 40, 41, 42, 43, 44])
(74075, [0, 1, 2, 3, 4, 5, 6, 7, 8, 9, 10, 11, 12, 13, 14, 16, 17, 18, 19, 20, 21, 22, 23, 24, 25, 26, 27, 28, 29, 30, 31, 32, 33, 34, 35, 36, 37, 38, 39, 40, 41, 42, 43, 44])
(74076, [14, 17, 22, 32])
(74077, [0, 1, 2, 3, 4, 5, 6, 7, 8, 9, 10, 11, 12, 13, 14, 15, 16, 17, 18, 19, 20, 21, 22, 23, 24, 25, 26, 27, 28, 29, 30, 31, 32, 33, 34, 35, 36, 37, 38, 39, 40, 41, 42, 43, 44])
(74078, [0, 1, 2, 3, 4, 5, 6, 7, 8, 9, 10, 11, 12, 13, 14, 15, 16, 17, 18, 19, 20, 21, 22, 23, 24, 25, 26, 27, 28, 29, 30, 31, 32, 33, 34, 35, 36, 37, 38, 39, 40, 41, 42, 43, 44])
(74079, [0, 1, 2, 3, 4, 5, 6, 7, 8, 9, 10, 11, 12, 13, 14, 15, 16, 18, 19, 20, 21, 22, 23, 24, 25, 26, 27, 28, 29, 30, 31, 32, 33, 34, 35, 36, 37, 38, 39, 40, 41, 42, 43, 44])
(74080, [1, 2, 3, 4, 5, 6, 8, 9, 11, 12, 13, 14, 15, 16, 17, 18, 19, 20, 21, 22, 23, 24, 26, 30, 31, 32, 33, 34, 35, 37, 38, 39, 40, 41, 42, 43, 44])
(74081, [1, 2, 3, 4, 7, 8, 9, 12, 13, 17, 18, 19, 21, 22, 23, 24, 26, 30, 31, 32, 33, 38, 40, 41, 42])
(74082, [0, 1, 2, 3, 4, 5, 6, 7, 9, 10, 11, 12, 14, 15, 16, 17, 18, 19, 20, 21, 22, 23, 24, 26, 27, 30, 31, 32, 35, 36, 37, 40, 41, 42, 43, 44])
(74083, [0, 3, 10, 11, 12, 15, 16, 18, 19, 32, 34, 39, 43])
(74084, [32])
(74085, [1, 3, 4, 6, 7, 9, 11, 13, 15, 16, 17, 22, 24, 29, 30, 31, 32, 33, 34, 41, 43, 44])
(74086, [0, 1, 2, 3, 4, 6, 7, 8, 9, 10, 11, 12, 13, 14, 15, 16, 17, 18, 19, 20, 21, 23, 24, 26, 27, 28, 30, 31, 32, 33, 34, 36, 38, 40, 41, 42, 43, 44])
(74087, [1, 2, 3, 4, 5, 7, 8, 9, 11, 12, 13, 14, 15, 16, 17, 18, 19, 20, 21, 23, 24, 26, 27, 30, 31, 32, 33, 34, 35, 36, 37, 38, 40, 41, 42, 43, 44])
(74088, [0, 1, 2, 3, 4, 5, 6, 7, 8, 9, 10, 11, 12, 13, 14, 15, 16, 17, 18, 19, 20, 21, 22, 23, 24, 26, 27, 28, 29, 30, 31, 32, 33, 34, 35, 36, 37, 38, 39, 40, 41, 42, 43, 44])
(74089, [0, 1, 2, 3, 4, 6, 7, 8, 9, 11, 12, 13, 14, 15, 16, 17, 18, 19, 21, 22, 23, 24, 25, 26, 27, 30, 31, 32, 33, 34, 38, 40, 41, 42, 43, 44])
(74090, [0, 1, 2, 3, 4, 6, 7, 9, 11, 16, 17, 18, 19, 21, 22, 23, 24, 26, 30, 32, 33, 34, 38, 39, 42, 44])
(74091, [0, 1, 2, 3, 4, 7, 9, 11, 12, 13, 14, 15, 16, 18, 19, 24, 26, 28, 30, 31, 32, 33, 34, 37, 40, 41, 43])
(74092, [1, 2, 3, 8, 9, 11, 12, 15, 21, 24, 26, 31, 32, 33, 34, 35, 43, 44])
(74093, [0, 1, 2, 3, 6, 7, 8, 9, 10, 11, 12, 13, 14, 15, 16, 17, 18, 19, 20, 23, 24, 26, 28, 30, 31, 32, 33, 34, 35, 38, 39, 40, 41, 42, 43, 44])
(74094, [0, 2, 4, 6, 9, 12, 15, 19, 27, 28, 30, 31, 32, 33, 34, 36, 38, 39, 40])
(74095, [0, 1, 2, 3, 4, 5, 6, 7, 8, 9, 10, 11, 12, 13, 14, 15, 16, 17, 18, 19, 20, 21, 22, 23, 24, 26, 27, 29, 30, 31, 32, 33, 34, 35, 36, 37, 38, 39, 40, 41, 42, 43, 44])
(74096, [0, 1, 2, 3, 4, 5, 7, 11, 12, 14, 15, 19, 20, 21, 22, 30, 31, 32, 33, 40])
(74097, [3, 4, 11, 12, 32, 33])
(74098, [0, 1, 2, 3, 4, 5, 6, 7, 8, 9, 10, 11, 12, 13, 14, 15, 16, 17, 18, 19, 20, 21, 22, 23, 24, 25, 26, 27, 29, 30, 31, 32, 33, 34, 35, 37, 38, 39, 40, 41, 42, 43, 44])
(74099, [1, 2, 3, 6, 7, 8, 11, 12, 14, 15, 18, 19, 23, 31, 32, 38, 44])
(74100, [0, 1, 2, 3, 4, 5, 6, 7, 8, 9, 11, 12, 13, 15, 16, 17, 18, 19, 20, 21, 22, 23, 24, 25, 26, 27, 30, 31, 32, 33, 34, 35, 37, 38, 39, 40, 41, 42, 43, 44])
(74101, [1, 2, 3, 4, 6, 8, 9, 11, 12, 13, 14, 15, 16, 17, 18, 21, 22, 23, 30, 31, 32, 33, 34, 39, 40, 42, 43, 44])
(74102, [2, 9, 17, 24, 26, 31, 32, 34, 40, 41])
(74103, [1, 2, 3, 4, 6, 7, 8, 9, 11, 12, 13, 15, 16, 17, 18, 19, 21, 23, 24, 26, 31, 32, 33, 34, 35, 41, 43, 44])
(74104, [0, 1, 2, 3, 4, 5, 6, 7, 8, 9, 10, 11, 12, 13, 14, 15, 16, 17, 18, 19, 20, 21, 22, 23, 24, 25, 26, 27, 28, 29, 30, 31, 32, 33, 34, 35, 36, 37, 38, 39, 40, 41, 42, 43, 44])
(74105, [0, 2, 4, 7, 9, 12, 14, 23, 24, 28, 32, 35, 40, 41, 43, 44])
(74106, [0, 1, 3, 11, 13, 24, 31, 32, 33, 35, 41, 43, 44])
(74107, [1, 2, 3, 4, 9, 10, 11, 12, 13, 14, 15, 16, 17, 19, 22, 23, 24, 26, 27, 28, 29, 31, 32, 34, 35, 39, 41, 42, 43, 44])
(74108, [0, 1, 2, 3, 4, 5, 6, 7, 8, 9, 11, 12, 15, 16, 17, 18, 19, 20, 21, 22, 23, 24, 26, 30, 31, 32, 33, 34, 36, 37, 39, 40, 41, 42, 43, 44])
(74109, [1, 2, 3, 4, 6, 7, 8, 9, 11, 12, 13, 14, 15, 17, 18, 21, 22, 23, 24, 26, 27, 28, 30, 31, 32, 33, 34, 39, 40, 41, 42, 43, 44])
(74110, [1, 3, 8, 12, 13, 19, 21, 22, 23, 30, 32, 35])
(74111, [0, 1, 2, 3, 4, 6, 7, 9, 10, 11, 12, 13, 14, 15, 16, 17, 18, 19, 20, 22, 24, 25, 26, 27, 28, 30, 31, 32, 33, 34, 36, 37, 38, 39, 40, 41, 42, 43, 44])
(74112, [0, 1, 2, 3, 4, 6, 7, 8, 9, 11, 12, 13, 14, 15, 16, 17, 19, 20, 21, 24, 26, 30, 31, 32, 33, 34, 40, 41, 42, 43, 44])
(74113, [24, 30, 32, 44])
(74114, [1, 2, 3, 7, 9, 11, 15, 17, 21, 30, 31, 32, 33, 34, 39, 40, 44])
(74115, [1, 2, 3, 5, 6, 9, 12, 13, 14, 15, 16, 17, 18, 23, 24, 26, 30, 31, 32, 33, 34, 35, 41, 43, 44])
(74116, [1, 2, 3, 11, 13, 14, 15, 16, 17, 18, 19, 21, 22, 24, 26, 28, 31, 32, 34, 35, 38, 39, 41, 43, 44])
(74117, [1, 2, 3, 4, 14, 18, 30, 31, 32, 42, 43])
(74118, [0, 1, 2, 6, 7, 12, 17, 18, 23, 30, 32, 39, 43, 44])
(74119, [0, 1, 2, 3, 6, 8, 12, 13, 15, 18, 22, 23, 26, 30, 31, 32, 33, 41, 43, 44])
(74120, [4, 23, 24, 30, 31, 32, 33])
(74121, [9, 16, 18, 26, 32, 34])
(74122, [0, 1, 2, 4, 6, 7, 9, 11, 12, 13, 15, 17, 18, 21, 22, 23, 24, 28, 30, 31, 32, 34, 35, 41, 44])
(74123, [0, 2, 6, 20, 32, 36])
(74124, [22, 30, 32])
(74125, [32])
(74126, [1, 2, 3, 6, 9, 11, 16, 19, 20, 21, 23, 24, 28, 32, 34, 35, 41, 43, 44])
(74127, [1, 2, 3, 4, 9, 12, 15, 16, 26, 30, 32, 34, 35, 43])
(74128, [0, 1, 2, 3, 4, 5, 7, 8, 9, 10, 11, 12, 14, 15, 16, 17, 19, 20, 23, 24, 25, 26, 27, 28, 30, 31, 32, 33, 34, 38, 39, 40, 41, 42, 43, 44])
(74129, [1, 2, 3, 4, 6, 7, 9, 11, 16, 18, 19, 21, 22, 23, 24, 26, 30, 32, 33, 34, 38, 40, 44])
(74130, [12, 17, 18, 32])
(74131, [0, 1, 3, 7, 32])
(74132, [32])
(74133, [1, 2, 3, 4, 5, 6, 9, 12, 13, 14, 19, 20, 23, 24, 25, 26, 30, 31, 32, 33, 34, 35, 36, 40, 41, 43])
(74134, [2, 6, 8, 9, 11, 15, 16, 17, 21, 23, 26, 27, 30, 31, 32, 33, 34, 35, 36, 41, 43])
(74135, [0, 3, 9, 11, 24, 32, 34])
(74136, [0, 1, 2, 3, 6, 9, 15, 18, 20, 21, 32, 33, 40, 41])
(74137, [32])
(74138, [0, 1, 2, 3, 4, 6, 7, 9, 11, 12, 15, 18, 19, 23, 24, 26, 27, 30, 31, 32, 33, 34, 35, 36, 38, 40, 41, 43, 44])
(74139, [1, 3, 4, 8, 11, 18, 19, 22, 23, 32, 33, 37, 42, 44])
(74140, [0, 1, 2, 3, 4, 7, 9, 10, 11, 12, 13, 15, 16, 18, 19, 20, 21, 22, 23, 30, 32, 33, 38, 41, 42])
(74141, [8, 18, 23, 32, 33])
(74142, [0, 1, 2, 3, 4, 6, 7, 9, 11, 12, 13, 14, 15, 16, 17, 18, 19, 20, 22, 23, 24, 26, 27, 28, 30, 31, 32, 33, 34, 35, 36, 39, 40, 41, 42, 43, 44])
(74143, [2, 18, 19, 32, 43])
(74144, [0, 1, 2, 3, 4, 5, 6, 8, 13, 14, 15, 16, 19, 23, 26, 30, 32, 34, 40, 41, 42, 43])
(74145, [32])
(74146, [30, 32])
(74147, [0, 1, 2, 3, 4, 6, 9, 10, 11, 12, 15, 16, 17, 20, 23, 24, 26, 30, 32, 34, 35, 41, 43, 44])
(74148, [31, 32])
(74149, [0, 1, 2, 3, 4, 7, 11, 17, 19, 24, 26, 32, 33, 34, 43])
(74150, [1, 2, 3, 4, 7, 9, 10, 11, 12, 13, 15, 16, 17, 18, 19, 20, 21, 22, 23, 24, 26, 28, 30, 31, 32, 33, 34, 39, 40, 41, 43, 44])
(74151, [6, 15, 23, 24, 31, 32, 33, 34, 42])
(74152, [9, 23, 31, 32, 33, 34])
(74153, [22, 32])
(74154, [18, 26, 31, 32])
(74155, [1, 3, 4, 6, 8, 9, 13, 16, 17, 18, 19, 21, 26, 29, 30, 32, 33, 34, 35, 40, 42, 44])
(74156, [1, 6, 11, 14, 19, 24, 31, 32, 33, 34, 41, 43])
(74157, [2, 14, 18, 23, 32, 33, 41])
(74158, [32])
(74159, [32])
(74160, [0, 1, 2, 5, 9, 11, 12, 13, 15, 16, 18, 23, 24, 27, 30, 31, 32, 33, 34, 41, 42, 43, 44])
(74161, [0, 1, 2, 3, 4, 6, 7, 9, 12, 13, 14, 15, 16, 17, 18, 19, 22, 24, 26, 30, 31, 32, 33, 35, 36, 37, 40, 41])
(74162, [0, 32])
(74163, [0, 1, 2, 3, 32])
(74164, [32, 34])
(74165, [0, 1, 3, 4, 7, 8, 9, 10, 11, 12, 15, 16, 17, 18, 19, 21, 23, 26, 30, 31, 32, 33, 34, 38, 43, 44])
(74166, [2, 9, 24, 32, 33, 34])
(74167, [0, 1, 2, 3, 7, 9, 11, 12, 19, 20, 21, 23, 26, 29, 31, 32, 35, 43, 44])
(74168, [1, 2, 3, 9, 11, 12, 13, 14, 15, 17, 19, 24, 26, 28, 31, 32, 33, 34, 41, 43, 44])
(74169, [1, 3, 18, 19, 21, 22, 30, 31, 32, 34, 38, 44])
(74170, [1, 3, 4, 6, 9, 11, 12, 15, 16, 18, 32, 43, 44])
(74171, [32])
(74172, [0, 1, 9, 18, 23, 24, 26, 30, 31, 32, 33, 41, 42])
(74173, [11, 32])
(74174, [7, 14, 32, 41])
(74175, [0, 2, 3, 6, 7, 9, 11, 12, 13, 15, 16, 18, 22, 23, 29, 30, 32, 34, 41, 42, 43, 44])
(74176, [0, 1, 11, 15, 19, 20, 27, 35])
(74177, [9, 16, 23, 35])
(74178, [35])
(74179, [35])
(74180, [22, 30, 35, 44])
(74181, [0, 1, 2, 3, 4, 5, 6, 7, 8, 9, 10, 11, 12, 14, 15, 18, 19, 20, 21, 23, 26, 27, 28, 31, 35, 37, 38, 42, 43, 44])
(74182, [3, 5, 8, 12, 14, 15, 16, 18, 21, 23, 30, 31, 35, 43])
(74183, [35])
(74184, [35])
(74185, [0, 1, 2, 3, 4, 8, 9, 13, 15, 18, 23, 24, 26, 27, 30, 31, 35, 40, 41, 43, 44])
(74186, [35])
(74187, [35])
(74188, [35])
(74189, [1, 3, 11, 12, 21, 35, 44])
(74190, [30, 35])
(74191, [35])
(74192, [2, 3, 9, 19, 22, 23, 30, 33, 35, 43])
(74193, [35])
(74194, [0, 3, 23, 34, 35, 43])
(74195, [35])
(74196, [2, 4, 5, 6, 8, 9, 12, 18, 19, 20, 23, 28, 34, 35, 41, 44])
(74197, [35])
(74198, [35])
(74199, [1, 2, 3, 18, 20, 28, 35, 42])
(74200, [0, 1, 3, 9, 15, 16, 23, 35, 43])
(74201, [7, 21, 22, 35])
(74202, [35])
(74203, [0, 2, 9, 10, 12, 13, 16, 24, 30, 34, 35, 41, 44])
(74204, [35])
(74205, [1, 2, 3, 4, 5, 8, 11, 12, 18, 22, 30, 35, 39])
(74206, [2, 6, 14, 16, 18, 24, 31, 35, 41, 43])
(74207, [35])
(74208, [1, 3, 4, 11, 14, 15, 19, 21, 23, 24, 26, 33, 35, 41, 44])
(74209, [35])
(74210, [35])
(74211, [35])
(74212, [35])
(74213, [2, 3, 4, 6, 9, 11, 12, 13, 17, 18, 19, 20, 23, 30, 33, 35, 43, 44])
(74214, [35])
(74215, [0, 1, 2, 3, 4, 6, 9, 10, 11, 12, 13, 15, 16, 17, 18, 19, 20, 23, 24, 26, 28, 30, 31, 33, 34, 35, 41, 42, 43, 44])
(74216, [0, 2, 4, 11, 12, 18, 19, 22, 24, 26, 30, 34, 35, 36, 40, 41])
(74217, [0, 1, 2, 3, 8, 30, 34, 35, 39])
(74218, [0, 1, 2, 3, 9, 12, 14, 17, 19, 23, 26, 30, 31, 34, 35, 39, 42])
(74219, [26, 35, 43])
(74220, [35, 37])
(74221, [0, 1, 2, 3, 12, 17, 19, 31, 33, 35])
(74222, [35, 36])
(74223, [35])
(74224, [0, 1, 2, 3, 4, 6, 7, 12, 14, 15, 16, 18, 19, 21, 26, 34, 39, 43])
(74225, [3, 26, 31, 33, 34, 44])
(74226, [3, 9, 34])
(74227, [0, 1, 3, 9, 11, 12, 13, 16, 18, 19, 20, 23, 26, 30, 31, 33, 34, 40, 41, 43, 44])
(74228, [34])
(74229, [4, 9, 11, 34, 44])
(74230, [1, 3, 5, 8, 9, 11, 12, 13, 15, 16, 17, 18, 19, 20, 21, 22, 23, 26, 30, 31, 33, 34, 42, 43, 44])
(74231, [34])
(74232, [0, 16, 18, 20, 21, 30, 31, 34, 43])
(74233, [2, 3, 4, 11, 19, 26, 34, 38, 44])
(74234, [1, 3, 11, 12, 19, 20, 21, 23, 26, 33, 34])
(74235, [0, 1, 2, 12, 23, 34])
(74236, [0, 1, 3, 4, 6, 11, 12, 18, 22, 23, 26, 29, 33, 34, 40, 43, 44])
(74237, [2, 19, 34, 36])
(74238, [0, 2, 3, 4, 7, 9, 11, 14, 15, 17, 18, 20, 23, 34, 40, 43])
(74239, [0, 2, 3, 7, 11, 12, 13, 14, 15, 17, 19, 20, 21, 22, 31, 34, 43, 44])
(74240, [34])
(74241, [34])
(74242, [26, 34])
(74243, [34])
(74244, [34])
(74245, [3, 9, 11, 34, 43])
(74246, [1, 2, 3, 9, 12, 13, 23, 26, 34, 41, 43])
(74247, [0, 9, 11, 12, 34])
(74248, [0, 2, 6, 13, 14, 34, 41])
(74249, [1, 3, 5, 28, 34])
(74250, [1, 2, 3, 6, 8, 9, 12, 15, 17, 18, 19, 20, 26, 30, 31, 33, 34, 39, 40, 41, 44])
(74251, [34])
(74252, [0, 1, 2, 3, 4, 12, 15, 19, 26, 30, 33, 34, 41, 43])
(74253, [3, 9, 21, 34])
(74254, [0, 1, 3, 9, 12, 13, 14, 18, 26, 33, 34, 40, 44])
(74255, [0, 9, 34])
(74256, [34])
(74257, [0, 3, 11, 12, 15, 17, 24, 30, 34, 41, 44])
(74258, [34])
(74259, [34])
(74260, [1, 3, 18, 20, 34])
(74261, [2, 9, 10, 19, 26, 30, 31, 33, 34, 41])
(74262, [20, 30, 31, 34])
(74263, [1, 3, 6, 23, 26, 31, 33, 34, 41])
(74264, [0, 2, 3, 4, 9, 11, 12, 16, 19, 20, 34, 39, 42, 44])
(74265, [34])
(74266, [1, 20, 33, 34])
(74267, [0, 2, 12, 16, 17, 20, 34])
(74268, [0, 2, 4, 15, 19, 26, 27, 30, 31, 33, 34, 36, 40])
(74269, [2, 3, 5, 6, 8, 9, 15, 16, 22, 23, 24, 30, 31, 33, 34, 40, 41, 43])
(74270, [4, 6, 26, 34])
(74271, [9, 18, 19, 24, 34])
(74272, [3, 12, 24, 34, 41, 43])
(74273, [1, 2, 3, 6, 7, 9, 11, 12, 16, 20, 21, 23, 24, 26, 31, 34, 40, 41])
(74274, [0, 2, 5, 6, 34, 43])
(74275, [17, 34])
(74276, [4, 23, 34, 44])
(74277, [2, 9, 33, 41])
(74278, [33])
(74279, [33])
(74280, [33])
(74281, [0, 8, 15, 18, 27, 30, 33, 36])
(74282, [33])
(74283, [33])
(74284, [33])
(74285, [2, 33])
(74286, [33])
(74287, [19, 33, 43])
(74288, [33])
(74289, [33])
(74290, [33])
(74291, [1, 2, 3, 11, 15, 18, 19, 21, 23, 29, 30, 31, 33, 41, 43])
(74292, [3, 8, 12, 15, 21, 22, 30, 33, 43, 44])
(74293, [33, 40])
(74294, [1, 2, 3, 4, 9, 10, 11, 12, 13, 15, 19, 20, 21, 22, 26, 33, 37, 44])
(74295, [33])
(74296, [1, 19, 33])
(74297, [1, 2, 3, 9, 11, 26, 33])
(74298, [33])
(74299, [4, 15, 19, 31, 33, 43])
(74300, [2, 3, 6, 15, 23, 33, 44])
(74301, [33])
(74302, [33])
(74303, [0, 1, 33])
(74304, [0, 1, 2, 3, 9, 11, 12, 13, 14, 15, 16, 26, 27, 30, 31, 33, 36, 41, 43])
(74305, [1, 3, 7, 9, 11, 16, 19, 33, 43])
(74306, [33])
(74307, [0, 3, 7, 30, 33, 36, 41])
(74308, [33])
(74309, [33, 36])
(74310, [0, 1, 2, 3, 6, 7, 9, 12, 15, 16, 20, 21, 24, 26, 33, 43, 44])
(74311, [18, 20, 30, 31, 33])
(74312, [0, 1, 3, 10, 11, 21, 31, 33, 42])
(74313, [3, 7, 9, 23, 33, 42])
(74314, [0, 2, 6, 8, 14, 16, 18, 23, 24, 26, 33, 40, 43])
(74315, [33])
(74316, [1, 6, 8, 12, 15, 21, 23, 33])
(74317, [3, 15, 30, 31, 33])
(74318, [2, 3, 6, 9, 11, 17, 33, 41])
(74319, [2, 6, 20, 29])
(74320, [0, 2, 4, 5, 7, 11, 12, 13, 16, 20, 23, 24, 26, 28, 36, 41, 44])
(74321, [0, 1, 3, 12, 16, 20, 42])
(74322, [0, 1, 2, 3, 6, 7, 11, 12, 15, 17, 18, 19, 20, 21, 25, 27, 28, 31, 39, 40, 43, 44])
(74323, [0, 4, 12, 15, 20, 31])
(74324, [20])
(74325, [20])
(74326, [20])
(74327, [0, 1, 2, 3, 4, 5, 6, 9, 10, 12, 15, 16, 18, 19, 20, 21, 22, 24, 44])
(74328, [0, 3, 14, 18, 20, 26, 42])
(74329, [0, 1, 3, 7, 20, 21, 22, 26])
(74330, [20])
(74331, [20])
(74332, [1, 20])
(74333, [20])
(74334, [0, 20])
(74335, [3, 20])
(74336, [20])
(74337, [20])
(74338, [12, 15, 17, 18, 20, 21, 26])
(74339, [0, 1, 2, 3, 6, 7, 9, 10, 11, 12, 18, 20, 23, 44])
(74340, [0, 3, 4, 9, 12, 15, 20, 23, 27, 36, 42, 43])
(74341, [0, 2, 6, 20, 41])
(74342, [3, 20])
(74343, [2, 4, 11, 14, 17, 20, 24, 25, 28])
(74344, [1, 2, 3, 4, 14, 18, 20, 30])
(74345, [20])
(74346, [7, 12, 19, 20, 21, 23])
(74347, [3, 20])
(74348, [18])
(74349, [1, 2, 3, 4, 6, 7, 9, 11, 12, 14, 16, 17, 18, 19, 23, 28, 29, 36, 39])
(74350, [18])
(74351, [8, 18, 19, 23])
(74352, [1, 13, 18, 41])
(74353, [18])
(74354, [1, 3, 18])
(74355, [18])
(74356, [15, 18, 23])
(74357, [3, 12, 18, 19, 24, 44])
(74358, [0, 2, 8, 9, 11, 12, 17, 18, 21, 23, 26, 29, 30, 36, 42])
(74359, [8, 18, 19, 21])
(74360, [18])
(74361, [8, 18, 19, 36])
(74362, [18, 27])
(74363, [18])
(74364, [8, 18, 19, 21, 36, 44])
(74365, [9, 18, 29, 30])
(74366, [15, 18, 23])
(74367, [2, 4, 15, 18, 21, 22])
(74368, [18])
(74369, [2, 18])
(74370, [18])
(74371, [18])
(74372, [18])
(74373, [18])
(74374, [1, 18, 21, 22])
(74375, [1, 2, 8, 11, 15, 18, 21, 29, 30, 43, 44])
(74376, [3, 18])
(74377, [18])
(74378, [1, 18, 21, 23, 29])
(74379, [18])
(74380, [1, 15, 18])
(74381, [18])
(74382, [0, 12, 18, 23, 26, 41, 44])
(74383, [1, 18, 21])
(74384, [11, 18, 24, 44])
(74385, [18])
(74386, [12, 17, 18])
(74387, [18])
(74388, [18])
(74389, [18])
(74390, [1, 9, 18, 23, 27])
(74391, [18])
(74392, [0, 18, 41])
(74393, [18])
(74394, [0, 10, 12, 16, 18, 23, 42])
(74395, [18])
(74396, [0, 5, 18, 19, 36])
(74397, [0, 18, 23])
(74398, [18])
(74399, [18])
(74400, [18])
(74401, [18, 21])
(74402, [18])
(74403, [1, 12, 18])
(74404, [18])
(74405, [18])
(74406, [18])
(74407, [18])
(74408, [18])
(74409, [18])
(74410, [0, 9, 17, 18, 19, 41])
(74411, [2, 18, 44])
(74412, [18])
(74413, [18])
(74414, [18])
(74415, [0, 2, 6, 12, 18, 23, 26, 28, 41, 43, 44])
(74416, [8, 18])
(74417, [18])
(74418, [18])
(74419, [6, 14, 18, 31])
(74420, [18])
(74421, [2, 9, 18, 23])
(74422, [18])
(74423, [18])
(74424, [18])
(74425, [1, 3, 11, 16, 18, 21, 22, 43])
(74426, [18, 30])
(74427, [18])
(74428, [18, 23])
(74429, [18])
(74430, [1, 11, 12, 14, 18, 21, 31, 38])
(74431, [2, 18])
(74432, [3, 18, 19])
(74433, [18])
(74434, [18])
(74435, [18])
(74436, [0, 2, 4, 14, 15, 24, 27, 30])
(74437, [27])
(74438, [1, 2, 3, 11, 15, 17, 22, 23, 26, 27, 41])
(74439, [0, 12, 21, 27])
(74440, [27])
(74441, [27])
(74442, [27])
(74443, [27])
(74444, [27])
(74445, [0, 4, 26, 27])
(74446, [27])
(74447, [0, 2, 4, 19, 22, 27, 30, 31, 39])
(74448, [9])
(74449, [9, 16, 23, 41])
(74450, [0, 2, 9, 13, 14, 15])
(74451, [4, 6, 7, 9, 13, 14, 17, 19, 24, 30, 40])
(74452, [9])
(74453, [1, 3, 5, 6, 9, 19, 21, 37, 38, 43])
(74454, [9])
(74455, [0, 2, 3, 9, 12, 15, 16, 19, 21, 30, 41, 44])
(74456, [0, 9, 41])
(74457, [9])
(74458, [1, 4, 9, 12, 21])
(74459, [1, 3, 6, 8, 9, 12, 15, 19, 23, 31, 42])
(74460, [9])
(74461, [9])
(74462, [9, 41])
(74463, [9])
(74464, [1, 2, 3, 4, 9, 41, 44])
(74465, [1, 2, 9, 15, 22])
(74466, [9])
(74467, [3, 9, 19, 40, 41])
(74468, [2, 9])
(74469, [9])
(74470, [9])
(74471, [9])
(74472, [1, 2, 3, 4, 9, 19, 21, 26, 31, 36])
(74473, [9, 11, 15, 16, 17, 26, 43, 44])
(74474, [1, 9])
(74475, [9, 19])
(74476, [9])
(74477, [9])
(74478, [9])
(74479, [9])
(74480, [9])
(74481, [9])
(74482, [9])
(74483, [4, 9, 44])
(74484, [0, 1, 2, 3, 9, 31, 42, 43])
(74485, [9, 11, 16, 23])
(74486, [9])
(74487, [9])
(74488, [9])
(74489, [9])
(74490, [9])
(74491, [9])
(74492, [9])
(74493, [9])
(74494, [9, 41])
(74495, [9])
(74496, [2, 9, 15, 26])
(74497, [9])
(74498, [9])
(74499, [2, 9, 23, 41])
(74500, [2, 6, 9, 41])
(74501, [9])
(74502, [0])
(74503, [0])
(74504, [0, 1, 3, 7, 11])
(74505, [0, 12])
(74506, [0])
(74507, [0, 12])
(74508, [0])
(74509, [0])
(74510, [0, 3, 19, 26, 44])
(74511, [0])
(74512, [0])
(74513, [0, 1, 2, 3, 12])
(74514, [0])
(74515, [0])
(74516, [0])
(74517, [0, 2, 7, 12, 19, 24, 39])
(74518, [0])
(74519, [0, 23, 30])
(74520, [0])
(74521, [0])
(74522, [0, 12, 17])
(74523, [0])
(74524, [0])
(74525, [0, 12])
(74526, [0, 1, 12, 15, 42])
(74527, [0])
(74528, [0])
(74529, [0, 3])
(74530, [0])
(74531, [0])
(74532, [0])
(74533, [0])
(74534, [0])
(74535, [0])
(74536, [0])
(74537, [0])
(74538, [0, 2, 3, 12, 21, 22])
(74539, [0])
(74540, [0])
(74541, [0])
(74542, [0])
(74543, [0])
(74544, [0, 1, 3, 4, 10, 14, 16, 24, 31])
(74545, [0])
(74546, [0])
(74547, [0])
(74548, [0, 12])
(74549, [0])
(74550, [0])
(74551, [0])
(74552, [0])
(74553, [0])
(74554, [0])
(74555, [0])
(74556, [0])
(74557, [0])
(74558, [0, 12])
(74559, [0])
(74560, [0])
(74561, [0])
(74562, [0, 4, 12, 30, 40, 43])
(74563, [0])
(74564, [0, 36])
(74565, [0, 13, 26, 44])
(74566, [0])
(74567, [0, 26])
(74568, [0])
(74569, [0])
(74570, [0])
(74571, [0, 4])
(74572, [0, 2])
(74573, [0])
(74574, [0])
(74575, [0])
(74576, [0, 1, 3, 12, 42])
(74577, [0])
(74578, [0])
(74579, [0])
(74580, [0, 1, 40])
(74581, [0])
(74582, [0])
(74583, [0])
(74584, [0])
(74585, [0])
(74586, [0])
(74587, [0])
(74588, [0])
(74589, [0])
(74590, [0])
(74591, [0])
(74592, [0])
(74593, [0])
(74594, [0])
(74595, [0])
(74596, [0])
(74597, [0])
(74598, [0])
(74599, [0])
(74600, [0])
(74601, [0])
(74602, [0])
(74603, [0])
(74604, [0])
(74605, [0])
(74606, [0])
(74607, [0])
(74608, [0, 12])
(74609, [0])
(74610, [0])
(74611, [0])
(74612, [0])
(74613, [0])
(74614, [0, 12])
(74615, [0])
(74616, [0])
(74617, [0])
(74618, [0, 1, 11, 23])
(74619, [0])
(74620, [0])
(74621, [0, 2, 4, 12, 14, 23, 26, 41, 44])
(74622, [0])
(74623, [0])
(74624, [0])
(74625, [0, 3, 11, 12])
(74626, [0])
(74627, [0])
(74628, [0, 24, 30, 43])
(74629, [0])
(74630, [0])
(74631, [0])
(74632, [0])
(74633, [0])
(74634, [0])
(74635, [0, 4, 11, 13])
(74636, [0])
(74637, [0])
(74638, [0])
(74639, [0])
(74640, [0])
(74641, [0])
(74642, [0])
(74643, [0])
(74644, [0])
(74645, [0])
(74646, [0])
(74647, [0])
(74648, [0, 41])
(74649, [0])
(74650, [0])
(74651, [0])
(74652, [0])
(74653, [0])
(74654, [0])
(74655, [0])
(74656, [0])
(74657, [0])
(74658, [0])
(74659, [0])
(74660, [0])
(74661, [0])
(74662, [0])
(74663, [0])
(74664, [0])
(74665, [0])
(74666, [0])
(74667, [0])
(74668, [0, 1, 3])
(74669, [0])
(74670, [0])
(74671, [0])
(74672, [0])
(74673, [0])
(74674, [0, 4, 12, 41])
(74675, [0])
(74676, [0])
(74677, [0, 2, 43])
(74678, [0])
(74679, [0])
(74680, [0, 2, 12, 16, 30])
(74681, [0])
(74682, [0])
(74683, [0])
(74684, [0])
(74685, [0])
(74686, [0])
(74687, [0])
(74688, [0])
(74689, [0])
(74690, [0])
(74691, [0])
(74692, [0])
(74693, [0])
(74694, [0])
(74695, [0])
(74696, [0])
(74697, [0, 23, 43])
(74698, [0])
(74699, [0, 5, 12])
(74700, [0])
(74701, [0])
(74702, [0])
(74703, [0])
(74704, [0])
(74705, [0, 42])
(74706, [0])
(74707, [0])
(74708, [0])
(74709, [0])
(74710, [0])
(74711, [0])
(74712, [0])
(74713, [0])
(74714, [0])
(74715, [0])
(74716, [0])
(74717, [0])
(74718, [0, 3])
(74719, [0, 5])
(74720, [0])
(74721, [0])
(74722, [0])
(74723, [0, 12])
(74724, [0])
(74725, [0])
(74726, [0])
(74727, [0])
(74728, [0])
(74729, [0])
(74730, [0])
(74731, [0])
(74732, [0])
(74733, [0])
(74734, [0])
(74735, [0])
(74736, [0, 5])
(74737, [0])
(74738, [0])
(74739, [0])
(74740, [0, 1, 15, 19, 21, 24, 26, 44])
(74741, [0, 2, 43])
(74742, [0])
(74743, [0])
(74744, [0])
(74745, [0])
(74746, [0])
(74747, [0])
(74748, [0])
(74749, [0])
(74750, [0])
(74751, [0])
(74752, [0])
(74753, [0])
(74754, [0])
(74755, [0, 36])
(74756, [0])
(74757, [0])
(74758, [0])
(74759, [0])
(74760, [0, 2, 14])
(74761, [0])
(74762, [1, 3, 11, 15, 19])
(74763, [1, 3, 11, 23, 43])
(74764, [6, 11, 23, 30, 41])
(74765, [11, 44])
(74766, [4, 11, 43])
(74767, [11])
(74768, [11])
(74769, [1, 11, 30])
(74770, [1, 3, 11, 16, 19, 21, 23])
(74771, [6, 11, 12, 19, 26, 31, 43])
(74772, [1, 11, 19, 26, 40])
(74773, [11, 12])
(74774, [1, 3, 11])
(74775, [11])
(74776, [11, 12, 15])
(74777, [1, 2, 3, 8, 11, 17, 24, 26, 31, 43])
(74778, [11, 17, 26, 43])
(74779, [11, 12, 14, 36, 44])
(74780, [11])
(74781, [11])
(74782, [11, 23, 44])
(74783, [11, 40])
(74784, [11])
(74785, [11])
(74786, [11])
(74787, [11])
(74788, [11])
(74789, [2, 11, 26, 43])
(74790, [3, 6, 11, 30, 41, 43])
(74791, [11, 12])
(74792, [11])
(74793, [11])
(74794, [11])
(74795, [2, 3, 10, 11, 13, 21, 24])
(74796, [1, 7, 13, 19])
(74797, [7])
(74798, [1, 3, 4, 7, 12, 16, 23])
(74799, [3, 7])
(74800, [1, 3, 7, 15])
(74801, [1, 3, 7, 21, 31, 37])
(74802, [7])
(74803, [1, 7, 12])
(74804, [7])
(74805, [7])
(74806, [7])
(74807, [6, 7, 23, 41, 43])
(74808, [7, 12, 17, 22, 44])
(74809, [7])
(74810, [3, 6, 7, 23, 43])
(74811, [7])
(74812, [3, 7, 26, 41])
(74813, [29])
(74814, [29])
(74815, [29])
(74816, [29])
(74817, [10, 16])
(74818, [16])
(74819, [16, 44])
(74820, [16])
(74821, [16])
(74822, [16, 17])
(74823, [1, 3, 16])
(74824, [16, 17])
(74825, [16])
(74826, [2, 16, 19, 43])
(74827, [2, 16])
(74828, [2, 16, 44])
(74829, [3, 16, 26])
(74830, [16])
(74831, [16])
(74832, [16])
(74833, [16])
(74834, [16, 44])
(74835, [1, 4, 12, 31, 42])
(74836, [42])
(74837, [1, 2, 23, 42, 44])
(74838, [39, 42])
(74839, [6, 19, 21])
(74840, [6, 8, 23, 43])
(74841, [6])
(74842, [4, 6])
(74843, [6])
(74844, [6])
(74845, [6])
(74846, [6])
(74847, [6])
(74848, [6])
(74849, [1, 3, 6, 30, 31])
(74850, [6])
(74851, [1, 3, 5, 6, 21, 23])
(74852, [6])
(74853, [6])
(74854, [2, 28])
(74855, [22, 28])
(74856, [28])
(74857, [28])
(74858, [28])
(74859, [28])
(74860, [2, 19, 28])
(74861, [28])
(74862, [2, 17, 43])
(74863, [2, 17, 24, 25, 30, 41])
(74864, [17, 19])
(74865, [17])
(74866, [17, 43])
(74867, [17])
(74868, [14, 17, 36])
(74869, [2, 17, 40])
(74870, [17, 39])
(74871, [2, 17])
(74872, [17])
(74873, [17])
(74874, [17, 19, 26])
(74875, [17])
(74876, [17])
(74877, [1])
(74878, [1, 19])
(74879, [1])
(74880, [1, 3])
(74881, [1, 2, 3, 15, 23, 30, 41])
(74882, [1, 3])
(74883, [1, 2, 26, 44])
(74884, [1, 3])
(74885, [1, 3])
(74886, [1, 2, 21])
(74887, [1])
(74888, [1, 2, 12, 44])
(74889, [1])
(74890, [1, 30])
(74891, [1])
(74892, [1])
(74893, [1])
(74894, [1])
(74895, [1, 26])
(74896, [1, 3])
(74897, [1])
(74898, [1])
(74899, [1])
(74900, [1])
(74901, [1])
(74902, [1, 3])
(74903, [1])
(74904, [1, 2, 24, 41, 44])
(74905, [1])
(74906, [1, 2, 3, 14, 15, 26, 41, 43])
(74907, [1])
(74908, [1])
(74909, [1, 3])
(74910, [1])
(74911, [1, 3, 12])
(74912, [10])
(74913, [10])
(74914, [10])
(74915, [10])
(74916, [10])
(74917, [10])
(74918, [10])
(74919, [10])
(74920, [19])
(74921, [8, 19, 37])
(74922, [19])
(74923, [19])
(74924, [19, 44])
(74925, [19])
(74926, [19])
(74927, [19])
(74928, [19, 22, 23])
(74929, [19])
(74930, [19])
(74931, [19])
(74932, [19])
(74933, [19, 39])
(74934, [2, 19, 31])
(74935, [19, 21])
(74936, [19])
(74937, [19])
(74938, [2, 19])
(74939, [19])
(74940, [3, 19])
(74941, [2, 19])
(74942, [19])
(74943, [19, 41])
(74944, [19])
(74945, [19, 44])
(74946, [2, 19])
(74947, [19])
(74948, [19])
(74949, [19])
(74950, [19])
(74951, [26])
(74952, [3, 26])
(74953, [26])
(74954, [26])
(74955, [26])
(74956, [26])
(74957, [12, 26])
(74958, [22, 26])
(74959, [24, 26, 30, 41])
(74960, [14, 15, 26])
(74961, [26])
(74962, [2, 26, 44])
(74963, [26])
(74964, [26])
(74965, [26])
(74966, [26])
(74967, [3, 26])
(74968, [26])
(74969, [26])
(74970, [26])
(74971, [13, 26])
(74972, [26])
(74973, [8])
(74974, [8])
(74975, [8])
(74976, [8])
(74977, [8])
(74978, [5, 8])
(74979, [8])
(74980, [5, 8])
(74981, [8])
(74982, [8])
(74983, [8])
(74984, [8])
(74985, [8])
(74986, [5, 8])
(74987, [8])
(74988, [8])
(74989, [21])
(74990, [21])
(74991, [21])
(74992, [21])
(74993, [21])
(74994, [21])
(74995, [21])
(74996, [21])
(74997, [21])
(74998, [21])
(74999, [21])
(75000, [21])
(75001, [21])
(75002, [14, 21])
(75003, [21])
(75004, [12, 21])
(75005, [21])
(75006, [21])
(75007, [21])
(75008, [3, 21, 43])
(75009, [21])
(75010, [21])
(75011, [21])
(75012, [21])
(75013, [21])
(75014, [21])
(75015, [21])
(75016, [21])
(75017, [21])
(75018, [5, 21])
(75019, [21])
(75020, [21])
(75021, [44])
(75022, [44])
(75023, [44])
(75024, [44])
(75025, [2, 38, 44])
(75026, [44])
(75027, [31, 41, 44])
(75028, [44])
(75029, [43, 44])
(75030, [12, 44])
(75031, [43])
(75032, [43])
(75033, [43])
(75034, [24, 43])
(75035, [3, 43])
(75036, [43])
(75037, [43])
(75038, [43])
(75039, [43])
(75040, [43])
(75041, [43])
(75042, [43])
(75043, [23, 43])
(75044, [43])
(75045, [43])
(75046, [43])
(75047, [36, 43])
(75048, [43])
(75049, [43])
(75050, [43])
(75051, [36])
(75052, [36])
(75053, [36])
(75054, [36])
(75055, [36])
(75056, [36])
(75057, [36])
(75058, [36])
(75059, [36])
(75060, [36])
(75061, [36])
(75062, [36])
(75063, [36])
(75064, [36])
(75065, [36])
(75066, [36])
(75067, [36])
(75068, [36])
(75069, [36])
(75070, [36])
(75071, [36])
(75072, [36])
(75073, [36])
(75074, [36])
(75075, [36])
(75076, [14, 36, 41])
(75077, [36])
(75078, [2, 36])
(75079, [36])
(75080, [31])
(75081, [31])
(75082, [3, 31])
(75083, [31])
(75084, [31, 41])
(75085, [12, 30, 31])
(75086, [31])
(75087, [31])
(75088, [31])
(75089, [2, 31])
(75090, [31])
(75091, [30])
(75092, [30])
(75093, [30])
(75094, [30])
(75095, [30])
(75096, [30])
(75097, [30])
(75098, [30])
(75099, [23, 30])
(75100, [30])
(75101, [30])
(75102, [37])
(75103, [37])
(75104, [37])
(75105, [37])
(75106, [37])
(75107, [37])
(75108, [39])
(75109, [39])
(75110, [39])
(75111, [41])
(75112, [41])
(75113, [41])
(75114, [41])
(75115, [41])
(75116, [41])
(75117, [41])
(75118, [41])
(75119, [41])
(75120, [41])
(75121, [2, 41])
(75122, [41])
(75123, [41])
(75124, [15, 41])
(75125, [41])
(75126, [41])
(75127, [41])
(75128, [24])
(75129, [24])
(75130, [12, 24])
(75131, [24])
(75132, [24])
(75133, [24])
(75134, [2, 24])
(75135, [24])
(75136, [24])
(75137, [24])
(75138, [23])
(75139, [23])
(75140, [23])
(75141, [12, 23])
(75142, [23])
(75143, [23])
(75144, [23])
(75145, [23])
(75146, [23])
(75147, [23])
(75148, [23])
(75149, [23])
(75150, [23])
(75151, [23])
(75152, [23])
(75153, [23])
(75154, [23])
(75155, [23])
(75156, [23])
(75157, [23])
(75158, [23])
(75159, [23])
(75160, [23])
(75161, [23])
(75162, [23])
(75163, [23])
(75164, [23])
(75165, [23])
(75166, [23])
(75167, [23])
(75168, [23])
(75169, [23])
(75170, [23])
(75171, [23])
(75172, [23])
(75173, [4, 15, 23])
(75174, [2, 12, 23])
(75175, [23])
(75176, [23])
(75177, [23])
(75178, [23])
(75179, [23])
(75180, [23])
(75181, [23])
(75182, [23])
(75183, [23])
(75184, [23])
(75185, [23])
(75186, [23])
(75187, [23])
(75188, [23])
(75189, [23])
(75190, [23])
(75191, [23])
(75192, [23])
(75193, [23])
(75194, [23])
(75195, [23])
(75196, [23])
(75197, [23])
(75198, [23])
(75199, [23])
(75200, [12, 23])
(75201, [23])
(75202, [23])
(75203, [23])
(75204, [23])
(75205, [23])
(75206, [23])
(75207, [23])
(75208, [23])
(75209, [23])
(75210, [23])
(75211, [23])
(75212, [23])
(75213, [23])
(75214, [4, 14])
(75215, [4])
(75216, [4])
(75217, [4])
(75218, [4])
(75219, [4])
(75220, [4])
(75221, [4])
(75222, [4])
(75223, [4])
(75224, [4])
(75225, [4])
(75226, [4])
(75227, [4, 25])
(75228, [4])
(75229, [4])
(75230, [4])
(75231, [4])
(75232, [4])
(75233, [15])
(75234, [15])
(75235, [15])
(75236, [15])
(75237, [15])
(75238, [15])
(75239, [15])
(75240, [15])
(75241, [15])
(75242, [15])
(75243, [3])
(75244, [3])
(75245, [3])
(75246, [3])
(75247, [3])
(75248, [3])
(75249, [3])
(75250, [3])
(75251, [3])
(75252, [2, 3])
(75253, [3, 12])
(75254, [3])
(75255, [3])
(75256, [3])
(75257, [3])
(75258, [3, 22])
(75259, [3])
(75260, [3])
(75261, [3])
(75262, [3])
(75263, [3])
(75264, [3])
(75265, [3])
(75266, [3])
(75267, [3])
(75268, [3])
(75269, [3])
(75270, [3])
(75271, [3])
(75272, [3])
(75273, [3])
(75274, [3])
(75275, [3])
(75276, [3])
(75277, [3])
(75278, [12])
(75279, [12])
(75280, [12])
(75281, [12])
(75282, [12])
(75283, [2, 12])
(75284, [12])
(75285, [12])
(75286, [12])
(75287, [12])
(75288, [12])
(75289, [12])
(75290, [12])
(75291, [12])
(75292, [12])
(75293, [12])
(75294, [12])
(75295, [12])
(75296, [12])
(75297, [12])
(75298, [12])
(75299, [12])
(75300, [12])
(75301, [12])
(75302, [12])
(75303, [12])
(75304, [12])
(75305, [12])
(75306, [12])
(75307, [12])
(75308, [12])
(75309, [12])
(75310, [12])
(75311, [12])
(75312, [12])
(75313, [12])
(75314, [12])
(75315, [2, 12])
(75316, [12])
(75317, [12])
(75318, [12])
(75319, [12])
(75320, [12])
(75321, [12])
(75322, [12])
(75323, [12])
(75324, [12])
(75325, [12])
(75326, [12])
(75327, [12])
(75328, [12])
(75329, [12])
(75330, [12])
(75331, [12])
(75332, [12])
(75333, [12])
(75334, [12])
(75335, [12, 22])
(75336, [12])
(75337, [12])
(75338, [12])
(75339, [12])
(75340, [12])
(75341, [12])
(75342, [12])
(75343, [12])
(75344, [12])
(75345, [12])
(75346, [12])
(75347, [12])
(75348, [12])
(75349, [12])
(75350, [12])
(75351, [12])
(75352, [12])
(75353, [12])
(75354, [12])
(75355, [12])
(75356, [12])
(75357, [12])
(75358, [40])
(75359, [40])
(75360, [40])
(75361, [40])
(75362, [40])
(75363, [40])
(75364, [14, 40])
(75365, [2, 40])
(75366, [40])
(75367, [2])
(75368, [2])
(75369, [2])
(75370, [2])
(75371, [2])
(75372, [2])
(75373, [2])
(75374, [2])
(75375, [2])
(75376, [2, 14])
(75377, [2])
(75378, [2])
(75379, [2])
(75380, [2])
(75381, [2])
(75382, [2])
(75383, [2])
(75384, [2])
(75385, [2])
(75386, [2])
(75387, [2])
(75388, [2])
(75389, [2])
(75390, [2])
(75391, [2])
(75392, [2])
(75393, [2])
(75394, [2])
(75395, [2])
(75396, [2])
(75397, [2])
(75398, [2])
(75399, [2])
(75400, [2])
(75401, [2])
(75402, [2])
(75403, [2])
(75404, [2])
(75405, [2])
(75406, [2])
(75407, [2])
(75408, [2])
(75409, [2])
(75410, [2, 14])
(75411, [2])
(75412, [2])
(75413, [2])
(75414, [2])
(75415, [2])
(75416, [2])
(75417, [2])
(75418, [2])
(75419, [2])
(75420, [2])
(75421, [2])
(75422, [2])
(75423, [2])
(75424, [2])
(75425, [2])
(75426, [2])
(75427, [2])
(75428, [2])
(75429, [2])
(75430, [2])
(75431, [2])
(75432, [2])
(75433, [2])
(75434, [2])
(75435, [2])
(75436, [2])
(75437, [2])
(75438, [2])
(75439, [13])
(75440, [13])
(75441, [13])
(75442, [13])
(75443, [13])
(75444, [13])
(75445, [5])
(75446, [5])
(75447, [5])
(75448, [5])
(75449, [5])
(75450, [5])
(75451, [5])
(75452, [5])
(75453, [5])
(75454, [5])
(75455, [5])
(75456, [14])
(75457, [14])
(75458, [14])
(75459, [14])
(75460, [14])
(75461, [14])
(75462, [14])
(75463, [14])
(75464, [14])
(75465, [14])
(75466, [14])
(75467, [14])
(75468, [14])
(75469, [14])
(75470, [14])
(75471, [14])
(75472, [14])
(75473, [14])
(75474, [14])
(75475, [14])
(75476, [14])
(75477, [14])
(75478, [14])
(75479, [22])
(75480, [22])
(75481, [22])
(75482, [22])
(75483, [22])
(75484, [22])
(75485, [22])
