(42574, [0, 1, 2, 3, 4, 5, 6, 7, 8, 9, 10, 11, 12, 13, 14, 15, 16, 17, 18, 19, 20, 21, 22, 23, 24, 25, 26, 27, 28, 29, 30, 31, 32, 33, 34, 35, 36, 37, 38, 39, 40, 41, 42, 43, 44])
(42575, [0, 1, 2, 3, 4, 5, 6, 7, 8, 9, 10, 11, 12, 13, 14, 15, 16, 17, 18, 19, 20, 21, 22, 23, 24, 25, 26, 27, 28, 29, 30, 31, 32, 33, 34, 35, 36, 37, 38, 39, 40, 41, 42, 43, 44])
(42576, [0, 1, 2, 3, 4, 5, 6, 7, 8, 10, 11, 12, 13, 14, 15, 16, 17, 18, 19, 20, 21, 23, 24, 25, 26, 27, 28, 30, 31, 32, 33, 34, 35, 36, 39, 40, 41, 42, 43, 44])
(42577, [0, 1, 2, 3, 4, 5, 6, 8, 9, 10, 11, 12, 13, 14, 15, 16, 17, 18, 19, 21, 22, 23, 24, 25, 26, 27, 28, 30, 31, 32, 33, 34, 35, 36, 40, 41, 43, 44])
(42578, [0, 1, 2, 3, 4, 6, 7, 8, 9, 10, 11, 12, 13, 14, 15, 16, 17, 18, 19, 20, 21, 22, 23, 24, 25, 26, 27, 29, 30, 31, 32, 33, 34, 36, 37, 38, 40, 41, 42, 43, 44])
(42579, [0, 1, 2, 3, 4, 5, 6, 7, 8, 9, 10, 11, 12, 13, 14, 15, 16, 17, 18, 19, 20, 21, 22, 23, 24, 25, 26, 27, 28, 29, 30, 31, 32, 33, 34, 35, 36, 37, 38, 39, 40, 41, 42, 43, 44])
(42580, [5, 8, 17, 18, 32, 37])
(42581, [0, 1, 2, 3, 4, 5, 6, 7, 8, 9, 10, 11, 12, 13, 14, 15, 16, 17, 18, 19, 20, 21, 22, 23, 24, 25, 26, 27, 28, 29, 30, 31, 32, 33, 34, 35, 36, 37, 38, 39, 40, 41, 42, 43, 44])
(42582, [0, 1, 2, 3, 4, 5, 6, 7, 8, 9, 10, 11, 12, 13, 14, 15, 16, 17, 18, 19, 20, 21, 22, 23, 24, 25, 26, 27, 28, 29, 30, 31, 32, 33, 34, 35, 36, 37, 38, 39, 40, 41, 42, 43, 44])
(42583, [0, 1, 2, 3, 4, 5, 6, 7, 8, 9, 10, 11, 12, 13, 14, 15, 16, 17, 18, 19, 20, 21, 22, 23, 24, 25, 26, 27, 28, 29, 30, 31, 32, 33, 34, 35, 36, 37, 38, 39, 40, 41, 42, 43, 44])
(42584, [1, 2, 3, 4, 6, 7, 8, 9, 11, 12, 15, 17, 18, 19, 21, 23, 24, 30, 31, 32, 33, 34, 35, 39, 42, 43, 44])
(42585, [0, 1, 2, 3, 4, 7, 9, 11, 12, 14, 15, 16, 17, 19, 21, 23, 26, 27, 30, 31, 32, 33, 34, 42, 43, 44])
(42586, [32])
(42587, [0, 1, 2, 3, 4, 5, 6, 7, 8, 9, 10, 11, 12, 13, 14, 15, 16, 17, 18, 19, 20, 21, 22, 23, 24, 26, 27, 28, 29, 30, 31, 32, 33, 34, 35, 36, 37, 38, 39, 40, 41, 42, 43, 44])
(42588, [0, 1, 2, 3, 4, 6, 7, 8, 9, 11, 12, 13, 14, 15, 16, 17, 18, 19, 21, 22, 23, 24, 26, 30, 31, 32, 33, 34, 35, 36, 39, 40, 41, 43, 44])
(42589, [0, 2, 11, 12, 14, 19, 21, 23, 24, 26, 27, 30, 31, 32, 38, 44])
(42590, [0, 1, 2, 3, 7, 9, 11, 12, 13, 14, 15, 16, 17, 18, 19, 24, 26, 30, 31, 32, 33, 34, 36, 40, 41, 44])
(42591, [0, 1, 2, 4, 22, 23, 24, 30, 31, 32, 42])
(42592, [0, 2, 3, 6, 8, 9, 10, 11, 13, 14, 15, 16, 17, 18, 19, 24, 26, 30, 31, 32, 33, 34, 41, 43, 44])
(42593, [2, 9, 15, 32, 40, 43])
(42594, [0, 1, 2, 3, 4, 6, 7, 9, 10, 11, 12, 13, 14, 15, 16, 17, 18, 19, 20, 21, 22, 24, 26, 28, 30, 31, 32, 33, 34, 37, 38, 39, 40, 41, 42, 43, 44])
(42595, [0, 3, 4, 6, 7, 8, 9, 11, 12, 13, 15, 18, 21, 23, 24, 26, 27, 30, 31, 32, 33, 34, 40, 44])
(42596, [0, 1, 2, 3, 4, 5, 6, 7, 8, 9, 10, 11, 12, 13, 14, 15, 16, 17, 18, 19, 20, 23, 24, 26, 27, 28, 31, 32, 33, 34, 35, 36, 37, 40, 41, 42, 43, 44])
(42597, [2, 3, 6, 9, 11, 19, 20, 23, 32, 36, 43, 44])
(42598, [0, 1, 2, 3, 6, 9, 11, 12, 13, 14, 16, 17, 18, 19, 22, 23, 26, 29, 30, 31, 32, 33, 34, 35, 40, 41, 42, 44])
(42599, [1, 3, 16, 17, 26, 32, 41])
(42600, [2, 3, 4, 6, 11, 12, 14, 15, 16, 17, 18, 20, 26, 30, 31, 32, 33, 34, 36, 41, 42, 44])
(42601, [1, 3, 7, 11, 22, 31, 32, 33, 34, 41])
(42602, [0, 1, 2, 3, 4, 5, 6, 7, 8, 9, 12, 13, 14, 15, 16, 17, 18, 19, 20, 21, 22, 23, 24, 26, 28, 30, 32, 33, 34, 35, 36, 39, 41, 42, 43, 44])
(42603, [0, 1, 9, 16, 22, 32])
(42604, [1, 2, 9, 11, 16, 19, 24, 32, 41, 43, 44])
(42605, [0, 9, 11, 19, 22, 23, 30, 32, 34, 35, 43, 44])
(42606, [0, 1, 2, 3, 4, 6, 11, 12, 13, 14, 16, 17, 19, 29, 31, 32, 33, 34, 41, 42])
(42607, [1, 2, 3, 4, 7, 11, 18, 19, 20, 32, 33, 40, 44])
(42608, [1, 3, 4, 6, 9, 12, 14, 16, 17, 19, 26, 30, 32, 39])
(42609, [0, 1, 2, 3, 5, 7, 8, 9, 11, 12, 15, 16, 17, 18, 20, 26, 27, 28, 30, 31, 32, 33, 38, 40, 41, 43])
(42610, [0, 2, 4, 6, 9, 13, 14, 18, 23, 24, 26, 32, 34, 35, 41, 42, 43, 44])
(42611, [1, 2, 3, 6, 7, 8, 9, 11, 14, 15, 16, 18, 19, 21, 22, 23, 24, 26, 30, 31, 32, 33, 34, 40, 41, 43])
(42612, [1, 2, 3, 4, 6, 7, 9, 11, 12, 17, 20, 23, 24, 26, 28, 32, 33, 34, 41, 42, 43, 44])
(42613, [0, 1, 3, 4, 5, 6, 8, 9, 11, 12, 13, 15, 16, 18, 19, 21, 22, 23, 27, 30, 32, 33, 39, 41, 42, 43])
(42614, [1, 3, 19, 26, 32])
(42615, [32, 41])
(42616, [2, 26, 32])
(42617, [1, 2, 3, 5, 8, 10, 11, 12, 15, 17, 18, 19, 23, 26, 27, 30, 31, 32, 33, 35, 37, 41, 43])
(42618, [0, 1, 2, 3, 4, 6, 7, 9, 11, 12, 18, 20, 21, 22, 23, 30, 31, 32, 33, 34, 35, 42, 43])
(42619, [1, 3, 6, 15, 17, 31, 32, 33, 40, 41, 43])
(42620, [20, 32, 41])
(42621, [32])
(42622, [0, 1, 2, 3, 4, 7, 9, 10, 11, 12, 14, 15, 16, 18, 23, 24, 26, 27, 30, 32, 33, 35, 41, 43, 44])
(42623, [0, 1, 3, 4, 5, 6, 8, 9, 12, 13, 15, 17, 18, 22, 23, 29, 30, 31, 32, 33, 34, 35, 40, 41])
(42624, [4, 12, 16, 18, 21, 23, 32])
(42625, [0, 1, 2, 3, 4, 6, 8, 9, 12, 15, 20, 24, 26, 31, 32, 34, 41, 43])
(42626, [0, 1, 3, 6, 7, 8, 9, 14, 18, 19, 20, 23, 26, 30, 31, 32, 39, 43])
(42627, [0, 1, 2, 3, 8, 9, 14, 15, 16, 17, 18, 19, 21, 22, 23, 27, 30, 32, 35, 38, 40, 43])
(42628, [0, 2, 3, 9, 12, 15, 23, 32, 34, 39, 43, 44])
(42629, [0, 1, 2, 3, 4, 5, 6, 7, 8, 9, 10, 11, 12, 14, 15, 16, 17, 18, 19, 20, 21, 22, 23, 24, 26, 31, 32, 33, 34, 35, 36, 40, 41, 42, 43, 44])
(42630, [1, 3, 4, 5, 6, 8, 9, 11, 16, 17, 18, 19, 21, 22, 23, 26, 30, 31, 32, 33, 34, 38, 41, 43, 44])
(42631, [0, 2, 4, 7, 8, 18, 23, 26, 27, 32, 36, 40])
(42632, [3, 32, 33, 34, 44])
(42633, [1, 2, 3, 4, 6, 7, 8, 9, 11, 12, 13, 15, 17, 18, 19, 20, 21, 22, 23, 24, 26, 30, 31, 32, 33, 34, 40, 41, 44])
(42634, [0, 3, 6, 7, 11, 12, 14, 15, 18, 19, 26, 27, 32])
(42635, [15, 20, 32, 41])
(42636, [0, 1, 2, 3, 4, 5, 6, 7, 8, 9, 10, 11, 12, 13, 15, 16, 18, 19, 21, 23, 24, 26, 30, 32, 34, 35, 37, 38, 42, 43, 44])
(42637, [1, 2, 3, 4, 5, 6, 9, 11, 12, 14, 16, 18, 20, 24, 26, 28, 29, 31, 32, 33, 34, 35, 37, 39, 42, 43, 44])
(42638, [32])
(42639, [0, 1, 3, 4, 5, 9, 10, 11, 15, 16, 17, 18, 21, 22, 26, 29, 30, 31, 32, 35, 37, 39])
(42640, [2, 3, 6, 9, 12, 15, 16, 18, 19, 23, 24, 26, 30, 31, 32, 33, 34, 40, 41, 43])
(42641, [0, 1, 2, 3, 6, 7, 9, 10, 11, 12, 15, 20, 21, 23, 24, 26, 31, 32, 33, 34])
(42642, [1, 5, 8, 9, 12, 19, 23, 32, 33])
(42643, [0, 1, 2, 3, 4, 5, 7, 8, 9, 10, 11, 12, 13, 14, 16, 18, 19, 20, 21, 23, 28, 30, 31, 32, 34, 35, 36, 38, 40, 41, 42, 43, 44])
(42644, [0, 1, 2, 3, 4, 5, 6, 7, 8, 9, 10, 11, 12, 13, 14, 15, 16, 17, 19, 20, 21, 22, 24, 25, 26, 29, 30, 31, 32, 33, 34, 36, 40, 41, 42, 43, 44])
(42645, [3, 32, 38])
(42646, [5, 9, 31, 32])
(42647, [0, 9, 12, 31, 32, 33, 40, 41, 44])
(42648, [0, 1, 2, 3, 9, 11, 12, 15, 17, 19, 21, 22, 26, 30, 31, 32, 33, 43, 44])
(42649, [0, 1, 2, 3, 4, 9, 10, 11, 12, 13, 15, 17, 19, 22, 24, 26, 31, 32, 33, 36, 38, 40, 41, 43])
(42650, [0, 1, 2, 3, 8, 12, 15, 16, 20, 23, 26, 31, 32, 33, 36, 39])
(42651, [1, 3, 6, 9, 11, 14, 15, 18, 23, 26, 32, 40, 41, 43])
(42652, [32])
(42653, [32])
(42654, [0, 1, 2, 3, 4, 7, 9, 11, 12, 14, 18, 20, 21, 23, 24, 26, 28, 30, 32, 33, 38, 42, 43, 44])
(42655, [0, 1, 2, 3, 4, 9, 11, 12, 17, 18, 22, 23, 30, 31, 32, 34, 35, 37, 44])
(42656, [1, 2, 3, 4, 7, 8, 9, 12, 15, 18, 19, 20, 22, 23, 24, 31, 32, 34, 39, 41, 43])
(42657, [2, 32, 36])
(42658, [32])
(42659, [2, 9, 11, 17, 19, 28, 32, 33, 40])
(42660, [0, 1, 2, 3, 4, 6, 7, 9, 11, 12, 15, 17, 18, 19, 20, 23, 26, 31, 32, 33, 34, 38, 41, 43, 44])
(42661, [0, 1, 2, 3, 9, 11, 12, 14, 16, 17, 18, 19, 20, 23, 27, 30, 31, 32, 33, 34, 37, 41, 42, 44])
(42662, [2, 6, 18, 21, 23, 28, 35, 40, 42, 43])
(42663, [35, 37])
(42664, [35])
(42665, [1, 2, 3, 4, 5, 8, 9, 16, 18, 19, 21, 23, 29, 35, 37, 43])
(42666, [0, 1, 2, 3, 8, 10, 15, 16, 18, 19, 22, 24, 26, 35, 41])
(42667, [3, 8, 18, 21, 23, 35, 37, 38])
(42668, [35])
(42669, [35])
(42670, [1, 3, 4, 5, 6, 7, 8, 9, 10, 11, 12, 16, 17, 18, 21, 22, 23, 26, 29, 30, 31, 34, 35, 42, 43])
(42671, [0, 1, 2, 3, 4, 6, 9, 11, 12, 14, 15, 16, 17, 18, 19, 21, 22, 23, 24, 26, 27, 31, 34, 35, 36, 40, 41, 42, 43])
(42672, [0, 1, 3, 6, 8, 9, 10, 11, 15, 18, 19, 21, 22, 35, 37, 38, 44])
(42673, [35])
(42674, [1, 23, 35])
(42675, [35])
(42676, [1, 3, 5, 7, 8, 9, 12, 18, 19, 21, 23, 27, 30, 31, 34, 35, 41, 42, 44])
(42677, [0, 1, 2, 3, 8, 11, 16, 17, 18, 21, 22, 35])
(42678, [14, 23, 35])
(42679, [35])
(42680, [0, 1, 2, 3, 4, 5, 6, 7, 8, 9, 10, 11, 12, 13, 15, 16, 17, 18, 19, 20, 21, 22, 23, 24, 26, 27, 29, 30, 31, 34, 35, 36, 37, 38, 39, 41, 42, 43, 44])
(42681, [35])
(42682, [35])
(42683, [35])
(42684, [35])
(42685, [35])
(42686, [0, 1, 2, 3, 6, 8, 9, 11, 12, 14, 23, 26, 29, 30, 35, 40, 42])
(42687, [2, 7, 9, 12, 35, 41, 43])
(42688, [2, 6, 8, 9, 23, 28, 34, 35, 43])
(42689, [35])
(42690, [35])
(42691, [35])
(42692, [35])
(42693, [8, 11, 23, 35, 44])
(42694, [0, 1, 2, 3, 4, 8, 9, 11, 12, 15, 17, 18, 19, 26, 31, 33, 35, 40, 41, 42, 44])
(42695, [35, 37])
(42696, [18, 23, 35])
(42697, [8, 18, 23, 35])
(42698, [0, 3, 6, 12, 34, 35, 42])
(42699, [35])
(42700, [35])
(42701, [8, 35])
(42702, [35])
(42703, [35])
(42704, [35])
(42705, [35])
(42706, [15, 35])
(42707, [35])
(42708, [2, 4, 28, 35])
(42709, [2, 4, 11, 15, 17, 21, 22, 23, 30, 33, 34, 43, 44])
(42710, [9, 34])
(42711, [2, 3, 8, 9, 11, 12, 13, 17, 18, 19, 23, 26, 30, 31, 34, 40, 44])
(42712, [34])
(42713, [6, 18, 34])
(42714, [1, 2, 3, 4, 6, 7, 9, 10, 11, 12, 13, 15, 16, 18, 19, 20, 21, 22, 23, 24, 26, 27, 28, 29, 30, 31, 33, 34, 37, 38, 39, 40, 41, 42, 43, 44])
(42715, [18, 34])
(42716, [2, 9, 11, 13, 15, 18, 26, 30, 31, 34, 41])
(42717, [24, 34, 36, 44])
(42718, [34])
(42719, [0, 6, 9, 16, 22, 34, 43, 44])
(42720, [2, 11, 22, 34])
(42721, [0, 1, 3, 7, 15, 19, 26, 34, 42])
(42722, [0, 3, 34, 41])
(42723, [2, 18, 31, 34, 41])
(42724, [2, 4, 9, 12, 14, 17, 19, 24, 26, 30, 33, 34, 36, 40, 41, 43])
(42725, [3, 21, 30, 33, 34])
(42726, [34])
(42727, [11, 14, 34])
(42728, [0, 3, 34])
(42729, [2, 6, 9, 11, 15, 20, 23, 25, 34, 41, 43])
(42730, [9, 34])
(42731, [0, 8, 12, 16, 21, 23, 34])
(42732, [0, 3, 12, 19, 21, 22, 34])
(42733, [34])
(42734, [2, 15, 24, 34])
(42735, [11, 15, 19, 31, 33, 34, 41])
(42736, [3, 5, 34])
(42737, [34])
(42738, [3, 12, 34])
(42739, [34])
(42740, [0, 2, 3, 4, 6, 9, 11, 12, 13, 15, 24, 25, 26, 28, 30, 31, 34, 36, 41, 42, 44])
(42741, [6, 16, 34])
(42742, [4, 34, 43])
(42743, [2, 3, 18, 21, 23, 34])
(42744, [0, 1, 2, 3, 4, 7, 11, 12, 22, 30, 33, 34, 44])
(42745, [2, 3, 7, 9, 10, 11, 12, 16, 18, 19, 20, 31, 34, 41])
(42746, [11, 34])
(42747, [0, 2, 4, 9, 15, 19, 22, 30, 31, 34, 38])
(42748, [1, 7, 9, 12, 16, 21, 23, 28, 29, 34, 42, 43, 44])
(42749, [0, 1, 2, 3, 4, 9, 11, 12, 15, 16, 17, 19, 20, 22, 24, 34, 41, 42])
(42750, [1, 3, 34, 41])
(42751, [0, 1, 7, 15, 21, 34, 40, 44])
(42752, [34])
(42753, [34])
(42754, [3, 12, 34])
(42755, [34])
(42756, [34])
(42757, [34])
(42758, [7, 19, 34])
(42759, [0, 2, 3, 4, 5, 9, 10, 11, 12, 13, 15, 16, 18, 19, 20, 21, 23, 26, 31, 33, 34, 41, 43, 44])
(42760, [3, 9, 34, 41])
(42761, [34])
(42762, [2, 3, 12, 20, 28, 34, 43])
(42763, [12, 33])
(42764, [33])
(42765, [2, 4, 11, 14, 15, 17, 26, 28, 33, 36, 39, 41, 43, 44])
(42766, [0, 1, 2, 3, 7, 9, 11, 19, 26, 31, 33, 39, 42, 44])
(42767, [0, 2, 19, 30, 33])
(42768, [0, 1, 2, 3, 6, 9, 12, 13, 15, 19, 20, 26, 31, 33, 39, 40, 41])
(42769, [0, 1, 2, 3, 9, 11, 12, 14, 18, 19, 21, 24, 26, 30, 33, 40, 41, 43, 44])
(42770, [3, 11, 22, 33])
(42771, [3, 31, 33])
(42772, [1, 3, 5, 9, 11, 15, 16, 23, 30, 31, 33])
(42773, [18, 33, 43])
(42774, [0, 7, 19, 20, 22, 30, 33, 37, 44])
(42775, [3, 8, 33])
(42776, [33])
(42777, [4, 12, 15, 16, 20, 26, 30, 33])
(42778, [33])
(42779, [33])
(42780, [33])
(42781, [0, 33])
(42782, [2, 24, 33, 41, 43])
(42783, [1, 2, 3, 7, 11, 12, 13, 14, 16, 18, 31, 33, 41, 42, 43])
(42784, [19, 21, 33, 43])
(42785, [33, 42])
(42786, [33])
(42787, [10, 15, 24, 30, 31, 33])
(42788, [1, 2, 3, 19, 31, 33, 44])
(42789, [3, 6, 9, 11, 19, 23, 31, 33, 43])
(42790, [2, 9, 12, 26, 31, 33, 36, 40, 44])
(42791, [3, 30, 33])
(42792, [19, 24, 28, 33, 41])
(42793, [33])
(42794, [4, 6, 10, 15, 18, 19, 26, 30, 33, 42, 44])
(42795, [2, 9, 14, 15, 26, 33])
(42796, [33])
(42797, [1, 3, 16, 33, 41, 44])
(42798, [17, 20])
(42799, [1, 11, 12, 18, 20, 23])
(42800, [0, 2, 4, 6, 9, 12, 16, 20, 23])
(42801, [20])
(42802, [20, 26, 30, 38])
(42803, [1, 12, 14, 18, 19, 20, 23, 36, 44])
(42804, [3, 20, 29])
(42805, [1, 20, 22, 36, 39])
(42806, [0, 1, 2, 3, 20])
(42807, [1, 9, 17, 20])
(42808, [1, 20])
(42809, [1, 2, 3, 6, 13, 14, 18, 20, 26, 27, 41, 43])
(42810, [20])
(42811, [20])
(42812, [0, 7, 20])
(42813, [0, 2, 12, 18, 20])
(42814, [0, 8, 9, 12, 20])
(42815, [0, 12, 13, 20, 26, 40])
(42816, [20])
(42817, [1, 3, 9, 11, 19, 20, 23, 43])
(42818, [20, 23, 44])
(42819, [0, 10, 12, 20, 24])
(42820, [0, 3, 4, 11, 12, 15, 20, 28, 31, 36, 38, 39, 44])
(42821, [1, 3, 12, 20, 24, 42])
(42822, [20])
(42823, [0, 1, 3, 7, 19, 20, 44])
(42824, [0, 2, 17, 20])
(42825, [0, 6, 12, 18, 20, 39])
(42826, [5, 11, 12, 17, 18, 22, 23, 37, 40, 44])
(42827, [1, 3, 11, 17, 18, 21, 23, 26, 41, 44])
(42828, [18])
(42829, [18])
(42830, [18])
(42831, [18, 41])
(42832, [18])
(42833, [18])
(42834, [2, 9, 11, 13, 15, 16, 17, 18, 19, 21, 36, 40, 44])
(42835, [18, 26])
(42836, [18])
(42837, [18])
(42838, [3, 18])
(42839, [11, 18])
(42840, [18])
(42841, [18])
(42842, [18])
(42843, [2, 18, 24, 44])
(42844, [0, 2, 4, 6, 8, 9, 13, 14, 17, 18, 23])
(42845, [18])
(42846, [2, 9, 15, 18, 19, 23, 28])
(42847, [0, 1, 2, 3, 5, 9, 12, 15, 18, 21, 42, 43, 44])
(42848, [0, 1, 3, 10, 11, 18, 19, 23, 30, 31, 41])
(42849, [2, 18, 19, 30, 43])
(42850, [0, 1, 3, 9, 11, 12, 16, 18, 21, 22, 31, 41])
(42851, [0, 18, 42])
(42852, [0, 1, 3, 6, 18, 19, 26, 28, 40, 41, 42, 43])
(42853, [18])
(42854, [8, 12, 18, 44])
(42855, [18])
(42856, [6, 18, 19, 21, 22, 23, 30, 31, 37, 43])
(42857, [2, 18])
(42858, [2, 18, 23])
(42859, [2, 6, 18])
(42860, [9, 18])
(42861, [18])
(42862, [18])
(42863, [6, 18, 26])
(42864, [18])
(42865, [18])
(42866, [18])
(42867, [18])
(42868, [18, 24])
(42869, [18])
(42870, [11, 18])
(42871, [2, 18])
(42872, [18, 25])
(42873, [18])
(42874, [18])
(42875, [18])
(42876, [2, 6, 18])
(42877, [18])
(42878, [18])
(42879, [18])
(42880, [18])
(42881, [18])
(42882, [1, 4, 18])
(42883, [18, 23, 37])
(42884, [18])
(42885, [18])
(42886, [11, 18])
(42887, [2, 18])
(42888, [18, 23])
(42889, [18, 23])
(42890, [0, 1, 2, 3, 4, 6, 15, 17, 18, 26, 36, 41])
(42891, [18])
(42892, [18, 23])
(42893, [3, 18, 21, 23])
(42894, [3, 7, 9, 12, 18, 26])
(42895, [18])
(42896, [3, 15, 18])
(42897, [0, 18, 19, 26])
(42898, [0, 4, 9, 15, 18, 23, 42])
(42899, [18])
(42900, [18])
(42901, [18])
(42902, [18])
(42903, [3, 18, 21])
(42904, [18])
(42905, [18])
(42906, [18])
(42907, [18])
(42908, [18])
(42909, [18])
(42910, [11, 18, 30])
(42911, [0, 1, 2, 3, 6, 9, 12, 19, 21, 27, 36, 42])
(42912, [27])
(42913, [27])
(42914, [27])
(42915, [27])
(42916, [9, 23])
(42917, [9])
(42918, [9])
(42919, [9])
(42920, [9])
(42921, [9])
(42922, [0, 1, 3, 9, 12, 16])
(42923, [0, 1, 2, 6, 9, 12, 30, 36])
(42924, [9, 21, 41])
(42925, [9])
(42926, [2, 3, 4, 9, 17, 19, 24, 40, 43])
(42927, [0, 2, 3, 6, 9, 10, 14, 19, 41, 43])
(42928, [9, 21, 42])
(42929, [9])
(42930, [0, 9, 16])
(42931, [1, 3, 4, 9, 11, 22, 31, 41, 44])
(42932, [9])
(42933, [9])
(42934, [0, 9])
(42935, [9])
(42936, [9])
(42937, [2, 5, 9, 36, 40])
(42938, [9, 28])
(42939, [9])
(42940, [2, 4, 9, 14, 15, 23, 24, 40, 43, 44])
(42941, [0, 1, 2, 3, 6, 7, 9, 12, 19, 21, 41, 44])
(42942, [9])
(42943, [9])
(42944, [3, 9, 16, 31])
(42945, [0, 1, 4, 6, 9, 11, 12, 15, 16, 17, 21, 30, 40])
(42946, [9])
(42947, [9])
(42948, [9])
(42949, [9])
(42950, [9, 21])
(42951, [2, 9, 19, 43])
(42952, [9])
(42953, [1, 3, 7, 9, 12, 19, 30, 31, 43])
(42954, [9])
(42955, [9])
(42956, [9])
(42957, [9])
(42958, [9])
(42959, [2, 9, 37])
(42960, [9])
(42961, [0, 4, 9, 12, 23])
(42962, [9])
(42963, [9])
(42964, [0, 9, 23])
(42965, [9])
(42966, [4, 9, 15, 17, 24, 26, 31, 41, 43])
(42967, [9])
(42968, [2, 9])
(42969, [9])
(42970, [0, 9, 11, 14, 17, 26])
(42971, [9])
(42972, [9])
(42973, [9, 24])
(42974, [9, 23, 29, 30, 31, 42, 43])
(42975, [9])
(42976, [9])
(42977, [0, 6, 9, 19, 23, 38])
(42978, [0, 8])
(42979, [0, 1, 3, 7, 12])
(42980, [0, 3, 10])
(42981, [0, 2, 7, 28, 43])
(42982, [0])
(42983, [0])
(42984, [0])
(42985, [0, 12, 44])
(42986, [0, 12])
(42987, [0])
(42988, [0])
(42989, [0])
(42990, [0, 12])
(42991, [0])
(42992, [0])
(42993, [0])
(42994, [0])
(42995, [0])
(42996, [0])
(42997, [0])
(42998, [0])
(42999, [0])
(43000, [0, 3, 12])
(43001, [0])
(43002, [0])
(43003, [0])
(43004, [0])
(43005, [0])
(43006, [0, 4, 12, 16, 21, 43, 44])
(43007, [0, 12])
(43008, [0])
(43009, [0])
(43010, [0, 12])
(43011, [0])
(43012, [0])
(43013, [0])
(43014, [0, 11, 12])
(43015, [0])
(43016, [0])
(43017, [0])
(43018, [0])
(43019, [0])
(43020, [0, 12])
(43021, [0])
(43022, [0])
(43023, [0])
(43024, [0, 12])
(43025, [0])
(43026, [0])
(43027, [0, 15])
(43028, [0])
(43029, [0])
(43030, [0, 3])
(43031, [0])
(43032, [0])
(43033, [0])
(43034, [0])
(43035, [0])
(43036, [0])
(43037, [0])
(43038, [0])
(43039, [0])
(43040, [0])
(43041, [0])
(43042, [0])
(43043, [0, 1, 3, 7, 8, 12, 30, 44])
(43044, [0])
(43045, [0])
(43046, [0, 26])
(43047, [0])
(43048, [0])
(43049, [0])
(43050, [0, 12, 44])
(43051, [0, 10])
(43052, [0])
(43053, [0])
(43054, [0])
(43055, [0])
(43056, [0])
(43057, [0])
(43058, [0])
(43059, [0])
(43060, [0])
(43061, [0])
(43062, [0, 10, 12])
(43063, [0])
(43064, [0])
(43065, [0, 36])
(43066, [0, 5, 12, 21, 38])
(43067, [0])
(43068, [0])
(43069, [0])
(43070, [0])
(43071, [0, 12])
(43072, [0, 2, 15, 23])
(43073, [0])
(43074, [0])
(43075, [0])
(43076, [0])
(43077, [0])
(43078, [0])
(43079, [0, 1, 3])
(43080, [0])
(43081, [0])
(43082, [0, 1, 6, 8, 44])
(43083, [0])
(43084, [0])
(43085, [0])
(43086, [0])
(43087, [0])
(43088, [0, 24])
(43089, [0])
(43090, [0])
(43091, [0])
(43092, [0])
(43093, [0])
(43094, [0])
(43095, [0, 2, 4, 24, 26])
(43096, [0])
(43097, [0])
(43098, [0])
(43099, [0])
(43100, [0])
(43101, [0])
(43102, [0])
(43103, [0])
(43104, [0, 12])
(43105, [0])
(43106, [0])
(43107, [0])
(43108, [0])
(43109, [0])
(43110, [0])
(43111, [0])
(43112, [0])
(43113, [0])
(43114, [0])
(43115, [0])
(43116, [0])
(43117, [0, 3, 7])
(43118, [0])
(43119, [0])
(43120, [0])
(43121, [0])
(43122, [0])
(43123, [0])
(43124, [0])
(43125, [0])
(43126, [0])
(43127, [0])
(43128, [0])
(43129, [0])
(43130, [0])
(43131, [0, 2])
(43132, [0])
(43133, [0])
(43134, [0])
(43135, [0, 1, 3, 11, 12, 21, 22, 24, 31, 44])
(43136, [0])
(43137, [0, 21])
(43138, [0])
(43139, [0])
(43140, [0, 3, 4])
(43141, [0])
(43142, [0])
(43143, [0])
(43144, [0])
(43145, [0, 1, 2, 12, 14, 41, 43])
(43146, [0])
(43147, [0])
(43148, [0])
(43149, [0])
(43150, [0])
(43151, [0])
(43152, [0])
(43153, [0, 12, 23])
(43154, [0, 17])
(43155, [0])
(43156, [0])
(43157, [0])
(43158, [0])
(43159, [0])
(43160, [0])
(43161, [0])
(43162, [0])
(43163, [0])
(43164, [0])
(43165, [0])
(43166, [0])
(43167, [0])
(43168, [0, 2, 6, 19, 41, 44])
(43169, [0])
(43170, [0, 1, 3, 21, 23, 24])
(43171, [0, 30])
(43172, [0, 3])
(43173, [0])
(43174, [0])
(43175, [0])
(43176, [0])
(43177, [0])
(43178, [0])
(43179, [0])
(43180, [0])
(43181, [0])
(43182, [0])
(43183, [0])
(43184, [0])
(43185, [0])
(43186, [0])
(43187, [0])
(43188, [0, 4, 14, 26, 41])
(43189, [0])
(43190, [0])
(43191, [0])
(43192, [0])
(43193, [0])
(43194, [0])
(43195, [0, 1, 3, 12])
(43196, [0])
(43197, [0])
(43198, [0])
(43199, [0])
(43200, [0])
(43201, [0])
(43202, [0])
(43203, [0, 2, 3, 4, 12, 16, 21, 30, 31, 38])
(43204, [0])
(43205, [0])
(43206, [0])
(43207, [0])
(43208, [0, 12, 41])
(43209, [0])
(43210, [0])
(43211, [0])
(43212, [0])
(43213, [0])
(43214, [0])
(43215, [0, 36])
(43216, [0, 12])
(43217, [0])
(43218, [0])
(43219, [11])
(43220, [7, 11, 26])
(43221, [11])
(43222, [11, 31])
(43223, [11])
(43224, [1, 2, 11, 17, 30])
(43225, [11])
(43226, [3, 11, 21, 23])
(43227, [11])
(43228, [11])
(43229, [2, 4, 11, 14, 43, 44])
(43230, [11])
(43231, [3, 11, 21, 44])
(43232, [11])
(43233, [11, 41])
(43234, [11])
(43235, [3, 11, 19, 23])
(43236, [1, 11])
(43237, [3, 7, 11, 13, 19, 41])
(43238, [11])
(43239, [11])
(43240, [11])
(43241, [11])
(43242, [11])
(43243, [11, 24, 30])
(43244, [11])
(43245, [4, 8, 11, 15, 21, 22, 23])
(43246, [11])
(43247, [4, 11])
(43248, [1, 7, 15, 19, 21, 30])
(43249, [7, 21])
(43250, [1, 3, 4, 7, 19, 21])
(43251, [7])
(43252, [7, 40])
(43253, [7])
(43254, [1, 7])
(43255, [7])
(43256, [1, 2, 7])
(43257, [7])
(43258, [1, 3, 7])
(43259, [19, 29])
(43260, [16])
(43261, [5, 8, 16, 23])
(43262, [16])
(43263, [1, 16, 19, 23, 24, 44])
(43264, [6, 12, 15, 16, 24, 41, 43])
(43265, [16])
(43266, [2, 15, 16, 36, 41])
(43267, [1, 3, 16, 28, 43, 44])
(43268, [16])
(43269, [16])
(43270, [16])
(43271, [16, 19])
(43272, [16])
(43273, [16])
(43274, [16])
(43275, [16])
(43276, [16])
(43277, [16, 19])
(43278, [42])
(43279, [1, 26, 42])
(43280, [42])
(43281, [1, 3, 30, 42])
(43282, [6])
(43283, [6])
(43284, [1, 3, 6, 31, 38])
(43285, [6])
(43286, [6])
(43287, [6, 17, 22, 30, 37])
(43288, [6])
(43289, [1, 6, 15, 19, 23])
(43290, [6])
(43291, [28])
(43292, [1, 15, 28])
(43293, [28])
(43294, [28])
(43295, [28])
(43296, [17])
(43297, [17])
(43298, [17])
(43299, [17])
(43300, [17])
(43301, [17])
(43302, [17])
(43303, [17])
(43304, [17])
(43305, [1, 4, 15, 17, 19, 22, 30])
(43306, [17])
(43307, [17])
(43308, [17])
(43309, [17])
(43310, [17])
(43311, [1, 3])
(43312, [1, 3, 13, 41])
(43313, [1, 2, 3, 19, 23])
(43314, [1, 3, 19])
(43315, [1])
(43316, [1, 3, 19, 23, 44])
(43317, [1, 21])
(43318, [1, 2])
(43319, [1, 12])
(43320, [1, 3, 8])
(43321, [1])
(43322, [1])
(43323, [1])
(43324, [1])
(43325, [1])
(43326, [1])
(43327, [1])
(43328, [1])
(43329, [1, 2, 3])
(43330, [1])
(43331, [1])
(43332, [1])
(43333, [1])
(43334, [1, 8, 15])
(43335, [1])
(43336, [1])
(43337, [1, 3])
(43338, [1])
(43339, [1, 19, 26])
(43340, [1, 3])
(43341, [1, 2, 3])
(43342, [1, 3])
(43343, [1, 3])
(43344, [1, 2, 3, 12, 38])
(43345, [1])
(43346, [1])
(43347, [1])
(43348, [1, 4, 15])
(43349, [1])
(43350, [1])
(43351, [1])
(43352, [10])
(43353, [10])
(43354, [10])
(43355, [10])
(43356, [10])
(43357, [10])
(43358, [10])
(43359, [10, 19, 26, 40, 41, 43])
(43360, [10])
(43361, [10])
(43362, [10])
(43363, [10])
(43364, [19])
(43365, [19])
(43366, [19])
(43367, [19, 26])
(43368, [2, 19])
(43369, [19])
(43370, [19])
(43371, [19])
(43372, [19])
(43373, [14, 19])
(43374, [19, 41])
(43375, [19, 38])
(43376, [19])
(43377, [19])
(43378, [19])
(43379, [19, 44])
(43380, [3, 19, 21, 24])
(43381, [2, 14, 26])
(43382, [26])
(43383, [26])
(43384, [26, 43])
(43385, [26])
(43386, [12, 14, 26])
(43387, [26])
(43388, [2, 26])
(43389, [26])
(43390, [26, 41])
(43391, [26])
(43392, [5, 26])
(43393, [14, 26, 43])
(43394, [26])
(43395, [26])
(43396, [2, 26])
(43397, [12, 26])
(43398, [26])
(43399, [3, 26, 43])
(43400, [26])
(43401, [26])
(43402, [8])
(43403, [8])
(43404, [8])
(43405, [8])
(43406, [8])
(43407, [8])
(43408, [8])
(43409, [2, 8, 21])
(43410, [8])
(43411, [8])
(43412, [8, 12, 30])
(43413, [8])
(43414, [8])
(43415, [8])
(43416, [8])
(43417, [8])
(43418, [2, 8, 15, 24, 43])
(43419, [8])
(43420, [5, 8])
(43421, [8])
(43422, [21])
(43423, [21])
(43424, [21])
(43425, [12, 21])
(43426, [21])
(43427, [3, 21])
(43428, [21])
(43429, [21])
(43430, [21])
(43431, [21])
(43432, [21])
(43433, [21])
(43434, [21])
(43435, [21])
(43436, [21])
(43437, [21])
(43438, [21])
(43439, [21])
(43440, [21])
(43441, [21])
(43442, [3, 21])
(43443, [21])
(43444, [21])
(43445, [21])
(43446, [21])
(43447, [21])
(43448, [21])
(43449, [21])
(43450, [21])
(43451, [21])
(43452, [21])
(43453, [21])
(43454, [44])
(43455, [4, 44])
(43456, [3, 44])
(43457, [44])
(43458, [39, 44])
(43459, [44])
(43460, [44])
(43461, [44])
(43462, [3, 44])
(43463, [44])
(43464, [44])
(43465, [44])
(43466, [44])
(43467, [2, 44])
(43468, [44])
(43469, [43])
(43470, [43])
(43471, [43])
(43472, [43])
(43473, [24, 43])
(43474, [43])
(43475, [43])
(43476, [43])
(43477, [43])
(43478, [43])
(43479, [43])
(43480, [43])
(43481, [43])
(43482, [43])
(43483, [2, 4, 15, 23, 43])
(43484, [43])
(43485, [43])
(43486, [43])
(43487, [15, 39, 40, 43])
(43488, [43])
(43489, [43])
(43490, [43])
(43491, [14, 22, 43])
(43492, [43])
(43493, [43])
(43494, [43])
(43495, [43])
(43496, [38])
(43497, [38])
(43498, [36])
(43499, [36])
(43500, [36])
(43501, [36])
(43502, [12, 36])
(43503, [36])
(43504, [36])
(43505, [36])
(43506, [2, 36])
(43507, [36])
(43508, [36])
(43509, [36])
(43510, [36])
(43511, [36])
(43512, [36])
(43513, [36])
(43514, [36])
(43515, [36])
(43516, [36])
(43517, [36])
(43518, [36])
(43519, [36])
(43520, [36])
(43521, [36])
(43522, [36])
(43523, [3, 36])
(43524, [36])
(43525, [36])
(43526, [36])
(43527, [36])
(43528, [36])
(43529, [31])
(43530, [31])
(43531, [31])
(43532, [31])
(43533, [31])
(43534, [31])
(43535, [31])
(43536, [30])
(43537, [30])
(43538, [30])
(43539, [30])
(43540, [2, 30])
(43541, [30])
(43542, [30])
(43543, [37])
(43544, [37])
(43545, [39])
(43546, [39])
(43547, [39])
(43548, [41])
(43549, [41])
(43550, [41])
(43551, [41])
(43552, [24, 41])
(43553, [41])
(43554, [41])
(43555, [41])
(43556, [41])
(43557, [41])
(43558, [41])
(43559, [41])
(43560, [4, 24, 41])
(43561, [41])
(43562, [41])
(43563, [41])
(43564, [41])
(43565, [41])
(43566, [24])
(43567, [24])
(43568, [24])
(43569, [24])
(43570, [24])
(43571, [24])
(43572, [14, 24, 40])
(43573, [23])
(43574, [23])
(43575, [23])
(43576, [23])
(43577, [23])
(43578, [23])
(43579, [23])
(43580, [23])
(43581, [2, 23])
(43582, [23])
(43583, [23])
(43584, [23])
(43585, [23])
(43586, [23])
(43587, [5, 23])
(43588, [23])
(43589, [23])
(43590, [23])
(43591, [23])
(43592, [23])
(43593, [23])
(43594, [23])
(43595, [23])
(43596, [23])
(43597, [23])
(43598, [23])
(43599, [23])
(43600, [23])
(43601, [23])
(43602, [23])
(43603, [4, 23])
(43604, [23])
(43605, [23])
(43606, [23])
(43607, [23])
(43608, [23])
(43609, [23])
(43610, [23])
(43611, [23])
(43612, [23])
(43613, [23])
(43614, [23])
(43615, [23])
(43616, [23])
(43617, [23])
(43618, [23])
(43619, [23])
(43620, [23])
(43621, [23])
(43622, [23])
(43623, [23])
(43624, [23])
(43625, [23])
(43626, [23])
(43627, [23])
(43628, [3, 23])
(43629, [23])
(43630, [23])
(43631, [23])
(43632, [4])
(43633, [4])
(43634, [4, 15])
(43635, [4])
(43636, [4, 15])
(43637, [4])
(43638, [4])
(43639, [4])
(43640, [4])
(43641, [4])
(43642, [4])
(43643, [2, 4])
(43644, [4])
(43645, [4])
(43646, [4])
(43647, [4])
(43648, [4])
(43649, [4])
(43650, [4])
(43651, [4])
(43652, [4])
(43653, [15])
(43654, [15])
(43655, [15])
(43656, [15])
(43657, [15])
(43658, [15])
(43659, [15])
(43660, [15])
(43661, [15])
(43662, [15])
(43663, [15])
(43664, [2, 15])
(43665, [15])
(43666, [15])
(43667, [3])
(43668, [3])
(43669, [3])
(43670, [3])
(43671, [3])
(43672, [3])
(43673, [3])
(43674, [3])
(43675, [3])
(43676, [3])
(43677, [3])
(43678, [3])
(43679, [3])
(43680, [3])
(43681, [3])
(43682, [3])
(43683, [3])
(43684, [3])
(43685, [3])
(43686, [3, 12])
(43687, [3])
(43688, [3])
(43689, [3])
(43690, [3])
(43691, [3])
(43692, [3])
(43693, [3])
(43694, [3])
(43695, [3])
(43696, [3])
(43697, [2, 3, 12])
(43698, [3])
(43699, [3])
(43700, [3])
(43701, [3])
(43702, [12])
(43703, [12])
(43704, [12])
(43705, [12])
(43706, [12])
(43707, [12])
(43708, [12])
(43709, [12])
(43710, [12])
(43711, [12])
(43712, [12])
(43713, [12])
(43714, [12])
(43715, [12])
(43716, [12])
(43717, [12])
(43718, [12])
(43719, [12])
(43720, [12])
(43721, [12])
(43722, [12])
(43723, [12])
(43724, [12])
(43725, [12])
(43726, [12])
(43727, [12])
(43728, [12])
(43729, [12])
(43730, [12])
(43731, [12])
(43732, [12])
(43733, [12])
(43734, [12])
(43735, [12])
(43736, [12])
(43737, [12])
(43738, [12])
(43739, [12])
(43740, [12])
(43741, [12])
(43742, [12])
(43743, [12])
(43744, [12])
(43745, [12])
(43746, [12])
(43747, [12])
(43748, [12])
(43749, [12])
(43750, [12])
(43751, [12])
(43752, [12])
(43753, [12])
(43754, [12])
(43755, [12])
(43756, [12])
(43757, [12])
(43758, [40])
(43759, [14, 40])
(43760, [40])
(43761, [40])
(43762, [40])
(43763, [2])
(43764, [2])
(43765, [2])
(43766, [2])
(43767, [2])
(43768, [2])
(43769, [2])
(43770, [2])
(43771, [2])
(43772, [2, 5])
(43773, [2])
(43774, [2])
(43775, [2])
(43776, [2])
(43777, [2])
(43778, [2])
(43779, [2])
(43780, [2])
(43781, [2])
(43782, [2])
(43783, [2])
(43784, [2])
(43785, [2])
(43786, [2])
(43787, [2])
(43788, [2])
(43789, [2])
(43790, [2])
(43791, [2])
(43792, [2])
(43793, [2])
(43794, [2])
(43795, [2])
(43796, [2])
(43797, [2])
(43798, [2])
(43799, [2])
(43800, [2])
(43801, [2])
(43802, [2])
(43803, [2])
(43804, [2])
(43805, [2])
(43806, [2])
(43807, [2])
(43808, [2])
(43809, [2])
(43810, [2])
(43811, [2])
(43812, [2])
(43813, [2, 14])
(43814, [2])
(43815, [2])
(43816, [2])
(43817, [2])
(43818, [2])
(43819, [2])
(43820, [2])
(43821, [2])
(43822, [2])
(43823, [2])
(43824, [2])
(43825, [2])
(43826, [2])
(43827, [2])
(43828, [2])
(43829, [2])
(43830, [2])
(43831, [2])
(43832, [2])
(43833, [2])
(43834, [2])
(43835, [2])
(43836, [2])
(43837, [2])
(43838, [2])
(43839, [2])
(43840, [13])
(43841, [13])
(43842, [5])
(43843, [5])
(43844, [5])
(43845, [5])
(43846, [5])
(43847, [5])
(43848, [14])
(43849, [14])
(43850, [14])
(43851, [14])
(43852, [14])
(43853, [14])
(43854, [14])
(43855, [14])
(43856, [14])
(43857, [14])
(43858, [14])
(43859, [14])
(43860, [14])
(43861, [14])
(43862, [14])
(43863, [22])
(43864, [22])
(43865, [22])
(43866, [22])
(43867, [22])
(43868, [22])
(43869, [22])
(43870, [22])
(43871, [22])
(43872, [25])
(43873, [25])
(43874, [25])
