(120870, [0, 1, 2, 3, 4, 5, 6, 7, 8, 9, 10, 11, 12, 13, 14, 15, 16, 17, 18, 19, 20, 21, 22, 23, 24, 25, 26, 27, 28, 29, 30, 31, 32, 33, 34, 35, 36, 37, 38, 39, 40, 41, 42, 43, 44])
(120871, [0, 1, 2, 3, 4, 5, 6, 7, 8, 9, 10, 11, 12, 13, 14, 15, 16, 17, 18, 19, 20, 21, 22, 23, 24, 25, 26, 27, 28, 29, 30, 31, 32, 33, 34, 35, 36, 37, 38, 39, 40, 41, 42, 43, 44])
(120872, [0, 1, 2, 3, 4, 5, 6, 7, 8, 9, 10, 11, 12, 13, 14, 15, 16, 17, 18, 19, 20, 21, 22, 23, 24, 25, 26, 27, 28, 29, 30, 31, 32, 33, 34, 35, 36, 37, 38, 39, 40, 41, 42, 43, 44])
(120873, [0, 1, 2, 3, 4, 6, 7, 9, 11, 12, 13, 16, 17, 18, 19, 21, 22, 23, 24, 26, 27, 28, 30, 31, 32, 33, 34, 35, 39, 41, 43, 44])
(120874, [0, 1, 2, 3, 4, 5, 6, 7, 8, 9, 10, 11, 12, 13, 14, 15, 16, 17, 18, 19, 20, 21, 22, 23, 24, 25, 26, 27, 28, 29, 30, 31, 32, 33, 34, 35, 36, 37, 38, 39, 40, 41, 42, 43, 44])
(120875, [0, 1, 2, 3, 4, 5, 6, 7, 8, 9, 10, 11, 12, 13, 14, 15, 16, 17, 18, 19, 20, 21, 22, 23, 24, 25, 26, 27, 28, 29, 30, 31, 32, 33, 34, 35, 36, 37, 38, 39, 40, 41, 42, 43, 44])
(120876, [0, 1, 2, 3, 4, 5, 6, 7, 8, 9, 10, 11, 12, 13, 14, 15, 16, 17, 18, 19, 20, 21, 22, 23, 24, 25, 26, 27, 28, 29, 30, 31, 32, 33, 34, 35, 36, 37, 38, 39, 40, 41, 42, 43, 44])
(120877, [0, 1, 2, 3, 4, 5, 6, 7, 8, 9, 10, 11, 12, 13, 14, 15, 16, 17, 18, 19, 20, 21, 22, 23, 24, 26, 28, 29, 30, 31, 32, 33, 34, 35, 37, 38, 39, 40, 41, 42, 43, 44])
(120878, [0, 1, 2, 3, 9, 10, 12, 15, 16, 17, 18, 24, 26, 32, 38, 40, 42, 43])
(120879, [0, 1, 2, 3, 4, 5, 6, 7, 8, 9, 10, 11, 12, 13, 14, 15, 16, 17, 18, 19, 20, 21, 22, 23, 24, 25, 26, 27, 28, 29, 30, 31, 32, 33, 34, 35, 36, 37, 38, 39, 40, 41, 42, 43, 44])
(120880, [0, 1, 2, 3, 4, 5, 6, 7, 8, 9, 12, 15, 16, 17, 18, 19, 20, 21, 22, 23, 24, 27, 30, 32, 35, 39, 40, 42, 43, 44])
(120881, [0, 1, 2, 3, 4, 5, 6, 8, 12, 14, 15, 16, 18, 19, 21, 22, 23, 24, 26, 30, 31, 32, 33, 34, 37, 39, 44])
(120882, [0, 3, 32])
(120883, [1, 2, 3, 4, 5, 6, 7, 9, 11, 12, 16, 17, 18, 19, 21, 22, 23, 24, 26, 27, 30, 32, 34, 40, 42, 44])
(120884, [0, 1, 2, 3, 4, 5, 6, 7, 8, 9, 10, 11, 12, 13, 14, 15, 16, 17, 18, 19, 20, 21, 22, 23, 24, 25, 26, 27, 28, 29, 30, 31, 32, 33, 34, 35, 36, 37, 38, 39, 40, 41, 42, 43, 44])
(120885, [0, 1, 2, 3, 4, 6, 7, 8, 9, 10, 11, 12, 13, 14, 15, 16, 17, 18, 19, 20, 21, 22, 23, 24, 25, 26, 27, 28, 29, 30, 31, 32, 33, 34, 35, 36, 37, 39, 40, 41, 42, 43, 44])
(120886, [0, 1, 2, 3, 5, 6, 9, 10, 11, 12, 14, 18, 19, 22, 23, 24, 26, 28, 30, 31, 32, 33, 34, 39, 41, 42, 43, 44])
(120887, [0, 1, 2, 3, 4, 7, 8, 9, 11, 15, 16, 17, 18, 19, 21, 23, 25, 26, 29, 30, 31, 32, 33, 34, 39, 40, 42, 43, 44])
(120888, [32])
(120889, [0, 1, 2, 3, 4, 5, 6, 7, 8, 9, 11, 12, 13, 14, 15, 16, 17, 18, 19, 20, 21, 22, 23, 24, 25, 26, 27, 28, 30, 31, 32, 33, 34, 35, 36, 37, 38, 39, 40, 41, 42, 43, 44])
(120890, [1, 2, 3, 4, 5, 6, 7, 8, 9, 12, 13, 14, 15, 16, 17, 18, 19, 20, 21, 22, 23, 26, 30, 31, 32, 33, 34, 35, 37, 38, 39, 40, 41, 42, 43, 44])
(120891, [1, 2, 3, 4, 5, 6, 7, 8, 9, 10, 11, 12, 13, 14, 15, 16, 17, 18, 19, 20, 21, 22, 23, 24, 25, 26, 27, 28, 29, 30, 31, 32, 33, 34, 35, 36, 37, 38, 39, 40, 41, 42, 43, 44])
(120892, [0, 1, 2, 3, 4, 5, 6, 7, 8, 9, 11, 12, 13, 14, 15, 16, 17, 18, 19, 20, 21, 22, 23, 25, 26, 27, 28, 29, 30, 31, 32, 33, 34, 35, 36, 38, 39, 40, 41, 42, 43, 44])
(120893, [0, 1, 2, 3, 4, 5, 6, 7, 8, 9, 10, 11, 12, 13, 14, 15, 16, 17, 18, 19, 20, 22, 23, 24, 26, 28, 30, 31, 32, 33, 34, 35, 39, 40, 41, 42, 43, 44])
(120894, [0, 1, 2, 3, 4, 7, 9, 11, 12, 15, 17, 18, 19, 20, 23, 26, 32, 34, 42, 43, 44])
(120895, [2, 3, 4, 6, 14, 15, 19, 23, 27, 28, 30, 31, 32, 39, 43])
(120896, [1, 2, 4, 6, 9, 12, 19, 26, 30, 32, 43])
(120897, [1, 2, 3, 4, 6, 7, 11, 12, 13, 14, 15, 16, 17, 19, 20, 24, 25, 26, 27, 29, 30, 31, 32, 33, 34, 39, 40, 42, 43, 44])
(120898, [1, 2, 3, 4, 5, 6, 8, 9, 10, 11, 12, 13, 14, 15, 16, 17, 18, 19, 20, 21, 22, 23, 25, 26, 27, 28, 29, 30, 31, 32, 33, 34, 35, 37, 38, 39, 40, 41, 43, 44])
(120899, [0, 1, 2, 3, 5, 6, 9, 12, 15, 16, 17, 18, 19, 20, 21, 23, 26, 30, 31, 32, 33, 34, 38, 41, 42, 43])
(120900, [0, 1, 2, 3, 6, 9, 10, 15, 17, 19, 31, 32, 44])
(120901, [8, 30, 32, 34, 40, 44])
(120902, [0, 1, 2, 3, 4, 6, 7, 8, 9, 10, 11, 12, 13, 14, 15, 16, 17, 18, 19, 20, 21, 22, 23, 24, 25, 26, 28, 30, 31, 32, 33, 34, 35, 36, 39, 40, 41, 42, 43, 44])
(120903, [0, 1, 2, 3, 4, 5, 6, 7, 8, 9, 10, 11, 12, 13, 14, 15, 16, 17, 18, 19, 20, 21, 22, 23, 24, 25, 26, 27, 28, 29, 30, 31, 32, 33, 34, 35, 36, 37, 38, 39, 40, 41, 42, 43, 44])
(120904, [0, 1, 2, 3, 4, 5, 6, 7, 8, 9, 10, 11, 12, 13, 14, 15, 16, 17, 18, 19, 20, 21, 22, 23, 24, 26, 27, 28, 29, 30, 31, 32, 33, 34, 35, 36, 37, 38, 39, 40, 41, 42, 43, 44])
(120905, [0, 2, 4, 6, 7, 9, 11, 12, 13, 14, 15, 16, 17, 18, 19, 20, 21, 22, 23, 24, 26, 27, 30, 31, 32, 33, 34, 35, 37, 40, 41, 42, 43, 44])
(120906, [0, 1, 11, 26, 32, 39, 44])
(120907, [0, 1, 2, 3, 4, 5, 6, 9, 10, 11, 13, 16, 17, 18, 19, 21, 23, 26, 27, 28, 32, 34, 35, 39, 40, 41, 42, 43, 44])
(120908, [2, 9, 15, 16, 31, 32, 33, 34, 43, 44])
(120909, [0, 1, 2, 3, 4, 6, 14, 15, 16, 17, 18, 23, 24, 26, 28, 32, 36, 40, 41, 42, 43])
(120910, [0, 1, 2, 3, 4, 7, 9, 11, 12, 14, 15, 16, 17, 18, 19, 20, 21, 22, 23, 24, 26, 27, 30, 32, 33, 34, 35, 37, 38, 39, 40, 41, 42, 43, 44])
(120911, [1, 2, 6, 9, 11, 15, 19, 23, 32, 40, 43])
(120912, [1, 3, 4, 9, 11, 12, 15, 16, 19, 21, 30, 32, 33, 34, 41])
(120913, [4, 6, 9, 12, 15, 21, 24, 30, 32, 41, 43])
(120914, [1, 2, 3, 5, 6, 8, 9, 11, 12, 13, 14, 15, 16, 17, 18, 19, 21, 22, 23, 24, 26, 30, 31, 32, 33, 34, 39, 40, 41, 43, 44])
(120915, [0, 1, 2, 3, 4, 5, 6, 7, 8, 9, 11, 12, 14, 16, 17, 18, 19, 20, 21, 23, 24, 26, 30, 31, 32, 33, 35, 36, 37, 41, 43, 44])
(120916, [0, 3, 11, 24, 31, 32, 34, 35, 43])
(120917, [3, 31, 32, 33, 34])
(120918, [0, 1, 2, 3, 4, 6, 7, 9, 12, 13, 16, 17, 18, 19, 20, 29, 30, 32, 36, 40, 43])
(120919, [0, 1, 2, 3, 4, 6, 7, 8, 9, 10, 11, 12, 13, 14, 15, 16, 17, 18, 19, 20, 22, 23, 24, 25, 26, 30, 31, 32, 34, 35, 36, 37, 38, 39, 41, 43, 44])
(120920, [6, 9, 32])
(120921, [0, 1, 3, 4, 5, 6, 8, 9, 10, 11, 12, 13, 15, 18, 19, 21, 22, 23, 24, 26, 30, 31, 32, 33, 34, 35, 36, 37, 41, 43, 44])
(120922, [0, 1, 2, 3, 4, 6, 8, 9, 11, 12, 13, 15, 16, 17, 18, 19, 20, 21, 22, 23, 24, 26, 30, 31, 32, 33, 40, 42, 43, 44])
(120923, [4, 9, 11, 12, 14, 15, 17, 18, 24, 26, 31, 32, 42])
(120924, [1, 3, 4, 6, 7, 8, 9, 10, 11, 12, 13, 16, 18, 19, 21, 22, 23, 28, 29, 30, 31, 32, 33, 34, 35, 37, 41, 42, 43, 44])
(120925, [14, 32])
(120926, [4, 12, 14, 15, 30, 32])
(120927, [0, 2, 4, 6, 9, 12, 14, 15, 17, 18, 23, 26, 30, 32, 33, 34, 35, 40, 41, 43, 44])
(120928, [1, 2, 3, 4, 6, 7, 9, 10, 11, 12, 13, 15, 20, 21, 22, 26, 31, 32, 33, 41, 42, 44])
(120929, [32])
(120930, [4, 32])
(120931, [2, 4, 6, 9, 12, 15, 18, 23, 26, 30, 31, 32, 33, 34, 41, 43])
(120932, [6, 9, 13, 32])
(120933, [6, 18, 19, 27, 32])
(120934, [0, 1, 2, 3, 4, 5, 6, 7, 8, 9, 10, 11, 12, 14, 15, 16, 17, 18, 19, 23, 26, 27, 32, 33, 35, 42, 44])
(120935, [1, 3, 19, 21, 32])
(120936, [1, 3, 15, 16, 18, 19, 20, 22, 32])
(120937, [1, 3, 15, 18, 19, 21, 32])
(120938, [0, 1, 2, 4, 6, 11, 15, 17, 18, 24, 27, 30, 31, 32, 33, 36, 39, 41, 44])
(120939, [19, 32])
(120940, [1, 16, 32, 42, 44])
(120941, [0, 1, 2, 3, 4, 6, 7, 8, 9, 11, 12, 13, 14, 15, 16, 17, 19, 20, 22, 23, 24, 25, 26, 27, 28, 30, 31, 32, 33, 34, 35, 37, 40, 41, 43, 44])
(120942, [1, 2, 3, 4, 9, 12, 15, 16, 19, 21, 22, 23, 24, 26, 30, 32, 33, 36, 38, 41, 43, 44])
(120943, [1, 2, 3, 5, 6, 9, 11, 12, 13, 15, 16, 18, 21, 23, 24, 26, 32, 40, 41, 42, 43, 44])
(120944, [2, 3, 6, 9, 14, 15, 16, 17, 31, 32, 33, 34, 40, 43])
(120945, [2, 6, 8, 9, 12, 26, 32, 33, 41, 43])
(120946, [0, 32])
(120947, [1, 3, 5, 11, 12, 16, 19, 21, 23, 32, 34])
(120948, [0, 1, 2, 3, 4, 6, 7, 8, 9, 11, 12, 13, 14, 15, 16, 17, 18, 19, 20, 23, 24, 26, 30, 31, 32, 33, 34, 40, 41, 43, 44])
(120949, [1, 3, 6, 8, 11, 12, 15, 16, 18, 22, 23, 30, 31, 32, 33, 34, 44])
(120950, [3, 11, 12, 23, 30, 31, 32, 33, 34, 35])
(120951, [0, 1, 2, 3, 4, 5, 6, 7, 8, 9, 11, 12, 14, 15, 17, 18, 19, 20, 21, 22, 23, 30, 32, 33, 34, 35, 37, 38, 39, 40, 41, 42, 43, 44])
(120952, [1, 3, 5, 12, 19, 23, 32, 33, 35])
(120953, [0, 1, 3, 9, 12, 16, 23, 32, 44])
(120954, [1, 3, 13, 20, 21, 32, 33, 41, 44])
(120955, [1, 3, 4, 8, 9, 12, 17, 21, 23, 24, 28, 31, 32, 34, 35, 38, 40, 44])
(120956, [1, 2, 3, 4, 9, 12, 17, 31, 32, 41])
(120957, [32])
(120958, [2, 4, 9, 11, 12, 16, 23, 24, 26, 27, 32, 34, 44])
(120959, [3, 31, 32, 33])
(120960, [32])
(120961, [0, 1, 2, 3, 7, 9, 10, 11, 12, 15, 16, 18, 19, 24, 27, 29, 30, 31, 32, 33, 35, 40, 44])
(120962, [32])
(120963, [1, 2, 3, 4, 8, 9, 18, 19, 20, 23, 26, 31, 32, 33, 34, 35, 41, 42, 43, 44])
(120964, [1, 2, 3, 6, 8, 9, 11, 12, 15, 18, 19, 21, 23, 28, 29, 30, 32, 35, 36, 39, 41, 44])
(120965, [1, 2, 3, 4, 7, 9, 11, 15, 18, 19, 20, 21, 24, 30, 31, 32, 33, 34, 38, 41, 44])
(120966, [0, 1, 2, 3, 4, 5, 6, 7, 8, 9, 10, 11, 12, 13, 14, 15, 16, 17, 18, 19, 22, 23, 24, 26, 27, 28, 30, 31, 32, 34, 35, 36, 37, 39, 41, 42, 43, 44])
(120967, [1, 2, 6, 8, 12, 14, 16, 17, 18, 19, 21, 22, 23, 25, 29, 32, 44])
(120968, [0, 1, 2, 3, 5, 6, 8, 9, 10, 11, 12, 13, 14, 17, 18, 19, 21, 22, 23, 30, 31, 32, 33, 34, 35, 36, 37, 41, 43])
(120969, [1, 2, 3, 6, 9, 11, 13, 15, 16, 17, 26, 30, 31, 32, 33, 34, 36, 40, 41, 43, 44])
(120970, [0, 1, 2, 3, 4, 7, 11, 12, 13, 17, 19, 21, 22, 24, 30, 32, 33, 34, 35, 39])
(120971, [1, 2, 4, 5, 6, 7, 9, 11, 13, 14, 15, 17, 19, 23, 26, 28, 30, 31, 32, 33, 35, 40, 41, 43, 44])
(120972, [1, 2, 10, 11, 12, 18, 21, 32, 40])
(120973, [0, 1, 2, 8, 12, 19, 23, 24, 26, 30, 32, 33, 34, 36, 43])
(120974, [0, 1, 2, 3, 14, 15, 17, 24, 26, 30, 32, 36, 40, 41])
(120975, [1, 2, 3, 4, 5, 6, 8, 9, 11, 12, 15, 16, 18, 20, 21, 22, 23, 26, 29, 30, 31, 32, 33, 34, 35, 37, 39, 40, 41, 44])
(120976, [1, 3, 5, 7, 12, 16, 32])
(120977, [0, 2, 4, 14, 23, 24, 26, 32, 33, 34, 36, 39, 41])
(120978, [12, 23, 31, 32])
(120979, [22, 32, 41])
(120980, [2, 6, 14, 19, 26, 32, 40])
(120981, [0, 1, 2, 3, 6, 9, 11, 12, 14, 15, 17, 23, 26, 27, 29, 30, 32, 33, 34, 35, 36, 38, 40, 41, 43])
(120982, [0, 1, 2, 3, 4, 7, 9, 11, 12, 15, 16, 17, 18, 19, 21, 23, 26, 30, 31, 32, 41, 42, 43, 44])
(120983, [2, 9, 18, 19, 20, 25, 32, 33])
(120984, [0, 11, 17, 29, 32, 41, 44])
(120985, [1, 3, 7, 18, 19, 24, 32, 33, 44])
(120986, [0, 1, 2, 3, 4, 5, 6, 7, 8, 9, 10, 11, 12, 13, 14, 15, 16, 18, 19, 20, 21, 22, 23, 24, 25, 26, 27, 28, 29, 30, 31, 33, 34, 35, 36, 37, 38, 39, 40, 41, 42, 43, 44])
(120987, [1, 2, 3, 4, 6, 8, 9, 11, 16, 17, 18, 19, 20, 21, 23, 24, 26, 28, 30, 33, 34, 35, 36, 41, 43])
(120988, [1, 2, 3, 4, 11, 12, 16, 19, 21, 23, 30, 35, 36, 37, 44])
(120989, [35])
(120990, [35])
(120991, [35])
(120992, [2, 3, 5, 8, 12, 13, 15, 22, 23, 24, 26, 30, 35, 44])
(120993, [1, 2, 18, 35, 39, 44])
(120994, [0, 8, 11, 12, 15, 18, 23, 31, 35, 43])
(120995, [35])
(120996, [35])
(120997, [35])
(120998, [35])
(120999, [8, 9, 10, 11, 14, 23, 26, 28, 33, 35, 43])
(121000, [35])
(121001, [1, 3, 4, 6, 9, 11, 15, 16, 17, 18, 19, 22, 23, 24, 31, 33, 34, 35, 43, 44])
(121002, [35])
(121003, [1, 2, 3, 4, 5, 6, 7, 8, 9, 10, 11, 12, 13, 14, 15, 16, 18, 19, 20, 21, 22, 23, 24, 28, 31, 34, 35, 36, 39, 40, 43, 44])
(121004, [1, 2, 3, 4, 5, 6, 7, 8, 9, 11, 12, 16, 18, 19, 21, 22, 23, 31, 33, 35, 40, 42, 43])
(121005, [1, 2, 3, 9, 12, 16, 19, 20, 21, 23, 30, 33, 34, 35, 40, 43])
(121006, [35])
(121007, [14, 16, 35, 43])
(121008, [35])
(121009, [35])
(121010, [15, 18, 23, 35])
(121011, [1, 6, 9, 12, 16, 24, 26, 31, 35, 40, 43])
(121012, [9, 10, 35])
(121013, [35])
(121014, [35])
(121015, [35])
(121016, [35])
(121017, [35])
(121018, [12, 35, 37])
(121019, [35])
(121020, [35])
(121021, [35])
(121022, [0, 15, 21, 35, 44])
(121023, [35])
(121024, [11, 12, 19, 26, 35])
(121025, [2, 26, 33, 35])
(121026, [0, 1, 3, 9, 12, 15, 16, 23, 35, 41])
(121027, [0, 1, 2, 3, 4, 5, 6, 7, 8, 9, 10, 11, 12, 14, 15, 16, 18, 19, 20, 22, 23, 24, 26, 27, 28, 29, 30, 31, 33, 34, 35, 36, 37, 38, 40, 41, 43, 44])
(121028, [34])
(121029, [26, 34])
(121030, [2, 9, 13, 34])
(121031, [0, 4, 9, 15, 18, 23, 30, 34, 41, 43])
(121032, [34])
(121033, [9, 23, 34, 44])
(121034, [34])
(121035, [2, 3, 6, 7, 9, 13, 15, 18, 19, 20, 34, 41, 43, 44])
(121036, [4, 12, 15, 17, 19, 26, 34, 36, 44])
(121037, [2, 3, 11, 12, 26, 30, 34, 43])
(121038, [1, 3, 5, 9, 10, 11, 15, 17, 18, 22, 30, 34, 41, 44])
(121039, [2, 18, 21, 34])
(121040, [2, 6, 9, 11, 15, 24, 26, 31, 34, 43, 44])
(121041, [0, 2, 9, 10, 14, 17, 18, 19, 23, 30, 31, 33, 34, 43, 44])
(121042, [6, 7, 11, 16, 19, 31, 33, 34])
(121043, [6, 17, 21, 22, 33, 34, 41, 43])
(121044, [34])
(121045, [1, 2, 3, 5, 8, 15, 22, 30, 33, 34, 37])
(121046, [1, 13, 34])
(121047, [1, 2, 3, 7, 10, 11, 12, 13, 16, 20, 26, 31, 33, 34, 36, 39, 41, 44])
(121048, [0, 1, 2, 13, 20, 34])
(121049, [0, 1, 3, 4, 11, 16, 23, 31, 34, 43])
(121050, [34])
(121051, [0, 2, 6, 12, 14, 19, 20, 34])
(121052, [0, 1, 7, 12, 16, 17, 19, 23, 29, 30, 31, 33, 34, 43, 44])
(121053, [34])
(121054, [8, 9, 14, 15, 22, 23, 24, 26, 34, 41])
(121055, [1, 3, 4, 6, 9, 12, 19, 21, 34, 36, 42, 43])
(121056, [5, 18, 23, 34])
(121057, [17, 34])
(121058, [4, 11, 15, 23, 26, 30, 34, 43])
(121059, [0, 1, 3, 9, 19, 30, 34])
(121060, [34])
(121061, [1, 2, 3, 8, 9, 10, 11, 12, 14, 15, 16, 20, 23, 34])
(121062, [0, 1, 2, 3, 4, 5, 6, 9, 10, 11, 12, 15, 16, 19, 20, 21, 22, 28, 29, 30, 31, 33, 34, 40, 42, 44])
(121063, [0, 1, 2, 3, 7, 8, 9, 10, 11, 12, 15, 16, 17, 18, 19, 20, 22, 24, 26, 30, 31, 33, 34, 36, 37, 38, 39, 41, 42, 44])
(121064, [11, 34])
(121065, [1, 2, 3, 4, 6, 7, 9, 11, 12, 13, 15, 16, 19, 20, 21, 22, 23, 24, 26, 30, 31, 33, 34, 43])
(121066, [34])
(121067, [34])
(121068, [34])
(121069, [12, 34])
(121070, [12, 34])
(121071, [0, 1, 3, 9, 26, 34, 36])
(121072, [34])
(121073, [34])
(121074, [0, 1, 2, 3, 4, 6, 9, 11, 14, 15, 18, 19, 22, 23, 26, 30, 34, 38, 40, 41, 44])
(121075, [0, 3, 12, 34])
(121076, [1, 3, 12, 31, 34, 41])
(121077, [3, 34])
(121078, [0, 1, 8, 9, 14, 18, 21, 23, 24, 34, 36, 41])
(121079, [5, 9, 23, 24, 34, 37, 44])
(121080, [34])
(121081, [34])
(121082, [0, 6, 9, 12, 18, 23, 28, 34, 41])
(121083, [34])
(121084, [0, 34])
(121085, [0, 34])
(121086, [34])
(121087, [0, 1, 2, 3, 4, 6, 9, 11, 12, 13, 14, 15, 16, 18, 19, 20, 26, 30, 34, 44])
(121088, [2, 34])
(121089, [9, 11, 20, 26, 34])
(121090, [3, 4, 11, 12, 15, 26, 27, 28, 34, 43])
(121091, [6, 33])
(121092, [33])
(121093, [33])
(121094, [3, 16, 23, 33, 42])
(121095, [33])
(121096, [1, 3, 11, 15, 20, 21, 33, 40, 44])
(121097, [0, 2, 9, 11, 12, 13, 16, 17, 18, 31, 33])
(121098, [33, 43])
(121099, [1, 2, 3, 14, 15, 18, 19, 21, 26, 33])
(121100, [1, 2, 9, 16, 19, 23, 33])
(121101, [2, 12, 17, 19, 33, 36])
(121102, [2, 7, 15, 19, 33, 41, 43])
(121103, [0, 1, 2, 3, 5, 8, 9, 10, 12, 14, 16, 20, 21, 23, 30, 33, 43])
(121104, [0, 2, 10, 11, 16, 18, 20, 33])
(121105, [7, 20, 33])
(121106, [0, 1, 2, 3, 7, 9, 11, 12, 13, 15, 17, 19, 20, 21, 22, 31, 33, 41, 44])
(121107, [33])
(121108, [3, 4, 7, 12, 15, 19, 21, 24, 26, 30, 33, 40, 41])
(121109, [33])
(121110, [33, 40])
(121111, [2, 4, 11, 33])
(121112, [33])
(121113, [33])
(121114, [26, 30, 31, 33, 41])
(121115, [0, 19, 23, 31, 33])
(121116, [1, 3, 6, 11, 12, 18, 21, 22, 30, 33, 38, 40])
(121117, [2, 16, 33])
(121118, [23, 33])
(121119, [0, 2, 7, 11, 26, 33, 44])
(121120, [0, 2, 3, 12, 14, 18, 23, 28, 31, 33, 36, 40, 41, 44])
(121121, [6, 15, 17, 33, 36, 44])
(121122, [1, 3, 12, 19, 21, 24, 26, 30, 33, 39])
(121123, [0, 1, 2, 3, 8, 11, 12, 31, 33, 43])
(121124, [1, 2, 3, 9, 12, 13, 15, 17, 18, 19, 23, 30, 31, 33, 40, 41, 43])
(121125, [1, 3, 19, 21, 31, 33])
(121126, [1, 2, 3, 6, 7, 9, 11, 12, 15, 16, 17, 19, 20, 21, 22, 26, 31, 33, 42, 43, 44])
(121127, [0, 2, 7, 9, 19, 20, 26, 28, 30, 33, 39])
(121128, [3, 21, 31, 33])
(121129, [0, 2, 8, 9, 11, 12, 13, 14, 19, 20, 26, 33, 43, 44])
(121130, [0, 1, 2, 3, 4, 6, 8, 9, 12, 13, 15, 18, 19, 22, 23, 30, 33, 39, 41, 43])
(121131, [33])
(121132, [1, 3, 10, 11, 12, 16, 18, 19, 21, 22, 33])
(121133, [2, 17, 20, 24, 26, 30, 31, 33, 40, 41, 43])
(121134, [5, 8, 16, 21, 23, 33])
(121135, [20])
(121136, [1, 3, 17, 20, 21])
(121137, [3, 4, 20])
(121138, [20])
(121139, [0, 1, 3, 6, 8, 11, 12, 16, 18, 19, 20, 21, 23, 29, 30, 42])
(121140, [4, 20])
(121141, [2, 5, 10, 11, 12, 19, 20, 39])
(121142, [0, 20])
(121143, [0, 1, 2, 6, 10, 11, 12, 16, 20, 31])
(121144, [20])
(121145, [3, 4, 7, 9, 11, 12, 16, 17, 20, 22, 23, 26, 30, 41, 44])
(121146, [20])
(121147, [3, 6, 18, 20])
(121148, [1, 2, 3, 4, 8, 11, 14, 15, 18, 20, 36, 44])
(121149, [0, 1, 3, 11, 12, 20])
(121150, [20])
(121151, [20])
(121152, [20])
(121153, [0, 3, 12, 20, 21, 40, 41, 42, 43, 44])
(121154, [3, 20])
(121155, [0, 12, 20])
(121156, [20])
(121157, [20])
(121158, [1, 2, 3, 12, 19, 20])
(121159, [1, 2, 4, 6, 12, 15, 20, 23, 24, 26, 30, 41, 43])
(121160, [18])
(121161, [18])
(121162, [18])
(121163, [18, 19])
(121164, [18])
(121165, [18])
(121166, [8, 18, 21, 43])
(121167, [0, 12, 18, 36])
(121168, [18, 21])
(121169, [18])
(121170, [18, 23])
(121171, [1, 2, 3, 7, 8, 9, 11, 12, 17, 18, 19, 21, 22, 24, 29, 30, 41, 44])
(121172, [2, 3, 8, 11, 17, 18, 21, 22, 44])
(121173, [18, 23])
(121174, [0, 1, 2, 8, 18, 21, 26, 36, 40])
(121175, [18])
(121176, [18])
(121177, [7, 18, 19, 31])
(121178, [18])
(121179, [0, 6, 9, 11, 18, 27])
(121180, [1, 2, 3, 6, 14, 16, 18, 19, 25, 41, 43])
(121181, [18])
(121182, [2, 18, 23, 39])
(121183, [18, 23])
(121184, [8, 18, 19, 23, 24])
(121185, [1, 5, 15, 18, 19, 21, 26, 29, 40])
(121186, [12, 15, 18, 26])
(121187, [18])
(121188, [18])
(121189, [3, 6, 18, 19])
(121190, [18, 23])
(121191, [18])
(121192, [1, 3, 18, 29, 43])
(121193, [18])
(121194, [18])
(121195, [18])
(121196, [5, 11, 18])
(121197, [12, 18])
(121198, [6, 18, 26, 43])
(121199, [0, 1, 3, 18])
(121200, [18])
(121201, [18])
(121202, [18, 43])
(121203, [18])
(121204, [12, 18])
(121205, [18])
(121206, [18])
(121207, [8, 18, 23])
(121208, [18])
(121209, [2, 18])
(121210, [0, 1, 18, 44])
(121211, [18])
(121212, [18])
(121213, [18])
(121214, [18])
(121215, [18])
(121216, [1, 3, 6, 17, 18, 24, 28, 42, 44])
(121217, [18])
(121218, [18])
(121219, [18])
(121220, [8, 18, 23])
(121221, [18])
(121222, [6, 18])
(121223, [18])
(121224, [18])
(121225, [18])
(121226, [18, 41, 43])
(121227, [18])
(121228, [3, 8, 12, 18, 30, 31])
(121229, [0, 2, 3, 17, 18, 30, 36, 40, 41, 43])
(121230, [18, 22, 43])
(121231, [1, 3, 11, 12, 18, 30, 44])
(121232, [18])
(121233, [2, 18])
(121234, [18, 30])
(121235, [1, 11, 18, 19, 31])
(121236, [18])
(121237, [18])
(121238, [18])
(121239, [18])
(121240, [8, 12, 15, 18, 23, 37])
(121241, [18])
(121242, [0, 2, 4, 10, 11, 14, 16, 18, 28, 44])
(121243, [18])
(121244, [12, 18])
(121245, [15, 18, 28])
(121246, [0, 1, 3, 14, 15, 18, 19, 44])
(121247, [0, 1, 3, 7, 9, 11, 18, 36, 41, 44])
(121248, [18])
(121249, [18, 19])
(121250, [0, 1, 3, 4, 8, 18])
(121251, [18])
(121252, [3, 18])
(121253, [27])
(121254, [27, 41, 43])
(121255, [27])
(121256, [27])
(121257, [27])
(121258, [27])
(121259, [27])
(121260, [2, 9, 28, 41])
(121261, [9])
(121262, [0, 2, 5, 9])
(121263, [9, 38, 44])
(121264, [0, 3, 5, 9, 30])
(121265, [3, 9, 13, 15, 19, 44])
(121266, [9])
(121267, [0, 9, 16, 43])
(121268, [9])
(121269, [2, 9, 15, 26, 41])
(121270, [9])
(121271, [9])
(121272, [9])
(121273, [9])
(121274, [9])
(121275, [9])
(121276, [1, 3, 9, 19, 39, 44])
(121277, [9, 12, 16, 19])
(121278, [9])
(121279, [3, 9, 11, 23])
(121280, [9])
(121281, [2, 9])
(121282, [2, 9, 24])
(121283, [0, 1, 3, 8, 9, 19, 21, 22, 23, 29, 44])
(121284, [9])
(121285, [2, 9])
(121286, [0, 2, 4, 9, 10, 16, 36])
(121287, [9])
(121288, [9])
(121289, [9])
(121290, [9])
(121291, [2, 9, 10, 12])
(121292, [9, 40])
(121293, [9])
(121294, [9])
(121295, [9])
(121296, [9, 14])
(121297, [9])
(121298, [9])
(121299, [1, 3, 9, 11, 23, 30, 43])
(121300, [0, 2, 9, 12])
(121301, [9])
(121302, [9])
(121303, [9])
(121304, [9])
(121305, [0, 3, 9, 12])
(121306, [3, 9, 12])
(121307, [1, 4, 7, 9, 11, 19, 24, 26, 44])
(121308, [9, 31])
(121309, [0, 9, 10, 12, 16, 42])
(121310, [9, 44])
(121311, [9])
(121312, [9, 11, 44])
(121313, [2, 9])
(121314, [3, 9, 23, 31, 41, 43])
(121315, [9])
(121316, [1, 2, 3, 9, 12, 14, 15, 21, 24, 26, 41, 43])
(121317, [9])
(121318, [9])
(121319, [9])
(121320, [9])
(121321, [9, 13])
(121322, [9])
(121323, [9, 24])
(121324, [9])
(121325, [0, 1, 2, 3, 9, 11, 12, 14, 15, 17, 19, 21, 22, 28, 37, 38, 39, 41])
(121326, [9, 41])
(121327, [3, 9, 12, 28])
(121328, [0, 11, 12, 16])
(121329, [0])
(121330, [0])
(121331, [0])
(121332, [0])
(121333, [0])
(121334, [0])
(121335, [0])
(121336, [0])
(121337, [0])
(121338, [0])
(121339, [0])
(121340, [0, 2, 5, 11, 12, 17, 21, 22, 37, 44])
(121341, [0, 2, 6, 12, 16])
(121342, [0])
(121343, [0])
(121344, [0, 2, 3, 12, 14, 15, 17, 36, 39, 41])
(121345, [0, 2, 3, 12, 13, 24, 26, 41])
(121346, [0])
(121347, [0])
(121348, [0])
(121349, [0])
(121350, [0])
(121351, [0, 11, 24, 26, 31])
(121352, [0, 11, 12, 15, 16, 30, 42])
(121353, [0])
(121354, [0, 6, 12, 14, 15, 36])
(121355, [0, 4, 12])
(121356, [0])
(121357, [0])
(121358, [0])
(121359, [0])
(121360, [0])
(121361, [0, 12, 21])
(121362, [0, 6])
(121363, [0, 12])
(121364, [0])
(121365, [0])
(121366, [0])
(121367, [0])
(121368, [0])
(121369, [0])
(121370, [0])
(121371, [0])
(121372, [0])
(121373, [0])
(121374, [0])
(121375, [0])
(121376, [0])
(121377, [0])
(121378, [0, 4, 12])
(121379, [0])
(121380, [0])
(121381, [0])
(121382, [0])
(121383, [0])
(121384, [0])
(121385, [0])
(121386, [0])
(121387, [0])
(121388, [0])
(121389, [0, 1, 3, 22, 23])
(121390, [0])
(121391, [0, 2])
(121392, [0])
(121393, [0])
(121394, [0])
(121395, [0])
(121396, [0, 12, 23])
(121397, [0])
(121398, [0])
(121399, [0])
(121400, [0, 12])
(121401, [0])
(121402, [0])
(121403, [0])
(121404, [0])
(121405, [0, 31])
(121406, [0])
(121407, [0])
(121408, [0, 2])
(121409, [0])
(121410, [0])
(121411, [0, 1, 2, 3, 11, 15, 42])
(121412, [0])
(121413, [0])
(121414, [0])
(121415, [0, 22])
(121416, [0])
(121417, [0])
(121418, [0])
(121419, [0])
(121420, [0, 1, 3, 19])
(121421, [0])
(121422, [0])
(121423, [0])
(121424, [0])
(121425, [0])
(121426, [0])
(121427, [0, 17, 19])
(121428, [0])
(121429, [0])
(121430, [0])
(121431, [0])
(121432, [0])
(121433, [0])
(121434, [0])
(121435, [0])
(121436, [0, 2, 3, 7, 10, 11, 13, 16, 17, 19, 30, 44])
(121437, [0])
(121438, [0])
(121439, [0])
(121440, [0])
(121441, [0, 3, 11, 41])
(121442, [0])
(121443, [0])
(121444, [0])
(121445, [0])
(121446, [0])
(121447, [0])
(121448, [0, 12])
(121449, [0])
(121450, [0])
(121451, [0])
(121452, [0])
(121453, [0])
(121454, [0])
(121455, [0])
(121456, [0])
(121457, [0])
(121458, [0])
(121459, [0])
(121460, [0])
(121461, [0])
(121462, [0])
(121463, [0])
(121464, [0])
(121465, [0])
(121466, [0])
(121467, [0])
(121468, [0])
(121469, [0, 12])
(121470, [0])
(121471, [0])
(121472, [0])
(121473, [0])
(121474, [0])
(121475, [0])
(121476, [0])
(121477, [0])
(121478, [0])
(121479, [0])
(121480, [0])
(121481, [0])
(121482, [0])
(121483, [0, 3, 11])
(121484, [0])
(121485, [0])
(121486, [0])
(121487, [0])
(121488, [0])
(121489, [0, 12])
(121490, [0])
(121491, [0])
(121492, [0])
(121493, [0])
(121494, [0])
(121495, [0])
(121496, [0])
(121497, [0])
(121498, [0])
(121499, [0])
(121500, [0])
(121501, [0])
(121502, [0])
(121503, [0])
(121504, [0])
(121505, [0])
(121506, [0])
(121507, [0, 21])
(121508, [0])
(121509, [0])
(121510, [0])
(121511, [0])
(121512, [0])
(121513, [0])
(121514, [0])
(121515, [0, 1, 30, 44])
(121516, [0])
(121517, [0])
(121518, [0])
(121519, [0, 1, 3, 4, 12, 19, 21, 22, 39])
(121520, [0])
(121521, [0])
(121522, [0])
(121523, [0])
(121524, [0])
(121525, [0])
(121526, [0])
(121527, [0])
(121528, [0])
(121529, [0])
(121530, [0])
(121531, [0, 1, 3, 4, 12, 28, 42, 43])
(121532, [0])
(121533, [0])
(121534, [0])
(121535, [0])
(121536, [0])
(121537, [0, 4, 11, 15, 22, 43])
(121538, [0])
(121539, [0])
(121540, [0, 2, 15])
(121541, [0, 2, 3, 4, 11])
(121542, [0])
(121543, [0, 12])
(121544, [0])
(121545, [0])
(121546, [0, 2, 4, 12, 14, 16, 23, 24, 39, 40, 41, 44])
(121547, [0])
(121548, [0, 12])
(121549, [0, 3, 12])
(121550, [0])
(121551, [0])
(121552, [0])
(121553, [0])
(121554, [0])
(121555, [0])
(121556, [0])
(121557, [11, 16, 17])
(121558, [11])
(121559, [11, 19])
(121560, [11])
(121561, [11, 19, 44])
(121562, [3, 11, 21])
(121563, [11])
(121564, [11, 25])
(121565, [11, 43])
(121566, [1, 3, 4, 11, 19, 22, 31])
(121567, [1, 11])
(121568, [11])
(121569, [3, 11])
(121570, [1, 11])
(121571, [11])
(121572, [2, 3, 11, 15])
(121573, [11, 31])
(121574, [11])
(121575, [11])
(121576, [11])
(121577, [11])
(121578, [11])
(121579, [11])
(121580, [11])
(121581, [11, 15, 26])
(121582, [11])
(121583, [2, 11])
(121584, [11])
(121585, [11])
(121586, [1, 8, 11, 21, 23, 44])
(121587, [11])
(121588, [11, 12])
(121589, [11])
(121590, [11, 43])
(121591, [2, 11, 15, 26])
(121592, [3, 7, 40])
(121593, [7])
(121594, [7])
(121595, [1, 2, 7, 23, 44])
(121596, [7, 43])
(121597, [1, 7])
(121598, [7])
(121599, [7])
(121600, [3, 7, 12])
(121601, [1, 7, 21])
(121602, [7])
(121603, [1, 3, 7, 19, 30, 44])
(121604, [29])
(121605, [29])
(121606, [16])
(121607, [2, 3, 14, 16, 26])
(121608, [16])
(121609, [16])
(121610, [16])
(121611, [16])
(121612, [16])
(121613, [12, 16])
(121614, [16])
(121615, [16, 43])
(121616, [1, 3, 19, 42])
(121617, [42])
(121618, [6])
(121619, [6])
(121620, [6])
(121621, [6])
(121622, [2, 6, 41, 44])
(121623, [6, 43])
(121624, [3, 6])
(121625, [28])
(121626, [12, 21, 28])
(121627, [3, 12, 17])
(121628, [17])
(121629, [17])
(121630, [17])
(121631, [2, 17, 26, 41])
(121632, [2, 17])
(121633, [17, 19, 21, 23, 41, 43, 44])
(121634, [17])
(121635, [17])
(121636, [2, 8, 17, 21, 44])
(121637, [17])
(121638, [3, 17, 19, 25, 26])
(121639, [2, 14, 17, 25])
(121640, [4, 17, 41])
(121641, [1, 17])
(121642, [17])
(121643, [17])
(121644, [17])
(121645, [14, 17])
(121646, [1, 3])
(121647, [1])
(121648, [1, 3, 4, 21, 23, 38, 43])
(121649, [1])
(121650, [1, 19, 31])
(121651, [1, 44])
(121652, [1])
(121653, [1])
(121654, [1, 23])
(121655, [1, 3, 31])
(121656, [1])
(121657, [1])
(121658, [1])
(121659, [1])
(121660, [1, 3, 21])
(121661, [1])
(121662, [1])
(121663, [1])
(121664, [1, 3])
(121665, [1])
(121666, [1])
(121667, [1, 3])
(121668, [1, 3, 12])
(121669, [1])
(121670, [1])
(121671, [1])
(121672, [1])
(121673, [1, 3, 14])
(121674, [1, 2])
(121675, [1])
(121676, [1])
(121677, [1])
(121678, [1])
(121679, [1, 3])
(121680, [1, 3, 23])
(121681, [1])
(121682, [1])
(121683, [1])
(121684, [10])
(121685, [10])
(121686, [10])
(121687, [10, 12])
(121688, [10])
(121689, [19])
(121690, [2, 19, 26])
(121691, [19])
(121692, [19])
(121693, [19])
(121694, [19])
(121695, [19])
(121696, [19])
(121697, [3, 19, 41])
(121698, [19])
(121699, [19])
(121700, [19])
(121701, [2, 19])
(121702, [15, 19])
(121703, [19])
(121704, [19])
(121705, [19])
(121706, [19])
(121707, [19])
(121708, [8, 19])
(121709, [19])
(121710, [26])
(121711, [15, 26])
(121712, [26])
(121713, [26])
(121714, [26])
(121715, [26, 39])
(121716, [2, 24, 26])
(121717, [14, 26])
(121718, [26])
(121719, [26])
(121720, [26])
(121721, [26])
(121722, [26])
(121723, [26])
(121724, [23, 26])
(121725, [15, 26, 30])
(121726, [23, 26])
(121727, [26])
(121728, [13, 15, 26, 40, 43])
(121729, [26])
(121730, [26])
(121731, [26])
(121732, [8])
(121733, [5, 8])
(121734, [8, 23])
(121735, [8])
(121736, [8])
(121737, [8, 12, 23])
(121738, [5, 8])
(121739, [8])
(121740, [8])
(121741, [8])
(121742, [8])
(121743, [8])
(121744, [8])
(121745, [8])
(121746, [8])
(121747, [8])
(121748, [8])
(121749, [8])
(121750, [8])
(121751, [8])
(121752, [8])
(121753, [8])
(121754, [8])
(121755, [8])
(121756, [8])
(121757, [8, 23])
(121758, [8])
(121759, [21])
(121760, [21])
(121761, [21])
(121762, [21])
(121763, [21])
(121764, [21])
(121765, [21])
(121766, [3, 21])
(121767, [21, 44])
(121768, [3, 21])
(121769, [21])
(121770, [21])
(121771, [3, 21])
(121772, [21])
(121773, [21])
(121774, [21])
(121775, [2, 4, 15, 21, 22, 24])
(121776, [21])
(121777, [21])
(121778, [3, 21])
(121779, [21])
(121780, [21])
(121781, [21])
(121782, [21])
(121783, [4, 21])
(121784, [21])
(121785, [21])
(121786, [21])
(121787, [21])
(121788, [21])
(121789, [21, 23, 31])
(121790, [21])
(121791, [21])
(121792, [21])
(121793, [21])
(121794, [21])
(121795, [21])
(121796, [21])
(121797, [4, 21])
(121798, [21])
(121799, [21])
(121800, [21])
(121801, [41, 44])
(121802, [44])
(121803, [44])
(121804, [44])
(121805, [44])
(121806, [44])
(121807, [44])
(121808, [44])
(121809, [2, 44])
(121810, [44])
(121811, [44])
(121812, [44])
(121813, [15, 44])
(121814, [44])
(121815, [44])
(121816, [44])
(121817, [2, 23, 38, 44])
(121818, [43])
(121819, [43])
(121820, [43])
(121821, [2, 43])
(121822, [43])
(121823, [43])
(121824, [43])
(121825, [3, 15, 24, 43])
(121826, [2, 12, 41, 43])
(121827, [43])
(121828, [43])
(121829, [43])
(121830, [43])
(121831, [43])
(121832, [43])
(121833, [23, 43])
(121834, [43])
(121835, [43])
(121836, [43])
(121837, [37, 38, 43])
(121838, [43])
(121839, [43])
(121840, [41, 43])
(121841, [43])
(121842, [43])
(121843, [43])
(121844, [38])
(121845, [38])
(121846, [38])
(121847, [36])
(121848, [36])
(121849, [36])
(121850, [36])
(121851, [36])
(121852, [36])
(121853, [36])
(121854, [36])
(121855, [36])
(121856, [36])
(121857, [36])
(121858, [36])
(121859, [36])
(121860, [36])
(121861, [36])
(121862, [12, 36, 41])
(121863, [36])
(121864, [36])
(121865, [36])
(121866, [36])
(121867, [36])
(121868, [36])
(121869, [36])
(121870, [36])
(121871, [36])
(121872, [36])
(121873, [36])
(121874, [36])
(121875, [36])
(121876, [36])
(121877, [2, 36])
(121878, [36])
(121879, [36])
(121880, [36])
(121881, [36])
(121882, [31])
(121883, [31])
(121884, [15, 31])
(121885, [31])
(121886, [2, 31, 40, 41])
(121887, [31])
(121888, [31])
(121889, [31])
(121890, [31])
(121891, [30, 31])
(121892, [31])
(121893, [31])
(121894, [31])
(121895, [31])
(121896, [31])
(121897, [30])
(121898, [30])
(121899, [30])
(121900, [30])
(121901, [30])
(121902, [30])
(121903, [37])
(121904, [37])
(121905, [37])
(121906, [39])
(121907, [39])
(121908, [39])
(121909, [39])
(121910, [39])
(121911, [39])
(121912, [41])
(121913, [41])
(121914, [24, 41])
(121915, [41])
(121916, [41])
(121917, [41])
(121918, [41])
(121919, [41])
(121920, [41])
(121921, [41])
(121922, [41])
(121923, [41])
(121924, [41])
(121925, [41])
(121926, [41])
(121927, [24])
(121928, [24])
(121929, [24])
(121930, [24])
(121931, [23])
(121932, [23])
(121933, [23])
(121934, [23])
(121935, [23])
(121936, [23])
(121937, [23])
(121938, [23])
(121939, [23])
(121940, [23])
(121941, [23])
(121942, [23])
(121943, [23])
(121944, [23])
(121945, [23])
(121946, [23])
(121947, [23])
(121948, [23])
(121949, [23])
(121950, [23])
(121951, [23])
(121952, [23])
(121953, [23])
(121954, [23])
(121955, [23])
(121956, [23])
(121957, [23])
(121958, [23])
(121959, [23])
(121960, [23])
(121961, [23])
(121962, [23])
(121963, [23])
(121964, [23])
(121965, [23])
(121966, [23])
(121967, [23])
(121968, [23])
(121969, [23])
(121970, [23, 40])
(121971, [23])
(121972, [23])
(121973, [3, 23])
(121974, [23])
(121975, [23])
(121976, [23])
(121977, [23])
(121978, [23])
(121979, [23])
(121980, [23])
(121981, [23])
(121982, [23])
(121983, [23])
(121984, [23])
(121985, [23])
(121986, [23])
(121987, [12, 14, 23])
(121988, [23])
(121989, [23])
(121990, [23])
(121991, [23])
(121992, [23])
(121993, [23])
(121994, [4])
(121995, [4])
(121996, [4])
(121997, [4])
(121998, [4])
(121999, [4])
(122000, [4])
(122001, [4])
(122002, [4])
(122003, [4])
(122004, [4])
(122005, [4])
(122006, [2, 4])
(122007, [4])
(122008, [4])
(122009, [4])
(122010, [4])
(122011, [4])
(122012, [4])
(122013, [4])
(122014, [4])
(122015, [4])
(122016, [4])
(122017, [4])
(122018, [4])
(122019, [4])
(122020, [15])
(122021, [15])
(122022, [15])
(122023, [15])
(122024, [15])
(122025, [15])
(122026, [15])
(122027, [15])
(122028, [15])
(122029, [15])
(122030, [15])
(122031, [15])
(122032, [15])
(122033, [15])
(122034, [15])
(122035, [3])
(122036, [3])
(122037, [3])
(122038, [3, 22])
(122039, [3])
(122040, [3])
(122041, [3])
(122042, [3])
(122043, [3])
(122044, [3])
(122045, [3])
(122046, [3])
(122047, [3])
(122048, [3])
(122049, [3])
(122050, [3])
(122051, [3])
(122052, [3])
(122053, [3])
(122054, [3])
(122055, [3])
(122056, [3])
(122057, [3])
(122058, [3])
(122059, [3])
(122060, [3])
(122061, [3])
(122062, [12])
(122063, [12])
(122064, [2, 12])
(122065, [12])
(122066, [12])
(122067, [12])
(122068, [12])
(122069, [12])
(122070, [12])
(122071, [12])
(122072, [12])
(122073, [12])
(122074, [12])
(122075, [12])
(122076, [12])
(122077, [12])
(122078, [12])
(122079, [12])
(122080, [12])
(122081, [12])
(122082, [12])
(122083, [12])
(122084, [12])
(122085, [12])
(122086, [12])
(122087, [12])
(122088, [12])
(122089, [12])
(122090, [12])
(122091, [12])
(122092, [12])
(122093, [12])
(122094, [12])
(122095, [12])
(122096, [12])
(122097, [12])
(122098, [12])
(122099, [12])
(122100, [12])
(122101, [12])
(122102, [12])
(122103, [12])
(122104, [12])
(122105, [12])
(122106, [12])
(122107, [12])
(122108, [12])
(122109, [12])
(122110, [12])
(122111, [12])
(122112, [12])
(122113, [12])
(122114, [12])
(122115, [12])
(122116, [12])
(122117, [2, 12])
(122118, [12])
(122119, [12])
(122120, [12])
(122121, [12])
(122122, [12])
(122123, [12])
(122124, [12])
(122125, [12])
(122126, [40])
(122127, [40])
(122128, [40])
(122129, [40])
(122130, [40])
(122131, [40])
(122132, [40])
(122133, [2, 14])
(122134, [2])
(122135, [2])
(122136, [2])
(122137, [2])
(122138, [2])
(122139, [2])
(122140, [2])
(122141, [2])
(122142, [2])
(122143, [2])
(122144, [2])
(122145, [2])
(122146, [2])
(122147, [2])
(122148, [2])
(122149, [2])
(122150, [2])
(122151, [2])
(122152, [2])
(122153, [2])
(122154, [2])
(122155, [2])
(122156, [2])
(122157, [2])
(122158, [2])
(122159, [2])
(122160, [2])
(122161, [2])
(122162, [2])
(122163, [2])
(122164, [2])
(122165, [2])
(122166, [2])
(122167, [2])
(122168, [2])
(122169, [2])
(122170, [2])
(122171, [2])
(122172, [2])
(122173, [2])
(122174, [2])
(122175, [2])
(122176, [2])
(122177, [2])
(122178, [2])
(122179, [2])
(122180, [2])
(122181, [2])
(122182, [2])
(122183, [2])
(122184, [2])
(122185, [2])
(122186, [2])
(122187, [2])
(122188, [2])
(122189, [2])
(122190, [2, 22])
(122191, [2])
(122192, [2])
(122193, [2])
(122194, [2])
(122195, [2])
(122196, [2])
(122197, [2])
(122198, [2])
(122199, [2])
(122200, [2])
(122201, [2])
(122202, [2])
(122203, [2])
(122204, [2])
(122205, [2])
(122206, [13])
(122207, [13])
(122208, [13])
(122209, [5])
(122210, [5])
(122211, [5])
(122212, [5])
(122213, [5])
(122214, [5])
(122215, [5])
(122216, [5])
(122217, [5])
(122218, [14])
(122219, [14])
(122220, [14])
(122221, [14])
(122222, [14])
(122223, [14])
(122224, [14])
(122225, [14])
(122226, [14])
(122227, [14])
(122228, [14])
(122229, [14])
(122230, [14])
(122231, [14])
(122232, [14])
(122233, [14])
(122234, [14])
(122235, [14])
(122236, [14])
(122237, [22])
(122238, [22])
(122239, [22])
(122240, [22])
(122241, [22])
(122242, [25])
(122243, [25])
