(72739, [0, 1, 2, 3, 4, 5, 6, 7, 8, 9, 10, 11, 12, 13, 14, 15, 16, 17, 18, 19, 20, 21, 22, 23, 24, 25, 26, 27, 28, 29, 30, 31, 32, 33, 34, 35, 36, 37, 38, 39, 40, 41, 42, 43, 44])
(72740, [0, 1, 2, 3, 4, 5, 6, 7, 8, 9, 10, 11, 12, 13, 14, 15, 16, 17, 18, 19, 20, 21, 22, 23, 24, 25, 26, 27, 28, 29, 30, 31, 32, 33, 34, 35, 36, 37, 38, 39, 40, 41, 42, 43, 44])
(72741, [7, 17, 20, 32])
(72742, [0, 1, 2, 3, 4, 5, 6, 7, 8, 9, 10, 11, 12, 13, 14, 15, 16, 17, 18, 19, 20, 21, 22, 23, 24, 25, 26, 27, 28, 29, 30, 31, 32, 33, 34, 35, 36, 37, 38, 39, 40, 41, 42, 43, 44])
(72743, [0, 1, 2, 3, 4, 5, 6, 7, 8, 9, 10, 11, 12, 13, 14, 15, 16, 17, 18, 19, 20, 21, 22, 23, 24, 25, 26, 27, 28, 29, 30, 31, 32, 33, 34, 35, 36, 37, 38, 39, 40, 41, 42, 43, 44])
(72744, [0, 1, 2, 3, 4, 5, 6, 7, 8, 9, 10, 11, 12, 13, 14, 15, 16, 17, 18, 19, 20, 21, 22, 23, 24, 25, 26, 27, 28, 29, 30, 31, 32, 33, 34, 35, 36, 37, 38, 39, 40, 41, 42, 43, 44])
(72745, [0, 1, 2, 3, 4, 5, 6, 7, 8, 9, 10, 11, 12, 13, 14, 15, 16, 17, 18, 19, 20, 21, 22, 23, 24, 25, 26, 27, 28, 29, 30, 31, 32, 33, 34, 35, 36, 37, 38, 39, 40, 41, 42, 43, 44])
(72746, [1, 2, 3, 6, 7, 8, 10, 11, 15, 16, 17, 18, 19, 20, 21, 22, 23, 24, 26, 29, 30, 31, 32, 33, 34, 35, 36, 39, 40, 43, 44])
(72747, [1, 3, 30, 32])
(72748, [0, 1, 2, 3, 5, 8, 11, 12, 13, 15, 16, 17, 18, 20, 21, 23, 30, 31, 32, 33, 34, 35, 37, 38, 41, 43, 44])
(72749, [1, 3, 11, 15, 21, 22, 26, 30, 31, 32, 33, 44])
(72750, [0, 1, 2, 3, 4, 5, 6, 8, 9, 12, 13, 14, 15, 16, 17, 18, 19, 21, 22, 23, 24, 25, 26, 30, 31, 32, 34, 36, 41, 43, 44])
(72751, [2, 3, 4, 6, 9, 10, 19, 26, 30, 31, 32, 39, 43])
(72752, [0, 1, 2, 3, 4, 5, 6, 7, 8, 9, 10, 11, 12, 13, 15, 16, 17, 18, 19, 20, 21, 22, 23, 24, 26, 27, 29, 30, 31, 32, 33, 34, 35, 36, 37, 39, 40, 41, 42, 43, 44])
(72753, [1, 3, 4, 6, 9, 12, 13, 15, 17, 19, 20, 23, 30, 31, 32, 40])
(72754, [1, 2, 3, 9, 11, 32])
(72755, [0, 1, 2, 3, 4, 5, 6, 7, 8, 9, 10, 11, 12, 13, 14, 15, 16, 17, 18, 19, 20, 21, 22, 23, 24, 26, 28, 30, 31, 32, 33, 34, 35, 36, 37, 38, 39, 40, 41, 43, 44])
(72756, [0, 1, 2, 3, 4, 6, 7, 9, 11, 12, 13, 15, 17, 18, 19, 22, 24, 26, 31, 32, 33, 34, 40, 41, 43, 44])
(72757, [0, 1, 2, 3, 4, 5, 6, 8, 9, 11, 12, 13, 14, 15, 16, 17, 18, 19, 20, 21, 22, 23, 24, 25, 26, 28, 30, 31, 32, 33, 34, 37, 39, 40, 41, 42, 43, 44])
(72758, [0, 1, 2, 3, 4, 6, 7, 8, 9, 11, 12, 13, 14, 15, 16, 17, 18, 19, 21, 22, 23, 24, 25, 28, 29, 30, 31, 32, 33, 34, 35, 36, 38, 39, 42, 43, 44])
(72759, [0, 1, 2, 3, 4, 5, 6, 7, 9, 11, 12, 15, 16, 17, 18, 21, 23, 24, 26, 29, 30, 31, 32, 33, 34, 37, 39, 40, 41, 43, 44])
(72760, [0, 2, 6, 9, 11, 13, 17, 22, 26, 32, 41])
(72761, [2, 14, 17, 32])
(72762, [0, 1, 2, 3, 6, 7, 8, 9, 11, 12, 13, 14, 15, 16, 17, 18, 19, 20, 21, 22, 23, 24, 26, 27, 29, 30, 31, 32, 33, 34, 37, 38, 39, 41, 42, 44])
(72763, [0, 1, 2, 3, 4, 5, 6, 7, 8, 9, 10, 11, 12, 13, 14, 15, 16, 17, 18, 19, 20, 21, 22, 23, 24, 25, 26, 27, 28, 29, 30, 31, 32, 33, 34, 35, 36, 39, 40, 41, 42, 43, 44])
(72764, [0, 2, 3, 4, 9, 11, 13, 14, 15, 17, 20, 23, 24, 26, 31, 32, 33, 34, 35, 40, 41, 43, 44])
(72765, [1, 9, 15, 26, 32, 33, 42])
(72766, [2, 3, 6, 9, 11, 15, 16, 17, 18, 19, 20, 26, 28, 29, 30, 31, 32, 33, 34, 43])
(72767, [0, 1, 2, 3, 4, 5, 6, 7, 8, 9, 10, 11, 12, 13, 14, 15, 16, 17, 18, 19, 20, 21, 22, 23, 24, 25, 26, 27, 28, 29, 30, 31, 32, 33, 34, 35, 36, 37, 38, 39, 40, 41, 42, 43, 44])
(72768, [0, 1, 2, 3, 4, 5, 6, 7, 8, 9, 11, 14, 15, 16, 17, 18, 19, 20, 21, 23, 26, 28, 30, 31, 32, 33, 37, 40, 41, 43])
(72769, [0, 1, 2, 3, 4, 11, 12, 15, 20, 21, 23, 24, 31, 32, 33, 38, 41, 42])
(72770, [0, 1, 2, 3, 4, 6, 7, 8, 9, 10, 11, 12, 14, 15, 16, 17, 18, 19, 20, 21, 23, 24, 25, 26, 27, 30, 31, 32, 33, 34, 36, 38, 39, 40, 41, 43, 44])
(72771, [1, 2, 3, 4, 5, 6, 7, 8, 9, 11, 12, 13, 15, 16, 17, 18, 19, 20, 22, 23, 24, 25, 26, 27, 29, 30, 32, 33, 34, 35, 36, 37, 38, 39, 41, 42, 43, 44])
(72772, [0, 1, 2, 3, 4, 5, 6, 7, 8, 9, 10, 11, 12, 13, 14, 15, 16, 18, 19, 20, 21, 22, 23, 24, 26, 27, 28, 29, 30, 31, 32, 33, 34, 35, 36, 37, 39, 40, 41, 42, 43, 44])
(72773, [0, 1, 2, 3, 4, 5, 6, 7, 8, 9, 11, 12, 15, 16, 17, 18, 19, 20, 21, 22, 24, 26, 29, 30, 31, 32, 33, 34, 35, 41, 42, 43, 44])
(72774, [1, 2, 3, 4, 8, 11, 12, 15, 16, 17, 18, 22, 30, 31, 32, 33, 34, 35, 41, 43])
(72775, [0, 1, 2, 3, 4, 6, 9, 11, 13, 14, 15, 16, 17, 18, 19, 20, 21, 22, 23, 24, 25, 26, 30, 31, 32, 33, 34, 35, 36, 39, 40, 41, 42, 43, 44])
(72776, [0, 1, 2, 3, 4, 6, 7, 8, 9, 10, 11, 12, 13, 14, 15, 16, 17, 18, 19, 20, 23, 24, 26, 27, 28, 31, 32, 34, 35, 36, 40, 41, 42, 43, 44])
(72777, [0, 1, 2, 3, 4, 6, 9, 11, 13, 15, 19, 26, 30, 31, 32, 33, 36, 41])
(72778, [0, 2, 3, 4, 6, 7, 9, 10, 11, 12, 14, 15, 19, 20, 24, 26, 28, 30, 31, 32, 34, 40, 41, 43])
(72779, [2, 3, 6, 9, 19, 32, 41])
(72780, [0, 2, 3, 4, 7, 9, 10, 11, 12, 15, 16, 18, 24, 26, 30, 31, 32, 34, 35, 40, 41, 43, 44])
(72781, [32])
(72782, [0, 1, 2, 3, 4, 6, 7, 8, 9, 11, 12, 14, 15, 16, 17, 19, 20, 23, 24, 25, 26, 28, 31, 32, 33, 35, 36, 37, 40, 41, 42, 43, 44])
(72783, [1, 2, 3, 4, 6, 7, 9, 11, 12, 13, 14, 17, 18, 19, 21, 22, 24, 26, 30, 31, 32, 33, 34, 39, 40, 41, 43, 44])
(72784, [11, 32])
(72785, [1, 6, 11, 15, 18, 21, 23, 30, 31, 32, 33, 34, 43])
(72786, [0, 1, 2, 3, 4, 5, 6, 7, 8, 9, 10, 11, 12, 13, 14, 15, 16, 17, 18, 19, 20, 21, 22, 23, 24, 25, 26, 27, 28, 29, 30, 31, 32, 33, 34, 35, 36, 37, 38, 39, 40, 41, 42, 43, 44])
(72787, [0, 1, 2, 3, 4, 6, 8, 9, 10, 11, 12, 13, 14, 15, 16, 17, 18, 19, 21, 22, 23, 24, 26, 28, 29, 30, 31, 32, 33, 34, 37, 38, 39, 40, 41, 43, 44])
(72788, [1, 15, 32, 40])
(72789, [2, 4, 9, 12, 14, 15, 21, 23, 24, 32, 33, 41])
(72790, [0, 1, 2, 3, 4, 8, 9, 12, 14, 15, 19, 23, 28, 30, 31, 32, 33, 43])
(72791, [1, 2, 3, 4, 5, 6, 7, 8, 9, 10, 11, 12, 13, 14, 15, 16, 17, 18, 19, 20, 21, 22, 23, 24, 25, 26, 28, 29, 30, 31, 32, 33, 34, 35, 39, 41, 42, 43, 44])
(72792, [0, 1, 2, 3, 7, 9, 11, 12, 15, 16, 17, 18, 24, 26, 30, 31, 32, 36, 41, 42, 43, 44])
(72793, [0, 1, 2, 4, 6, 9, 11, 13, 14, 15, 16, 17, 18, 19, 23, 24, 26, 30, 31, 32, 34, 36, 41, 43, 44])
(72794, [0, 2, 4, 6, 9, 10, 11, 12, 13, 15, 17, 19, 23, 24, 26, 30, 31, 32, 33, 34, 35, 40, 41, 43, 44])
(72795, [0, 3, 9, 10, 11, 12, 16, 21, 23, 30, 32, 33, 34, 41, 44])
(72796, [0, 4, 6, 15, 23, 24, 32])
(72797, [0, 1, 2, 3, 4, 6, 7, 9, 11, 12, 13, 15, 16, 17, 19, 20, 22, 24, 25, 26, 27, 30, 31, 32, 33, 34, 36, 39, 40, 41, 43, 44])
(72798, [0, 1, 2, 3, 4, 5, 6, 7, 8, 9, 10, 11, 12, 16, 17, 18, 19, 20, 21, 23, 25, 26, 27, 29, 30, 31, 32, 33, 34, 35, 37, 40, 41, 42, 43])
(72799, [2, 12, 15, 18, 31, 32, 33, 43])
(72800, [1, 2, 3, 4, 5, 6, 7, 8, 11, 12, 14, 15, 16, 17, 18, 19, 20, 23, 24, 25, 30, 31, 32, 34, 35, 40, 43, 44])
(72801, [0, 1, 3, 11, 16, 18, 23, 30, 32, 33, 34, 37, 40, 41, 43, 44])
(72802, [4, 10, 15, 32])
(72803, [0, 1, 2, 3, 4, 6, 8, 9, 14, 15, 17, 22, 23, 28, 30, 31, 32, 34, 35, 41, 43])
(72804, [2, 4, 18, 20, 26, 32, 36, 41, 42, 44])
(72805, [0, 1, 2, 3, 4, 9, 11, 18, 19, 21, 23, 26, 29, 30, 31, 32, 34, 39, 40, 41])
(72806, [0, 1, 2, 3, 4, 5, 6, 9, 11, 12, 17, 18, 19, 21, 22, 31, 32, 37, 43, 44])
(72807, [0, 1, 2, 6, 12, 16, 26, 32, 43])
(72808, [1, 2, 3, 4, 8, 9, 10, 11, 12, 13, 14, 15, 16, 18, 19, 20, 22, 23, 27, 30, 31, 32, 33, 35, 40, 42, 44])
(72809, [32])
(72810, [32])
(72811, [0, 32, 43])
(72812, [1, 3, 9, 11, 12, 15, 16, 18, 21, 30, 32])
(72813, [0, 1, 2, 3, 4, 6, 7, 11, 17, 18, 19, 20, 26, 30, 31, 32, 33, 35, 36, 41, 43, 44])
(72814, [16, 32, 42, 44])
(72815, [0, 1, 7, 18, 30, 31, 32, 34, 42])
(72816, [2, 9, 15, 19, 22, 32, 33])
(72817, [32])
(72818, [0, 3, 4, 9, 14, 15, 18, 19, 21, 23, 28, 31, 32, 34, 36, 39, 43])
(72819, [1, 2, 3, 9, 10, 11, 13, 23, 31, 32, 34, 40, 43])
(72820, [0, 1, 2, 4, 6, 8, 9, 10, 11, 12, 14, 15, 16, 18, 24, 26, 28, 30, 31, 32, 33, 41, 42, 43])
(72821, [0, 1, 2, 3, 4, 5, 6, 7, 8, 9, 10, 11, 12, 14, 15, 16, 17, 18, 19, 20, 21, 22, 23, 24, 29, 30, 31, 32, 33, 34, 37, 38, 39, 42, 43, 44])
(72822, [0, 1, 2, 3, 4, 6, 9, 12, 19, 32, 33, 34, 41, 43])
(72823, [0, 2, 4, 9, 10, 11, 12, 15, 26, 32, 34])
(72824, [0, 1, 3, 12, 19, 20, 21, 23, 26, 28, 31, 32, 44])
(72825, [0, 1, 2, 3, 6, 7, 11, 12, 14, 15, 18, 19, 20, 21, 23, 29, 30, 31, 32, 33, 34, 37, 39, 42, 43])
(72826, [32])
(72827, [32])
(72828, [1, 6, 15, 18, 19, 30, 32, 34])
(72829, [32])
(72830, [1, 2, 6, 11, 13, 21, 22, 23, 30, 31, 32, 33, 34, 42])
(72831, [0, 1, 2, 3, 5, 6, 9, 14, 16, 18, 20, 23, 24, 27, 32, 33])
(72832, [32])
(72833, [4, 12, 17, 18, 32])
(72834, [1, 2, 3, 6, 7, 9, 11, 12, 13, 14, 15, 16, 17, 20, 22, 24, 25, 26, 28, 30, 31, 32, 33, 34, 39, 40, 41, 42, 43, 44])
(72835, [0, 1, 2, 3, 6, 9, 10, 11, 12, 15, 17, 18, 20, 21, 23, 26, 30, 32, 33, 34, 40])
(72836, [1, 2, 4, 11, 18, 19, 30, 32, 33, 34, 38, 39, 42, 43, 44])
(72837, [0, 1, 2, 3, 7, 9, 10, 11, 12, 13, 14, 15, 16, 17, 18, 19, 20, 21, 22, 23, 24, 26, 28, 29, 30, 31, 32, 33, 34, 35, 38, 40, 41, 42, 43, 44])
(72838, [32])
(72839, [32])
(72840, [1, 32])
(72841, [0, 1, 2, 3, 5, 8, 11, 12, 16, 17, 19, 20, 21, 22, 32, 33, 34, 36, 37, 38, 41, 44])
(72842, [2, 11, 13, 14, 15, 17, 24, 26, 28, 32, 41, 44])
(72843, [0, 4, 6, 20, 23, 27, 32, 36])
(72844, [32, 33])
(72845, [35, 37])
(72846, [35])
(72847, [1, 2, 3, 4, 8, 16, 18, 21, 23, 30, 31, 33, 35, 38])
(72848, [6, 15, 18, 19, 23, 24, 26, 29, 30, 31, 33, 35, 43])
(72849, [35])
(72850, [0, 1, 3, 7, 9, 11, 12, 15, 17, 19, 20, 23, 26, 31, 35, 43, 44])
(72851, [1, 2, 3, 4, 6, 8, 9, 11, 12, 13, 16, 17, 18, 21, 22, 23, 33, 34, 35, 36])
(72852, [2, 3, 4, 9, 12, 35, 37])
(72853, [18, 22, 26, 31, 35, 43])
(72854, [35])
(72855, [0, 1, 3, 8, 9, 12, 20, 21, 30, 34, 35, 37, 38, 39, 41, 42, 43, 44])
(72856, [35])
(72857, [0, 1, 2, 3, 4, 5, 6, 7, 8, 11, 12, 18, 23, 30, 31, 33, 34, 35, 40, 41, 42, 43, 44])
(72858, [3, 19, 30, 33, 35])
(72859, [4, 6, 9, 18, 30, 31, 35, 41])
(72860, [35])
(72861, [0, 8, 31, 35])
(72862, [0, 1, 2, 5, 7, 8, 9, 11, 12, 15, 16, 17, 18, 19, 20, 21, 22, 23, 24, 26, 27, 28, 35, 36, 37, 41, 42, 43, 44])
(72863, [35])
(72864, [1, 2, 9, 10, 23, 35, 43])
(72865, [1, 2, 3, 4, 11, 13, 14, 15, 16, 17, 18, 21, 23, 24, 26, 30, 31, 33, 35, 43])
(72866, [0, 1, 2, 3, 4, 8, 9, 10, 11, 12, 13, 14, 15, 16, 17, 19, 20, 21, 24, 28, 31, 35, 37, 38, 40, 42, 43, 44])
(72867, [35])
(72868, [35])
(72869, [1, 2, 3, 4, 8, 9, 11, 12, 13, 14, 15, 16, 17, 18, 19, 20, 22, 23, 26, 31, 33, 34, 35, 36, 39, 41, 43])
(72870, [35])
(72871, [35])
(72872, [8, 35, 44])
(72873, [35])
(72874, [2, 4, 5, 6, 8, 13, 15, 16, 26, 31, 35, 43])
(72875, [35])
(72876, [1, 3, 8, 11, 12, 14, 23, 31, 35, 41, 43])
(72877, [35])
(72878, [1, 11, 17, 35])
(72879, [2, 30, 35])
(72880, [5, 13, 15, 23, 35])
(72881, [35])
(72882, [18, 23, 35])
(72883, [35])
(72884, [35])
(72885, [35])
(72886, [35])
(72887, [0, 1, 2, 3, 6, 7, 9, 10, 11, 16, 17, 18, 19, 20, 23, 31, 34, 35, 38, 42, 43, 44])
(72888, [35])
(72889, [35])
(72890, [1, 3, 4, 7, 18, 19, 23, 25, 26, 30, 34, 35, 42, 43, 44])
(72891, [17, 35])
(72892, [35])
(72893, [35])
(72894, [35])
(72895, [1, 2, 3, 4, 6, 8, 12, 14, 15, 16, 18, 19, 20, 21, 22, 23, 30, 31, 33, 34, 38, 43])
(72896, [0, 1, 2, 3, 7, 9, 10, 11, 12, 13, 16, 18, 19, 20, 22, 25, 26, 29, 30, 31, 33, 34, 38, 40, 42, 43, 44])
(72897, [0, 1, 2, 3, 4, 5, 6, 8, 9, 10, 12, 15, 16, 17, 18, 19, 20, 21, 22, 23, 24, 30, 31, 33, 34, 36, 38, 39, 43, 44])
(72898, [1, 2, 3, 4, 6, 7, 9, 11, 17, 18, 19, 20, 21, 22, 23, 31, 33, 34, 39, 41, 42, 43, 44])
(72899, [34])
(72900, [0, 1, 2, 3, 4, 6, 7, 9, 10, 11, 12, 15, 17, 18, 19, 21, 23, 26, 30, 31, 33, 34, 39, 41, 43, 44])
(72901, [34])
(72902, [23, 34, 41])
(72903, [12, 34])
(72904, [0, 1, 3, 6, 7, 9, 11, 12, 16, 17, 20, 21, 34, 37])
(72905, [34])
(72906, [1, 2, 3, 7, 9, 11, 16, 18, 19, 20, 21, 22, 23, 24, 30, 31, 34, 40, 41])
(72907, [33, 34])
(72908, [2, 10, 12, 13, 24, 34])
(72909, [34])
(72910, [1, 3, 12, 19, 20, 21, 33, 34])
(72911, [0, 4, 6, 26, 34, 36, 41, 44])
(72912, [2, 4, 9, 11, 14, 33, 34, 41])
(72913, [2, 9, 30, 34])
(72914, [34])
(72915, [0, 3, 7, 17, 34])
(72916, [33, 34])
(72917, [0, 1, 12, 23, 33, 34])
(72918, [34])
(72919, [11, 12, 20, 26, 31, 34])
(72920, [2, 13, 19, 30, 31, 34, 43, 44])
(72921, [34])
(72922, [2, 26, 34])
(72923, [33, 34])
(72924, [2, 3, 6, 7, 19, 24, 30, 31, 34, 40, 41, 43])
(72925, [0, 2, 3, 9, 12, 15, 21, 34, 37, 41])
(72926, [2, 4, 9, 14, 26, 30, 34, 41])
(72927, [0, 28, 34])
(72928, [0, 1, 3, 5, 9, 10, 12, 13, 15, 16, 18, 19, 20, 24, 26, 31, 34, 39, 41])
(72929, [0, 12, 34])
(72930, [34])
(72931, [1, 3, 34])
(72932, [0, 1, 3, 20, 30, 34])
(72933, [0, 1, 3, 5, 7, 11, 16, 23, 26, 34, 41])
(72934, [0, 2, 9, 10, 12, 16, 21, 31, 34, 36])
(72935, [0, 1, 2, 3, 12, 15, 20, 34])
(72936, [34])
(72937, [1, 2, 3, 7, 9, 10, 11, 12, 13, 14, 15, 16, 17, 19, 24, 26, 28, 30, 33, 34, 41, 43, 44])
(72938, [0, 34])
(72939, [1, 3, 18, 21, 23, 31, 34])
(72940, [0, 1, 3, 4, 9, 11, 14, 20, 22, 23, 30, 34, 37, 44])
(72941, [0, 3, 7, 16, 34])
(72942, [0, 5, 12, 19, 34])
(72943, [1, 4, 9, 12, 16, 26, 34, 43])
(72944, [34])
(72945, [7, 12, 33, 34])
(72946, [2, 34])
(72947, [2, 9, 11, 19, 23, 31, 34])
(72948, [0, 23, 28, 34])
(72949, [12, 15, 30, 34])
(72950, [1, 10, 16, 33, 34, 36])
(72951, [34])
(72952, [9, 11, 15, 34])
(72953, [34])
(72954, [34])
(72955, [34])
(72956, [9, 34])
(72957, [2, 34])
(72958, [1, 3, 4, 7, 11, 18, 21, 23, 29, 31, 33, 34, 39, 42])
(72959, [33])
(72960, [21, 33])
(72961, [33])
(72962, [26, 33])
(72963, [1, 26, 31, 33])
(72964, [33])
(72965, [0, 2, 12, 18, 26, 27, 33, 36, 40, 42])
(72966, [19, 21, 33])
(72967, [0, 1, 12, 24, 26, 31, 33])
(72968, [0, 1, 3, 9, 12, 15, 19, 23, 28, 31, 33, 43])
(72969, [33])
(72970, [11, 33])
(72971, [33])
(72972, [33])
(72973, [1, 3, 23, 31, 33])
(72974, [9, 18, 21, 22, 33])
(72975, [0, 11, 12, 16, 33, 44])
(72976, [6, 33])
(72977, [3, 4, 11, 21, 26, 31, 33, 44])
(72978, [33])
(72979, [33])
(72980, [33])
(72981, [0, 1, 2, 3, 4, 6, 7, 11, 12, 13, 15, 18, 19, 20, 23, 31, 33, 36, 38, 41, 44])
(72982, [3, 8, 18, 33])
(72983, [2, 3, 19, 20, 22, 23, 29, 30, 33])
(72984, [33])
(72985, [30, 33])
(72986, [21, 33])
(72987, [31, 33])
(72988, [1, 2, 9, 15, 26, 33, 43, 44])
(72989, [6, 17, 33])
(72990, [1, 2, 3, 7, 9, 16, 31, 33, 43])
(72991, [9, 10, 12, 33])
(72992, [4, 22, 31, 33])
(72993, [33])
(72994, [0, 1, 3, 7, 8, 9, 11, 12, 18, 19, 24, 25, 30, 31, 33, 39, 44])
(72995, [33])
(72996, [33])
(72997, [11, 33])
(72998, [33])
(72999, [0, 1, 3, 6, 9, 18, 19, 30, 33])
(73000, [33])
(73001, [3, 15, 31, 33, 43])
(73002, [0, 3, 4, 7, 9, 19, 20, 42, 44])
(73003, [1, 2, 3, 4, 6, 8, 9, 11, 12, 14, 15, 17, 18, 20, 21, 23, 24, 26, 30, 38, 43, 44])
(73004, [0, 9, 15, 20, 43])
(73005, [1, 20])
(73006, [10, 13, 18, 19, 20])
(73007, [0, 2, 9, 10, 12, 20, 28, 37, 40, 41])
(73008, [20])
(73009, [9, 20, 44])
(73010, [1, 3, 11, 17, 18, 20, 23, 27, 43, 44])
(73011, [20])
(73012, [20])
(73013, [0, 1, 3, 4, 6, 8, 18, 20, 23, 30, 41, 43])
(73014, [0, 1, 3, 11, 12, 20, 26, 30])
(73015, [11, 20])
(73016, [20])
(73017, [0, 20])
(73018, [0, 1, 2, 3, 13, 14, 18, 20, 23, 26, 30, 40, 41, 43, 44])
(73019, [0, 4, 20])
(73020, [0, 1, 2, 3, 7, 13, 19, 20, 40, 44])
(73021, [20])
(73022, [20])
(73023, [20])
(73024, [20])
(73025, [0, 2, 3, 6, 9, 12, 15, 18, 20, 23])
(73026, [20])
(73027, [0, 2, 6, 20, 44])
(73028, [20])
(73029, [20])
(73030, [20])
(73031, [18])
(73032, [0, 2, 18])
(73033, [2, 18])
(73034, [2, 5, 8, 18, 19, 37, 41])
(73035, [18])
(73036, [8, 18])
(73037, [18])
(73038, [2, 18])
(73039, [18])
(73040, [18])
(73041, [18, 23])
(73042, [1, 3, 4, 7, 11, 12, 18, 19, 21, 24, 30])
(73043, [4, 16, 18, 19, 23, 36, 44])
(73044, [1, 2, 3, 18])
(73045, [18])
(73046, [1, 3, 8, 18])
(73047, [8, 18])
(73048, [18])
(73049, [11, 13, 18])
(73050, [18, 19])
(73051, [18])
(73052, [3, 18, 23])
(73053, [18])
(73054, [18, 29])
(73055, [4, 17, 18, 19, 26, 31, 41])
(73056, [0, 18])
(73057, [18])
(73058, [18])
(73059, [12, 18, 23])
(73060, [3, 12, 18, 23])
(73061, [18])
(73062, [18])
(73063, [1, 12, 18, 31, 43])
(73064, [18, 22])
(73065, [18])
(73066, [18])
(73067, [1, 3, 9, 15, 18, 23, 24, 26, 31, 43, 44])
(73068, [18])
(73069, [8, 15, 18, 19, 21, 23, 31, 43])
(73070, [0, 3, 12, 18, 21, 26, 30, 44])
(73071, [18, 23])
(73072, [18])
(73073, [18])
(73074, [18, 27, 36])
(73075, [3, 18])
(73076, [2, 11, 13, 17, 18, 24, 28])
(73077, [18])
(73078, [18])
(73079, [18])
(73080, [18])
(73081, [1, 2, 4, 12, 15, 18, 19, 21, 22, 23, 26])
(73082, [18])
(73083, [1, 3, 18])
(73084, [18])
(73085, [2, 4, 17, 18, 21, 24, 41])
(73086, [18])
(73087, [18])
(73088, [4, 18])
(73089, [18])
(73090, [18])
(73091, [2, 3, 18, 43])
(73092, [18, 44])
(73093, [18])
(73094, [18])
(73095, [2, 16, 18, 41])
(73096, [18])
(73097, [2, 3, 4, 7, 9, 11, 12, 15, 18, 19, 21, 24, 26, 28, 30, 44])
(73098, [18])
(73099, [18])
(73100, [18])
(73101, [18])
(73102, [18])
(73103, [18])
(73104, [18])
(73105, [0, 2, 6, 9, 18, 23, 26, 37, 41, 43])
(73106, [18])
(73107, [18])
(73108, [18])
(73109, [11, 18, 19])
(73110, [18])
(73111, [1, 3, 7, 18, 19, 21, 22])
(73112, [0, 2, 9, 11, 12, 13, 14, 16, 17, 18, 22, 24, 36, 38, 41])
(73113, [18])
(73114, [18])
(73115, [18])
(73116, [1, 11, 12, 27])
(73117, [1, 21, 27])
(73118, [27])
(73119, [27])
(73120, [27])
(73121, [2, 27])
(73122, [27])
(73123, [9])
(73124, [9])
(73125, [9, 23])
(73126, [9])
(73127, [1, 2, 4, 9, 11, 19, 31, 43])
(73128, [1, 3, 9, 11, 12, 21])
(73129, [9])
(73130, [9, 43])
(73131, [0, 2, 3, 7, 9, 23])
(73132, [3, 9])
(73133, [9, 23])
(73134, [9, 19])
(73135, [9])
(73136, [9])
(73137, [9])
(73138, [9])
(73139, [9])
(73140, [9])
(73141, [9])
(73142, [2, 9, 15, 24, 25, 26, 41])
(73143, [9, 13, 40, 41])
(73144, [2, 7, 9])
(73145, [9])
(73146, [9])
(73147, [9])
(73148, [3, 9, 15, 16, 26])
(73149, [9])
(73150, [9])
(73151, [9])
(73152, [3, 9, 12, 31])
(73153, [9])
(73154, [9])
(73155, [0, 2, 9, 10, 11, 12, 31, 41])
(73156, [9])
(73157, [4, 9, 19])
(73158, [1, 2, 3, 9, 19, 21, 22])
(73159, [9])
(73160, [9])
(73161, [0, 3, 9, 12, 22])
(73162, [2, 9])
(73163, [2, 3, 4, 9, 11, 12, 14, 19, 26, 31, 42, 43])
(73164, [9])
(73165, [1, 2, 3, 7, 9, 11, 14, 15, 17, 21, 22, 24, 26, 30, 31, 38, 44])
(73166, [9])
(73167, [9])
(73168, [9, 16, 41])
(73169, [9])
(73170, [9])
(73171, [9])
(73172, [9])
(73173, [9, 26])
(73174, [1, 9, 39])
(73175, [9])
(73176, [9])
(73177, [9])
(73178, [9])
(73179, [2, 3, 4, 9, 23, 26, 28, 43])
(73180, [9])
(73181, [9, 11, 44])
(73182, [9, 26, 43])
(73183, [2, 9, 36])
(73184, [9, 36])
(73185, [0, 1, 2, 3, 9, 12])
(73186, [9])
(73187, [9])
(73188, [1, 3, 9, 19, 21])
(73189, [9])
(73190, [0, 12])
(73191, [0, 12])
(73192, [0])
(73193, [0])
(73194, [0])
(73195, [0])
(73196, [0])
(73197, [0, 2, 44])
(73198, [0])
(73199, [0])
(73200, [0])
(73201, [0, 12])
(73202, [0, 12])
(73203, [0])
(73204, [0])
(73205, [0])
(73206, [0, 3, 23, 41])
(73207, [0])
(73208, [0, 2, 14, 15, 17, 26, 36, 40])
(73209, [0])
(73210, [0])
(73211, [0])
(73212, [0, 2, 11])
(73213, [0])
(73214, [0])
(73215, [0, 12])
(73216, [0])
(73217, [0, 2, 16])
(73218, [0])
(73219, [0, 1, 2, 12, 19, 21, 24, 30, 44])
(73220, [0])
(73221, [0])
(73222, [0, 3, 7, 11, 12, 13, 17, 24, 26, 28, 40, 41, 43, 44])
(73223, [0])
(73224, [0])
(73225, [0])
(73226, [0])
(73227, [0])
(73228, [0])
(73229, [0])
(73230, [0])
(73231, [0])
(73232, [0])
(73233, [0, 7, 21, 39, 41, 42])
(73234, [0])
(73235, [0, 2])
(73236, [0])
(73237, [0])
(73238, [0])
(73239, [0])
(73240, [0])
(73241, [0])
(73242, [0])
(73243, [0])
(73244, [0])
(73245, [0])
(73246, [0])
(73247, [0])
(73248, [0])
(73249, [0])
(73250, [0, 7])
(73251, [0])
(73252, [0, 12])
(73253, [0, 12])
(73254, [0])
(73255, [0])
(73256, [0, 1, 5, 19, 21])
(73257, [0])
(73258, [0])
(73259, [0, 21])
(73260, [0])
(73261, [0])
(73262, [0])
(73263, [0])
(73264, [0, 12])
(73265, [0])
(73266, [0])
(73267, [0])
(73268, [0])
(73269, [0])
(73270, [0])
(73271, [0, 12])
(73272, [0])
(73273, [0])
(73274, [0])
(73275, [0, 1, 3])
(73276, [0, 12, 36])
(73277, [0, 2, 4, 7, 36, 43])
(73278, [0])
(73279, [0])
(73280, [0])
(73281, [0])
(73282, [0, 3])
(73283, [0])
(73284, [0])
(73285, [0])
(73286, [0])
(73287, [0])
(73288, [0])
(73289, [0])
(73290, [0])
(73291, [0, 2, 4, 37, 43])
(73292, [0])
(73293, [0])
(73294, [0, 1, 2, 7, 12, 14, 36, 41, 43])
(73295, [0])
(73296, [0])
(73297, [0])
(73298, [0])
(73299, [0])
(73300, [0])
(73301, [0])
(73302, [0])
(73303, [0])
(73304, [0])
(73305, [0])
(73306, [0])
(73307, [0, 2])
(73308, [0])
(73309, [0])
(73310, [0])
(73311, [0])
(73312, [0])
(73313, [0])
(73314, [0])
(73315, [0])
(73316, [0])
(73317, [0])
(73318, [0])
(73319, [0])
(73320, [0])
(73321, [0])
(73322, [0])
(73323, [0])
(73324, [0])
(73325, [0])
(73326, [0])
(73327, [0])
(73328, [0])
(73329, [0])
(73330, [0])
(73331, [0])
(73332, [0, 12])
(73333, [0])
(73334, [0])
(73335, [0, 31])
(73336, [0, 12])
(73337, [0])
(73338, [0])
(73339, [0])
(73340, [0])
(73341, [0])
(73342, [0])
(73343, [0, 17, 23])
(73344, [0])
(73345, [0])
(73346, [0])
(73347, [0, 3, 4, 11])
(73348, [0])
(73349, [0])
(73350, [0, 16])
(73351, [0])
(73352, [0])
(73353, [0, 16])
(73354, [0])
(73355, [0])
(73356, [0])
(73357, [0])
(73358, [0])
(73359, [0])
(73360, [0])
(73361, [0, 1])
(73362, [0])
(73363, [0])
(73364, [0])
(73365, [0])
(73366, [0, 12])
(73367, [0])
(73368, [0])
(73369, [0])
(73370, [0])
(73371, [0])
(73372, [0])
(73373, [0])
(73374, [0])
(73375, [0])
(73376, [0])
(73377, [0])
(73378, [0, 17, 44])
(73379, [0])
(73380, [0])
(73381, [0])
(73382, [0])
(73383, [0])
(73384, [0])
(73385, [0, 12])
(73386, [0])
(73387, [0])
(73388, [0, 3, 17, 41])
(73389, [0, 1, 23])
(73390, [0])
(73391, [0])
(73392, [0])
(73393, [0])
(73394, [0])
(73395, [0])
(73396, [0])
(73397, [0])
(73398, [0])
(73399, [0])
(73400, [0])
(73401, [0])
(73402, [0])
(73403, [0, 12])
(73404, [0])
(73405, [0])
(73406, [0])
(73407, [0])
(73408, [0])
(73409, [0])
(73410, [0])
(73411, [0])
(73412, [0])
(73413, [0, 2])
(73414, [0])
(73415, [0])
(73416, [0])
(73417, [0, 36])
(73418, [0])
(73419, [0])
(73420, [0])
(73421, [0])
(73422, [0])
(73423, [0, 3, 6, 7, 14, 16])
(73424, [0])
(73425, [0])
(73426, [0])
(73427, [0, 8])
(73428, [0])
(73429, [0])
(73430, [0])
(73431, [0])
(73432, [0])
(73433, [0])
(73434, [11])
(73435, [1, 3, 10, 11, 16, 23])
(73436, [11])
(73437, [1, 3, 4, 11])
(73438, [2, 11, 24, 41])
(73439, [11])
(73440, [11])
(73441, [11, 40, 41])
(73442, [11, 19, 22])
(73443, [11, 16])
(73444, [3, 11])
(73445, [3, 11, 19])
(73446, [11, 13, 30, 40, 41])
(73447, [1, 7, 11, 12])
(73448, [3, 11])
(73449, [1, 11, 26])
(73450, [11, 17, 19, 24, 31])
(73451, [1, 11, 19, 21, 23])
(73452, [11])
(73453, [2, 6, 11, 12, 13, 14, 17, 19, 26, 43, 44])
(73454, [7])
(73455, [7])
(73456, [1, 3, 7, 8, 10, 12, 21, 22, 38, 42, 44])
(73457, [7, 12, 15, 19])
(73458, [7])
(73459, [7])
(73460, [7])
(73461, [7])
(73462, [7])
(73463, [1, 19, 24, 29, 44])
(73464, [29])
(73465, [29])
(73466, [2, 16, 29])
(73467, [3, 5, 8, 21, 29, 30, 31])
(73468, [6, 16])
(73469, [16])
(73470, [16])
(73471, [16])
(73472, [16])
(73473, [1, 3, 12, 15, 16, 17, 19, 21, 26, 30, 43])
(73474, [2, 3, 4, 8, 10, 13, 15, 16, 17, 19, 23, 40, 41])
(73475, [1, 3, 15, 16, 19, 21, 22, 23, 26])
(73476, [12, 21, 42])
(73477, [21, 42])
(73478, [3, 30, 42])
(73479, [1, 3, 42])
(73480, [42])
(73481, [42])
(73482, [1, 42])
(73483, [6])
(73484, [6])
(73485, [6])
(73486, [6])
(73487, [1, 3, 6, 8, 12, 19, 21, 23, 26, 39, 41, 44])
(73488, [6])
(73489, [1, 3, 6, 30, 31])
(73490, [2, 6, 43])
(73491, [2, 6, 15, 17, 26, 30, 41])
(73492, [2, 6])
(73493, [6])
(73494, [6])
(73495, [2, 6, 8, 15, 17, 21, 22, 23, 36])
(73496, [6])
(73497, [28])
(73498, [28, 37, 43])
(73499, [2, 28, 41])
(73500, [28])
(73501, [4, 12, 17, 28, 41])
(73502, [17])
(73503, [17])
(73504, [17, 44])
(73505, [17])
(73506, [2, 17, 43])
(73507, [17])
(73508, [2, 17, 19, 26, 30, 43])
(73509, [17])
(73510, [1, 8, 17, 26, 30, 41])
(73511, [17])
(73512, [17])
(73513, [17])
(73514, [17])
(73515, [2, 17, 41])
(73516, [17])
(73517, [3, 12, 17, 39, 44])
(73518, [14, 17])
(73519, [17])
(73520, [1, 19, 26])
(73521, [1])
(73522, [1])
(73523, [1])
(73524, [1, 2, 25])
(73525, [1, 3])
(73526, [1])
(73527, [1, 3, 19, 23, 26])
(73528, [1])
(73529, [1])
(73530, [1, 3])
(73531, [1, 3, 5, 21, 23, 37])
(73532, [1, 3])
(73533, [1])
(73534, [1])
(73535, [1, 3, 21, 37])
(73536, [1, 3, 12])
(73537, [1, 37])
(73538, [1])
(73539, [1])
(73540, [1])
(73541, [1])
(73542, [1])
(73543, [1, 3, 15])
(73544, [1])
(73545, [1])
(73546, [1])
(73547, [1, 2])
(73548, [1, 3, 21])
(73549, [1])
(73550, [1])
(73551, [1, 12, 23])
(73552, [1, 2, 10, 15, 30, 40])
(73553, [1])
(73554, [1, 3])
(73555, [1])
(73556, [10, 12])
(73557, [10])
(73558, [10])
(73559, [10])
(73560, [10])
(73561, [10])
(73562, [10])
(73563, [19])
(73564, [19])
(73565, [19])
(73566, [19])
(73567, [19])
(73568, [19])
(73569, [19])
(73570, [19])
(73571, [19])
(73572, [19])
(73573, [19])
(73574, [19, 21])
(73575, [19])
(73576, [19, 23, 39])
(73577, [19])
(73578, [19, 21])
(73579, [4, 19])
(73580, [19])
(73581, [2, 19])
(73582, [19])
(73583, [19])
(73584, [3, 19])
(73585, [19])
(73586, [19])
(73587, [8, 19, 23, 43])
(73588, [19])
(73589, [19])
(73590, [26])
(73591, [26])
(73592, [2, 15, 26, 44])
(73593, [26, 44])
(73594, [26])
(73595, [26])
(73596, [3, 26])
(73597, [21, 26])
(73598, [26])
(73599, [26])
(73600, [26])
(73601, [26])
(73602, [26])
(73603, [12, 13, 26, 31, 40, 41])
(73604, [26])
(73605, [26])
(73606, [12, 26])
(73607, [26])
(73608, [21, 26])
(73609, [2, 26])
(73610, [8])
(73611, [8])
(73612, [8])
(73613, [8])
(73614, [8])
(73615, [8])
(73616, [8])
(73617, [8])
(73618, [8])
(73619, [8])
(73620, [8])
(73621, [8])
(73622, [8])
(73623, [8])
(73624, [8])
(73625, [8])
(73626, [8])
(73627, [8])
(73628, [8])
(73629, [8])
(73630, [8])
(73631, [21])
(73632, [21])
(73633, [3, 21, 25])
(73634, [21])
(73635, [21])
(73636, [21])
(73637, [21])
(73638, [21, 37])
(73639, [21])
(73640, [21])
(73641, [21])
(73642, [21])
(73643, [21])
(73644, [21])
(73645, [21])
(73646, [21])
(73647, [21])
(73648, [21])
(73649, [21])
(73650, [21])
(73651, [21])
(73652, [12, 21])
(73653, [21])
(73654, [21])
(73655, [21])
(73656, [21])
(73657, [21])
(73658, [14, 21])
(73659, [21])
(73660, [21])
(73661, [21])
(73662, [21])
(73663, [21])
(73664, [2, 44])
(73665, [44])
(73666, [44])
(73667, [44])
(73668, [12, 22, 44])
(73669, [44])
(73670, [44])
(73671, [44])
(73672, [44])
(73673, [44])
(73674, [44])
(73675, [44])
(73676, [44])
(73677, [44])
(73678, [44])
(73679, [3, 43, 44])
(73680, [44])
(73681, [44])
(73682, [23, 44])
(73683, [12, 30, 44])
(73684, [43])
(73685, [43])
(73686, [2, 43])
(73687, [43])
(73688, [43])
(73689, [43])
(73690, [43])
(73691, [43])
(73692, [43])
(73693, [43])
(73694, [43])
(73695, [43])
(73696, [43])
(73697, [2, 4, 40, 43])
(73698, [15, 23, 37, 43])
(73699, [43])
(73700, [38])
(73701, [38])
(73702, [14, 36])
(73703, [36])
(73704, [2, 36])
(73705, [36])
(73706, [36])
(73707, [36])
(73708, [36])
(73709, [36])
(73710, [36])
(73711, [36])
(73712, [36])
(73713, [36])
(73714, [36])
(73715, [36])
(73716, [36])
(73717, [36])
(73718, [36])
(73719, [36])
(73720, [36])
(73721, [36])
(73722, [36])
(73723, [36])
(73724, [31])
(73725, [31])
(73726, [31])
(73727, [31])
(73728, [31])
(73729, [31])
(73730, [31])
(73731, [31])
(73732, [31])
(73733, [31])
(73734, [30])
(73735, [30])
(73736, [30])
(73737, [30])
(73738, [30])
(73739, [30])
(73740, [30])
(73741, [30])
(73742, [30])
(73743, [30])
(73744, [37])
(73745, [37])
(73746, [37])
(73747, [37])
(73748, [37])
(73749, [39])
(73750, [39])
(73751, [39])
(73752, [39])
(73753, [41])
(73754, [41])
(73755, [2, 41])
(73756, [13, 41])
(73757, [2, 14, 41])
(73758, [41])
(73759, [41])
(73760, [41])
(73761, [2, 14, 41])
(73762, [41])
(73763, [41])
(73764, [41])
(73765, [41])
(73766, [41])
(73767, [41])
(73768, [41])
(73769, [41])
(73770, [41])
(73771, [41])
(73772, [41])
(73773, [41])
(73774, [2, 41])
(73775, [41])
(73776, [41])
(73777, [24])
(73778, [2, 24])
(73779, [24])
(73780, [24])
(73781, [24])
(73782, [24])
(73783, [24])
(73784, [24])
(73785, [24])
(73786, [23])
(73787, [23])
(73788, [23])
(73789, [23])
(73790, [23])
(73791, [23])
(73792, [23])
(73793, [23])
(73794, [23])
(73795, [23])
(73796, [23])
(73797, [23])
(73798, [23])
(73799, [23])
(73800, [23])
(73801, [23])
(73802, [23])
(73803, [23])
(73804, [23])
(73805, [23])
(73806, [2, 23])
(73807, [23])
(73808, [23])
(73809, [23])
(73810, [23])
(73811, [23])
(73812, [23])
(73813, [23])
(73814, [12, 23])
(73815, [23])
(73816, [3, 23])
(73817, [23])
(73818, [23])
(73819, [23])
(73820, [23])
(73821, [23])
(73822, [3, 23])
(73823, [23])
(73824, [23])
(73825, [23])
(73826, [23])
(73827, [23])
(73828, [23])
(73829, [4, 23])
(73830, [23])
(73831, [23])
(73832, [3, 23])
(73833, [23])
(73834, [23])
(73835, [23])
(73836, [23])
(73837, [23])
(73838, [23])
(73839, [23])
(73840, [23])
(73841, [23])
(73842, [23])
(73843, [23])
(73844, [23])
(73845, [23])
(73846, [4])
(73847, [4])
(73848, [4])
(73849, [4])
(73850, [4])
(73851, [4])
(73852, [4])
(73853, [4])
(73854, [4])
(73855, [4])
(73856, [4])
(73857, [4])
(73858, [4])
(73859, [4])
(73860, [4])
(73861, [4])
(73862, [4])
(73863, [4])
(73864, [4])
(73865, [15])
(73866, [15])
(73867, [15])
(73868, [15])
(73869, [15])
(73870, [15])
(73871, [3, 15])
(73872, [15])
(73873, [15])
(73874, [15])
(73875, [15])
(73876, [15])
(73877, [15])
(73878, [15])
(73879, [15])
(73880, [15])
(73881, [15])
(73882, [2, 3])
(73883, [3])
(73884, [3])
(73885, [3])
(73886, [3])
(73887, [3, 12])
(73888, [3])
(73889, [3])
(73890, [3])
(73891, [3])
(73892, [3])
(73893, [3])
(73894, [3])
(73895, [3])
(73896, [3, 12])
(73897, [3])
(73898, [3])
(73899, [3])
(73900, [3])
(73901, [3])
(73902, [3])
(73903, [3])
(73904, [3])
(73905, [3])
(73906, [3])
(73907, [3])
(73908, [2, 3])
(73909, [3])
(73910, [3])
(73911, [12])
(73912, [12])
(73913, [12])
(73914, [12])
(73915, [12])
(73916, [12])
(73917, [12])
(73918, [12])
(73919, [12])
(73920, [12])
(73921, [12])
(73922, [12])
(73923, [12])
(73924, [12])
(73925, [12])
(73926, [12])
(73927, [12])
(73928, [12])
(73929, [12])
(73930, [12])
(73931, [12])
(73932, [12])
(73933, [12])
(73934, [12])
(73935, [12])
(73936, [12])
(73937, [12])
(73938, [12])
(73939, [12])
(73940, [12])
(73941, [12])
(73942, [12])
(73943, [12])
(73944, [12])
(73945, [12])
(73946, [12])
(73947, [12])
(73948, [12])
(73949, [12])
(73950, [12])
(73951, [12])
(73952, [12])
(73953, [12])
(73954, [12])
(73955, [12])
(73956, [12])
(73957, [12])
(73958, [12])
(73959, [12])
(73960, [12])
(73961, [12])
(73962, [12])
(73963, [12])
(73964, [12])
(73965, [12])
(73966, [12])
(73967, [12])
(73968, [12])
(73969, [12])
(73970, [40])
(73971, [40])
(73972, [40])
(73973, [2, 40])
(73974, [2])
(73975, [2])
(73976, [2])
(73977, [2])
(73978, [2])
(73979, [2])
(73980, [2])
(73981, [2])
(73982, [2])
(73983, [2])
(73984, [2])
(73985, [2])
(73986, [2])
(73987, [2])
(73988, [2])
(73989, [2])
(73990, [2])
(73991, [2])
(73992, [2])
(73993, [2])
(73994, [2])
(73995, [2])
(73996, [2])
(73997, [2])
(73998, [2])
(73999, [2])
(74000, [2])
(74001, [2])
(74002, [2])
(74003, [2])
(74004, [2])
(74005, [2])
(74006, [2])
(74007, [2])
(74008, [2])
(74009, [2])
(74010, [2])
(74011, [2])
(74012, [2])
(74013, [2])
(74014, [2])
(74015, [2])
(74016, [2])
(74017, [2])
(74018, [2])
(74019, [2])
(74020, [2])
(74021, [2])
(74022, [2])
(74023, [2])
(74024, [2])
(74025, [2])
(74026, [2])
(74027, [2])
(74028, [2])
(74029, [2])
(74030, [2])
(74031, [2])
(74032, [13])
(74033, [5])
(74034, [5])
(74035, [5])
(74036, [5])
(74037, [5])
(74038, [5])
(74039, [5])
(74040, [5])
(74041, [14])
(74042, [14])
(74043, [14])
(74044, [14])
(74045, [14])
(74046, [14])
(74047, [14])
(74048, [14])
(74049, [14])
(74050, [14])
(74051, [14])
(74052, [14])
(74053, [14])
(74054, [14])
(74055, [14])
(74056, [14])
(74057, [14])
(74058, [14])
(74059, [14])
(74060, [14])
(74061, [22])
(74062, [22])
(74063, [22])
(74064, [22])
(74065, [22])
(74066, [22])
(74067, [22])
(74068, [22])
(74069, [22])
(74070, [22])
(74071, [25])
(74072, [25])
