(32946, [0, 1, 2, 3, 4, 5, 6, 7, 8, 9, 10, 11, 12, 13, 14, 15, 16, 17, 18, 19, 20, 21, 22, 23, 24, 25, 26, 27, 28, 29, 30, 31, 32, 33, 34, 35, 36, 37, 38, 39, 40, 41, 42, 43, 44])
(32947, [0, 1, 2, 3, 4, 5, 6, 7, 8, 9, 10, 11, 12, 13, 14, 15, 16, 17, 18, 19, 20, 21, 22, 23, 24, 25, 26, 27, 28, 29, 30, 31, 32, 33, 34, 35, 36, 37, 38, 39, 40, 41, 42, 43, 44])
(32948, [0, 1, 2, 3, 4, 5, 6, 7, 8, 9, 10, 11, 12, 13, 14, 15, 16, 17, 18, 19, 20, 21, 22, 23, 24, 25, 26, 27, 28, 29, 30, 31, 32, 33, 34, 35, 36, 37, 38, 39, 40, 41, 42, 43, 44])
(32949, [0, 1, 2, 3, 4, 5, 8, 12, 15, 16, 17, 18, 19, 21, 22, 23, 26, 27, 30, 31, 32, 33, 34, 35, 37, 43, 44])
(32950, [0, 1, 2, 3, 4, 5, 6, 7, 8, 9, 10, 11, 12, 13, 14, 15, 16, 17, 18, 19, 20, 21, 22, 23, 24, 25, 26, 27, 28, 29, 30, 31, 32, 33, 34, 35, 36, 37, 38, 39, 40, 41, 42, 43, 44])
(32951, [0, 1, 2, 3, 4, 5, 6, 7, 8, 9, 10, 11, 12, 13, 14, 15, 16, 17, 18, 19, 20, 21, 22, 23, 24, 25, 26, 27, 28, 29, 30, 31, 32, 33, 34, 35, 36, 37, 38, 39, 40, 41, 42, 43, 44])
(32952, [0, 1, 2, 3, 4, 5, 6, 7, 8, 9, 10, 11, 12, 13, 14, 15, 16, 17, 18, 19, 20, 21, 22, 23, 24, 25, 26, 27, 28, 29, 30, 31, 32, 33, 34, 35, 36, 37, 38, 39, 40, 41, 42, 43, 44])
(32953, [0, 1, 2, 3, 4, 5, 6, 7, 8, 9, 10, 11, 12, 13, 14, 15, 16, 17, 18, 19, 20, 21, 22, 23, 24, 25, 26, 27, 28, 29, 30, 31, 32, 33, 34, 35, 36, 37, 38, 39, 40, 41, 42, 43, 44])
(32954, [0, 1, 2, 3, 4, 5, 6, 7, 8, 9, 10, 11, 12, 13, 14, 15, 16, 17, 18, 19, 20, 21, 22, 23, 24, 25, 26, 27, 28, 29, 30, 31, 32, 33, 34, 35, 36, 37, 38, 39, 40, 41, 42, 43, 44])
(32955, [0, 1, 2, 3, 8, 9, 11, 12, 16, 20, 24, 30, 32, 33, 39, 41, 44])
(32956, [0, 1, 2, 3, 4, 6, 7, 8, 9, 11, 12, 13, 15, 16, 17, 18, 19, 20, 21, 22, 23, 24, 26, 29, 30, 31, 32, 33, 34, 36, 39, 40, 41, 42, 43, 44])
(32957, [1, 2, 3, 4, 6, 7, 9, 11, 12, 14, 15, 17, 18, 19, 22, 24, 26, 32, 34, 35, 39, 40, 43, 44])
(32958, [0, 1, 2, 3, 4, 5, 7, 8, 9, 11, 12, 13, 14, 15, 16, 17, 18, 19, 20, 21, 22, 23, 24, 26, 27, 28, 30, 31, 32, 33, 34, 35, 36, 37, 39, 40, 41, 42, 43, 44])
(32959, [1, 2, 3, 4, 6, 8, 9, 11, 13, 14, 15, 16, 18, 19, 21, 22, 23, 24, 30, 31, 32, 33, 34, 36, 40, 43, 44])
(32960, [0, 18, 23, 31, 32, 33, 41])
(32961, [0, 1, 2, 3, 11, 12, 15, 16, 17, 18, 32])
(32962, [2, 4, 9, 21, 22, 30, 31, 32, 39, 41, 44])
(32963, [0, 1, 2, 3, 4, 5, 6, 7, 8, 9, 11, 12, 13, 14, 15, 16, 17, 18, 19, 20, 21, 22, 23, 24, 25, 26, 27, 28, 29, 30, 31, 32, 33, 34, 35, 36, 37, 39, 40, 41, 42, 43, 44])
(32964, [0, 1, 2, 3, 4, 6, 7, 8, 9, 11, 12, 15, 16, 23, 24, 26, 30, 31, 32, 33, 34, 40, 41, 43, 44])
(32965, [0, 1, 3, 4, 6, 7, 9, 11, 12, 15, 17, 18, 19, 20, 24, 26, 30, 31, 32, 33, 34, 35, 36, 40, 41, 43, 44])
(32966, [2, 4, 8, 9, 11, 15, 17, 18, 19, 21, 22, 23, 26, 30, 31, 32, 33, 36, 44])
(32967, [0, 1, 2, 3, 4, 5, 6, 7, 8, 9, 10, 11, 12, 14, 15, 16, 17, 18, 19, 20, 22, 23, 24, 26, 27, 28, 30, 31, 32, 33, 34, 35, 37, 38, 39, 40, 41, 42, 43, 44])
(32968, [0, 1, 2, 3, 4, 5, 6, 7, 8, 9, 11, 15, 16, 17, 18, 19, 20, 21, 22, 23, 24, 25, 26, 29, 30, 31, 32, 33, 35, 38, 39, 40, 43, 44])
(32969, [0, 1, 2, 3, 4, 6, 7, 9, 10, 11, 12, 13, 15, 16, 17, 18, 19, 21, 22, 23, 24, 26, 27, 29, 30, 31, 32, 33, 34, 35, 39, 40, 41, 42, 43, 44])
(32970, [1, 2, 3, 4, 5, 6, 7, 8, 9, 11, 12, 13, 14, 15, 16, 17, 18, 19, 21, 22, 23, 25, 26, 30, 31, 32, 33, 34, 35, 40, 41, 42, 43, 44])
(32971, [14, 17, 30, 32])
(32972, [0, 1, 2, 3, 4, 5, 6, 7, 8, 9, 10, 11, 12, 13, 14, 15, 16, 18, 19, 20, 21, 23, 24, 26, 29, 30, 31, 32, 33, 34, 35, 37, 41, 42, 43, 44])
(32973, [0, 1, 2, 3, 6, 12, 15, 16, 20, 24, 30, 31, 32, 33, 34, 36, 40, 41])
(32974, [0, 1, 3, 4, 6, 7, 11, 12, 15, 16, 18, 20, 21, 22, 23, 30, 31, 32, 33, 37, 41, 42])
(32975, [1, 2, 9, 11, 13, 14, 15, 16, 17, 19, 24, 30, 31, 32, 33, 34, 36, 41, 42, 44])
(32976, [0, 1, 2, 3, 4, 6, 7, 8, 9, 11, 12, 13, 14, 15, 16, 17, 18, 19, 21, 23, 24, 26, 27, 30, 31, 32, 33, 34, 35, 39, 40, 41, 43, 44])
(32977, [32])
(32978, [4, 32])
(32979, [32])
(32980, [0, 2, 4, 7, 9, 11, 12, 15, 19, 30, 31, 32, 33, 34, 43, 44])
(32981, [0, 1, 2, 4, 6, 14, 17, 18, 19, 22, 23, 31, 32, 33, 34, 39, 40, 44])
(32982, [1, 2, 6, 12, 14, 15, 23, 32, 41, 43])
(32983, [1, 3, 4, 6, 15, 30, 31, 32, 40])
(32984, [4, 31, 32, 33])
(32985, [1, 3, 5, 8, 12, 15, 16, 18, 21, 22, 23, 30, 31, 32, 33, 34, 35, 39, 40, 42])
(32986, [32])
(32987, [13, 18, 20, 23, 30, 32])
(32988, [32])
(32989, [0, 2, 3, 4, 5, 7, 8, 9, 10, 11, 12, 15, 16, 18, 20, 22, 23, 24, 28, 30, 31, 32, 34, 35, 39, 41, 43])
(32990, [1, 6, 8, 11, 15, 18, 19, 23, 26, 30, 32, 40, 43])
(32991, [1, 2, 3, 21, 30, 32, 34])
(32992, [0, 1, 3, 9, 11, 12, 16, 18, 19, 20, 21, 22, 23, 26, 31, 32, 33, 34, 38, 44])
(32993, [0, 1, 2, 3, 4, 5, 7, 8, 9, 10, 11, 12, 13, 16, 17, 19, 20, 26, 31, 32, 33, 34, 35, 37, 38, 40, 44])
(32994, [0, 1, 2, 3, 4, 5, 6, 7, 8, 9, 11, 12, 13, 14, 15, 16, 17, 18, 19, 20, 21, 22, 23, 24, 26, 30, 31, 32, 33, 34, 35, 38, 40, 41, 42, 43, 44])
(32995, [0, 1, 2, 3, 4, 6, 7, 8, 9, 11, 12, 13, 14, 15, 18, 23, 24, 25, 26, 30, 31, 32, 33, 34, 40, 41, 43, 44])
(32996, [0, 1, 2, 3, 4, 5, 6, 9, 10, 12, 15, 16, 18, 19, 20, 26, 29, 30, 32, 33, 40, 41, 42, 43, 44])
(32997, [0, 1, 2, 3, 4, 9, 15, 17, 18, 19, 21, 28, 31, 32, 41, 43, 44])
(32998, [9, 11, 12, 13, 15, 22, 26, 32, 39, 40, 42, 44])
(32999, [0, 1, 2, 3, 4, 6, 7, 9, 11, 12, 14, 15, 17, 18, 19, 20, 23, 25, 26, 27, 28, 30, 31, 32, 33, 34, 36, 37, 39, 40, 41, 43])
(33000, [2, 9, 11, 14, 17, 19, 23, 30, 32, 34, 44])
(33001, [7, 12, 15, 20, 22, 32, 34, 44])
(33002, [4, 5, 8, 12, 15, 16, 17, 18, 19, 21, 22, 23, 24, 26, 27, 30, 31, 32, 35, 43])
(33003, [1, 4, 6, 13, 32])
(33004, [0, 4, 6, 14, 15, 17, 23, 26, 32])
(33005, [1, 2, 3, 4, 8, 9, 12, 15, 17, 19, 23, 27, 32, 34, 40, 42, 43, 44])
(33006, [0, 1, 2, 9, 13, 18, 20, 23, 24, 26, 27, 31, 32, 34, 40, 41, 43])
(33007, [0, 1, 2, 3, 4, 6, 7, 9, 11, 12, 13, 14, 15, 16, 17, 18, 19, 20, 21, 22, 23, 24, 26, 28, 30, 31, 32, 33, 34, 35, 37, 38, 39, 40, 41, 42, 43, 44])
(33008, [4, 23, 27, 32])
(33009, [17, 18, 22, 32, 44])
(33010, [0, 1, 2, 3, 4, 6, 8, 9, 11, 12, 15, 17, 21, 24, 25, 26, 30, 32, 33, 40, 42, 43, 44])
(33011, [32])
(33012, [2, 3, 5, 11, 12, 15, 16, 18, 22, 23, 27, 30, 32, 35, 43])
(33013, [18, 32])
(33014, [0, 2, 3, 4, 7, 11, 12, 13, 15, 16, 17, 18, 20, 21, 24, 25, 26, 27, 30, 31, 32, 33, 34, 36, 39, 40, 41, 43, 44])
(33015, [0, 1, 2, 3, 4, 6, 7, 8, 9, 10, 11, 12, 13, 14, 15, 16, 17, 18, 20, 23, 27, 30, 32, 33, 34, 35, 36, 41, 42, 43, 44])
(33016, [0, 1, 2, 3, 5, 7, 8, 9, 12, 13, 14, 15, 16, 19, 20, 21, 22, 23, 26, 28, 31, 32, 33, 34, 37, 39, 40, 42, 43, 44])
(33017, [1, 2, 3, 6, 9, 11, 15, 17, 19, 30, 32, 33, 44])
(33018, [2, 12, 18, 19, 22, 23, 32, 41, 44])
(33019, [2, 17, 28, 31, 32, 43])
(33020, [0, 1, 2, 3, 4, 6, 9, 12, 18, 19, 24, 28, 30, 31, 32, 34, 40, 41, 43])
(33021, [0, 1, 2, 3, 4, 6, 7, 9, 12, 14, 15, 16, 18, 19, 20, 21, 23, 24, 30, 32, 34, 42, 43, 44])
(33022, [32])
(33023, [0, 1, 2, 3, 4, 6, 7, 15, 23, 24, 27, 30, 32, 42, 43, 44])
(33024, [0, 1, 2, 3, 5, 7, 9, 10, 11, 12, 16, 17, 18, 19, 21, 22, 24, 27, 30, 31, 32, 33, 35, 38, 40, 41, 43, 44])
(33025, [1, 3, 7, 18, 19, 23, 30, 31, 32, 33, 34, 44])
(33026, [0, 1, 3, 6, 9, 10, 12, 17, 20, 22, 23, 30, 31, 32, 34, 41, 43, 44])
(33027, [0, 1, 2, 3, 6, 9, 10, 11, 12, 14, 15, 16, 18, 19, 20, 23, 26, 30, 32, 33, 34, 36, 39, 40, 41, 43])
(33028, [32])
(33029, [1, 4, 6, 14, 17, 19, 20, 27, 28, 30, 31, 32, 34, 37])
(33030, [0, 1, 2, 3, 4, 6, 7, 9, 11, 12, 14, 15, 17, 18, 19, 20, 24, 25, 26, 27, 30, 31, 32, 33, 34, 36, 39, 40, 41, 43, 44])
(33031, [1, 2, 3, 6, 17, 24, 30, 32, 33, 43])
(33032, [0, 1, 2, 3, 9, 12, 20, 30, 31, 32, 33, 34, 41, 42])
(33033, [1, 2, 3, 4, 5, 8, 9, 11, 13, 14, 15, 16, 17, 18, 19, 21, 22, 23, 24, 26, 27, 30, 32, 33, 34, 41, 43, 44])
(33034, [0, 1, 2, 3, 7, 9, 11, 12, 19, 31, 32, 33, 34, 36, 44])
(33035, [0, 1, 2, 3, 4, 6, 7, 9, 10, 11, 12, 13, 14, 15, 16, 17, 19, 20, 22, 24, 25, 26, 27, 28, 30, 31, 32, 33, 34, 35, 38, 40, 41, 42, 43, 44])
(33036, [3, 31, 32])
(33037, [2, 3, 4, 11, 14, 17, 26, 32, 36, 41, 43])
(33038, [1, 2, 3, 4, 6, 8, 9, 11, 12, 15, 16, 17, 18, 19, 21, 22, 23, 24, 26, 30, 31, 32, 33, 41, 42, 44])
(33039, [3, 4, 11, 13, 16, 17, 23, 24, 26, 31, 32, 41, 43])
(33040, [0, 2, 32, 33])
(33041, [0, 2, 3, 4, 6, 7, 9, 10, 11, 12, 16, 18, 19, 20, 22, 23, 24, 26, 28, 31, 32, 34, 35, 37, 40, 41, 42, 44])
(33042, [3, 7, 12, 23, 32, 36])
(33043, [0, 1, 3, 9, 12, 21, 26, 31, 32, 34])
(33044, [14, 26, 30, 32, 33, 40, 41])
(33045, [32])
(33046, [0, 1, 2, 3, 4, 8, 9, 12, 15, 18, 19, 21, 22, 23, 26, 33, 35, 39, 40, 41, 43, 44])
(33047, [18, 23, 35])
(33048, [35])
(33049, [3, 12, 21, 34, 35])
(33050, [0, 28, 35])
(33051, [35])
(33052, [35])
(33053, [0, 8, 9, 11, 15, 18, 19, 21, 22, 23, 26, 30, 35])
(33054, [1, 23, 35])
(33055, [35])
(33056, [1, 2, 3, 4, 7, 8, 9, 10, 11, 12, 14, 15, 16, 18, 19, 20, 21, 22, 23, 24, 26, 29, 30, 31, 33, 34, 35, 36, 37, 38, 41, 42, 43, 44])
(33057, [1, 2, 3, 6, 8, 11, 13, 15, 17, 18, 19, 22, 30, 31, 34, 35, 39, 41, 43, 44])
(33058, [4, 8, 11, 13, 15, 18, 19, 21, 23, 28, 35, 36, 43, 44])
(33059, [0, 1, 2, 3, 4, 6, 8, 11, 12, 13, 14, 15, 16, 17, 18, 19, 22, 26, 27, 35, 40, 41, 42, 43])
(33060, [0, 1, 2, 3, 4, 7, 9, 10, 11, 12, 13, 14, 15, 16, 17, 18, 19, 20, 21, 23, 26, 30, 31, 33, 34, 35, 36, 41, 42, 44])
(33061, [1, 35])
(33062, [0, 20, 23, 33, 35])
(33063, [35])
(33064, [0, 1, 3, 8, 9, 11, 20, 21, 23, 31, 33, 35, 41, 44])
(33065, [0, 1, 3, 18, 23, 35, 43])
(33066, [0, 3, 5, 6, 8, 18, 19, 20, 21, 22, 23, 26, 29, 30, 33, 34, 35, 37, 41, 43])
(33067, [35])
(33068, [1, 2, 3, 6, 11, 12, 13, 18, 19, 21, 22, 30, 31, 33, 34, 35, 36, 42, 43])
(33069, [0, 1, 2, 3, 7, 9, 10, 11, 12, 17, 20, 26, 30, 31, 33, 34, 35, 41, 42, 44])
(33070, [18, 19, 25, 31, 33, 34, 35, 41])
(33071, [35])
(33072, [35])
(33073, [0, 16, 30, 31, 35])
(33074, [1, 2, 3, 5, 8, 9, 11, 12, 17, 23, 24, 33, 34, 35, 37, 38, 41, 44])
(33075, [35])
(33076, [1, 2, 3, 4, 7, 8, 9, 11, 13, 15, 16, 17, 19, 21, 22, 26, 34, 35, 40, 41, 42, 43, 44])
(33077, [3, 7, 9, 20, 21, 30, 35, 37, 38, 41, 43])
(33078, [35])
(33079, [0, 1, 2, 3, 4, 6, 10, 11, 12, 16, 18, 19, 22, 23, 28, 30, 31, 33, 34, 35, 38, 40, 43, 44])
(33080, [0, 1, 2, 3, 4, 5, 6, 7, 8, 9, 11, 12, 14, 16, 18, 19, 20, 21, 22, 23, 24, 27, 30, 31, 34, 35, 37, 38, 42, 43, 44])
(33081, [0, 6, 9, 10, 12, 18, 20, 23, 35, 43])
(33082, [3, 13, 35])
(33083, [0, 1, 3, 12, 34, 41])
(33084, [1, 3, 8, 12, 17, 21, 23, 30, 34, 37])
(33085, [9, 23, 33, 34])
(33086, [34])
(33087, [24, 28, 31, 34])
(33088, [1, 3, 7, 13, 15, 18, 31, 33, 34, 43, 44])
(33089, [2, 13, 26, 30, 31, 34])
(33090, [1, 3, 4, 7, 9, 12, 16, 18, 20, 23, 33, 34, 42, 44])
(33091, [0, 1, 2, 3, 4, 12, 26, 28, 34, 43, 44])
(33092, [0, 3, 14, 19, 34])
(33093, [34])
(33094, [0, 34])
(33095, [3, 15, 26, 34])
(33096, [34, 41])
(33097, [18, 34, 40])
(33098, [3, 33, 34])
(33099, [1, 3, 8, 11, 18, 33, 34])
(33100, [34])
(33101, [1, 15, 34, 44])
(33102, [9, 31, 33, 34, 44])
(33103, [0, 2, 6, 8, 14, 17, 19, 24, 26, 31, 33, 34, 36, 41, 43, 44])
(33104, [9, 31, 34, 43])
(33105, [34])
(33106, [34])
(33107, [1, 2, 3, 4, 5, 6, 8, 12, 14, 15, 16, 17, 18, 19, 21, 22, 23, 24, 26, 31, 34, 41, 43, 44])
(33108, [0, 1, 2, 3, 5, 10, 12, 13, 14, 16, 17, 20, 23, 24, 26, 27, 33, 34, 41, 44])
(33109, [0, 1, 2, 3, 9, 11, 16, 17, 22, 28, 30, 31, 33, 34, 40, 41, 43])
(33110, [1, 3, 4, 9, 12, 15, 16, 18, 21, 23, 27, 28, 34])
(33111, [9, 11, 17, 24, 34, 44])
(33112, [0, 1, 2, 3, 5, 6, 7, 9, 10, 11, 12, 14, 15, 16, 17, 18, 19, 20, 21, 23, 24, 26, 27, 28, 29, 30, 31, 33, 34, 36, 37, 41, 42, 43, 44])
(33113, [0, 1, 2, 13, 31, 34, 41])
(33114, [0, 3, 19, 26, 31, 33, 34, 39, 40, 41, 44])
(33115, [0, 2, 4, 10, 11, 14, 26, 33, 34, 41, 43])
(33116, [2, 6, 26, 30, 34, 41])
(33117, [1, 3, 34])
(33118, [0, 1, 2, 3, 4, 7, 9, 12, 16, 18, 19, 21, 22, 28, 33, 34, 38, 39, 40, 41])
(33119, [2, 19, 22, 34, 44])
(33120, [2, 3, 24, 34, 41, 44])
(33121, [0, 1, 2, 9, 13, 14, 24, 26, 31, 33, 34, 40, 41, 44])
(33122, [34])
(33123, [0, 2, 11, 12, 13, 18, 23, 24, 26, 34, 41, 43])
(33124, [0, 3, 19, 34, 43])
(33125, [9, 12, 20, 26, 34])
(33126, [1, 2, 3, 4, 8, 12, 15, 19, 23, 34, 41, 44])
(33127, [0, 2, 3, 7, 9, 16, 20, 33, 34, 41, 44])
(33128, [0, 9, 10, 12, 34])
(33129, [10, 12, 34])
(33130, [0, 1, 3, 4, 7, 9, 11, 12, 16, 18, 19, 21, 23, 24, 26, 34, 39, 42, 44])
(33131, [34])
(33132, [1, 2, 3, 4, 6, 7, 8, 9, 11, 12, 16, 17, 18, 19, 20, 21, 22, 23, 30, 31, 33, 34, 38, 40, 41, 42, 43])
(33133, [0, 1, 3, 4, 7, 11, 12, 17, 19, 21, 26, 34, 44])
(33134, [34])
(33135, [34])
(33136, [2, 3, 31, 34])
(33137, [0, 12, 26, 34])
(33138, [1, 3, 7, 12, 31, 34, 42, 44])
(33139, [4, 8, 11, 12, 16, 18, 21, 26, 34, 43, 44])
(33140, [24, 31, 33, 43])
(33141, [33])
(33142, [1, 2, 3, 4, 6, 9, 11, 19, 26, 28, 33, 40, 43])
(33143, [0, 3, 4, 6, 7, 33])
(33144, [33])
(33145, [33])
(33146, [1, 3, 6, 9, 10, 15, 17, 29, 30, 33])
(33147, [33])
(33148, [33])
(33149, [3, 33])
(33150, [2, 3, 6, 10, 11, 12, 21, 22, 27, 30, 33, 37, 43])
(33151, [0, 1, 2, 3, 4, 5, 6, 7, 8, 9, 11, 12, 13, 16, 17, 18, 19, 23, 26, 33, 36, 37, 39, 41, 42, 43, 44])
(33152, [0, 21, 33])
(33153, [0, 1, 2, 3, 18, 19, 23, 28, 30, 33, 37, 41])
(33154, [33])
(33155, [33])
(33156, [0, 5, 12, 33])
(33157, [33])
(33158, [1, 33])
(33159, [1, 2, 3, 6, 11, 15, 21, 23, 26, 30, 33])
(33160, [33])
(33161, [0, 1, 2, 11, 12, 15, 17, 26, 31, 33, 41, 43, 44])
(33162, [33])
(33163, [0, 4, 7, 21, 33])
(33164, [15, 33])
(33165, [2, 9, 11, 13, 26, 30, 31, 33, 39, 41])
(33166, [1, 6, 12, 33])
(33167, [33])
(33168, [3, 20, 33])
(33169, [30, 33])
(33170, [20])
(33171, [0, 6, 9, 18, 20, 26, 43])
(33172, [0, 2, 3, 4, 6, 7, 10, 12, 14, 16, 18, 20, 41, 42])
(33173, [20])
(33174, [1, 3, 9, 18, 20, 26, 31, 43])
(33175, [0, 2, 3, 14, 20, 31])
(33176, [2, 8, 12, 15, 16, 18, 20, 23])
(33177, [20])
(33178, [20])
(33179, [1, 3, 12, 20])
(33180, [20])
(33181, [20])
(33182, [20])
(33183, [20])
(33184, [0, 2, 3, 9, 12, 18, 20, 23, 28, 30])
(33185, [1, 3, 19, 20, 44])
(33186, [0, 2, 10, 12, 13, 15, 16, 18, 20, 36, 41, 43])
(33187, [3, 18, 20])
(33188, [1, 3, 6, 7, 9, 12, 15, 18, 20, 25, 26, 30, 31, 41, 43])
(33189, [0, 2, 3, 11, 12, 16, 20, 43])
(33190, [0, 12, 20, 43])
(33191, [20])
(33192, [3, 20])
(33193, [20])
(33194, [0, 3, 20, 26])
(33195, [20])
(33196, [20])
(33197, [3, 4, 9, 17, 20, 22, 26, 28, 43])
(33198, [0, 1, 2, 3, 4, 7, 11, 12, 19, 20, 21, 38, 39, 42, 44])
(33199, [0, 20])
(33200, [2, 12, 20])
(33201, [0, 1, 2, 3, 4, 7, 11, 12, 16, 17, 18, 19, 20, 22, 41, 44])
(33202, [1, 2, 3, 7, 12, 20, 26, 40])
(33203, [0, 1, 3, 15, 16, 20, 21, 22, 30, 41])
(33204, [18])
(33205, [18])
(33206, [18])
(33207, [18])
(33208, [0, 2, 12, 14, 18, 23, 31])
(33209, [8, 18, 23, 43])
(33210, [1, 2, 3, 4, 8, 9, 11, 13, 15, 18, 19, 23, 31, 36, 43])
(33211, [18, 19])
(33212, [18, 30])
(33213, [8, 18])
(33214, [1, 2, 3, 7, 9, 10, 18, 19, 42, 43])
(33215, [18])
(33216, [18])
(33217, [18])
(33218, [1, 3, 11, 15, 18, 26, 43])
(33219, [18])
(33220, [18])
(33221, [18])
(33222, [18])
(33223, [6, 11, 18, 19, 26, 30, 36, 41, 43])
(33224, [18])
(33225, [18])
(33226, [18])
(33227, [0, 2, 13, 16, 17, 18, 41])
(33228, [18, 19])
(33229, [18, 43])
(33230, [1, 18])
(33231, [1, 18])
(33232, [15, 18, 19, 22, 23, 43])
(33233, [3, 6, 18, 21, 30, 36])
(33234, [18])
(33235, [18, 23])
(33236, [3, 11, 18, 21, 22, 39, 43])
(33237, [18])
(33238, [18, 44])
(33239, [18])
(33240, [18])
(33241, [0, 15, 18, 19, 22, 23, 25, 26, 38, 41, 42])
(33242, [2, 6, 14, 15, 18, 19])
(33243, [1, 18, 23, 30, 44])
(33244, [0, 18])
(33245, [18])
(33246, [18])
(33247, [1, 2, 6, 18, 19, 23, 29])
(33248, [8, 18, 23, 43])
(33249, [8, 18, 23])
(33250, [18])
(33251, [18])
(33252, [18])
(33253, [18, 31])
(33254, [18])
(33255, [0, 1, 6, 7, 12, 16, 18, 19])
(33256, [2, 12, 17, 18, 44])
(33257, [1, 2, 3, 4, 12, 14, 18, 21, 26, 44])
(33258, [18])
(33259, [18])
(33260, [18])
(33261, [8, 9, 14, 15, 16, 18, 19, 43])
(33262, [18])
(33263, [18])
(33264, [18])
(33265, [15, 18, 24, 26])
(33266, [1, 18, 21])
(33267, [8, 18, 36])
(33268, [16, 18])
(33269, [18])
(33270, [18])
(33271, [3, 17, 18])
(33272, [18])
(33273, [18])
(33274, [0, 2, 6, 17, 18, 30, 36])
(33275, [18, 41])
(33276, [18])
(33277, [1, 2, 3, 4, 9, 11, 18, 19, 22, 23, 26, 29, 30, 43, 44])
(33278, [5, 18, 23])
(33279, [1, 18, 23, 42])
(33280, [18, 26, 42])
(33281, [18])
(33282, [18])
(33283, [18])
(33284, [1, 8, 11, 18, 23, 24, 26, 41])
(33285, [18])
(33286, [18, 23])
(33287, [18])
(33288, [0, 2, 3, 4, 6, 12, 15, 18, 24, 31, 44])
(33289, [18])
(33290, [0, 3, 4, 12, 15, 18, 23])
(33291, [18, 24, 31])
(33292, [18])
(33293, [18])
(33294, [18])
(33295, [0, 2, 3, 7, 18, 43])
(33296, [18])
(33297, [1, 2, 6, 9, 18, 27, 31, 40])
(33298, [18])
(33299, [18])
(33300, [1, 3, 9, 11, 12, 17, 18, 38, 44])
(33301, [11, 18, 21])
(33302, [18])
(33303, [2, 27])
(33304, [14, 27, 36])
(33305, [3, 27])
(33306, [27])
(33307, [27])
(33308, [1, 2, 3, 8, 9, 11, 12, 13, 15, 16, 17, 19, 21, 27, 29, 31, 43, 44])
(33309, [27])
(33310, [27])
(33311, [1, 2, 9, 17, 24, 26, 31, 41, 43])
(33312, [2, 9, 16, 23, 26])
(33313, [9])
(33314, [2, 6, 9, 12])
(33315, [2, 8, 9, 17, 31])
(33316, [1, 9])
(33317, [9, 19])
(33318, [3, 9, 10, 12, 21, 37, 39, 41, 43, 44])
(33319, [9])
(33320, [0, 9, 13, 41])
(33321, [9])
(33322, [2, 3, 4, 9, 11, 12, 13, 15, 26, 28, 30, 37, 41, 43])
(33323, [9])
(33324, [2, 9, 41, 44])
(33325, [9])
(33326, [1, 3, 9, 31])
(33327, [9, 10])
(33328, [9])
(33329, [9])
(33330, [9])
(33331, [9])
(33332, [9, 10])
(33333, [2, 6, 9, 15, 23, 41])
(33334, [0, 9, 11, 14, 15, 16, 41])
(33335, [9])
(33336, [2, 4, 6, 9, 43])
(33337, [9])
(33338, [0, 1, 2, 3, 9, 12, 21, 22, 28, 29, 31])
(33339, [1, 2, 9, 12, 15, 23, 26, 43])
(33340, [9])
(33341, [3, 9, 19])
(33342, [9])
(33343, [9])
(33344, [0, 2, 9, 14, 17, 41])
(33345, [9])
(33346, [9])
(33347, [2, 4, 9, 12, 15, 31])
(33348, [9])
(33349, [9])
(33350, [9])
(33351, [9])
(33352, [1, 3, 9, 11, 12, 15, 17, 21, 39, 40, 41])
(33353, [9, 11, 29])
(33354, [9])
(33355, [9])
(33356, [9])
(33357, [9])
(33358, [0, 1, 3, 4, 6, 7, 9, 31])
(33359, [2, 9])
(33360, [9])
(33361, [9])
(33362, [0, 1, 3, 9])
(33363, [1, 3, 9, 23])
(33364, [2, 4, 9, 14, 30])
(33365, [2, 9])
(33366, [9])
(33367, [9])
(33368, [9])
(33369, [9, 12])
(33370, [9])
(33371, [9])
(33372, [9])
(33373, [0, 7, 9, 12, 26, 41])
(33374, [9])
(33375, [9, 16])
(33376, [9])
(33377, [0])
(33378, [0])
(33379, [0])
(33380, [0, 12])
(33381, [0])
(33382, [0, 39])
(33383, [0])
(33384, [0])
(33385, [0])
(33386, [0])
(33387, [0])
(33388, [0])
(33389, [0])
(33390, [0])
(33391, [0])
(33392, [0])
(33393, [0])
(33394, [0])
(33395, [0])
(33396, [0])
(33397, [0])
(33398, [0])
(33399, [0, 24])
(33400, [0, 12])
(33401, [0])
(33402, [0])
(33403, [0, 7, 11])
(33404, [0])
(33405, [0, 43])
(33406, [0])
(33407, [0])
(33408, [0, 12])
(33409, [0])
(33410, [0, 1, 2, 3, 5, 8, 12])
(33411, [0])
(33412, [0, 3])
(33413, [0])
(33414, [0])
(33415, [0])
(33416, [0])
(33417, [0])
(33418, [0])
(33419, [0, 21])
(33420, [0, 1, 2, 3, 10, 17, 40])
(33421, [0])
(33422, [0])
(33423, [0])
(33424, [0])
(33425, [0])
(33426, [0])
(33427, [0])
(33428, [0, 12, 28, 37])
(33429, [0])
(33430, [0])
(33431, [0])
(33432, [0])
(33433, [0])
(33434, [0])
(33435, [0])
(33436, [0])
(33437, [0])
(33438, [0])
(33439, [0])
(33440, [0])
(33441, [0])
(33442, [0])
(33443, [0])
(33444, [0, 19, 44])
(33445, [0])
(33446, [0, 17, 26, 40, 41, 43, 44])
(33447, [0])
(33448, [0])
(33449, [0])
(33450, [0])
(33451, [0])
(33452, [0, 4, 7, 11, 12, 14, 15, 16, 17, 21, 24, 31, 41, 44])
(33453, [0])
(33454, [0])
(33455, [0])
(33456, [0])
(33457, [0, 2, 12, 43])
(33458, [0])
(33459, [0, 12, 14, 36])
(33460, [0])
(33461, [0, 11, 21, 44])
(33462, [0])
(33463, [0])
(33464, [0])
(33465, [0])
(33466, [0])
(33467, [0, 7, 44])
(33468, [0])
(33469, [0])
(33470, [0, 12])
(33471, [0])
(33472, [0])
(33473, [0])
(33474, [0])
(33475, [0, 12])
(33476, [0])
(33477, [0])
(33478, [0])
(33479, [0])
(33480, [0, 44])
(33481, [0])
(33482, [0])
(33483, [0])
(33484, [0])
(33485, [0])
(33486, [0])
(33487, [0])
(33488, [0])
(33489, [0])
(33490, [0])
(33491, [0, 3, 12])
(33492, [0])
(33493, [0])
(33494, [0])
(33495, [0, 8])
(33496, [0])
(33497, [0])
(33498, [0, 1, 2, 6, 17, 31])
(33499, [0])
(33500, [0])
(33501, [0])
(33502, [0])
(33503, [0])
(33504, [0])
(33505, [0])
(33506, [0])
(33507, [0, 12])
(33508, [0])
(33509, [0])
(33510, [0])
(33511, [0])
(33512, [0])
(33513, [0])
(33514, [0])
(33515, [0])
(33516, [0, 12])
(33517, [0])
(33518, [0])
(33519, [0])
(33520, [0])
(33521, [0])
(33522, [0])
(33523, [0])
(33524, [0])
(33525, [0])
(33526, [0])
(33527, [0])
(33528, [0])
(33529, [0])
(33530, [0])
(33531, [0])
(33532, [0])
(33533, [0, 1, 3])
(33534, [0])
(33535, [0])
(33536, [0])
(33537, [0])
(33538, [0])
(33539, [0, 1])
(33540, [0])
(33541, [0])
(33542, [0])
(33543, [0])
(33544, [0, 2])
(33545, [0])
(33546, [0])
(33547, [0])
(33548, [0])
(33549, [0, 1, 11, 12])
(33550, [0])
(33551, [0])
(33552, [0])
(33553, [0])
(33554, [0])
(33555, [0])
(33556, [0])
(33557, [0, 4, 12])
(33558, [0])
(33559, [0])
(33560, [0, 12, 26, 44])
(33561, [0])
(33562, [0])
(33563, [0])
(33564, [0, 12])
(33565, [0])
(33566, [0])
(33567, [0])
(33568, [0])
(33569, [0])
(33570, [0])
(33571, [0])
(33572, [0, 2, 4, 14])
(33573, [0])
(33574, [0])
(33575, [0])
(33576, [0])
(33577, [0, 12, 16, 19])
(33578, [0])
(33579, [0, 1, 12, 21, 41, 44])
(33580, [0])
(33581, [0])
(33582, [0])
(33583, [0])
(33584, [0])
(33585, [0])
(33586, [0])
(33587, [0])
(33588, [0])
(33589, [0])
(33590, [0, 3])
(33591, [0])
(33592, [0, 1, 2, 3, 19, 21, 23, 26, 30, 31])
(33593, [0])
(33594, [0])
(33595, [0])
(33596, [0])
(33597, [0])
(33598, [0])
(33599, [0])
(33600, [0])
(33601, [0])
(33602, [0])
(33603, [0])
(33604, [0])
(33605, [0, 3])
(33606, [0])
(33607, [0])
(33608, [11])
(33609, [2, 7, 11, 24, 44])
(33610, [11, 44])
(33611, [2, 11])
(33612, [11, 23])
(33613, [11])
(33614, [11])
(33615, [11])
(33616, [11, 19, 43])
(33617, [1, 2, 3, 11, 21, 25, 43])
(33618, [11, 43])
(33619, [11])
(33620, [1, 2, 4, 6, 11, 19])
(33621, [1, 11, 14, 21, 30])
(33622, [1, 3, 11, 12, 19, 41])
(33623, [2, 11, 41])
(33624, [11])
(33625, [11])
(33626, [1, 3, 11, 12, 16, 44])
(33627, [11])
(33628, [11])
(33629, [1, 5, 11, 12, 30, 38])
(33630, [11])
(33631, [11])
(33632, [2, 11, 26, 44])
(33633, [11])
(33634, [11])
(33635, [7])
(33636, [1, 3, 7])
(33637, [7])
(33638, [7])
(33639, [3, 7, 17])
(33640, [7])
(33641, [7])
(33642, [7])
(33643, [7])
(33644, [7])
(33645, [7])
(33646, [1, 3, 29])
(33647, [29])
(33648, [1, 6, 29])
(33649, [8, 12, 15, 24, 29, 30, 42])
(33650, [16])
(33651, [16])
(33652, [16, 19, 38])
(33653, [16])
(33654, [16])
(33655, [16])
(33656, [16])
(33657, [4, 16])
(33658, [16, 36])
(33659, [16])
(33660, [12, 16, 31])
(33661, [16])
(33662, [2, 16, 36])
(33663, [16, 17])
(33664, [16])
(33665, [16])
(33666, [13, 16, 41])
(33667, [12, 42])
(33668, [42])
(33669, [4, 5, 6, 8, 23, 43])
(33670, [6, 19])
(33671, [6])
(33672, [6, 17])
(33673, [6, 12])
(33674, [1, 2, 3, 6, 17, 30, 38, 40, 41])
(33675, [6, 23])
(33676, [6])
(33677, [6, 26])
(33678, [6])
(33679, [6])
(33680, [6])
(33681, [3, 6])
(33682, [6, 23, 26, 43])
(33683, [2, 3, 6, 19, 21, 23, 26, 40, 41])
(33684, [3, 6, 17])
(33685, [2, 6, 23])
(33686, [6, 14])
(33687, [28])
(33688, [28])
(33689, [28])
(33690, [8, 28])
(33691, [4, 17, 19])
(33692, [17])
(33693, [17, 41])
(33694, [17])
(33695, [2, 4, 14, 15, 17])
(33696, [14, 17, 41, 43])
(33697, [12, 17, 43, 44])
(33698, [17])
(33699, [17])
(33700, [13, 17, 25, 26, 41])
(33701, [17])
(33702, [1, 17])
(33703, [17, 21])
(33704, [17, 41])
(33705, [2, 17])
(33706, [17, 41])
(33707, [17])
(33708, [17])
(33709, [17])
(33710, [17])
(33711, [1, 4, 8, 19, 21])
(33712, [1])
(33713, [1, 3, 12])
(33714, [1, 31, 41])
(33715, [1, 3])
(33716, [1])
(33717, [1, 2, 3])
(33718, [1])
(33719, [1, 2, 3])
(33720, [1])
(33721, [1])
(33722, [1])
(33723, [1])
(33724, [1, 4, 19, 22, 40])
(33725, [1])
(33726, [1, 3, 13, 19, 31])
(33727, [1])
(33728, [1, 3])
(33729, [1])
(33730, [1])
(33731, [1])
(33732, [10, 41])
(33733, [10])
(33734, [10])
(33735, [10])
(33736, [10])
(33737, [10])
(33738, [10])
(33739, [10])
(33740, [10])
(33741, [10])
(33742, [10])
(33743, [2, 19, 44])
(33744, [19])
(33745, [19])
(33746, [19, 21])
(33747, [14, 19, 26])
(33748, [19])
(33749, [19])
(33750, [19])
(33751, [19])
(33752, [19])
(33753, [19])
(33754, [19])
(33755, [19])
(33756, [19])
(33757, [2, 4, 15, 19, 23, 43])
(33758, [3, 19, 21])
(33759, [15, 19, 21, 23, 24, 26])
(33760, [19])
(33761, [15, 19])
(33762, [3, 19, 21, 39, 43])
(33763, [19, 25, 39])
(33764, [19])
(33765, [19])
(33766, [19])
(33767, [19])
(33768, [19])
(33769, [19])
(33770, [26])
(33771, [2, 24, 26, 41])
(33772, [4, 24, 26, 44])
(33773, [12, 26])
(33774, [2, 26, 41])
(33775, [26])
(33776, [26])
(33777, [26])
(33778, [4, 26])
(33779, [26])
(33780, [26])
(33781, [26])
(33782, [24, 26])
(33783, [26])
(33784, [26])
(33785, [2, 26])
(33786, [24, 26])
(33787, [26])
(33788, [26])
(33789, [26])
(33790, [26])
(33791, [26])
(33792, [26])
(33793, [26])
(33794, [26, 43])
(33795, [26, 31])
(33796, [26, 43])
(33797, [26, 41])
(33798, [26])
(33799, [2, 23, 26, 30, 43])
(33800, [8])
(33801, [8])
(33802, [8])
(33803, [8])
(33804, [8])
(33805, [8])
(33806, [8, 41])
(33807, [8])
(33808, [8])
(33809, [8])
(33810, [8])
(33811, [8])
(33812, [8])
(33813, [8])
(33814, [8])
(33815, [8])
(33816, [21])
(33817, [21])
(33818, [3, 21])
(33819, [3, 21])
(33820, [21])
(33821, [21])
(33822, [21])
(33823, [21])
(33824, [21])
(33825, [21])
(33826, [21])
(33827, [21])
(33828, [21])
(33829, [21, 38])
(33830, [21, 22])
(33831, [21])
(33832, [21])
(33833, [21])
(33834, [21])
(33835, [15, 21])
(33836, [21])
(33837, [21])
(33838, [21])
(33839, [21])
(33840, [21])
(33841, [21])
(33842, [21])
(33843, [21])
(33844, [21])
(33845, [21])
(33846, [21])
(33847, [44])
(33848, [44])
(33849, [44])
(33850, [44])
(33851, [44])
(33852, [2, 4, 14, 40, 44])
(33853, [44])
(33854, [44])
(33855, [44])
(33856, [5, 15, 44])
(33857, [44])
(33858, [44])
(33859, [43])
(33860, [43])
(33861, [43])
(33862, [43])
(33863, [43])
(33864, [31, 43])
(33865, [43])
(33866, [43])
(33867, [43])
(33868, [43])
(33869, [43])
(33870, [43])
(33871, [43])
(33872, [37, 43])
(33873, [43])
(33874, [43])
(33875, [43])
(33876, [43])
(33877, [43])
(33878, [43])
(33879, [43])
(33880, [43])
(33881, [38])
(33882, [2, 23, 36])
(33883, [36])
(33884, [14, 36])
(33885, [36])
(33886, [36])
(33887, [36])
(33888, [2, 36])
(33889, [2, 14, 36])
(33890, [36])
(33891, [36])
(33892, [36])
(33893, [36])
(33894, [36])
(33895, [36])
(33896, [36])
(33897, [36])
(33898, [36])
(33899, [36])
(33900, [36])
(33901, [36])
(33902, [36])
(33903, [36])
(33904, [36])
(33905, [36])
(33906, [36])
(33907, [36])
(33908, [31])
(33909, [30, 31])
(33910, [31])
(33911, [12, 31])
(33912, [31])
(33913, [3, 31])
(33914, [31])
(33915, [30])
(33916, [30])
(33917, [2, 30])
(33918, [30])
(33919, [30])
(33920, [30])
(33921, [30])
(33922, [30])
(33923, [30])
(33924, [30])
(33925, [30])
(33926, [15, 24, 30])
(33927, [37])
(33928, [37])
(33929, [37])
(33930, [37])
(33931, [39])
(33932, [39])
(33933, [39])
(33934, [2, 4, 39])
(33935, [4, 39])
(33936, [13, 22, 39])
(33937, [41])
(33938, [41])
(33939, [41])
(33940, [41])
(33941, [4, 13, 41])
(33942, [41])
(33943, [41])
(33944, [2, 41])
(33945, [2, 41])
(33946, [41])
(33947, [41])
(33948, [41])
(33949, [41])
(33950, [12, 24])
(33951, [24])
(33952, [24])
(33953, [24])
(33954, [24])
(33955, [24])
(33956, [24])
(33957, [24])
(33958, [24])
(33959, [23])
(33960, [23])
(33961, [23])
(33962, [23])
(33963, [23])
(33964, [23])
(33965, [23])
(33966, [23])
(33967, [23])
(33968, [23])
(33969, [23])
(33970, [23])
(33971, [23])
(33972, [23])
(33973, [23])
(33974, [23])
(33975, [23])
(33976, [23])
(33977, [23])
(33978, [23])
(33979, [15, 23])
(33980, [23])
(33981, [23])
(33982, [23])
(33983, [23])
(33984, [23])
(33985, [23])
(33986, [23])
(33987, [23])
(33988, [23])
(33989, [23])
(33990, [23])
(33991, [23])
(33992, [23])
(33993, [23])
(33994, [23])
(33995, [23])
(33996, [23])
(33997, [23])
(33998, [23])
(33999, [23])
(34000, [23])
(34001, [23])
(34002, [23])
(34003, [23])
(34004, [23])
(34005, [23])
(34006, [23])
(34007, [23])
(34008, [23])
(34009, [23])
(34010, [23])
(34011, [23])
(34012, [23])
(34013, [23])
(34014, [23])
(34015, [23])
(34016, [15, 23, 40])
(34017, [23])
(34018, [23])
(34019, [23])
(34020, [23])
(34021, [2, 23])
(34022, [23])
(34023, [23])
(34024, [23])
(34025, [23])
(34026, [23])
(34027, [23])
(34028, [4, 40])
(34029, [4])
(34030, [4])
(34031, [2, 4])
(34032, [2, 4])
(34033, [4])
(34034, [4])
(34035, [4])
(34036, [4])
(34037, [4])
(34038, [4])
(34039, [4])
(34040, [2, 4])
(34041, [4])
(34042, [4])
(34043, [4])
(34044, [4])
(34045, [4])
(34046, [4])
(34047, [15])
(34048, [15])
(34049, [15])
(34050, [15])
(34051, [15])
(34052, [3, 15])
(34053, [15])
(34054, [12, 15])
(34055, [15])
(34056, [15])
(34057, [15])
(34058, [15])
(34059, [15])
(34060, [15])
(34061, [15])
(34062, [15])
(34063, [15])
(34064, [15])
(34065, [15])
(34066, [15])
(34067, [15])
(34068, [3])
(34069, [3])
(34070, [3])
(34071, [3])
(34072, [3])
(34073, [3])
(34074, [3])
(34075, [3])
(34076, [3])
(34077, [3])
(34078, [3])
(34079, [3])
(34080, [3])
(34081, [3, 12])
(34082, [3])
(34083, [3])
(34084, [3])
(34085, [3])
(34086, [3])
(34087, [3])
(34088, [3])
(34089, [3])
(34090, [3])
(34091, [3])
(34092, [3])
(34093, [12])
(34094, [2, 12])
(34095, [12])
(34096, [12])
(34097, [12])
(34098, [12])
(34099, [12])
(34100, [12])
(34101, [12])
(34102, [12])
(34103, [12])
(34104, [12])
(34105, [12])
(34106, [12])
(34107, [12])
(34108, [12])
(34109, [12])
(34110, [12])
(34111, [12])
(34112, [12])
(34113, [12])
(34114, [12])
(34115, [12])
(34116, [12])
(34117, [12])
(34118, [12])
(34119, [12])
(34120, [12])
(34121, [12])
(34122, [12])
(34123, [12])
(34124, [12])
(34125, [12])
(34126, [12])
(34127, [12])
(34128, [12])
(34129, [12])
(34130, [12])
(34131, [12])
(34132, [12])
(34133, [12])
(34134, [12])
(34135, [12])
(34136, [12])
(34137, [12])
(34138, [12])
(34139, [12])
(34140, [12])
(34141, [12])
(34142, [12])
(34143, [12])
(34144, [12])
(34145, [12])
(34146, [12])
(34147, [12])
(34148, [12])
(34149, [12])
(34150, [12])
(34151, [12])
(34152, [12])
(34153, [12])
(34154, [12])
(34155, [12])
(34156, [12])
(34157, [12])
(34158, [12])
(34159, [2, 12])
(34160, [12])
(34161, [12])
(34162, [12])
(34163, [12])
(34164, [12])
(34165, [12])
(34166, [12])
(34167, [12])
(34168, [12])
(34169, [12])
(34170, [40])
(34171, [40])
(34172, [40])
(34173, [40])
(34174, [40])
(34175, [40])
(34176, [2])
(34177, [2])
(34178, [2])
(34179, [2])
(34180, [2])
(34181, [2])
(34182, [2])
(34183, [2])
(34184, [2])
(34185, [2])
(34186, [2])
(34187, [2])
(34188, [2])
(34189, [2])
(34190, [2])
(34191, [2])
(34192, [2])
(34193, [2])
(34194, [2])
(34195, [2])
(34196, [2])
(34197, [2])
(34198, [2])
(34199, [2])
(34200, [2])
(34201, [2])
(34202, [2])
(34203, [2])
(34204, [2])
(34205, [2])
(34206, [2])
(34207, [2])
(34208, [2])
(34209, [2])
(34210, [2])
(34211, [2])
(34212, [2])
(34213, [2])
(34214, [2])
(34215, [2])
(34216, [2])
(34217, [2])
(34218, [2])
(34219, [2])
(34220, [2])
(34221, [2])
(34222, [2])
(34223, [2])
(34224, [2])
(34225, [2])
(34226, [2])
(34227, [2])
(34228, [2])
(34229, [2])
(34230, [2])
(34231, [2])
(34232, [2])
(34233, [2])
(34234, [2])
(34235, [2])
(34236, [2])
(34237, [2])
(34238, [2])
(34239, [2])
(34240, [2, 14])
(34241, [2])
(34242, [2])
(34243, [2])
(34244, [13])
(34245, [13])
(34246, [13])
(34247, [13])
(34248, [13])
(34249, [13])
(34250, [13])
(34251, [5])
(34252, [5])
(34253, [5])
(34254, [5])
(34255, [5])
(34256, [14])
(34257, [14])
(34258, [14])
(34259, [14])
(34260, [14])
(34261, [14])
(34262, [14])
(34263, [14])
(34264, [14])
(34265, [14])
(34266, [14])
(34267, [14])
(34268, [22])
(34269, [22])
(34270, [22])
(34271, [22])
(34272, [22])
(34273, [22])
(34274, [22])
(34275, [22])
(34276, [22])
