(45240, [0, 1, 2, 3, 4, 5, 6, 7, 8, 9, 10, 11, 12, 13, 14, 15, 16, 17, 18, 19, 20, 21, 22, 23, 24, 25, 26, 27, 28, 30, 31, 32, 33, 34, 35, 36, 37, 38, 39, 40, 41, 42, 43, 44])
(45241, [0, 1, 2, 3, 4, 6, 7, 9, 11, 12, 13, 14, 15, 16, 17, 18, 19, 21, 22, 23, 24, 26, 30, 31, 32, 33, 34, 35, 36, 37, 39, 40, 41, 42, 43, 44])
(45242, [1, 9, 16, 23, 24, 32])
(45243, [0, 1, 2, 3, 4, 5, 6, 7, 8, 9, 11, 12, 13, 14, 15, 16, 17, 18, 19, 20, 21, 22, 23, 24, 26, 30, 31, 32, 33, 34, 35, 37, 38, 40, 41, 42, 43, 44])
(45244, [0, 1, 4, 6, 8, 9, 12, 15, 23, 27, 31, 32, 33, 35, 36, 40, 43])
(45245, [0, 1, 2, 3, 4, 5, 6, 7, 8, 9, 10, 11, 12, 13, 14, 15, 16, 17, 18, 19, 20, 21, 22, 23, 24, 25, 26, 27, 28, 30, 31, 32, 33, 34, 35, 36, 38, 39, 40, 41, 42, 43, 44])
(45246, [0, 1, 2, 3, 4, 5, 6, 7, 8, 9, 10, 11, 12, 13, 14, 15, 16, 17, 18, 19, 20, 21, 22, 23, 24, 25, 26, 27, 28, 29, 30, 31, 32, 33, 34, 35, 36, 37, 38, 39, 40, 41, 42, 43, 44])
(45247, [1, 2, 3, 4, 6, 7, 9, 11, 14, 15, 18, 19, 23, 24, 25, 26, 28, 30, 31, 32, 33, 34, 35, 38, 39, 40, 41, 43, 44])
(45248, [0, 1, 2, 3, 4, 5, 7, 8, 11, 12, 14, 16, 18, 20, 22, 23, 26, 30, 32, 33, 34, 35, 36, 37, 39, 44])
(45249, [0, 1, 2, 3, 4, 5, 6, 7, 8, 9, 11, 12, 13, 14, 15, 16, 17, 18, 19, 20, 21, 22, 23, 24, 26, 27, 28, 30, 31, 32, 33, 34, 35, 36, 37, 38, 39, 40, 41, 42, 43, 44])
(45250, [2, 4, 9, 12, 14, 15, 30, 32, 33, 41, 43])
(45251, [0, 1, 3, 4, 5, 6, 9, 11, 12, 15, 17, 18, 19, 21, 22, 23, 26, 29, 30, 31, 32, 33, 34, 37, 38, 39])
(45252, [2, 4, 11, 17, 32])
(45253, [2, 4, 6, 15, 22, 30, 31, 32, 33, 34, 36, 40])
(45254, [1, 2, 3, 4, 6, 8, 9, 12, 15, 16, 18, 19, 20, 22, 23, 25, 26, 28, 30, 31, 32, 33, 34, 35, 36, 40, 41, 43])
(45255, [1, 3, 5, 9, 11, 12, 13, 15, 17, 18, 19, 21, 24, 32, 34, 35, 39, 41, 42, 44])
(45256, [0, 1, 2, 3, 4, 5, 6, 7, 8, 9, 10, 11, 12, 13, 14, 15, 16, 17, 18, 19, 20, 21, 22, 23, 24, 26, 27, 28, 29, 30, 31, 32, 33, 34, 35, 36, 37, 38, 39, 40, 41, 42, 43, 44])
(45257, [0, 1, 2, 3, 4, 6, 7, 9, 10, 11, 12, 15, 16, 18, 19, 20, 21, 22, 23, 26, 27, 30, 32, 34, 35, 38, 39, 41, 42, 43, 44])
(45258, [1, 2, 3, 4, 5, 6, 7, 8, 9, 11, 12, 13, 14, 15, 16, 17, 18, 19, 21, 22, 23, 24, 26, 27, 30, 31, 32, 33, 34, 35, 37, 38, 39, 40, 41, 43, 44])
(45259, [2, 4, 8, 9, 14, 15, 17, 19, 22, 23, 24, 26, 30, 31, 32, 33, 34, 36, 38, 39, 40])
(45260, [0, 1, 2, 3, 4, 5, 6, 8, 9, 10, 11, 12, 13, 15, 16, 17, 18, 19, 20, 21, 22, 23, 24, 26, 27, 28, 30, 31, 32, 33, 34, 35, 36, 37, 39, 40, 41, 43, 44])
(45261, [0, 1, 2, 3, 4, 5, 6, 7, 8, 9, 10, 11, 12, 13, 14, 15, 16, 17, 18, 19, 20, 21, 22, 23, 24, 25, 26, 27, 28, 30, 31, 32, 33, 34, 35, 36, 37, 39, 40, 41, 42, 43, 44])
(45262, [4, 14, 19, 32, 33])
(45263, [3, 12, 18, 21, 32])
(45264, [0, 1, 2, 3, 4, 11, 14, 15, 16, 17, 18, 20, 23, 24, 26, 28, 32, 34, 44])
(45265, [0, 1, 2, 3, 4, 6, 9, 10, 11, 12, 13, 15, 16, 17, 18, 19, 21, 22, 23, 26, 27, 28, 30, 31, 32, 33, 34, 35, 36, 37, 39, 41, 42, 43, 44])
(45266, [0, 1, 2, 3, 4, 5, 6, 7, 8, 9, 10, 11, 12, 13, 14, 15, 16, 17, 18, 19, 20, 21, 22, 23, 24, 25, 26, 27, 28, 29, 30, 31, 32, 33, 34, 35, 36, 37, 38, 39, 40, 41, 42, 43, 44])
(45267, [2, 3, 6, 13, 16, 18, 19, 21, 23, 29, 31, 32, 43])
(45268, [0, 1, 2, 3, 4, 6, 9, 10, 11, 12, 13, 14, 15, 17, 20, 24, 26, 30, 31, 32, 33, 34, 38, 41, 43])
(45269, [0, 3, 4, 6, 9, 14, 15, 17, 18, 19, 23, 24, 31, 32, 41])
(45270, [1, 2, 3, 4, 6, 7, 9, 14, 15, 18, 19, 21, 23, 24, 26, 30, 31, 32, 33, 41, 43])
(45271, [1, 2, 3, 4, 6, 9, 12, 15, 17, 18, 23, 27, 30, 31, 32, 40, 41, 43])
(45272, [1, 3, 9, 13, 17, 30, 32, 33, 34, 44])
(45273, [1, 2, 3, 7, 11, 16, 17, 19, 22, 23, 24, 26, 32])
(45274, [0, 1, 2, 3, 4, 5, 6, 7, 8, 9, 11, 12, 13, 14, 15, 16, 17, 18, 19, 20, 21, 22, 23, 24, 25, 26, 27, 29, 30, 31, 32, 33, 34, 35, 37, 38, 39, 41, 42, 43, 44])
(45275, [0, 1, 2, 3, 4, 6, 8, 9, 15, 16, 17, 18, 19, 21, 22, 30, 32, 33, 36, 40, 41, 43, 44])
(45276, [0, 1, 3, 5, 6, 7, 8, 9, 11, 12, 15, 16, 18, 19, 23, 27, 30, 31, 32, 33, 34, 41, 42, 43, 44])
(45277, [0, 1, 2, 3, 4, 6, 7, 9, 10, 11, 12, 15, 18, 19, 24, 30, 32, 33, 34, 38, 40, 42, 43])
(45278, [0, 1, 3, 6, 7, 9, 18, 21, 30, 31, 32, 33, 39, 43])
(45279, [1, 2, 3, 4, 5, 6, 7, 8, 9, 11, 12, 15, 16, 17, 18, 19, 21, 23, 24, 26, 30, 31, 32, 34, 35, 37, 39, 42, 43, 44])
(45280, [0, 6, 9, 11, 15, 17, 18, 20, 22, 23, 27, 29, 30, 31, 32, 33, 34, 39, 41, 42, 43, 44])
(45281, [32])
(45282, [2, 3, 4, 9, 10, 12, 14, 15, 16, 17, 20, 22, 24, 26, 28, 32, 34, 36, 40, 41, 43, 44])
(45283, [32])
(45284, [2, 4, 24, 32, 44])
(45285, [0, 1, 2, 3, 4, 5, 6, 7, 8, 9, 10, 11, 12, 13, 14, 15, 16, 17, 18, 19, 20, 21, 23, 26, 30, 31, 32, 33, 34, 37, 39, 40, 41, 42, 43, 44])
(45286, [9, 12, 18, 26, 32])
(45287, [2, 5, 6, 7, 9, 11, 12, 14, 15, 16, 17, 18, 19, 20, 21, 24, 26, 28, 30, 31, 32, 33, 34, 40, 42, 43, 44])
(45288, [2, 3, 4, 6, 7, 9, 11, 12, 15, 16, 18, 19, 21, 22, 23, 24, 26, 30, 31, 32, 33, 34, 38, 42])
(45289, [0, 1, 2, 3, 4, 5, 6, 7, 8, 9, 10, 11, 12, 13, 14, 15, 16, 17, 18, 19, 20, 21, 22, 23, 24, 25, 26, 27, 28, 29, 30, 31, 32, 33, 34, 35, 36, 38, 39, 40, 41, 42, 43, 44])
(45290, [0, 1, 2, 3, 4, 9, 11, 12, 13, 15, 19, 21, 24, 32, 44])
(45291, [0, 3, 9, 11, 22, 30, 32, 39, 41])
(45292, [0, 1, 2, 3, 4, 5, 6, 7, 8, 9, 10, 11, 12, 16, 17, 18, 19, 20, 22, 23, 28, 29, 30, 31, 32, 33, 34, 35, 37, 38, 41, 42, 44])
(45293, [32])
(45294, [1, 9, 20, 23, 26, 27, 32, 33, 34])
(45295, [1, 2, 6, 7, 9, 12, 20, 24, 26, 32, 44])
(45296, [0, 1, 2, 3, 4, 5, 6, 8, 9, 10, 12, 13, 14, 15, 16, 17, 19, 20, 24, 26, 28, 30, 31, 32, 33, 34, 35, 37, 41, 43, 44])
(45297, [0, 3, 4, 20, 26, 32, 43])
(45298, [0, 1, 3, 4, 7, 9, 11, 15, 17, 22, 24, 25, 26, 30, 31, 32, 33, 34, 35, 41, 42])
(45299, [0, 1, 2, 3, 4, 5, 6, 7, 8, 9, 11, 15, 16, 18, 19, 21, 22, 23, 27, 30, 31, 32, 33, 35, 40, 41, 43])
(45300, [2, 3, 11, 26, 27, 30, 32, 43])
(45301, [0, 1, 2, 3, 4, 6, 7, 14, 15, 19, 20, 21, 28, 30, 31, 32, 33, 34, 39, 40, 43])
(45302, [0, 1, 2, 3, 4, 5, 6, 7, 8, 9, 10, 11, 12, 13, 14, 15, 16, 17, 18, 19, 21, 23, 24, 26, 27, 28, 30, 31, 32, 33, 34, 35, 37, 39, 41, 42, 43, 44])
(45303, [2, 4, 6, 15, 16, 17, 18, 27, 32, 37, 43, 44])
(45304, [1, 3, 18, 21, 32])
(45305, [14, 15, 18, 21, 32])
(45306, [0, 3, 4, 5, 9, 12, 16, 21, 22, 32, 33, 34])
(45307, [1, 3, 4, 6, 11, 12, 15, 18, 19, 20, 23, 24, 27, 30, 31, 32, 33, 38, 39, 43, 44])
(45308, [32, 33, 36])
(45309, [0, 1, 3, 5, 6, 9, 11, 12, 16, 17, 19, 20, 21, 26, 30, 31, 32, 33, 34, 35, 37, 38, 42, 44])
(45310, [1, 2, 3, 4, 6, 7, 8, 9, 11, 12, 14, 15, 16, 17, 18, 19, 20, 24, 26, 28, 32, 33, 34, 36, 39, 40, 41, 43, 44])
(45311, [32])
(45312, [0, 4, 6, 11, 19, 32])
(45313, [32])
(45314, [32])
(45315, [0, 2, 3, 4, 6, 7, 9, 10, 11, 12, 14, 15, 16, 17, 18, 19, 23, 26, 32, 33, 34])
(45316, [4, 23, 32])
(45317, [0, 10, 18, 31, 32, 33])
(45318, [0, 1, 2, 3, 4, 5, 6, 7, 8, 9, 10, 11, 12, 14, 15, 16, 17, 18, 19, 20, 21, 23, 24, 25, 26, 27, 28, 30, 31, 32, 33, 34, 35, 36, 38, 39, 40, 41, 42, 43, 44])
(45319, [9, 11, 12, 30, 31, 32, 33, 43])
(45320, [31, 32])
(45321, [15, 32])
(45322, [0, 2, 9, 15, 17, 18, 19, 23, 26, 28, 32, 33, 34, 40, 41, 43])
(45323, [0, 1, 2, 3, 4, 5, 6, 7, 8, 9, 10, 11, 12, 13, 14, 15, 16, 17, 18, 19, 20, 21, 22, 23, 24, 25, 26, 27, 28, 29, 30, 31, 32, 33, 34, 35, 36, 37, 38, 39, 40, 41, 42, 43, 44])
(45324, [0, 1, 3, 6, 7, 8, 9, 10, 11, 12, 19, 21, 22, 23, 24, 26, 27, 30, 31, 32, 33, 34, 35, 38, 43, 44])
(45325, [0, 1, 3, 9, 12, 30, 32])
(45326, [0, 1, 3, 7, 10, 11, 17, 18, 19, 24, 30, 31, 32, 33, 34, 41, 42, 43, 44])
(45327, [23, 26, 32, 43])
(45328, [1, 2, 3, 6, 8, 9, 10, 11, 12, 15, 16, 19, 21, 23, 32, 33, 34, 40, 41, 44])
(45329, [6, 8, 11, 15, 17, 18, 22, 23, 24, 32, 34, 37, 43, 44])
(45330, [0, 1, 2, 3, 8, 15, 19, 24, 26, 27, 28, 30, 31, 32, 33, 34])
(45331, [0, 1, 32])
(45332, [0, 1, 3, 6, 11, 12, 15, 30, 32, 44])
(45333, [0, 1, 2, 3, 4, 5, 7, 9, 10, 11, 12, 15, 16, 18, 19, 21, 22, 23, 24, 26, 28, 31, 32, 34, 38, 41, 42, 43, 44])
(45334, [0, 1, 2, 3, 9, 14, 19, 20, 26, 32, 33, 34, 35, 40, 43])
(45335, [0, 1, 3, 4, 5, 12, 14, 15, 17, 18, 21, 23, 29, 30, 31, 32, 33, 34, 35, 36, 43, 44])
(45336, [1, 2, 6, 9, 11, 15, 18, 31, 32, 40, 41, 43, 44])
(45337, [0, 1, 2, 3, 4, 5, 6, 7, 8, 9, 11, 12, 15, 16, 17, 18, 19, 20, 21, 22, 23, 24, 30, 31, 32, 33, 34, 35, 37, 38, 39, 40, 41, 42, 43, 44])
(45338, [0, 3, 7, 15, 18, 19, 21, 26, 31, 32, 33, 42])
(45339, [0, 32])
(45340, [3, 9, 11, 17, 32, 33, 43])
(45341, [0, 2, 6, 16, 25, 27, 32, 36, 43])
(45342, [0, 2, 4, 5, 8, 9, 10, 11, 12, 15, 20, 24, 26, 27, 30, 32, 33, 34, 41, 43, 44])
(45343, [0, 1, 2, 3, 4, 9, 11, 12, 15, 17, 18, 19, 21, 22, 26, 30, 32, 33, 34, 35, 44])
(45344, [2, 13, 32, 34, 41])
(45345, [2, 15, 17, 32, 43])
(45346, [19, 32, 33])
(45347, [35])
(45348, [1, 2, 3, 4, 5, 6, 7, 9, 10, 11, 19, 21, 22, 23, 30, 31, 33, 35, 38, 44])
(45349, [18, 21, 33, 35])
(45350, [18, 23, 35])
(45351, [35])
(45352, [0, 1, 3, 12, 21, 26, 28, 35, 41])
(45353, [1, 3, 4, 8, 16, 18, 19, 30, 33, 35])
(45354, [1, 8, 12, 18, 23, 26, 35])
(45355, [0, 1, 2, 4, 6, 8, 9, 11, 12, 13, 15, 16, 18, 19, 22, 23, 24, 26, 30, 33, 35, 40, 43])
(45356, [35])
(45357, [35, 37])
(45358, [35, 37])
(45359, [1, 18, 35])
(45360, [1, 3, 7, 12, 21, 35, 42])
(45361, [0, 1, 2, 3, 4, 6, 9, 12, 14, 15, 19, 22, 24, 26, 28, 31, 34, 35, 41, 43])
(45362, [0, 1, 2, 3, 5, 8, 9, 11, 12, 13, 15, 16, 17, 19, 21, 23, 30, 31, 35, 36, 39, 41, 43])
(45363, [35])
(45364, [35])
(45365, [0, 2, 6, 8, 11, 12, 17, 31, 33, 35, 41])
(45366, [1, 11, 20, 22, 35, 37, 44])
(45367, [9, 23, 26, 31, 35, 43])
(45368, [24, 35])
(45369, [1, 3, 7, 8, 12, 15, 19, 20, 21, 24, 29, 33, 35, 39, 44])
(45370, [35])
(45371, [35])
(45372, [0, 2, 3, 8, 9, 11, 12, 13, 14, 18, 23, 26, 27, 30, 34, 35, 36, 40, 43])
(45373, [0, 1, 2, 3, 4, 6, 9, 11, 14, 23, 24, 25, 26, 28, 30, 31, 33, 34, 35, 40, 41, 43])
(45374, [35])
(45375, [0, 4, 5, 9, 11, 15, 16, 23, 34, 35])
(45376, [35])
(45377, [2, 3, 17, 18, 30, 31, 33, 34, 35, 40, 43])
(45378, [0, 2, 3, 4, 7, 10, 11, 18, 35])
(45379, [17, 35])
(45380, [3, 6, 23, 35, 38, 40, 41, 43])
(45381, [35])
(45382, [35])
(45383, [1, 4, 8, 11, 19, 23, 35, 36, 43, 44])
(45384, [35])
(45385, [8, 35])
(45386, [1, 2, 3, 5, 6, 8, 9, 12, 17, 21, 26, 27, 28, 35, 40, 43, 44])
(45387, [35])
(45388, [35, 37])
(45389, [35])
(45390, [34])
(45391, [3, 34])
(45392, [1, 2, 3, 5, 11, 12, 13, 16, 18, 21, 23, 24, 26, 31, 33, 34, 37, 43, 44])
(45393, [0, 2, 3, 6, 10, 13, 18, 23, 24, 26, 30, 31, 33, 34, 41, 43])
(45394, [3, 8, 34, 37, 44])
(45395, [34])
(45396, [2, 3, 6, 19, 23, 31, 34])
(45397, [0, 1, 2, 3, 7, 13, 16, 17, 19, 20, 21, 22, 23, 33, 34, 39, 41, 42])
(45398, [2, 3, 6, 17, 34])
(45399, [0, 1, 2, 3, 4, 6, 9, 12, 13, 14, 15, 16, 17, 18, 20, 24, 26, 29, 34, 36, 41, 43])
(45400, [2, 13, 34, 40])
(45401, [3, 26, 34, 41])
(45402, [34])
(45403, [0, 1, 3, 4, 18, 31, 33, 34, 38, 44])
(45404, [2, 4, 21, 23, 34, 43])
(45405, [1, 3, 4, 7, 9, 11, 17, 19, 34, 41, 43, 44])
(45406, [1, 2, 3, 4, 7, 11, 12, 15, 16, 20, 24, 26, 28, 34, 40, 44])
(45407, [0, 10, 16, 34])
(45408, [2, 16, 18, 31, 33, 34, 41])
(45409, [12, 24, 34])
(45410, [0, 3, 6, 15, 19, 33, 34, 43])
(45411, [34])
(45412, [0, 2, 4, 6, 9, 15, 19, 26, 30, 33, 34, 38, 39])
(45413, [14, 34])
(45414, [34])
(45415, [16, 34])
(45416, [11, 34])
(45417, [0, 1, 3, 12, 31, 34])
(45418, [1, 2, 3, 4, 11, 13, 19, 31, 34, 41, 44])
(45419, [33, 34])
(45420, [0, 1, 3, 6, 7, 9, 12, 17, 18, 20, 23, 31, 33, 34, 39, 40, 41, 44])
(45421, [2, 4, 7, 11, 14, 15, 17, 20, 24, 25, 26, 28, 33, 34, 36, 41, 44])
(45422, [0, 1, 3, 7, 12, 26, 34])
(45423, [0, 1, 2, 3, 8, 12, 15, 19, 23, 34, 43])
(45424, [9, 34])
(45425, [2, 4, 6, 9, 14, 15, 17, 26, 34, 41, 43, 44])
(45426, [1, 2, 3, 4, 6, 7, 15, 18, 19, 30, 31, 33, 34, 39, 43])
(45427, [1, 8, 9, 11, 17, 18, 23, 24, 30, 31, 33, 34, 39, 40, 43])
(45428, [1, 3, 6, 7, 17, 18, 30, 31, 34, 41, 44])
(45429, [0, 1, 3, 11, 12, 15, 16, 18, 27, 28, 30, 31, 33, 34, 37, 44])
(45430, [0, 3, 7, 12, 18, 30, 31, 34, 44])
(45431, [1, 34])
(45432, [2, 18, 23, 31, 34])
(45433, [34])
(45434, [0, 34])
(45435, [0, 20, 23, 34])
(45436, [4, 26, 30, 33, 41])
(45437, [6, 23, 33])
(45438, [0, 2, 4, 9, 13, 19, 23, 24, 26, 28, 30, 31, 33, 38, 41])
(45439, [33])
(45440, [0, 1, 2, 3, 4, 7, 9, 11, 12, 13, 14, 18, 19, 20, 23, 24, 26, 27, 31, 33, 36, 41, 42, 43, 44])
(45441, [33])
(45442, [33])
(45443, [33])
(45444, [0, 1, 3, 9, 11, 14, 15, 18, 20, 24, 31, 33, 41, 44])
(45445, [1, 2, 3, 7, 11, 17, 18, 19, 24, 30, 31, 33, 39, 40, 44])
(45446, [33])
(45447, [0, 1, 2, 3, 9, 11, 20, 28, 31, 33, 38])
(45448, [0, 1, 2, 3, 12, 14, 18, 19, 22, 23, 30, 33, 43, 44])
(45449, [33])
(45450, [13, 33])
(45451, [3, 21, 33])
(45452, [33])
(45453, [1, 3, 4, 11, 15, 17, 22, 33, 42])
(45454, [33])
(45455, [3, 9, 17, 33])
(45456, [11, 33, 44])
(45457, [1, 2, 3, 11, 19, 21, 30, 33, 43])
(45458, [11, 33])
(45459, [20, 30, 33, 36])
(45460, [33])
(45461, [33])
(45462, [0, 2, 3, 6, 12, 15, 17, 18, 20, 22, 25, 26, 28, 33, 40, 41, 43, 44])
(45463, [3, 33])
(45464, [33])
(45465, [3, 7, 21, 26, 33])
(45466, [33])
(45467, [0, 3, 4, 7, 12, 13, 14, 19, 31, 33, 44])
(45468, [1, 28, 33, 44])
(45469, [4, 33])
(45470, [0, 1, 3, 31, 33])
(45471, [0, 1, 2, 3, 4, 5, 6, 9, 11, 12, 15, 16, 17, 18, 19, 20, 21, 23, 24, 25, 26, 30, 33, 36, 37, 41, 42, 43, 44])
(45472, [15, 18, 33])
(45473, [0, 6, 26, 33])
(45474, [31, 33])
(45475, [1, 2, 3, 6, 9, 11, 15, 18, 19, 26, 31, 33, 38, 43, 44])
(45476, [1, 3, 17, 22, 30, 31, 33])
(45477, [1, 2, 3, 12, 16, 19, 31, 33])
(45478, [0, 2, 4, 6, 9, 10, 13, 14, 18, 20, 31, 33, 36, 40, 41, 43])
(45479, [0, 1, 2, 3, 6, 7, 8, 12, 16, 18, 26, 33, 41, 43])
(45480, [33])
(45481, [33])
(45482, [31, 33])
(45483, [15, 20])
(45484, [2, 19, 20])
(45485, [0, 3, 18, 19, 20, 22, 31, 37, 40])
(45486, [20])
(45487, [0, 1, 2, 3, 11, 12, 16, 20, 44])
(45488, [9, 20])
(45489, [0, 3, 4, 6, 7, 9, 11, 13, 14, 20, 26, 43, 44])
(45490, [8, 17, 20, 24, 27, 28, 43])
(45491, [3, 16, 20, 21, 28, 41])
(45492, [2, 7, 20, 44])
(45493, [1, 3, 9, 20])
(45494, [1, 20])
(45495, [20])
(45496, [0, 1, 3, 11, 12, 15, 20, 40, 42])
(45497, [20])
(45498, [0, 3, 5, 8, 9, 12, 20, 23])
(45499, [0, 1, 3, 12, 19, 20])
(45500, [3, 20])
(45501, [0, 6, 20])
(45502, [2, 20, 30, 31])
(45503, [0, 2, 8, 9, 10, 12, 20, 23])
(45504, [0, 1, 3, 4, 6, 7, 20, 21, 23, 30, 39, 43])
(45505, [2, 9, 14, 17, 20, 28, 40, 41, 43])
(45506, [0, 1, 2, 3, 4, 7, 8, 9, 11, 12, 13, 15, 17, 19, 20, 21, 22, 24, 26, 31, 41, 43, 44])
(45507, [12, 20])
(45508, [0, 20])
(45509, [1, 2, 3, 9, 11, 12, 16, 17, 18, 19, 20, 26, 28, 39, 40, 41, 44])
(45510, [13, 19, 20, 24, 40, 43])
(45511, [20])
(45512, [20])
(45513, [0, 1, 3, 8, 9, 20, 23, 31])
(45514, [0, 3, 20])
(45515, [20])
(45516, [1, 11, 18, 20, 21, 31])
(45517, [18, 19])
(45518, [18])
(45519, [1, 2, 3, 11, 15, 16, 18, 21, 23, 42, 43, 44])
(45520, [18])
(45521, [9, 18, 30])
(45522, [18])
(45523, [18, 31])
(45524, [18])
(45525, [18, 30])
(45526, [18])
(45527, [18])
(45528, [18])
(45529, [18])
(45530, [18])
(45531, [2, 14, 17, 18, 19, 21, 44])
(45532, [2, 7, 15, 17, 18, 26, 43])
(45533, [1, 11, 18, 19, 25])
(45534, [18])
(45535, [0, 1, 3, 7, 12, 15, 16, 18, 29, 42])
(45536, [3, 7, 18, 19, 24, 30, 31])
(45537, [1, 2, 7, 11, 13, 18, 21, 30, 44])
(45538, [3, 8, 15, 18, 23])
(45539, [2, 4, 18])
(45540, [18])
(45541, [0, 1, 3, 12, 18, 23, 30])
(45542, [18])
(45543, [8, 18, 23])
(45544, [0, 5, 18, 26])
(45545, [18])
(45546, [18])
(45547, [1, 2, 4, 8, 17, 18, 19, 21, 37, 39, 41])
(45548, [0, 1, 2, 18, 19, 21])
(45549, [0, 18, 41])
(45550, [18])
(45551, [18, 23])
(45552, [18])
(45553, [0, 7, 11, 18])
(45554, [18])
(45555, [12, 18, 23])
(45556, [18])
(45557, [0, 1, 2, 5, 6, 7, 9, 12, 13, 15, 18, 23, 28, 30, 41, 43])
(45558, [18])
(45559, [18])
(45560, [1, 3, 6, 11, 12, 16, 17, 18, 21, 22, 39, 40, 41])
(45561, [18])
(45562, [18, 31])
(45563, [2, 9, 11, 16, 17, 18, 22, 23, 24, 44])
(45564, [0, 2, 6, 12, 18, 23, 26])
(45565, [18, 23, 24])
(45566, [18])
(45567, [18])
(45568, [18, 23])
(45569, [1, 18, 21, 37])
(45570, [18])
(45571, [18, 30])
(45572, [2, 4, 18])
(45573, [18])
(45574, [2, 4, 9, 17, 18, 19, 26, 31])
(45575, [18])
(45576, [18])
(45577, [15, 18, 19, 23, 36, 43])
(45578, [18])
(45579, [18, 41])
(45580, [18])
(45581, [18])
(45582, [18])
(45583, [18])
(45584, [18])
(45585, [18])
(45586, [18, 41])
(45587, [0, 2, 6, 18, 31])
(45588, [18])
(45589, [0, 1, 2, 9, 11, 18, 24, 30, 43])
(45590, [18])
(45591, [8, 11, 18, 23, 43, 44])
(45592, [18, 26])
(45593, [0, 3, 10, 12, 15, 16, 18, 21, 23, 26])
(45594, [8, 18, 21])
(45595, [1, 4, 5, 18, 19, 21, 23])
(45596, [18])
(45597, [18])
(45598, [18])
(45599, [6, 18])
(45600, [18])
(45601, [18])
(45602, [27])
(45603, [27])
(45604, [12, 27])
(45605, [27])
(45606, [27])
(45607, [27])
(45608, [27])
(45609, [14, 27])
(45610, [27])
(45611, [0, 2, 9, 10, 11, 23, 24, 26, 27])
(45612, [27])
(45613, [27])
(45614, [0, 9, 16, 23, 26, 43])
(45615, [9])
(45616, [1, 8, 9, 14, 15, 16, 23, 24, 26, 31])
(45617, [0, 9, 15, 16])
(45618, [9])
(45619, [9])
(45620, [9, 12, 43])
(45621, [9, 15, 23, 42, 43])
(45622, [2, 9, 13, 17, 26, 31, 41])
(45623, [9, 41])
(45624, [1, 9, 23, 28])
(45625, [9])
(45626, [1, 2, 9, 10, 15, 19, 21, 26])
(45627, [0, 9, 11, 19, 37])
(45628, [9])
(45629, [2, 9, 23, 30, 42])
(45630, [1, 2, 9, 12])
(45631, [8, 9, 23])
(45632, [2, 4, 9, 19, 31, 43])
(45633, [9])
(45634, [9, 36])
(45635, [8, 9, 17, 19, 21, 24, 37, 41, 44])
(45636, [9])
(45637, [2, 4, 9, 13, 14, 16, 43])
(45638, [9])
(45639, [9, 12])
(45640, [9])
(45641, [4, 9, 41])
(45642, [6, 9, 41])
(45643, [9])
(45644, [3, 9, 10, 24, 28])
(45645, [0, 9, 12, 16])
(45646, [9])
(45647, [9])
(45648, [3, 8, 9, 11, 12, 15, 44])
(45649, [9])
(45650, [9])
(45651, [2, 9])
(45652, [9])
(45653, [1, 2, 3, 9, 42])
(45654, [0, 2, 9, 12, 13, 17, 31])
(45655, [2, 9, 11, 15, 21, 40, 44])
(45656, [9])
(45657, [9])
(45658, [9])
(45659, [9])
(45660, [1, 2, 3, 9, 19, 21])
(45661, [9])
(45662, [9])
(45663, [9])
(45664, [9])
(45665, [9])
(45666, [9])
(45667, [9])
(45668, [2, 9, 14])
(45669, [9, 36])
(45670, [0, 9, 23])
(45671, [1, 3, 6, 9, 12, 13, 40, 44])
(45672, [1, 6, 9, 43])
(45673, [9])
(45674, [9])
(45675, [9])
(45676, [9])
(45677, [9])
(45678, [9])
(45679, [9])
(45680, [9])
(45681, [0, 9, 15, 16, 24, 26, 41, 44])
(45682, [0])
(45683, [0])
(45684, [0])
(45685, [0])
(45686, [0, 12])
(45687, [0])
(45688, [0, 1, 3, 15, 19, 26, 39, 43])
(45689, [0])
(45690, [0])
(45691, [0])
(45692, [0, 12, 15, 16, 41])
(45693, [0, 12])
(45694, [0])
(45695, [0, 3, 11, 14, 16])
(45696, [0])
(45697, [0, 1, 15, 16, 23, 41])
(45698, [0])
(45699, [0])
(45700, [0])
(45701, [0])
(45702, [0])
(45703, [0])
(45704, [0])
(45705, [0])
(45706, [0])
(45707, [0])
(45708, [0])
(45709, [0])
(45710, [0])
(45711, [0])
(45712, [0])
(45713, [0, 2])
(45714, [0])
(45715, [0])
(45716, [0])
(45717, [0])
(45718, [0])
(45719, [0])
(45720, [0])
(45721, [0])
(45722, [0])
(45723, [0])
(45724, [0])
(45725, [0])
(45726, [0])
(45727, [0])
(45728, [0, 2, 10, 12, 23])
(45729, [0])
(45730, [0])
(45731, [0])
(45732, [0])
(45733, [0])
(45734, [0])
(45735, [0])
(45736, [0])
(45737, [0, 12])
(45738, [0])
(45739, [0, 1, 3, 7, 26])
(45740, [0])
(45741, [0])
(45742, [0])
(45743, [0, 11, 21])
(45744, [0])
(45745, [0, 12])
(45746, [0])
(45747, [0])
(45748, [0])
(45749, [0, 1, 3, 23, 38])
(45750, [0])
(45751, [0])
(45752, [0])
(45753, [0])
(45754, [0])
(45755, [0])
(45756, [0])
(45757, [0])
(45758, [0])
(45759, [0])
(45760, [0])
(45761, [0, 1, 3, 21, 43])
(45762, [0])
(45763, [0])
(45764, [0])
(45765, [0, 31, 43])
(45766, [0])
(45767, [0])
(45768, [0, 10])
(45769, [0])
(45770, [0])
(45771, [0, 19, 44])
(45772, [0])
(45773, [0, 6, 17])
(45774, [0])
(45775, [0])
(45776, [0])
(45777, [0, 3, 11, 19])
(45778, [0, 1, 2, 3, 11, 12, 16, 17, 19, 21, 29, 36, 41, 44])
(45779, [0])
(45780, [0])
(45781, [0])
(45782, [0])
(45783, [0])
(45784, [0])
(45785, [0])
(45786, [0])
(45787, [0])
(45788, [0])
(45789, [0])
(45790, [0])
(45791, [0])
(45792, [0, 12])
(45793, [0])
(45794, [0])
(45795, [0, 12])
(45796, [0, 12])
(45797, [0])
(45798, [0])
(45799, [0])
(45800, [0])
(45801, [0])
(45802, [0])
(45803, [0])
(45804, [0])
(45805, [0])
(45806, [0])
(45807, [0])
(45808, [0])
(45809, [0])
(45810, [0])
(45811, [0])
(45812, [0])
(45813, [0])
(45814, [0])
(45815, [0])
(45816, [0])
(45817, [0])
(45818, [0])
(45819, [0])
(45820, [0])
(45821, [0])
(45822, [0, 12])
(45823, [0])
(45824, [0])
(45825, [0, 12, 23])
(45826, [0])
(45827, [0])
(45828, [0])
(45829, [0])
(45830, [0])
(45831, [0])
(45832, [0])
(45833, [0])
(45834, [0])
(45835, [0])
(45836, [0])
(45837, [0])
(45838, [0])
(45839, [0])
(45840, [0])
(45841, [0])
(45842, [0])
(45843, [0])
(45844, [0])
(45845, [0, 11, 12])
(45846, [0])
(45847, [0, 21])
(45848, [0, 12])
(45849, [0])
(45850, [0])
(45851, [0])
(45852, [0])
(45853, [0])
(45854, [0])
(45855, [0])
(45856, [0, 24])
(45857, [0])
(45858, [0, 1, 2, 3, 10, 22, 23, 24, 26, 41])
(45859, [0])
(45860, [0])
(45861, [0])
(45862, [0])
(45863, [0])
(45864, [0, 12])
(45865, [0])
(45866, [0])
(45867, [0])
(45868, [0, 2, 17])
(45869, [0])
(45870, [0])
(45871, [0])
(45872, [0])
(45873, [0, 3, 12, 23])
(45874, [0])
(45875, [0])
(45876, [0])
(45877, [0])
(45878, [0])
(45879, [0, 12])
(45880, [0])
(45881, [0])
(45882, [0])
(45883, [0])
(45884, [0])
(45885, [0])
(45886, [0])
(45887, [0])
(45888, [0])
(45889, [0])
(45890, [0])
(45891, [0])
(45892, [0])
(45893, [0])
(45894, [0])
(45895, [0])
(45896, [0])
(45897, [0])
(45898, [0])
(45899, [0])
(45900, [0])
(45901, [0])
(45902, [0])
(45903, [0])
(45904, [0])
(45905, [0])
(45906, [0])
(45907, [0])
(45908, [0])
(45909, [0])
(45910, [0])
(45911, [0])
(45912, [0])
(45913, [0, 15])
(45914, [0])
(45915, [0])
(45916, [0])
(45917, [0])
(45918, [0])
(45919, [0])
(45920, [0, 19, 39])
(45921, [0])
(45922, [0])
(45923, [0])
(45924, [0])
(45925, [0])
(45926, [0])
(45927, [3, 7, 10, 11, 16, 26, 42])
(45928, [11, 12, 13, 41, 43])
(45929, [11])
(45930, [11])
(45931, [11])
(45932, [11])
(45933, [6, 11, 43])
(45934, [11])
(45935, [11])
(45936, [11])
(45937, [1, 3, 11, 19, 21])
(45938, [3, 11])
(45939, [1, 11, 30])
(45940, [11, 41])
(45941, [11, 41])
(45942, [6, 11, 12, 17])
(45943, [2, 4, 7, 11, 26, 30, 31])
(45944, [1, 3, 11, 21])
(45945, [11])
(45946, [1, 11, 22])
(45947, [11])
(45948, [3, 11, 14, 23, 44])
(45949, [2, 7, 11, 14, 17, 30, 42, 43])
(45950, [2, 11, 19])
(45951, [11, 19, 26, 40, 41, 44])
(45952, [2, 3, 4, 11, 15, 16, 26, 28, 36, 43])
(45953, [11])
(45954, [11, 23])
(45955, [11])
(45956, [11])
(45957, [11])
(45958, [1, 7])
(45959, [7])
(45960, [7])
(45961, [7])
(45962, [7])
(45963, [7])
(45964, [7])
(45965, [7, 12])
(45966, [1, 7])
(45967, [3, 7])
(45968, [7])
(45969, [7])
(45970, [3, 23, 29, 41])
(45971, [16, 41])
(45972, [2, 6, 16, 17, 19, 21, 24, 31, 38])
(45973, [16, 24])
(45974, [2, 16, 21])
(45975, [16])
(45976, [16])
(45977, [16, 23])
(45978, [16])
(45979, [16])
(45980, [16])
(45981, [16])
(45982, [16])
(45983, [16])
(45984, [16])
(45985, [4, 16])
(45986, [16])
(45987, [16, 26, 44])
(45988, [16])
(45989, [42])
(45990, [21, 42])
(45991, [42])
(45992, [1, 2, 42])
(45993, [42])
(45994, [1, 2, 6, 21, 22, 44])
(45995, [6, 40])
(45996, [6, 15, 23])
(45997, [6, 13])
(45998, [6, 15, 22, 31])
(45999, [6])
(46000, [6])
(46001, [6])
(46002, [6])
(46003, [28])
(46004, [28])
(46005, [28])
(46006, [28])
(46007, [28])
(46008, [28])
(46009, [3, 28])
(46010, [2, 17])
(46011, [17])
(46012, [17])
(46013, [2, 17, 30])
(46014, [17])
(46015, [17])
(46016, [2, 17, 43])
(46017, [17])
(46018, [15, 17, 26, 40])
(46019, [14, 17, 19])
(46020, [17, 41])
(46021, [17])
(46022, [17, 19])
(46023, [17])
(46024, [17])
(46025, [1])
(46026, [1, 3, 19, 21])
(46027, [1])
(46028, [1, 2, 3, 4, 8, 31, 43])
(46029, [1, 3, 4, 19])
(46030, [1])
(46031, [1, 3, 19, 22])
(46032, [1, 30, 43])
(46033, [1, 2, 3, 21])
(46034, [1, 31])
(46035, [1])
(46036, [1])
(46037, [1])
(46038, [1, 2])
(46039, [1])
(46040, [1, 19])
(46041, [1])
(46042, [1])
(46043, [1, 15, 23, 31])
(46044, [1, 3, 19])
(46045, [1])
(46046, [1])
(46047, [1, 3, 30, 41])
(46048, [1, 3, 10, 43])
(46049, [1, 21, 22])
(46050, [1])
(46051, [1])
(46052, [1])
(46053, [1])
(46054, [1])
(46055, [1, 2, 3])
(46056, [1])
(46057, [1, 2, 19])
(46058, [1])
(46059, [1, 2])
(46060, [1, 3, 22, 39])
(46061, [1])
(46062, [1])
(46063, [1, 44])
(46064, [1, 2, 3, 21, 31, 36])
(46065, [1, 3])
(46066, [1])
(46067, [1])
(46068, [1])
(46069, [1])
(46070, [1, 3, 23])
(46071, [10])
(46072, [10])
(46073, [10])
(46074, [10])
(46075, [10])
(46076, [10])
(46077, [10])
(46078, [10])
(46079, [10])
(46080, [10])
(46081, [19])
(46082, [3, 19, 41])
(46083, [19, 43])
(46084, [19])
(46085, [19, 22, 30])
(46086, [2, 19])
(46087, [13, 19, 26])
(46088, [19])
(46089, [19])
(46090, [19])
(46091, [19])
(46092, [19, 23])
(46093, [2, 19])
(46094, [19])
(46095, [19, 26])
(46096, [2, 13, 19])
(46097, [19])
(46098, [19, 30])
(46099, [3, 12, 19, 21])
(46100, [19])
(46101, [19])
(46102, [19])
(46103, [19])
(46104, [4, 15, 19, 26])
(46105, [19])
(46106, [19, 30])
(46107, [19])
(46108, [2, 19, 24])
(46109, [26])
(46110, [26])
(46111, [2, 26])
(46112, [4, 15, 26])
(46113, [23, 26])
(46114, [26])
(46115, [14, 26])
(46116, [23, 26])
(46117, [4, 26, 43])
(46118, [26])
(46119, [26])
(46120, [3, 12, 26, 31])
(46121, [26])
(46122, [26])
(46123, [2, 26])
(46124, [26])
(46125, [26])
(46126, [26])
(46127, [2, 12, 26, 30, 41])
(46128, [26, 36])
(46129, [26])
(46130, [26])
(46131, [8, 44])
(46132, [2, 3, 8, 23])
(46133, [8])
(46134, [8])
(46135, [8, 15, 21])
(46136, [8])
(46137, [8])
(46138, [8])
(46139, [5, 8])
(46140, [8])
(46141, [8])
(46142, [8])
(46143, [8])
(46144, [8])
(46145, [8])
(46146, [8])
(46147, [8])
(46148, [5, 8])
(46149, [8])
(46150, [21])
(46151, [21])
(46152, [21])
(46153, [21])
(46154, [21])
(46155, [21, 23])
(46156, [21])
(46157, [21])
(46158, [21])
(46159, [21])
(46160, [21])
(46161, [21])
(46162, [21])
(46163, [21])
(46164, [21])
(46165, [21])
(46166, [21])
(46167, [12, 21, 36, 41, 44])
(46168, [21])
(46169, [21])
(46170, [21, 30])
(46171, [21])
(46172, [2, 21])
(46173, [21])
(46174, [21])
(46175, [21])
(46176, [21])
(46177, [21])
(46178, [21])
(46179, [21])
(46180, [21])
(46181, [21])
(46182, [21])
(46183, [21])
(46184, [21])
(46185, [21])
(46186, [21])
(46187, [21])
(46188, [3, 21])
(46189, [21])
(46190, [21])
(46191, [21])
(46192, [21])
(46193, [21])
(46194, [21])
(46195, [2, 21, 22])
(46196, [21])
(46197, [44])
(46198, [44])
(46199, [2, 12, 14, 23, 37, 41, 44])
(46200, [44])
(46201, [5, 44])
(46202, [44])
(46203, [44])
(46204, [44])
(46205, [2, 3, 31, 44])
(46206, [36, 44])
(46207, [44])
(46208, [44])
(46209, [44])
(46210, [44])
(46211, [44])
(46212, [44])
(46213, [44])
(46214, [44])
(46215, [23, 44])
(46216, [43])
(46217, [43])
(46218, [43])
(46219, [43])
(46220, [43])
(46221, [43])
(46222, [43])
(46223, [43])
(46224, [43])
(46225, [43])
(46226, [43])
(46227, [43])
(46228, [43])
(46229, [43])
(46230, [43])
(46231, [43])
(46232, [43])
(46233, [43])
(46234, [3, 31, 43])
(46235, [43])
(46236, [2, 3, 14, 43])
(46237, [43])
(46238, [43])
(46239, [36])
(46240, [14, 36])
(46241, [36])
(46242, [36])
(46243, [2, 14, 15, 36])
(46244, [36])
(46245, [36])
(46246, [36])
(46247, [36])
(46248, [36])
(46249, [36])
(46250, [2, 36])
(46251, [36])
(46252, [2, 14, 36])
(46253, [36])
(46254, [36])
(46255, [36])
(46256, [36])
(46257, [2, 12, 15, 36])
(46258, [31])
(46259, [31])
(46260, [31])
(46261, [31])
(46262, [31])
(46263, [31])
(46264, [31])
(46265, [31])
(46266, [31])
(46267, [31])
(46268, [31])
(46269, [31])
(46270, [31])
(46271, [31])
(46272, [30])
(46273, [30])
(46274, [30])
(46275, [30])
(46276, [30])
(46277, [2, 4, 12, 14, 24, 30, 39])
(46278, [37])
(46279, [37])
(46280, [37])
(46281, [37])
(46282, [37])
(46283, [39])
(46284, [39])
(46285, [4, 39])
(46286, [39])
(46287, [39])
(46288, [39])
(46289, [39])
(46290, [39])
(46291, [39])
(46292, [41])
(46293, [41])
(46294, [41])
(46295, [41])
(46296, [41])
(46297, [41])
(46298, [41])
(46299, [41])
(46300, [41])
(46301, [41])
(46302, [41])
(46303, [41])
(46304, [41])
(46305, [2, 14, 41])
(46306, [41])
(46307, [41])
(46308, [41])
(46309, [2, 41])
(46310, [41])
(46311, [41])
(46312, [41])
(46313, [41])
(46314, [41])
(46315, [41])
(46316, [24])
(46317, [3, 24])
(46318, [24])
(46319, [24])
(46320, [24])
(46321, [24])
(46322, [24])
(46323, [24])
(46324, [24])
(46325, [23])
(46326, [23])
(46327, [23])
(46328, [23])
(46329, [23])
(46330, [23])
(46331, [23])
(46332, [23])
(46333, [23])
(46334, [23])
(46335, [23])
(46336, [23])
(46337, [23])
(46338, [23])
(46339, [23])
(46340, [23])
(46341, [23])
(46342, [5, 23])
(46343, [23])
(46344, [23])
(46345, [23])
(46346, [23])
(46347, [23])
(46348, [23])
(46349, [23])
(46350, [23])
(46351, [23])
(46352, [23])
(46353, [23])
(46354, [23])
(46355, [23])
(46356, [23])
(46357, [23])
(46358, [23])
(46359, [23])
(46360, [23])
(46361, [23])
(46362, [23])
(46363, [23])
(46364, [23])
(46365, [23])
(46366, [23])
(46367, [23])
(46368, [23])
(46369, [23])
(46370, [23])
(46371, [4])
(46372, [4])
(46373, [4])
(46374, [4])
(46375, [4])
(46376, [4])
(46377, [4])
(46378, [3, 4])
(46379, [4])
(46380, [4])
(46381, [4])
(46382, [3, 4])
(46383, [4])
(46384, [4])
(46385, [4])
(46386, [4])
(46387, [4])
(46388, [4])
(46389, [4])
(46390, [4])
(46391, [15])
(46392, [15])
(46393, [2, 15])
(46394, [2, 15])
(46395, [15])
(46396, [15])
(46397, [15])
(46398, [15, 40])
(46399, [15])
(46400, [15])
(46401, [15])
(46402, [3])
(46403, [3])
(46404, [3])
(46405, [3])
(46406, [3])
(46407, [3])
(46408, [3])
(46409, [3])
(46410, [3])
(46411, [2, 3, 14])
(46412, [3])
(46413, [3])
(46414, [3])
(46415, [3])
(46416, [3])
(46417, [3])
(46418, [3])
(46419, [3])
(46420, [3])
(46421, [3, 12])
(46422, [3])
(46423, [3])
(46424, [3])
(46425, [3])
(46426, [3])
(46427, [2, 3])
(46428, [3])
(46429, [3])
(46430, [3])
(46431, [3])
(46432, [3])
(46433, [3])
(46434, [3])
(46435, [12])
(46436, [12])
(46437, [12])
(46438, [12])
(46439, [12])
(46440, [12])
(46441, [12])
(46442, [12])
(46443, [12])
(46444, [12])
(46445, [12])
(46446, [12])
(46447, [12])
(46448, [12])
(46449, [12, 40])
(46450, [12])
(46451, [12])
(46452, [12])
(46453, [12])
(46454, [12])
(46455, [12])
(46456, [12])
(46457, [12])
(46458, [12])
(46459, [12])
(46460, [12])
(46461, [12])
(46462, [12])
(46463, [12])
(46464, [12])
(46465, [12])
(46466, [12])
(46467, [12])
(46468, [12])
(46469, [12])
(46470, [12])
(46471, [12])
(46472, [12])
(46473, [12])
(46474, [12])
(46475, [12])
(46476, [12])
(46477, [12])
(46478, [12])
(46479, [12])
(46480, [12])
(46481, [12])
(46482, [12])
(46483, [12])
(46484, [12])
(46485, [12])
(46486, [12])
(46487, [12])
(46488, [12])
(46489, [12])
(46490, [12])
(46491, [12])
(46492, [12])
(46493, [40])
(46494, [40])
(46495, [2])
(46496, [2])
(46497, [2])
(46498, [2])
(46499, [2])
(46500, [2])
(46501, [2])
(46502, [2])
(46503, [2])
(46504, [2])
(46505, [2])
(46506, [2])
(46507, [2])
(46508, [2])
(46509, [2])
(46510, [2])
(46511, [2])
(46512, [2])
(46513, [2])
(46514, [2])
(46515, [2])
(46516, [2])
(46517, [2])
(46518, [2])
(46519, [2])
(46520, [2])
(46521, [2])
(46522, [2])
(46523, [2])
(46524, [2])
(46525, [2])
(46526, [2])
(46527, [2])
(46528, [2])
(46529, [2])
(46530, [2])
(46531, [2])
(46532, [2])
(46533, [2])
(46534, [2])
(46535, [2])
(46536, [2])
(46537, [2])
(46538, [2])
(46539, [2])
(46540, [2])
(46541, [2])
(46542, [2])
(46543, [2])
(46544, [2])
(46545, [2])
(46546, [2])
(46547, [2])
(46548, [2])
(46549, [2])
(46550, [2])
(46551, [2])
(46552, [2])
(46553, [2])
(46554, [2])
(46555, [2])
(46556, [2])
(46557, [2])
(46558, [2])
(46559, [2])
(46560, [2])
(46561, [2])
(46562, [2])
(46563, [2])
(46564, [2])
(46565, [2])
(46566, [2])
(46567, [2])
(46568, [2])
(46569, [2])
(46570, [2])
(46571, [2])
(46572, [2])
(46573, [2])
(46574, [2])
(46575, [13])
(46576, [13])
(46577, [13])
(46578, [5])
(46579, [5])
(46580, [5])
(46581, [14])
(46582, [14])
(46583, [14])
(46584, [14])
(46585, [14])
(46586, [14])
(46587, [14])
(46588, [14])
(46589, [14])
(46590, [14])
(46591, [14])
(46592, [14])
(46593, [14])
(46594, [14])
(46595, [14])
(46596, [14])
(46597, [22])
(46598, [22])
(46599, [22])
(46600, [22])
(46601, [22])
(46602, [22])
(46603, [22])
(46604, [22])
(46605, [22])
(46606, [22])
(46607, [25])
