(20602, [17, 32])
(20603, [2, 4, 5, 9, 17, 19, 21, 22, 23, 32, 35, 44])
(20604, [0, 1, 2, 3, 4, 5, 6, 7, 8, 9, 10, 11, 12, 13, 14, 15, 16, 17, 18, 19, 20, 21, 22, 24, 25, 26, 27, 28, 29, 30, 31, 32, 33, 34, 36, 37, 38, 39, 40, 41, 42, 43, 44])
(20605, [0, 1, 2, 3, 4, 5, 6, 7, 8, 9, 10, 11, 12, 13, 14, 15, 16, 17, 18, 19, 20, 21, 22, 23, 24, 25, 26, 27, 28, 29, 30, 31, 32, 33, 34, 35, 36, 37, 38, 39, 40, 41, 42, 43, 44])
(20606, [0, 1, 2, 3, 4, 5, 6, 7, 8, 9, 10, 11, 12, 13, 14, 15, 16, 17, 18, 19, 20, 21, 22, 23, 24, 25, 26, 27, 28, 29, 30, 31, 32, 33, 34, 35, 36, 37, 38, 39, 40, 41, 42, 43, 44])
(20607, [1, 2, 3, 4, 6, 9, 11, 12, 13, 14, 15, 16, 17, 18, 19, 21, 22, 23, 24, 25, 26, 31, 32, 33, 34, 36, 38, 40, 43, 44])
(20608, [1, 2, 3, 4, 5, 6, 7, 8, 9, 11, 12, 14, 15, 16, 17, 18, 19, 20, 21, 22, 23, 24, 26, 27, 28, 29, 30, 31, 32, 33, 34, 35, 36, 38, 39, 40, 41, 43, 44])
(20609, [0, 1, 2, 3, 4, 6, 7, 9, 10, 11, 12, 14, 15, 16, 17, 18, 19, 20, 23, 24, 25, 26, 27, 28, 30, 31, 32, 33, 34, 36, 40, 41, 42, 43, 44])
(20610, [1, 2, 3, 11, 15, 18, 22, 24, 26, 30, 31, 32, 33, 35, 41, 43, 44])
(20611, [32])
(20612, [31, 32])
(20613, [1, 2, 3, 4, 6, 9, 11, 13, 14, 15, 17, 18, 19, 21, 22, 23, 24, 26, 31, 32, 33, 34, 40, 41])
(20614, [2, 4, 9, 14, 15, 16, 23, 24, 30, 32, 43])
(20615, [0, 1, 2, 3, 4, 6, 7, 8, 9, 11, 12, 14, 15, 16, 17, 19, 21, 22, 23, 27, 28, 30, 32, 35, 37, 38, 39, 41, 43, 44])
(20616, [20, 32])
(20617, [0, 2, 24, 26, 31, 32, 33, 40])
(20618, [0, 1, 2, 3, 4, 5, 6, 7, 8, 9, 10, 11, 12, 13, 14, 15, 16, 17, 18, 19, 20, 21, 22, 23, 24, 25, 26, 27, 28, 29, 30, 31, 32, 33, 34, 35, 36, 37, 38, 39, 40, 41, 42, 43, 44])
(20619, [0, 1, 2, 3, 6, 8, 9, 11, 15, 17, 18, 19, 21, 22, 23, 25, 26, 30, 31, 32, 33, 34, 35, 39, 40, 41, 43, 44])
(20620, [0, 1, 2, 3, 4, 6, 9, 10, 11, 12, 13, 14, 16, 17, 19, 21, 22, 26, 30, 32, 40, 43, 44])
(20621, [0, 1, 2, 3, 4, 6, 7, 9, 11, 12, 13, 15, 16, 17, 18, 19, 21, 22, 23, 24, 25, 26, 29, 30, 31, 32, 33, 34, 36, 39, 40, 41, 42, 44])
(20622, [0, 11, 21, 30, 32, 33, 34, 44])
(20623, [0, 1, 2, 3, 4, 6, 7, 9, 11, 13, 14, 15, 16, 17, 18, 19, 20, 22, 26, 28, 30, 31, 32, 33, 34, 36, 38, 39, 40, 41, 43, 44])
(20624, [0, 1, 2, 3, 4, 6, 7, 8, 9, 10, 11, 12, 13, 14, 15, 16, 17, 18, 19, 20, 21, 22, 23, 24, 25, 26, 28, 30, 31, 32, 33, 34, 35, 36, 40, 41, 43, 44])
(20625, [32])
(20626, [0, 9, 22, 31, 32, 44])
(20627, [0, 1, 2, 3, 7, 8, 9, 11, 12, 14, 15, 16, 17, 18, 19, 20, 21, 22, 23, 24, 25, 26, 29, 30, 31, 32, 33, 34, 35, 37, 38, 39, 40, 42, 43, 44])
(20628, [1, 3, 9, 12, 15, 16, 20, 23, 26, 30, 31, 32, 43, 44])
(20629, [0, 1, 2, 3, 4, 9, 10, 11, 12, 13, 14, 15, 16, 17, 18, 19, 20, 21, 22, 23, 24, 26, 30, 31, 32, 33, 34, 35, 37, 39, 40, 41, 42, 43, 44])
(20630, [0, 1, 2, 3, 4, 6, 7, 9, 15, 18, 21, 22, 23, 31, 32, 33, 35, 42])
(20631, [0, 1, 2, 3, 4, 5, 6, 7, 8, 9, 11, 12, 15, 16, 17, 18, 19, 20, 22, 23, 24, 25, 26, 27, 28, 30, 31, 32, 33, 34, 35, 37, 38, 40, 41, 42, 43, 44])
(20632, [1, 2, 3, 4, 6, 7, 11, 13, 14, 17, 19, 23, 24, 26, 31, 32, 33, 34, 36, 40, 44])
(20633, [0, 1, 2, 3, 4, 6, 7, 8, 9, 10, 11, 12, 13, 14, 15, 16, 17, 18, 19, 20, 21, 22, 23, 24, 25, 26, 27, 28, 29, 30, 31, 32, 33, 34, 36, 37, 38, 39, 40, 41, 42, 43, 44])
(20634, [2, 4, 12, 13, 17, 19, 26, 30, 32, 43])
(20635, [4, 18, 32, 36])
(20636, [26, 31, 32, 34, 43])
(20637, [0, 1, 2, 3, 6, 7, 8, 9, 10, 11, 12, 13, 14, 15, 16, 17, 18, 19, 20, 23, 24, 30, 31, 32, 33, 34, 38, 41, 42, 44])
(20638, [1, 2, 3, 4, 5, 6, 8, 9, 12, 14, 16, 18, 19, 24, 28, 31, 32, 34, 41, 42, 44])
(20639, [1, 2, 3, 4, 8, 9, 11, 21, 32, 42])
(20640, [0, 1, 2, 3, 4, 6, 8, 9, 10, 11, 12, 13, 14, 15, 17, 18, 19, 20, 22, 23, 24, 25, 26, 30, 32, 33, 34, 36, 40, 41, 43])
(20641, [6, 11, 18, 26, 30, 31, 32, 43, 44])
(20642, [2, 6, 9, 14, 23, 24, 26, 32, 40, 41, 44])
(20643, [6, 8, 15, 18, 32])
(20644, [3, 4, 15, 17, 30, 31, 32])
(20645, [0, 1, 2, 3, 4, 6, 11, 12, 15, 17, 19, 20, 21, 22, 23, 26, 30, 32, 34, 41, 44])
(20646, [1, 10, 17, 18, 19, 20, 32, 33, 41])
(20647, [0, 1, 2, 3, 4, 5, 6, 7, 9, 10, 11, 12, 13, 15, 16, 17, 18, 19, 20, 21, 23, 24, 26, 28, 30, 31, 32, 33, 34, 36, 39, 40, 41, 43, 44])
(20648, [1, 3, 9, 16, 19, 23, 27, 32])
(20649, [31, 32])
(20650, [0, 1, 2, 3, 4, 6, 7, 8, 9, 10, 11, 12, 13, 14, 15, 16, 17, 19, 20, 21, 22, 23, 24, 25, 26, 27, 29, 30, 31, 32, 33, 34, 38, 40, 41, 43, 44])
(20651, [0, 1, 2, 3, 4, 6, 7, 9, 10, 11, 12, 13, 14, 15, 16, 17, 18, 19, 21, 22, 23, 24, 26, 28, 30, 31, 32, 33, 34, 35, 40, 42, 43, 44])
(20652, [2, 4, 6, 14, 17, 18, 19, 23, 24, 30, 31, 32, 33, 34, 41])
(20653, [0, 1, 2, 3, 4, 6, 8, 9, 11, 12, 15, 16, 18, 19, 23, 26, 30, 31, 32, 33, 34, 36, 41, 42, 43, 44])
(20654, [0, 2, 4, 14, 31, 32, 41, 43])
(20655, [1, 2, 3, 4, 6, 9, 11, 12, 14, 15, 16, 18, 19, 20, 21, 22, 23, 24, 25, 26, 27, 30, 31, 32, 33, 34, 35, 37, 38, 39, 40, 41, 42, 43, 44])
(20656, [1, 2, 3, 4, 6, 7, 8, 10, 11, 12, 13, 15, 18, 19, 23, 24, 29, 30, 31, 32, 33, 35, 39, 43, 44])
(20657, [11, 22, 30, 32, 34])
(20658, [2, 15, 23, 32, 43])
(20659, [32])
(20660, [15, 32])
(20661, [3, 15, 21, 32])
(20662, [1, 2, 3, 4, 6, 8, 9, 14, 15, 20, 22, 24, 27, 30, 31, 32, 36, 40, 41])
(20663, [1, 3, 6, 22, 31, 32, 33, 41])
(20664, [4, 6, 9, 23, 30, 32, 43])
(20665, [1, 20, 32])
(20666, [4, 6, 12, 15, 20, 31, 32])
(20667, [1, 3, 7, 14, 16, 17, 18, 23, 24, 29, 32, 34, 37, 43])
(20668, [0, 2, 3, 4, 6, 9, 13, 14, 16, 17, 18, 23, 25, 26, 30, 32, 35, 39, 41, 42, 43])
(20669, [1, 3, 11, 15, 18, 19, 21, 31, 32, 34, 42, 44])
(20670, [31, 32, 33, 41])
(20671, [32])
(20672, [0, 1, 2, 3, 6, 7, 9, 11, 12, 13, 14, 15, 16, 18, 19, 20, 22, 26, 30, 31, 32, 33, 34, 40, 41, 42, 44])
(20673, [32])
(20674, [2, 4, 9, 11, 13, 14, 15, 17, 24, 31, 32, 34, 40, 41])
(20675, [0, 1, 7, 20, 26, 32, 34, 42])
(20676, [9, 13, 23, 26, 32, 33, 41, 43])
(20677, [0, 1, 2, 3, 4, 5, 8, 9, 10, 11, 12, 13, 15, 16, 18, 19, 20, 21, 22, 23, 30, 31, 32, 33, 41, 42, 44])
(20678, [1, 8, 15, 19, 21, 24, 31, 32, 41])
(20679, [0, 4, 9, 30, 32])
(20680, [0, 1, 2, 3, 4, 6, 7, 9, 11, 12, 16, 17, 19, 21, 22, 23, 30, 31, 32, 33, 43, 44])
(20681, [1, 3, 4, 6, 9, 12, 14, 23, 32, 39])
(20682, [1, 2, 3, 4, 5, 9, 10, 11, 12, 13, 15, 17, 18, 19, 20, 23, 30, 32, 42, 44])
(20683, [0, 1, 2, 3, 4, 9, 11, 12, 19, 21, 22, 23, 26, 32, 33, 37, 41])
(20684, [0, 1, 2, 3, 4, 5, 6, 7, 8, 9, 10, 11, 12, 13, 14, 15, 16, 18, 19, 20, 21, 22, 23, 24, 25, 26, 27, 28, 29, 30, 31, 32, 33, 34, 35, 36, 37, 38, 39, 40, 41, 42, 43, 44])
(20685, [17, 32, 33, 34, 44])
(20686, [1, 2, 3, 5, 6, 8, 9, 11, 12, 15, 16, 18, 19, 22, 23, 30, 31, 32, 33, 34, 36, 43])
(20687, [1, 2, 11, 13, 15, 17, 19, 26, 30, 32, 33, 34, 43])
(20688, [3, 4, 6, 22, 32])
(20689, [12, 15, 30, 32, 33, 34])
(20690, [32])
(20691, [0, 2, 3, 4, 11, 14, 20, 32, 33])
(20692, [1, 2, 3, 6, 9, 11, 19, 21, 23, 30, 31, 32, 33, 39])
(20693, [19, 21, 22, 30, 32])
(20694, [0, 1, 2, 3, 6, 7, 8, 11, 15, 18, 19, 20, 21, 26, 28, 32, 34, 41, 43, 44])
(20695, [1, 3, 6, 15, 16, 23, 32, 42])
(20696, [0, 1, 3, 9, 11, 18, 32, 34, 39, 40, 44])
(20697, [32])
(20698, [32])
(20699, [2, 3, 4, 11, 13, 14, 15, 18, 19, 20, 24, 25, 26, 28, 30, 32, 33, 34, 40, 41, 43, 44])
(20700, [3, 7, 11, 12, 19, 21, 28, 35, 41, 43, 44])
(20701, [23, 35])
(20702, [35, 37])
(20703, [35])
(20704, [1, 3, 4, 6, 11, 12, 15, 18, 21, 22, 23, 29, 30, 31, 33, 34, 35, 39, 41, 42])
(20705, [8, 18, 23, 35])
(20706, [35])
(20707, [1, 2, 3, 8, 9, 16, 30, 35, 40])
(20708, [35])
(20709, [35])
(20710, [0, 1, 2, 3, 5, 8, 9, 11, 12, 16, 17, 18, 19, 20, 23, 24, 26, 29, 31, 34, 35, 36, 38, 39, 41, 42, 43])
(20711, [2, 3, 8, 12, 13, 16, 18, 23, 31, 35])
(20712, [0, 1, 3, 6, 11, 18, 19, 22, 35, 41, 43])
(20713, [35])
(20714, [35])
(20715, [2, 9, 10, 11, 12, 13, 15, 19, 24, 26, 28, 33, 34, 35, 41, 43, 44])
(20716, [0, 1, 3, 11, 12, 18, 29, 30, 34, 35])
(20717, [0, 2, 8, 9, 11, 12, 14, 15, 16, 18, 20, 26, 28, 33, 35, 41, 43, 44])
(20718, [1, 8, 10, 15, 18, 23, 26, 35])
(20719, [35])
(20720, [1, 2, 3, 7, 8, 9, 11, 13, 18, 20, 26, 35, 39, 44])
(20721, [4, 8, 12, 15, 16, 18, 22, 23, 34, 35])
(20722, [0, 9, 14, 33, 34, 35])
(20723, [0, 1, 2, 3, 4, 6, 9, 11, 12, 15, 16, 17, 18, 19, 20, 24, 26, 31, 33, 34, 35, 37, 40, 41, 42, 43])
(20724, [35])
(20725, [35])
(20726, [35])
(20727, [35])
(20728, [1, 2, 3, 4, 8, 11, 12, 15, 16, 17, 18, 19, 21, 22, 26, 29, 33, 34, 35, 39, 41, 43, 44])
(20729, [1, 2, 3, 9, 11, 16, 19, 21, 22, 35, 42, 44])
(20730, [0, 2, 6, 18, 23, 26, 27, 34, 35])
(20731, [0, 1, 2, 3, 5, 6, 9, 11, 12, 13, 14, 15, 16, 18, 19, 23, 24, 31, 34, 35, 38, 40, 41, 43, 44])
(20732, [1, 11, 16, 35, 37, 44])
(20733, [3, 6, 9, 19, 35, 41, 43])
(20734, [4, 8, 18, 35])
(20735, [0, 2, 5, 6, 9, 11, 12, 15, 21, 23, 24, 30, 31, 35, 40, 41])
(20736, [0, 1, 2, 3, 4, 5, 6, 7, 8, 11, 12, 13, 14, 15, 16, 17, 18, 19, 21, 22, 23, 24, 27, 28, 30, 35, 38, 41, 43, 44])
(20737, [35])
(20738, [35])
(20739, [18, 30, 33, 34, 35, 41, 43])
(20740, [1, 2, 3, 9, 12, 14, 16, 17, 18, 20, 22, 23, 30, 31, 33, 34, 35, 41, 44])
(20741, [2, 4, 11, 14, 15, 23, 24, 27, 35, 42, 43, 44])
(20742, [4, 6, 12, 13, 14, 15, 17, 20, 24, 26, 33, 35, 41, 43, 44])
(20743, [7, 9, 18, 30, 31, 33, 34])
(20744, [26, 34])
(20745, [0, 1, 2, 3, 7, 9, 11, 12, 18, 20, 22, 24, 26, 30, 31, 33, 34, 42, 43, 44])
(20746, [2, 34])
(20747, [17, 30, 31, 34])
(20748, [0, 2, 4, 6, 14, 19, 20, 23, 26, 28, 31, 33, 34, 36, 43, 44])
(20749, [0, 1, 2, 3, 6, 8, 15, 17, 18, 19, 21, 31, 33, 34, 40, 41])
(20750, [0, 2, 4, 9, 15, 19, 28, 30, 31, 33, 34, 36, 39, 40])
(20751, [0, 1, 3, 9, 12, 15, 16, 20, 21, 26, 30, 31, 34, 42])
(20752, [0, 1, 2, 6, 9, 10, 11, 12, 15, 17, 23, 24, 26, 31, 34, 41, 43])
(20753, [9, 31, 34, 43])
(20754, [3, 6, 15, 17, 18, 23, 26, 33, 34, 37, 40, 43])
(20755, [4, 34])
(20756, [34])
(20757, [1, 2, 3, 11, 19, 21, 26, 34, 44])
(20758, [1, 2, 3, 11, 30, 34, 40])
(20759, [0, 1, 2, 3, 11, 17, 19, 30, 34, 41])
(20760, [0, 1, 2, 3, 7, 8, 9, 10, 12, 16, 20, 23, 34, 42])
(20761, [0, 1, 9, 20, 22, 24, 34, 41])
(20762, [34])
(20763, [34])
(20764, [34])
(20765, [34])
(20766, [1, 2, 3, 4, 7, 8, 9, 12, 15, 16, 23, 26, 34, 41, 42, 43, 44])
(20767, [1, 2, 3, 7, 12, 19, 22, 26, 30, 31, 33, 34, 41])
(20768, [6, 12, 23, 31, 33, 34, 44])
(20769, [0, 1, 3, 6, 7, 9, 15, 16, 17, 18, 20, 29, 30, 31, 34])
(20770, [1, 3, 7, 9, 13, 17, 22, 23, 30, 34, 42, 43, 44])
(20771, [34])
(20772, [2, 3, 14, 15, 23, 24, 30, 31, 34, 41])
(20773, [2, 26, 34, 41, 43])
(20774, [5, 6, 18, 23, 30, 31, 34, 41])
(20775, [0, 1, 2, 3, 9, 10, 11, 14, 15, 16, 20, 21, 23, 30, 31, 33, 34, 39, 43, 44])
(20776, [2, 12, 14, 24, 31, 34])
(20777, [0, 2, 3, 4, 9, 11, 13, 14, 18, 25, 26, 31, 34, 43, 44])
(20778, [34])
(20779, [0, 1, 2, 3, 9, 11, 12, 13, 14, 15, 16, 17, 24, 26, 28, 30, 31, 33, 34, 39, 41, 44])
(20780, [2, 33, 34])
(20781, [4, 11, 17, 24, 34])
(20782, [9, 10, 13, 15, 18, 19, 31, 33, 34, 41, 43])
(20783, [0, 2, 3, 6, 12, 20, 23, 26, 27, 30, 31, 34])
(20784, [0, 33, 34])
(20785, [1, 3, 34])
(20786, [1, 9, 11, 12, 34, 41])
(20787, [1, 3, 17, 34])
(20788, [0, 1, 3, 7, 11, 16, 19, 20, 25, 34, 42])
(20789, [2, 13, 33, 34, 39, 41])
(20790, [34])
(20791, [34])
(20792, [34])
(20793, [34])
(20794, [0, 9, 34])
(20795, [9, 10, 22, 34])
(20796, [0, 1, 2, 3, 4, 8, 9, 10, 11, 12, 14, 16, 18, 19, 20, 22, 34, 36, 41, 42, 43, 44])
(20797, [33])
(20798, [1, 3, 11, 33])
(20799, [33])
(20800, [0, 6, 7, 12, 26, 33, 43, 44])
(20801, [33])
(20802, [1, 2, 3, 4, 8, 15, 18, 21, 22, 23, 33])
(20803, [0, 1, 3, 21, 33])
(20804, [24, 33, 44])
(20805, [33])
(20806, [33])
(20807, [1, 4, 15, 18, 23, 26, 28, 30, 33, 42, 43])
(20808, [2, 7, 11, 15, 19, 25, 26, 31, 33, 40, 44])
(20809, [33])
(20810, [1, 3, 7, 8, 12, 18, 19, 21, 23, 26, 33, 39])
(20811, [0, 7, 33, 41, 43])
(20812, [33])
(20813, [33])
(20814, [33])
(20815, [1, 3, 20, 23, 33])
(20816, [1, 2, 11, 23, 30, 33, 43, 44])
(20817, [11, 33])
(20818, [12, 15, 33])
(20819, [33])
(20820, [6, 26, 33])
(20821, [0, 1, 3, 9, 12, 26, 33, 42, 43, 44])
(20822, [2, 26, 33])
(20823, [4, 26, 33, 43])
(20824, [33])
(20825, [14, 16, 33, 44])
(20826, [0, 2, 7, 9, 13, 17, 19, 25, 26, 30, 31, 33, 40, 43])
(20827, [33])
(20828, [0, 1, 3, 8, 9, 11, 12, 13, 16, 18, 19, 20, 22, 23, 30, 33, 37, 41, 42, 44])
(20829, [0, 2, 3, 5, 11, 12, 14, 17, 19, 23, 26, 31, 33, 41])
(20830, [0, 1, 2, 4, 6, 7, 11, 12, 15, 17, 18, 20, 22, 24, 28, 33, 39, 42, 44])
(20831, [7, 31, 33])
(20832, [0, 1, 2, 7, 9, 11, 15, 23, 27, 33, 43])
(20833, [33])
(20834, [33])
(20835, [1, 2, 4, 16, 22, 31, 33, 38])
(20836, [2, 8, 23, 33])
(20837, [1, 3, 19, 21, 29, 33, 44])
(20838, [2, 3, 4, 18, 19, 33, 43, 44])
(20839, [3, 15, 30, 33])
(20840, [3, 20, 21])
(20841, [3, 20])
(20842, [0, 1, 3, 6, 12, 19, 20])
(20843, [0, 2, 12, 14, 15, 19, 20, 31, 44])
(20844, [8, 20, 36])
(20845, [0, 2, 7, 9, 12, 16, 17, 20, 27, 28, 41, 44])
(20846, [20])
(20847, [0, 1, 2, 9, 12, 14, 15, 16, 20, 26, 27, 28, 36, 37, 39, 41, 43, 44])
(20848, [20])
(20849, [1, 3, 9, 19, 20, 30])
(20850, [6, 11, 12, 18, 20, 37])
(20851, [20])
(20852, [1, 3, 20, 21, 41, 44])
(20853, [20])
(20854, [0, 1, 3, 7, 15, 19, 20, 28, 42])
(20855, [0, 1, 3, 20, 42])
(20856, [1, 2, 4, 9, 11, 13, 15, 17, 19, 20, 24, 26, 41, 43, 44])
(20857, [20])
(20858, [20, 36])
(20859, [0, 1, 3, 20, 42])
(20860, [0, 2, 12, 20, 36])
(20861, [0, 10, 20])
(20862, [15, 18, 23])
(20863, [18])
(20864, [18])
(20865, [18])
(20866, [18])
(20867, [18])
(20868, [0, 18])
(20869, [18])
(20870, [2, 18, 23, 26, 30, 41, 43])
(20871, [2, 5, 6, 8, 15, 16, 18, 41])
(20872, [18])
(20873, [0, 1, 7, 9, 10, 12, 14, 18, 23, 24, 26])
(20874, [18])
(20875, [8, 12, 16, 17, 18, 23, 30])
(20876, [9, 18])
(20877, [18, 19])
(20878, [18])
(20879, [4, 9, 18, 26, 31])
(20880, [0, 1, 3, 8, 9, 11, 18, 19, 21, 22, 23, 30, 31, 37, 40, 41, 44])
(20881, [18])
(20882, [1, 2, 3, 4, 9, 11, 12, 18, 19, 21, 26, 39, 43, 44])
(20883, [18])
(20884, [18])
(20885, [18])
(20886, [1, 3, 18])
(20887, [18])
(20888, [1, 15, 18])
(20889, [7, 12, 18])
(20890, [1, 11, 18, 21, 26, 44])
(20891, [16, 18, 29])
(20892, [18, 19])
(20893, [3, 18, 41])
(20894, [18])
(20895, [18])
(20896, [18, 30, 31])
(20897, [18])
(20898, [18, 19])
(20899, [1, 3, 4, 18, 19, 21])
(20900, [15, 18, 41, 43])
(20901, [1, 2, 3, 6, 15, 18, 23, 31, 36, 43])
(20902, [2, 12, 18, 36, 43])
(20903, [18])
(20904, [18, 19, 21, 44])
(20905, [18])
(20906, [18])
(20907, [18])
(20908, [18, 23])
(20909, [18])
(20910, [18])
(20911, [18])
(20912, [18])
(20913, [18])
(20914, [18])
(20915, [18])
(20916, [15, 18, 23])
(20917, [18])
(20918, [18])
(20919, [18, 26, 40])
(20920, [18])
(20921, [18])
(20922, [18, 30, 31])
(20923, [18])
(20924, [18])
(20925, [18])
(20926, [2, 18, 44])
(20927, [18])
(20928, [7, 18, 21])
(20929, [18])
(20930, [0, 18, 36])
(20931, [18])
(20932, [18, 44])
(20933, [0, 2, 3, 4, 6, 14, 15, 18, 19, 26, 31, 36, 40, 41, 43])
(20934, [11, 18, 44])
(20935, [18])
(20936, [8, 18])
(20937, [4, 12, 15, 18, 22, 39])
(20938, [18, 41])
(20939, [18, 23])
(20940, [18])
(20941, [18])
(20942, [9, 14, 17, 18])
(20943, [18, 21, 23])
(20944, [18])
(20945, [18])
(20946, [18])
(20947, [0, 2, 15, 18, 43])
(20948, [18])
(20949, [1, 18, 19, 21, 30])
(20950, [4, 16, 18, 23, 26])
(20951, [18])
(20952, [7, 12, 18, 26])
(20953, [18])
(20954, [18])
(20955, [18])
(20956, [8, 18, 19, 26, 37, 39])
(20957, [18])
(20958, [18])
(20959, [18])
(20960, [18])
(20961, [18])
(20962, [18])
(20963, [18])
(20964, [27])
(20965, [27, 30])
(20966, [27])
(20967, [27])
(20968, [27])
(20969, [27])
(20970, [0, 3, 9, 16, 27, 41])
(20971, [27])
(20972, [27])
(20973, [15, 23, 27, 43])
(20974, [27])
(20975, [21, 27, 44])
(20976, [7, 27])
(20977, [0, 2, 9, 12, 15, 16, 23, 26, 42, 43])
(20978, [4, 9, 26, 31, 41, 44])
(20979, [0, 1, 2, 3, 8, 9, 15, 19, 21, 23, 37, 38, 44])
(20980, [2, 9, 17, 41])
(20981, [9])
(20982, [9])
(20983, [3, 4, 9, 21, 44])
(20984, [9])
(20985, [2, 9, 12, 28])
(20986, [9, 23])
(20987, [9, 23])
(20988, [9])
(20989, [3, 8, 9, 14, 26, 41])
(20990, [1, 9, 10])
(20991, [1, 9, 30, 43])
(20992, [9])
(20993, [9])
(20994, [9])
(20995, [9])
(20996, [0, 9])
(20997, [9])
(20998, [0, 1, 9])
(20999, [0, 1, 3, 4, 7, 9, 16, 22])
(21000, [9])
(21001, [9])
(21002, [9])
(21003, [9])
(21004, [9, 30])
(21005, [9, 43])
(21006, [0, 9, 36])
(21007, [9])
(21008, [8, 9])
(21009, [0, 3, 9, 14, 31])
(21010, [9])
(21011, [9])
(21012, [9])
(21013, [9, 12, 23])
(21014, [3, 9, 16])
(21015, [9])
(21016, [0, 1, 3, 7, 9, 11, 19, 21, 22, 42])
(21017, [9])
(21018, [3, 9, 19, 31, 37, 41, 43, 44])
(21019, [9])
(21020, [1, 9, 16, 23])
(21021, [9])
(21022, [9])
(21023, [9])
(21024, [9, 30])
(21025, [9])
(21026, [9])
(21027, [3, 9, 41])
(21028, [9])
(21029, [9])
(21030, [0, 2, 3, 4, 11, 12, 17, 22, 42, 44])
(21031, [0])
(21032, [0])
(21033, [0])
(21034, [0, 1, 22])
(21035, [0, 1, 3, 11, 13, 14, 21, 22, 30, 42, 43])
(21036, [0])
(21037, [0])
(21038, [0])
(21039, [0])
(21040, [0])
(21041, [0, 12])
(21042, [0])
(21043, [0, 1, 2])
(21044, [0])
(21045, [0])
(21046, [0])
(21047, [0, 1, 3, 4, 15, 39])
(21048, [0])
(21049, [0, 12])
(21050, [0, 12])
(21051, [0])
(21052, [0])
(21053, [0])
(21054, [0])
(21055, [0, 2, 12])
(21056, [0, 1, 3, 11, 22])
(21057, [0])
(21058, [0])
(21059, [0])
(21060, [0])
(21061, [0])
(21062, [0, 12])
(21063, [0])
(21064, [0])
(21065, [0])
(21066, [0])
(21067, [0])
(21068, [0])
(21069, [0])
(21070, [0, 2, 4])
(21071, [0])
(21072, [0])
(21073, [0])
(21074, [0])
(21075, [0])
(21076, [0])
(21077, [0])
(21078, [0, 1, 2])
(21079, [0])
(21080, [0])
(21081, [0])
(21082, [0, 2, 4, 16, 17, 19, 40, 43])
(21083, [0])
(21084, [0])
(21085, [0])
(21086, [0])
(21087, [0])
(21088, [0])
(21089, [0])
(21090, [0])
(21091, [0])
(21092, [0])
(21093, [0])
(21094, [0])
(21095, [0])
(21096, [0])
(21097, [0])
(21098, [0])
(21099, [0])
(21100, [0])
(21101, [0, 1, 4, 40])
(21102, [0, 19])
(21103, [0])
(21104, [0])
(21105, [0])
(21106, [0])
(21107, [0])
(21108, [0])
(21109, [0])
(21110, [0])
(21111, [0])
(21112, [0])
(21113, [0])
(21114, [0, 12, 23, 41, 43])
(21115, [0])
(21116, [0])
(21117, [0])
(21118, [0, 3, 10, 38])
(21119, [0])
(21120, [0])
(21121, [0])
(21122, [0])
(21123, [0])
(21124, [0, 1, 2, 3, 19, 21])
(21125, [0, 2, 6, 7, 12, 26, 41, 43, 44])
(21126, [0, 3, 11, 12, 16, 43])
(21127, [0])
(21128, [0])
(21129, [0])
(21130, [0])
(21131, [0])
(21132, [0])
(21133, [0, 1, 17, 42])
(21134, [0])
(21135, [0])
(21136, [0])
(21137, [0])
(21138, [0])
(21139, [0, 12])
(21140, [0, 7, 12, 14, 17, 19, 22, 24, 26, 44])
(21141, [0])
(21142, [0])
(21143, [0, 12])
(21144, [0])
(21145, [0])
(21146, [0, 12])
(21147, [0])
(21148, [0])
(21149, [0])
(21150, [0])
(21151, [0])
(21152, [0])
(21153, [0])
(21154, [0])
(21155, [0])
(21156, [0])
(21157, [0])
(21158, [0, 3])
(21159, [0])
(21160, [0, 1, 3, 6, 7, 12, 21, 22, 30, 42])
(21161, [0])
(21162, [0, 2, 4, 6, 7, 14, 28, 43])
(21163, [0])
(21164, [0])
(21165, [0])
(21166, [0])
(21167, [0])
(21168, [0])
(21169, [0])
(21170, [0])
(21171, [0])
(21172, [0])
(21173, [0])
(21174, [0, 12])
(21175, [0])
(21176, [0])
(21177, [0])
(21178, [0, 1, 3, 11, 12, 21, 23, 42, 44])
(21179, [0])
(21180, [0])
(21181, [0])
(21182, [0])
(21183, [0])
(21184, [0])
(21185, [0])
(21186, [0])
(21187, [0])
(21188, [0, 6, 12])
(21189, [0])
(21190, [0])
(21191, [0])
(21192, [0])
(21193, [0])
(21194, [0])
(21195, [0])
(21196, [0])
(21197, [0])
(21198, [0])
(21199, [0])
(21200, [0])
(21201, [0])
(21202, [0])
(21203, [0, 1, 3])
(21204, [0])
(21205, [0, 3])
(21206, [0, 12, 41])
(21207, [0])
(21208, [0])
(21209, [0])
(21210, [0, 12, 19])
(21211, [0])
(21212, [0])
(21213, [0])
(21214, [0])
(21215, [0])
(21216, [0])
(21217, [0])
(21218, [0])
(21219, [0])
(21220, [0, 12])
(21221, [0, 3, 12, 21, 42, 44])
(21222, [0, 3])
(21223, [0])
(21224, [0])
(21225, [0])
(21226, [0])
(21227, [0])
(21228, [0])
(21229, [0])
(21230, [0])
(21231, [0])
(21232, [0])
(21233, [0])
(21234, [0])
(21235, [0])
(21236, [0])
(21237, [0])
(21238, [0])
(21239, [0])
(21240, [0])
(21241, [0, 12])
(21242, [0])
(21243, [0])
(21244, [0])
(21245, [0])
(21246, [0])
(21247, [0, 12])
(21248, [0])
(21249, [0, 3, 4, 11, 15, 19, 24, 26, 30, 39, 40, 41, 43, 44])
(21250, [0])
(21251, [0])
(21252, [0])
(21253, [0])
(21254, [0])
(21255, [0, 6])
(21256, [0])
(21257, [0])
(21258, [0])
(21259, [0])
(21260, [0, 19])
(21261, [0])
(21262, [0, 16])
(21263, [0, 26])
(21264, [0])
(21265, [0])
(21266, [0])
(21267, [0])
(21268, [0])
(21269, [0])
(21270, [0])
(21271, [0])
(21272, [0])
(21273, [0])
(21274, [0])
(21275, [0])
(21276, [0])
(21277, [0])
(21278, [0])
(21279, [0, 39])
(21280, [0])
(21281, [0])
(21282, [0])
(21283, [11, 22, 38])
(21284, [11, 16, 43, 44])
(21285, [11, 41])
(21286, [11])
(21287, [1, 11])
(21288, [11])
(21289, [11, 21, 28])
(21290, [1, 11, 14, 15, 19, 39])
(21291, [1, 3, 11, 21, 44])
(21292, [11, 23])
(21293, [11])
(21294, [11])
(21295, [11])
(21296, [11])
(21297, [11])
(21298, [2, 7, 11, 26])
(21299, [1, 11])
(21300, [1, 3, 4, 11, 14, 17, 22])
(21301, [11])
(21302, [1, 3, 11, 22])
(21303, [11, 13, 15, 26])
(21304, [11])
(21305, [11, 12])
(21306, [1, 7, 21])
(21307, [7])
(21308, [3, 7])
(21309, [3, 7, 21])
(21310, [7])
(21311, [1, 3, 7])
(21312, [7])
(21313, [7])
(21314, [2, 7, 14, 24, 26, 36])
(21315, [7, 17, 19, 44])
(21316, [7])
(21317, [1, 2, 7, 40])
(21318, [22, 29])
(21319, [1, 29])
(21320, [5, 8, 16])
(21321, [16, 24])
(21322, [16])
(21323, [3, 16])
(21324, [1, 5, 8, 16, 21, 37])
(21325, [16])
(21326, [16])
(21327, [16])
(21328, [16])
(21329, [16])
(21330, [15, 16, 41])
(21331, [16])
(21332, [16, 26])
(21333, [16])
(21334, [16])
(21335, [1, 16])
(21336, [16])
(21337, [16, 23])
(21338, [2, 16, 26, 43])
(21339, [16])
(21340, [1, 3, 21, 42])
(21341, [19, 31, 42])
(21342, [42])
(21343, [3, 23, 42, 44])
(21344, [3, 42])
(21345, [42])
(21346, [1, 2, 6, 12, 42])
(21347, [6])
(21348, [6])
(21349, [6, 31])
(21350, [1, 2, 3, 6, 36, 40])
(21351, [6])
(21352, [2, 6])
(21353, [6])
(21354, [2, 6])
(21355, [6, 12])
(21356, [3, 6])
(21357, [6])
(21358, [6, 31, 41])
(21359, [28])
(21360, [23, 28])
(21361, [28])
(21362, [3, 17, 19, 23, 36, 37, 38])
(21363, [17])
(21364, [17, 19, 24, 41])
(21365, [17])
(21366, [17, 23, 26])
(21367, [1, 2, 3, 17, 23, 44])
(21368, [17, 25])
(21369, [17])
(21370, [17])
(21371, [17, 44])
(21372, [17, 19])
(21373, [17])
(21374, [17])
(21375, [15, 17, 19, 25, 26, 40, 43])
(21376, [17])
(21377, [2, 12, 17])
(21378, [1, 3])
(21379, [1])
(21380, [1, 3, 21, 31])
(21381, [1, 3, 21])
(21382, [1])
(21383, [1, 5])
(21384, [1])
(21385, [1, 12])
(21386, [1, 12])
(21387, [1])
(21388, [1, 26, 30])
(21389, [1, 3])
(21390, [1])
(21391, [1, 3, 4])
(21392, [1])
(21393, [1, 3, 15, 19, 36, 43])
(21394, [1, 2, 3, 23])
(21395, [1])
(21396, [1])
(21397, [1, 2, 44])
(21398, [1, 3, 19])
(21399, [1])
(21400, [1])
(21401, [1])
(21402, [1])
(21403, [1])
(21404, [1])
(21405, [1])
(21406, [1])
(21407, [1, 3, 21])
(21408, [1, 2, 39])
(21409, [1, 12, 19, 22])
(21410, [1])
(21411, [1, 22])
(21412, [1])
(21413, [1, 2, 15, 40])
(21414, [1])
(21415, [1])
(21416, [1, 2, 40])
(21417, [1])
(21418, [1, 2])
(21419, [1])
(21420, [1, 2])
(21421, [1, 3])
(21422, [1, 44])
(21423, [1])
(21424, [1, 24])
(21425, [1])
(21426, [1])
(21427, [1, 3])
(21428, [10])
(21429, [10])
(21430, [10])
(21431, [10, 12])
(21432, [10])
(21433, [10])
(21434, [10])
(21435, [8, 19, 21])
(21436, [3, 19])
(21437, [19])
(21438, [19])
(21439, [4, 19, 26])
(21440, [19])
(21441, [19])
(21442, [2, 19])
(21443, [19])
(21444, [19])
(21445, [19])
(21446, [19])
(21447, [19])
(21448, [15, 19, 44])
(21449, [19])
(21450, [2, 4, 13, 19, 43])
(21451, [19, 43])
(21452, [19])
(21453, [19])
(21454, [4, 19, 21, 22, 24, 36, 41])
(21455, [19, 22])
(21456, [19, 26])
(21457, [19])
(21458, [19])
(21459, [2, 19])
(21460, [19])
(21461, [19])
(21462, [19])
(21463, [2, 14, 19, 40, 41])
(21464, [19])
(21465, [19])
(21466, [19])
(21467, [19])
(21468, [19, 30])
(21469, [19])
(21470, [19])
(21471, [26])
(21472, [26])
(21473, [26])
(21474, [26])
(21475, [26])
(21476, [26])
(21477, [3, 4, 14, 26, 43])
(21478, [26])
(21479, [26])
(21480, [26])
(21481, [26])
(21482, [26])
(21483, [2, 13, 26, 31, 43, 44])
(21484, [26])
(21485, [26])
(21486, [8])
(21487, [8])
(21488, [8, 31])
(21489, [8])
(21490, [8])
(21491, [8])
(21492, [8])
(21493, [8])
(21494, [5, 8])
(21495, [3, 5, 8])
(21496, [8])
(21497, [8])
(21498, [8])
(21499, [8])
(21500, [8, 31])
(21501, [8])
(21502, [5, 8, 23])
(21503, [21])
(21504, [12, 21])
(21505, [21])
(21506, [21])
(21507, [21])
(21508, [21])
(21509, [21, 23])
(21510, [21])
(21511, [21])
(21512, [21])
(21513, [21])
(21514, [21])
(21515, [21])
(21516, [21])
(21517, [21])
(21518, [21])
(21519, [21])
(21520, [21])
(21521, [12, 15, 21])
(21522, [21])
(21523, [21])
(21524, [3, 21])
(21525, [21])
(21526, [21])
(21527, [21])
(21528, [21])
(21529, [21])
(21530, [21])
(21531, [21, 22, 30])
(21532, [21])
(21533, [21])
(21534, [21])
(21535, [21, 23])
(21536, [21])
(21537, [21])
(21538, [21])
(21539, [21])
(21540, [43, 44])
(21541, [44])
(21542, [44])
(21543, [2, 4, 41, 44])
(21544, [43, 44])
(21545, [44])
(21546, [44])
(21547, [44])
(21548, [44])
(21549, [44])
(21550, [44])
(21551, [44])
(21552, [44])
(21553, [44])
(21554, [2, 44])
(21555, [44])
(21556, [44])
(21557, [44])
(21558, [43])
(21559, [43])
(21560, [43])
(21561, [43])
(21562, [40, 43])
(21563, [43])
(21564, [43])
(21565, [43])
(21566, [43])
(21567, [43])
(21568, [43])
(21569, [2, 43])
(21570, [43])
(21571, [43])
(21572, [43])
(21573, [43])
(21574, [2, 43])
(21575, [43])
(21576, [43])
(21577, [14, 43])
(21578, [43])
(21579, [43])
(21580, [43])
(21581, [43])
(21582, [43])
(21583, [14, 43])
(21584, [43])
(21585, [43])
(21586, [23, 43])
(21587, [43])
(21588, [43])
(21589, [43])
(21590, [43])
(21591, [43])
(21592, [43])
(21593, [38])
(21594, [36])
(21595, [36])
(21596, [2, 14, 36])
(21597, [14, 36])
(21598, [36])
(21599, [36])
(21600, [36])
(21601, [30, 36])
(21602, [36])
(21603, [36])
(21604, [36])
(21605, [36])
(21606, [36])
(21607, [36])
(21608, [36])
(21609, [36])
(21610, [36])
(21611, [36])
(21612, [36])
(21613, [36])
(21614, [36])
(21615, [36])
(21616, [36])
(21617, [36])
(21618, [36])
(21619, [36])
(21620, [36])
(21621, [31])
(21622, [31])
(21623, [12, 23, 31])
(21624, [31])
(21625, [15, 30, 31, 39])
(21626, [31])
(21627, [31])
(21628, [31])
(21629, [31])
(21630, [31])
(21631, [31])
(21632, [31])
(21633, [30])
(21634, [30])
(21635, [30])
(21636, [30])
(21637, [30])
(21638, [37])
(21639, [37])
(21640, [37])
(21641, [37])
(21642, [39])
(21643, [39])
(21644, [39])
(21645, [39])
(21646, [39])
(21647, [12, 41])
(21648, [41])
(21649, [41])
(21650, [2, 41])
(21651, [41])
(21652, [41])
(21653, [4, 14, 41])
(21654, [41])
(21655, [2, 3, 4, 41])
(21656, [41])
(21657, [41])
(21658, [23, 41])
(21659, [41])
(21660, [15, 41])
(21661, [41])
(21662, [41])
(21663, [41])
(21664, [41])
(21665, [24])
(21666, [24])
(21667, [24])
(21668, [24])
(21669, [24])
(21670, [24])
(21671, [24])
(21672, [14, 24])
(21673, [24])
(21674, [23])
(21675, [23])
(21676, [23])
(21677, [23])
(21678, [23])
(21679, [23])
(21680, [23])
(21681, [23])
(21682, [23])
(21683, [23])
(21684, [23])
(21685, [23])
(21686, [15, 23])
(21687, [23])
(21688, [23])
(21689, [23])
(21690, [23])
(21691, [23])
(21692, [23])
(21693, [23])
(21694, [23])
(21695, [23])
(21696, [23])
(21697, [23])
(21698, [23])
(21699, [23])
(21700, [23])
(21701, [23])
(21702, [23])
(21703, [23])
(21704, [23])
(21705, [23])
(21706, [23])
(21707, [23])
(21708, [23])
(21709, [23])
(21710, [23])
(21711, [23])
(21712, [23])
(21713, [23])
(21714, [23])
(21715, [23])
(21716, [23])
(21717, [23])
(21718, [23])
(21719, [23])
(21720, [23])
(21721, [23])
(21722, [23])
(21723, [23])
(21724, [23])
(21725, [23])
(21726, [23])
(21727, [23])
(21728, [23])
(21729, [3, 23])
(21730, [4])
(21731, [4])
(21732, [4])
(21733, [4])
(21734, [4])
(21735, [4])
(21736, [4])
(21737, [3, 4])
(21738, [4])
(21739, [4])
(21740, [4])
(21741, [4])
(21742, [4])
(21743, [4])
(21744, [4])
(21745, [15])
(21746, [15])
(21747, [15])
(21748, [15])
(21749, [15])
(21750, [15])
(21751, [15])
(21752, [15])
(21753, [15])
(21754, [14, 15])
(21755, [15])
(21756, [15])
(21757, [2, 15])
(21758, [3])
(21759, [3])
(21760, [3])
(21761, [3, 12])
(21762, [3])
(21763, [3])
(21764, [3])
(21765, [3])
(21766, [3])
(21767, [3])
(21768, [3])
(21769, [3])
(21770, [3])
(21771, [3])
(21772, [2, 3])
(21773, [3])
(21774, [3])
(21775, [3])
(21776, [3])
(21777, [2, 3, 25])
(21778, [3])
(21779, [3])
(21780, [3])
(21781, [3])
(21782, [3])
(21783, [3])
(21784, [3])
(21785, [3])
(21786, [12])
(21787, [12])
(21788, [12])
(21789, [12])
(21790, [12])
(21791, [12])
(21792, [12])
(21793, [12])
(21794, [12])
(21795, [12])
(21796, [12])
(21797, [12])
(21798, [12])
(21799, [12])
(21800, [12])
(21801, [12])
(21802, [12])
(21803, [12])
(21804, [12])
(21805, [12])
(21806, [12])
(21807, [12])
(21808, [12])
(21809, [12])
(21810, [12])
(21811, [12])
(21812, [12])
(21813, [12])
(21814, [12])
(21815, [12])
(21816, [12])
(21817, [12])
(21818, [12])
(21819, [12])
(21820, [12])
(21821, [12])
(21822, [12])
(21823, [12])
(21824, [12])
(21825, [12])
(21826, [12])
(21827, [12])
(21828, [12])
(21829, [12])
(21830, [12])
(21831, [12])
(21832, [12])
(21833, [12])
(21834, [12])
(21835, [2, 5, 12])
(21836, [12])
(21837, [12])
(21838, [40])
(21839, [40])
(21840, [40])
(21841, [14, 40])
(21842, [40])
(21843, [40])
(21844, [40])
(21845, [40])
(21846, [2])
(21847, [2])
(21848, [2])
(21849, [2])
(21850, [2])
(21851, [2])
(21852, [2])
(21853, [2])
(21854, [2])
(21855, [2])
(21856, [2])
(21857, [2])
(21858, [2])
(21859, [2])
(21860, [2])
(21861, [2])
(21862, [2])
(21863, [2])
(21864, [2])
(21865, [2])
(21866, [2])
(21867, [2])
(21868, [2])
(21869, [2])
(21870, [2])
(21871, [2])
(21872, [2])
(21873, [2])
(21874, [2])
(21875, [2])
(21876, [2])
(21877, [2])
(21878, [2])
(21879, [2])
(21880, [2])
(21881, [2])
(21882, [2])
(21883, [2])
(21884, [2])
(21885, [2])
(21886, [2])
(21887, [2])
(21888, [2])
(21889, [2])
(21890, [2])
(21891, [2])
(21892, [2])
(21893, [2])
(21894, [2])
(21895, [2])
(21896, [2])
(21897, [2])
(21898, [2])
(21899, [2])
(21900, [2])
(21901, [2])
(21902, [2])
(21903, [2])
(21904, [2])
(21905, [2])
(21906, [2])
(21907, [2])
(21908, [2])
(21909, [2])
(21910, [2])
(21911, [2])
(21912, [2])
(21913, [2])
(21914, [2])
(21915, [2])
(21916, [2])
(21917, [2])
(21918, [2])
(21919, [2])
(21920, [2])
(21921, [2])
(21922, [2])
(21923, [2])
(21924, [2])
(21925, [2])
(21926, [2])
(21927, [2])
(21928, [2])
(21929, [2])
(21930, [13])
(21931, [13])
(21932, [5])
(21933, [5])
(21934, [5])
(21935, [5])
(21936, [5])
(21937, [5])
(21938, [5])
(21939, [5])
(21940, [5])
(21941, [5])
(21942, [5])
(21943, [5])
(21944, [5])
(21945, [5])
(21946, [5])
(21947, [5])
(21948, [14])
(21949, [14])
(21950, [14])
(21951, [14])
(21952, [14])
(21953, [14])
(21954, [14])
(21955, [14])
(21956, [14])
(21957, [14])
(21958, [14])
(21959, [14])
(21960, [14])
(21961, [14])
(21962, [14])
(21963, [14])
(21964, [14])
(21965, [22])
(21966, [22])
(21967, [22])
(21968, [22])
(21969, [22])
(21970, [22])
(21971, [22])
(21972, [22])
(21973, [22])
(21974, [22])
(21975, [22])
(21976, [25])
