(60376, [0, 1, 2, 3, 4, 5, 6, 7, 8, 9, 10, 11, 12, 13, 14, 15, 16, 17, 18, 19, 20, 21, 22, 23, 24, 25, 26, 27, 28, 29, 30, 31, 32, 33, 34, 35, 36, 37, 38, 39, 40, 41, 42, 43, 44])
(60377, [0, 1, 2, 3, 4, 5, 6, 7, 8, 9, 10, 11, 12, 13, 14, 15, 16, 17, 18, 19, 20, 21, 22, 23, 24, 25, 26, 27, 28, 29, 30, 31, 32, 33, 34, 35, 36, 37, 38, 39, 40, 41, 42, 43, 44])
(60378, [17, 32])
(60379, [0, 1, 2, 3, 4, 5, 6, 7, 8, 9, 10, 11, 12, 13, 14, 15, 16, 17, 18, 19, 20, 21, 22, 23, 24, 25, 26, 27, 28, 29, 30, 31, 32, 33, 34, 35, 36, 37, 38, 39, 40, 41, 42, 43, 44])
(60380, [4, 17, 18, 22, 32, 39])
(60381, [0, 1, 2, 3, 4, 5, 6, 7, 8, 9, 11, 12, 13, 14, 15, 16, 17, 18, 19, 20, 21, 22, 23, 24, 25, 26, 28, 29, 30, 31, 32, 33, 34, 35, 37, 39, 40, 41, 42, 43, 44])
(60382, [0, 1, 2, 3, 4, 5, 6, 7, 8, 9, 10, 11, 12, 13, 14, 15, 16, 17, 18, 19, 20, 21, 22, 23, 24, 25, 26, 27, 28, 29, 30, 31, 32, 33, 34, 35, 36, 37, 38, 39, 40, 41, 42, 43, 44])
(60383, [0, 1, 2, 3, 4, 5, 6, 7, 8, 9, 10, 11, 12, 13, 14, 15, 16, 17, 18, 19, 20, 21, 22, 23, 24, 25, 26, 27, 28, 29, 30, 31, 32, 33, 34, 35, 36, 37, 38, 39, 40, 41, 42, 43, 44])
(60384, [0, 1, 2, 3, 4, 5, 6, 7, 8, 9, 10, 11, 12, 13, 14, 15, 16, 17, 18, 19, 20, 21, 22, 23, 24, 25, 26, 27, 28, 29, 30, 31, 32, 33, 34, 35, 36, 37, 38, 39, 40, 41, 42, 43, 44])
(60385, [0, 1, 2, 3, 4, 5, 6, 7, 8, 9, 10, 11, 12, 13, 14, 15, 16, 17, 18, 19, 20, 21, 22, 23, 24, 25, 26, 27, 28, 29, 30, 31, 32, 33, 34, 35, 36, 37, 38, 39, 40, 41, 42, 43, 44])
(60386, [0, 1, 2, 3, 4, 5, 6, 7, 8, 9, 10, 11, 12, 13, 14, 15, 16, 17, 18, 19, 21, 22, 23, 24, 26, 27, 28, 30, 31, 32, 33, 34, 35, 37, 39, 40, 41, 42, 43, 44])
(60387, [0, 1, 2, 3, 4, 5, 6, 7, 8, 9, 11, 12, 13, 14, 15, 16, 18, 19, 20, 21, 23, 24, 26, 27, 28, 30, 31, 32, 33, 34, 35, 40, 41, 43, 44])
(60388, [0, 1, 2, 3, 4, 5, 6, 7, 8, 9, 10, 11, 12, 13, 14, 15, 16, 17, 18, 19, 20, 21, 22, 23, 24, 25, 26, 27, 28, 29, 30, 31, 32, 33, 34, 35, 36, 37, 38, 39, 40, 41, 42, 43, 44])
(60389, [0, 1, 2, 3, 4, 6, 8, 9, 11, 12, 13, 14, 15, 16, 17, 18, 19, 20, 21, 22, 23, 24, 26, 28, 29, 30, 31, 32, 33, 34, 35, 36, 37, 38, 39, 40, 41, 43, 44])
(60390, [0, 1, 3, 4, 7, 11, 17, 19, 20, 22, 26, 31, 32, 33, 39, 44])
(60391, [0, 1, 2, 3, 4, 6, 9, 10, 11, 12, 14, 15, 19, 20, 23, 24, 26, 28, 31, 32, 33, 34, 36, 44])
(60392, [0, 1, 2, 3, 4, 7, 9, 11, 12, 18, 19, 22, 24, 30, 31, 32, 33, 34, 35, 36, 37, 39, 42, 43])
(60393, [1, 2, 3, 4, 7, 9, 13, 15, 20, 26, 31, 32, 34, 41, 43])
(60394, [0, 1, 2, 6, 9, 11, 15, 18, 24, 30, 31, 32, 33, 34, 38, 41, 43])
(60395, [0, 1, 2, 3, 4, 5, 6, 7, 8, 9, 10, 11, 12, 13, 14, 15, 16, 17, 18, 19, 22, 23, 24, 26, 27, 28, 30, 31, 32, 33, 34, 35, 36, 39, 40, 41, 42, 43, 44])
(60396, [0, 4, 6, 9, 11, 13, 15, 26, 30, 32, 36, 41])
(60397, [0, 1, 2, 3, 4, 5, 6, 7, 8, 9, 10, 11, 12, 13, 14, 15, 16, 17, 18, 19, 20, 21, 23, 24, 25, 26, 27, 28, 29, 30, 31, 32, 33, 34, 35, 36, 40, 41, 42, 43, 44])
(60398, [0, 1, 2, 3, 4, 5, 6, 7, 8, 9, 11, 12, 13, 14, 15, 16, 17, 18, 19, 20, 21, 22, 23, 24, 26, 27, 28, 29, 30, 31, 32, 33, 34, 35, 36, 37, 38, 39, 40, 41, 42, 43, 44])
(60399, [0, 1, 2, 3, 4, 6, 7, 8, 9, 11, 12, 13, 14, 15, 16, 17, 18, 19, 20, 21, 23, 24, 26, 27, 29, 30, 31, 32, 33, 34, 35, 36, 39, 40, 41, 42, 43, 44])
(60400, [1, 2, 4, 6, 9, 15, 17, 18, 19, 22, 24, 32, 34, 41, 42, 43, 44])
(60401, [4, 30, 32])
(60402, [0, 1, 2, 3, 5, 7, 9, 10, 12, 14, 15, 17, 19, 20, 21, 22, 23, 24, 26, 27, 28, 30, 31, 32, 33, 34, 41, 43, 44])
(60403, [1, 19, 22, 30, 31, 32, 33, 34])
(60404, [0, 1, 2, 3, 4, 6, 7, 9, 11, 12, 13, 15, 16, 17, 18, 19, 21, 23, 24, 25, 26, 28, 31, 32, 33, 34, 40, 41, 42, 43, 44])
(60405, [1, 2, 3, 4, 6, 7, 9, 11, 12, 13, 15, 17, 19, 20, 21, 22, 23, 24, 26, 30, 31, 32, 33, 34, 36, 40, 41, 43, 44])
(60406, [0, 1, 3, 4, 5, 6, 7, 8, 9, 11, 12, 13, 15, 18, 20, 21, 23, 26, 27, 30, 31, 32, 33, 34, 35, 37, 39, 40, 43, 44])
(60407, [0, 2, 3, 8, 11, 32, 33, 36, 40, 44])
(60408, [1, 2, 3, 4, 7, 9, 11, 12, 13, 14, 15, 18, 19, 20, 24, 26, 27, 30, 31, 32, 34, 36, 40, 41, 42, 43, 44])
(60409, [0, 1, 2, 3, 4, 5, 6, 7, 8, 9, 11, 12, 13, 14, 15, 16, 17, 18, 19, 20, 21, 22, 23, 24, 26, 27, 29, 30, 31, 32, 33, 34, 35, 36, 38, 39, 40, 41, 42, 43, 44])
(60410, [0, 1, 3, 6, 7, 9, 11, 14, 15, 18, 20, 22, 23, 27, 29, 30, 31, 32, 33, 34, 44])
(60411, [0, 1, 2, 3, 4, 6, 7, 9, 10, 11, 12, 13, 15, 16, 17, 18, 19, 20, 21, 22, 23, 24, 26, 30, 31, 32, 33, 34, 38, 40, 41, 42, 43, 44])
(60412, [0, 1, 4, 6, 8, 9, 10, 11, 12, 13, 14, 15, 16, 17, 18, 19, 20, 21, 22, 23, 24, 27, 30, 31, 32, 33, 34, 35, 38, 41, 43, 44])
(60413, [0, 1, 2, 4, 5, 6, 8, 11, 12, 13, 14, 15, 16, 18, 23, 26, 31, 32, 34, 35, 37, 41, 43, 44])
(60414, [2, 4, 9, 14, 23, 30, 32, 42])
(60415, [1, 2, 3, 19, 23, 32])
(60416, [0, 1, 2, 3, 4, 6, 7, 8, 9, 10, 11, 12, 13, 14, 15, 17, 19, 20, 21, 23, 24, 26, 28, 29, 30, 31, 32, 33, 34, 35, 36, 37, 40, 41, 42, 43, 44])
(60417, [0, 1, 3, 6, 7, 15, 18, 21, 23, 27, 31, 32, 33, 38, 42, 43])
(60418, [0, 2, 7, 9, 11, 15, 18, 20, 27, 30, 31, 32, 33, 34, 36, 39, 41])
(60419, [1, 2, 3, 4, 5, 6, 7, 8, 9, 10, 13, 14, 15, 16, 17, 19, 20, 21, 24, 26, 29, 31, 32, 33, 34, 37, 38, 41, 43, 44])
(60420, [1, 2, 3, 4, 5, 6, 8, 11, 12, 15, 17, 18, 19, 20, 21, 22, 23, 24, 26, 30, 31, 32, 33, 34, 35, 36, 37, 40, 43, 44])
(60421, [1, 2, 3, 4, 6, 7, 9, 11, 12, 13, 14, 15, 16, 17, 18, 19, 20, 21, 23, 24, 26, 27, 28, 30, 31, 32, 33, 34, 36, 39, 40, 41, 43, 44])
(60422, [0, 1, 2, 3, 4, 5, 6, 7, 8, 9, 10, 11, 12, 13, 14, 15, 16, 18, 19, 20, 21, 22, 23, 24, 25, 26, 27, 28, 29, 30, 31, 32, 33, 34, 35, 36, 37, 38, 39, 40, 41, 42, 43, 44])
(60423, [0, 1, 2, 3, 7, 9, 11, 12, 13, 15, 19, 21, 29, 31, 32, 33, 34, 35, 37, 38, 41, 44])
(60424, [6, 8, 23, 32, 40, 43, 44])
(60425, [0, 2, 6, 15, 18, 23, 26, 32, 34, 39, 43])
(60426, [4, 15, 32, 33])
(60427, [1, 3, 18, 19, 32, 39])
(60428, [0, 1, 2, 3, 4, 5, 9, 11, 12, 13, 16, 17, 19, 21, 23, 26, 27, 29, 30, 31, 32, 33, 36, 39, 41, 43, 44])
(60429, [1, 2, 3, 4, 6, 7, 8, 9, 11, 12, 13, 14, 15, 16, 17, 18, 19, 20, 22, 23, 24, 25, 26, 27, 29, 30, 31, 32, 33, 34, 35, 38, 39, 40, 41, 42, 43, 44])
(60430, [0, 1, 2, 3, 4, 5, 6, 8, 9, 10, 11, 12, 15, 16, 17, 18, 19, 20, 21, 22, 23, 24, 26, 29, 30, 31, 32, 33, 34, 35, 36, 38, 39, 40, 41, 43, 44])
(60431, [12, 32])
(60432, [4, 24, 31, 32, 43])
(60433, [0, 2, 9, 15, 17, 18, 23, 26, 30, 31, 32, 40, 41, 43])
(60434, [0, 1, 2, 3, 4, 5, 6, 7, 8, 9, 11, 12, 14, 15, 16, 17, 18, 19, 20, 23, 24, 26, 27, 28, 31, 32, 33, 35, 36, 37, 40, 41, 42, 43, 44])
(60435, [1, 3, 8, 11, 12, 18, 21, 22, 23, 32, 44])
(60436, [0, 1, 2, 3, 12, 14, 15, 31, 32, 44])
(60437, [0, 1, 3, 4, 5, 6, 7, 8, 11, 17, 19, 22, 26, 29, 30, 31, 32, 33, 34, 40, 42, 44])
(60438, [2, 4, 6, 9, 12, 14, 15, 19, 23, 24, 32])
(60439, [1, 2, 3, 8, 22, 30, 32])
(60440, [17, 32, 34, 43])
(60441, [1, 2, 3, 4, 5, 6, 8, 9, 11, 12, 13, 14, 15, 16, 17, 18, 19, 20, 21, 22, 23, 24, 25, 26, 27, 28, 30, 31, 32, 33, 34, 35, 36, 38, 40, 41, 43, 44])
(60442, [32])
(60443, [0, 1, 2, 3, 11, 12, 19, 21, 25, 26, 32, 33, 39])
(60444, [0, 1, 2, 3, 4, 6, 7, 8, 9, 11, 12, 15, 16, 18, 19, 21, 22, 23, 24, 25, 31, 32, 34, 35, 38, 40, 41, 42, 43, 44])
(60445, [0, 1, 2, 3, 6, 10, 14, 15, 18, 23, 28, 32, 35, 43, 44])
(60446, [0, 1, 2, 3, 4, 6, 8, 9, 10, 11, 12, 13, 15, 16, 18, 19, 20, 22, 24, 26, 27, 29, 31, 32, 33, 34, 35, 36, 37, 38, 41, 43, 44])
(60447, [1, 2, 3, 4, 5, 6, 7, 8, 9, 11, 12, 13, 15, 17, 18, 19, 21, 23, 24, 25, 26, 27, 30, 31, 32, 33, 34, 35, 36, 39, 40, 41, 42, 43, 44])
(60448, [0, 2, 4, 6, 9, 12, 13, 14, 15, 17, 20, 26, 27, 30, 32, 36, 41, 43, 44])
(60449, [1, 2, 5, 8, 12, 15, 16, 17, 18, 19, 21, 22, 23, 27, 30, 31, 32, 34, 35, 43])
(60450, [0, 1, 2, 3, 4, 6, 7, 8, 9, 10, 11, 12, 13, 15, 16, 17, 18, 19, 20, 21, 22, 23, 26, 27, 28, 29, 30, 31, 32, 33, 34, 35, 37, 38, 40, 41, 42, 43, 44])
(60451, [0, 1, 2, 3, 6, 9, 12, 16, 20, 21, 23, 26, 32, 42, 43, 44])
(60452, [0, 2, 3, 11, 12, 13, 14, 15, 16, 19, 24, 30, 32, 34, 38, 39, 40, 43, 44])
(60453, [0, 4, 14, 32])
(60454, [1, 6, 11, 13, 15, 32])
(60455, [0, 2, 7, 9, 11, 12, 13, 14, 26, 31, 32, 33, 34, 36, 41])
(60456, [1, 2, 3, 5, 6, 9, 10, 12, 15, 16, 18, 23, 30, 32, 37, 40, 43])
(60457, [4, 11, 12, 13, 15, 18, 19, 23, 32, 35, 36, 43, 44])
(60458, [1, 9, 14, 18, 19, 26, 32, 39, 41, 43, 44])
(60459, [9, 32])
(60460, [15, 30, 32, 34, 43])
(60461, [4, 9, 15, 26, 32, 33, 41, 43])
(60462, [1, 3, 5, 7, 12, 19, 21, 22, 23, 32, 33])
(60463, [2, 23, 32, 33])
(60464, [2, 4, 8, 9, 11, 12, 16, 17, 18, 22, 23, 31, 32, 33, 34, 41, 43])
(60465, [0, 1, 2, 3, 5, 6, 8, 9, 10, 11, 12, 13, 15, 23, 24, 26, 30, 31, 32, 33, 34, 35, 38, 41, 43, 44])
(60466, [7, 9, 11, 12, 13, 19, 32, 33, 34])
(60467, [2, 9, 14, 24, 25, 32, 34, 36, 40])
(60468, [0, 2, 3, 4, 9, 15, 16, 23, 26, 31, 32, 34, 35, 41, 43])
(60469, [31, 32])
(60470, [9, 16, 23, 32, 33, 34])
(60471, [0, 2, 3, 11, 18, 26, 30, 31, 32, 41])
(60472, [4, 7, 8, 9, 20, 23, 30, 32, 34])
(60473, [32])
(60474, [1, 2, 3, 6, 12, 14, 15, 18, 19, 20, 26, 30, 31, 32, 33, 34, 40, 41, 44])
(60475, [18, 26, 32, 33])
(60476, [1, 3, 18, 32])
(60477, [3, 5, 11, 20, 24, 32, 44])
(60478, [32])
(60479, [2, 3, 9, 12, 14, 30, 32, 36])
(60480, [32])
(60481, [32])
(60482, [23, 24, 26, 32, 41])
(60483, [1, 2, 3, 4, 5, 6, 7, 8, 9, 11, 12, 13, 14, 15, 16, 17, 18, 19, 22, 23, 24, 26, 29, 30, 31, 32, 33, 35, 36, 39, 40, 41, 43, 44])
(60484, [0, 1, 2, 3, 4, 5, 8, 9, 11, 12, 14, 15, 16, 18, 21, 24, 26, 30, 31, 32, 33, 34, 41, 42, 43])
(60485, [2, 6, 9, 11, 23, 24, 26, 30, 32, 34])
(60486, [0, 1, 3, 7, 12, 19, 20, 30, 32, 33, 41, 44])
(60487, [0, 1, 2, 3, 4, 7, 8, 9, 11, 12, 13, 14, 16, 17, 18, 19, 20, 24, 26, 28, 29, 30, 31, 32, 33, 34, 37, 39, 44])
(60488, [32])
(60489, [12, 32])
(60490, [0, 1, 2, 3, 4, 5, 6, 7, 8, 9, 10, 11, 12, 13, 14, 15, 16, 18, 19, 20, 21, 22, 23, 24, 25, 26, 27, 28, 29, 30, 31, 33, 34, 35, 36, 37, 38, 39, 40, 41, 42, 43, 44])
(60491, [35])
(60492, [35])
(60493, [0, 1, 2, 4, 12, 14, 17, 18, 19, 21, 22, 26, 30, 33, 35])
(60494, [35])
(60495, [1, 3, 9, 11, 12, 21, 22, 35, 44])
(60496, [12, 34, 35, 43])
(60497, [35])
(60498, [0, 1, 3, 4, 7, 9, 10, 12, 16, 17, 18, 19, 20, 23, 24, 26, 30, 31, 33, 34, 35, 38, 44])
(60499, [15, 23, 35, 37])
(60500, [35])
(60501, [35])
(60502, [35])
(60503, [1, 2, 3, 9, 11, 14, 16, 17, 18, 26, 29, 30, 35, 36, 40, 44])
(60504, [35])
(60505, [35, 43])
(60506, [8, 15, 18, 23, 35, 43])
(60507, [0, 6, 7, 9, 11, 15, 17, 26, 27, 33, 35, 36, 39, 41, 43, 44])
(60508, [1, 2, 3, 9, 11, 12, 13, 14, 16, 17, 18, 19, 23, 26, 30, 31, 33, 34, 35, 37, 43, 44])
(60509, [35])
(60510, [0, 1, 21, 35])
(60511, [0, 1, 2, 3, 6, 7, 15, 18, 21, 22, 23, 35, 39, 44])
(60512, [9, 35])
(60513, [1, 3, 5, 8, 9, 11, 16, 17, 18, 19, 22, 24, 26, 29, 30, 31, 33, 34, 35, 37, 44])
(60514, [35])
(60515, [9, 34, 35, 36, 40, 41, 43])
(60516, [4, 9, 35])
(60517, [35])
(60518, [35])
(60519, [35])
(60520, [34])
(60521, [34])
(60522, [34])
(60523, [1, 3, 7, 10, 11, 12, 20, 21, 26, 31, 33, 34, 40, 41, 42])
(60524, [2, 3, 11, 13, 17, 26, 34, 43])
(60525, [0, 4, 9, 11, 12, 14, 16, 20, 34])
(60526, [0, 2, 14, 17, 18, 31, 34, 41, 43])
(60527, [1, 3, 11, 24, 34, 41, 43])
(60528, [34])
(60529, [0, 12, 13, 14, 16, 26, 33, 34, 41])
(60530, [0, 1, 2, 3, 7, 9, 12, 16, 19, 20, 22, 24, 29, 31, 34, 36, 39, 40, 41, 44])
(60531, [6, 18, 22, 23, 30, 33, 34, 41])
(60532, [0, 1, 2, 3, 7, 9, 10, 11, 12, 15, 17, 19, 24, 26, 28, 30, 31, 33, 34, 43, 44])
(60533, [1, 3, 4, 16, 26, 30, 33, 34, 44])
(60534, [0, 1, 2, 3, 6, 7, 9, 12, 14, 15, 19, 20, 23, 26, 30, 33, 34, 40, 41, 43])
(60535, [3, 4, 13, 15, 26, 30, 33, 34])
(60536, [34])
(60537, [34])
(60538, [34])
(60539, [34])
(60540, [34])
(60541, [34])
(60542, [9, 14, 17, 18, 19, 21, 26, 30, 33, 34])
(60543, [1, 2, 3, 4, 6, 7, 11, 12, 15, 16, 18, 19, 20, 22, 23, 26, 29, 30, 33, 34, 37, 38, 43, 44])
(60544, [1, 21, 30, 33, 34])
(60545, [0, 1, 2, 3, 4, 6, 7, 9, 10, 11, 12, 13, 14, 15, 16, 19, 20, 21, 22, 23, 24, 26, 27, 31, 33, 34, 36, 37, 38, 40, 41, 42, 43, 44])
(60546, [1, 2, 3, 11, 13, 16, 17, 18, 19, 26, 34, 44])
(60547, [0, 4, 9, 12, 14, 18, 28, 34, 43])
(60548, [1, 8, 11, 21, 22, 27, 31, 34])
(60549, [34])
(60550, [0, 2, 4, 5, 6, 9, 12, 14, 15, 17, 19, 23, 30, 34])
(60551, [34])
(60552, [1, 2, 3, 18, 19, 20, 23, 24, 29, 30, 34, 37, 44])
(60553, [0, 34])
(60554, [3, 6, 19, 30, 34])
(60555, [34])
(60556, [0, 1, 2, 3, 9, 11, 12, 13, 15, 26, 33, 34, 41, 44])
(60557, [1, 3, 5, 7, 9, 15, 34, 44])
(60558, [3, 7, 17, 34])
(60559, [34])
(60560, [0, 1, 2, 4, 5, 6, 8, 15, 16, 18, 19, 21, 22, 23, 30, 31, 33, 34, 43])
(60561, [34])
(60562, [0, 12, 19, 34])
(60563, [0, 14, 20, 34])
(60564, [0, 2, 3, 11, 14, 18, 19, 20, 21, 26, 27, 34, 36])
(60565, [20, 31, 34, 41])
(60566, [0, 3, 8, 34, 39, 44])
(60567, [11, 15, 30, 33, 34])
(60568, [34])
(60569, [3, 11, 12, 34])
(60570, [34])
(60571, [34])
(60572, [0, 1, 3, 18, 19, 20, 21, 22, 23, 34])
(60573, [0, 1, 3, 9, 15, 18, 20, 22, 23, 30, 34])
(60574, [18, 31, 34])
(60575, [0, 2, 4, 6, 12, 16, 28, 30, 31, 33, 34, 41, 44])
(60576, [2, 4, 6, 9, 10, 16, 17, 24, 26, 34, 36, 41, 43])
(60577, [34])
(60578, [33])
(60579, [33])
(60580, [2, 19, 26, 33])
(60581, [33])
(60582, [4, 33])
(60583, [33])
(60584, [33])
(60585, [33])
(60586, [0, 2, 7, 11, 12, 21, 28, 33, 36, 39])
(60587, [33])
(60588, [2, 19, 33])
(60589, [33])
(60590, [31, 33])
(60591, [0, 1, 3, 7, 8, 13, 15, 16, 19, 26, 33, 39, 42, 44])
(60592, [33])
(60593, [33])
(60594, [0, 1, 2, 3, 4, 12, 15, 18, 19, 20, 21, 23, 24, 29, 33])
(60595, [2, 16, 33, 41, 43, 44])
(60596, [2, 3, 4, 20, 33])
(60597, [1, 3, 8, 23, 33])
(60598, [0, 2, 11, 21, 33])
(60599, [33])
(60600, [33, 36, 41])
(60601, [33])
(60602, [33])
(60603, [33])
(60604, [9, 24, 26, 31, 33, 43])
(60605, [0, 1, 2, 3, 7, 8, 9, 12, 16, 19, 21, 22, 33, 39, 44])
(60606, [2, 12, 33])
(60607, [1, 3, 7, 8, 31, 33, 37, 41, 44])
(60608, [33])
(60609, [33])
(60610, [1, 3, 9, 11, 18, 19, 21, 26, 31, 33])
(60611, [31, 33])
(60612, [3, 12, 20, 33, 44])
(60613, [0, 9, 12, 19, 33])
(60614, [0, 9, 11, 12, 19, 22, 24, 30, 33, 41])
(60615, [33])
(60616, [1, 3, 6, 8, 11, 33])
(60617, [10, 33, 41])
(60618, [1, 3, 16, 17, 18, 19, 20, 22])
(60619, [1, 2, 3, 6, 11, 15, 16, 19, 20, 30, 31, 38, 40])
(60620, [0, 20])
(60621, [0, 3, 12, 14, 15, 20, 36, 43, 44])
(60622, [20])
(60623, [0, 20])
(60624, [20])
(60625, [1, 10, 12, 15, 20, 23, 30, 43, 44])
(60626, [20])
(60627, [0, 3, 20, 23])
(60628, [1, 3, 7, 9, 15, 20, 30])
(60629, [1, 7, 13, 20, 26, 41])
(60630, [20])
(60631, [2, 13, 20, 44])
(60632, [1, 9, 12, 20])
(60633, [0, 1, 3, 20, 44])
(60634, [20])
(60635, [1, 20])
(60636, [0, 3, 9, 12, 20, 42])
(60637, [18])
(60638, [0, 1, 2, 3, 11, 12, 18, 24, 44])
(60639, [18])
(60640, [18, 19, 29])
(60641, [18])
(60642, [18])
(60643, [18])
(60644, [18])
(60645, [18])
(60646, [18])
(60647, [18])
(60648, [18])
(60649, [18])
(60650, [1, 3, 7, 11, 18, 41])
(60651, [18])
(60652, [18])
(60653, [18])
(60654, [0, 4, 6, 11, 12, 18, 19, 23, 31, 43])
(60655, [18])
(60656, [2, 3, 5, 6, 9, 18, 19, 23])
(60657, [0, 2, 9, 12, 15, 17, 18, 26, 36, 41, 44])
(60658, [15, 17, 18, 23, 41])
(60659, [8, 18, 23])
(60660, [18])
(60661, [3, 18, 23])
(60662, [2, 3, 12, 16, 18, 24, 26, 42])
(60663, [0, 18])
(60664, [15, 18])
(60665, [0, 1, 2, 3, 6, 7, 12, 14, 18, 27, 30, 31, 44])
(60666, [18])
(60667, [18, 23])
(60668, [8, 18])
(60669, [18])
(60670, [1, 3, 4, 8, 11, 16, 18, 19, 23, 43, 44])
(60671, [1, 7, 18, 21, 22, 23])
(60672, [18])
(60673, [18])
(60674, [18])
(60675, [18])
(60676, [18])
(60677, [18])
(60678, [0, 1, 2, 3, 4, 12, 15, 18, 19, 21, 23, 25, 26, 27, 30])
(60679, [3, 6, 12, 18, 41, 43])
(60680, [18])
(60681, [1, 18])
(60682, [18])
(60683, [18])
(60684, [2, 6, 18, 19])
(60685, [1, 2, 3, 18])
(60686, [18])
(60687, [18])
(60688, [18])
(60689, [18])
(60690, [18, 23, 41])
(60691, [11, 18])
(60692, [18])
(60693, [0, 17, 18, 23, 31])
(60694, [0, 8, 9, 15, 18, 19, 23, 24, 26, 27, 30, 41, 42, 43])
(60695, [18])
(60696, [18])
(60697, [3, 13, 18, 24, 26, 41, 44])
(60698, [18])
(60699, [18, 23, 31])
(60700, [18])
(60701, [18])
(60702, [18])
(60703, [18, 23])
(60704, [18])
(60705, [18])
(60706, [18, 23])
(60707, [18])
(60708, [0, 4, 12, 18, 23])
(60709, [18])
(60710, [18, 19, 22])
(60711, [18])
(60712, [18, 26])
(60713, [18])
(60714, [2, 18])
(60715, [1, 5, 18, 23, 42, 43])
(60716, [23, 27, 43])
(60717, [1, 4, 11, 12, 15, 16, 19, 23, 27])
(60718, [27])
(60719, [27])
(60720, [6, 27])
(60721, [0, 2, 17, 24, 27, 28])
(60722, [27])
(60723, [27])
(60724, [27])
(60725, [27])
(60726, [27, 43])
(60727, [27])
(60728, [0, 1, 3, 9, 10, 12, 27, 31, 41, 44])
(60729, [9])
(60730, [9])
(60731, [1, 3, 9, 21, 41])
(60732, [9, 15, 17, 31])
(60733, [1, 3, 9, 41])
(60734, [9])
(60735, [9, 19])
(60736, [9])
(60737, [0, 4, 9, 15, 30])
(60738, [3, 9, 12])
(60739, [1, 3, 7, 8, 9, 19, 23])
(60740, [2, 9, 13, 22, 26, 41])
(60741, [1, 2, 3, 6, 9, 14, 17, 21, 24, 42])
(60742, [9, 44])
(60743, [9, 30])
(60744, [3, 9, 16, 17, 21, 26, 29, 39])
(60745, [0, 3, 9])
(60746, [9])
(60747, [9, 12, 13, 15, 17])
(60748, [9])
(60749, [0, 9, 31])
(60750, [9, 22])
(60751, [9])
(60752, [9, 19])
(60753, [9])
(60754, [0, 9])
(60755, [0, 9])
(60756, [9, 13, 23, 43])
(60757, [9])
(60758, [2, 9, 17, 26, 41])
(60759, [9])
(60760, [6, 9, 13, 15, 23, 24, 26, 41, 43])
(60761, [0, 2, 3, 9, 11, 12, 15, 17, 19, 24, 26, 43, 44])
(60762, [9])
(60763, [9])
(60764, [9])
(60765, [9])
(60766, [9])
(60767, [0, 2, 9, 11])
(60768, [9])
(60769, [9])
(60770, [9])
(60771, [9])
(60772, [0, 9, 22])
(60773, [2, 9, 12, 14, 19, 23, 43, 44])
(60774, [9])
(60775, [9])
(60776, [9])
(60777, [1, 9])
(60778, [9])
(60779, [3, 6, 9, 19, 37, 41])
(60780, [9])
(60781, [0, 2, 9, 10, 12, 14, 17, 26, 36, 41, 44])
(60782, [9])
(60783, [9])
(60784, [2, 9, 17, 44])
(60785, [9])
(60786, [0])
(60787, [0])
(60788, [0, 12])
(60789, [0])
(60790, [0, 12])
(60791, [0])
(60792, [0])
(60793, [0])
(60794, [0])
(60795, [0])
(60796, [0])
(60797, [0, 3, 21])
(60798, [0])
(60799, [0])
(60800, [0])
(60801, [0, 11, 31])
(60802, [0])
(60803, [0])
(60804, [0])
(60805, [0, 12])
(60806, [0])
(60807, [0])
(60808, [0])
(60809, [0, 12])
(60810, [0])
(60811, [0, 6])
(60812, [0])
(60813, [0])
(60814, [0])
(60815, [0, 11, 12])
(60816, [0])
(60817, [0])
(60818, [0, 12])
(60819, [0, 25, 36, 43])
(60820, [0])
(60821, [0])
(60822, [0])
(60823, [0])
(60824, [0])
(60825, [0])
(60826, [0])
(60827, [0])
(60828, [0])
(60829, [0])
(60830, [0])
(60831, [0, 1, 2, 3, 4, 7, 11, 12, 15, 16, 17, 23, 26, 36, 42, 43])
(60832, [0])
(60833, [0])
(60834, [0, 1, 6, 7, 19, 22])
(60835, [0])
(60836, [0])
(60837, [0, 12])
(60838, [0])
(60839, [0])
(60840, [0, 12])
(60841, [0])
(60842, [0])
(60843, [0])
(60844, [0])
(60845, [0])
(60846, [0])
(60847, [0, 2, 6, 12, 36, 44])
(60848, [0])
(60849, [0])
(60850, [0, 12])
(60851, [0])
(60852, [0])
(60853, [0, 11, 31])
(60854, [0])
(60855, [0])
(60856, [0])
(60857, [0, 12])
(60858, [0])
(60859, [0])
(60860, [0])
(60861, [0])
(60862, [0])
(60863, [0])
(60864, [0])
(60865, [0])
(60866, [0])
(60867, [0])
(60868, [0])
(60869, [0])
(60870, [0])
(60871, [0])
(60872, [0])
(60873, [0, 21])
(60874, [0])
(60875, [0])
(60876, [0])
(60877, [0])
(60878, [0])
(60879, [0])
(60880, [0, 4, 11])
(60881, [0])
(60882, [0])
(60883, [0])
(60884, [0, 44])
(60885, [0])
(60886, [0])
(60887, [0])
(60888, [0])
(60889, [0])
(60890, [0])
(60891, [0])
(60892, [0, 15, 17])
(60893, [0, 2, 23])
(60894, [0, 1, 3, 16, 26, 41, 44])
(60895, [0])
(60896, [0])
(60897, [0])
(60898, [0])
(60899, [0])
(60900, [0])
(60901, [0])
(60902, [0])
(60903, [0])
(60904, [0])
(60905, [0])
(60906, [0])
(60907, [0])
(60908, [0])
(60909, [0])
(60910, [0])
(60911, [0])
(60912, [0, 11, 12])
(60913, [0])
(60914, [0])
(60915, [0])
(60916, [0])
(60917, [0, 23])
(60918, [0, 10, 26])
(60919, [0])
(60920, [0])
(60921, [0])
(60922, [0])
(60923, [0])
(60924, [0])
(60925, [0, 12])
(60926, [0, 3, 15])
(60927, [0, 24])
(60928, [0])
(60929, [0])
(60930, [0])
(60931, [0, 1, 12, 42])
(60932, [0])
(60933, [0, 12, 36])
(60934, [0])
(60935, [0])
(60936, [0])
(60937, [0])
(60938, [0])
(60939, [0])
(60940, [0])
(60941, [0])
(60942, [0])
(60943, [0, 30])
(60944, [0])
(60945, [0])
(60946, [0])
(60947, [0, 41])
(60948, [0])
(60949, [0])
(60950, [0])
(60951, [0, 3, 4, 12, 28, 44])
(60952, [0])
(60953, [0])
(60954, [0])
(60955, [0])
(60956, [0])
(60957, [0, 2, 4, 14, 15, 40])
(60958, [0, 2, 12, 19, 41])
(60959, [0])
(60960, [0])
(60961, [0, 12])
(60962, [0])
(60963, [0])
(60964, [0])
(60965, [0])
(60966, [0])
(60967, [0])
(60968, [0, 2])
(60969, [0])
(60970, [0])
(60971, [0])
(60972, [0])
(60973, [0])
(60974, [0])
(60975, [0])
(60976, [0, 1, 3, 41])
(60977, [0, 12])
(60978, [0])
(60979, [0])
(60980, [0, 3])
(60981, [0])
(60982, [0, 12, 19, 44])
(60983, [0])
(60984, [0])
(60985, [0])
(60986, [0])
(60987, [0, 12])
(60988, [0])
(60989, [0])
(60990, [0])
(60991, [0])
(60992, [0])
(60993, [0])
(60994, [0])
(60995, [0])
(60996, [0])
(60997, [0])
(60998, [0, 2, 6, 10, 12, 14, 15, 23, 40, 43])
(60999, [0])
(61000, [0])
(61001, [0])
(61002, [0])
(61003, [0])
(61004, [0])
(61005, [0])
(61006, [0])
(61007, [0])
(61008, [0])
(61009, [0])
(61010, [0])
(61011, [0])
(61012, [0, 12])
(61013, [0])
(61014, [0])
(61015, [0])
(61016, [0])
(61017, [0, 1, 24, 29, 44])
(61018, [0])
(61019, [0])
(61020, [0])
(61021, [0])
(61022, [0])
(61023, [0])
(61024, [0])
(61025, [0])
(61026, [0])
(61027, [0])
(61028, [0])
(61029, [0])
(61030, [0, 3, 31])
(61031, [0])
(61032, [0])
(61033, [0])
(61034, [0])
(61035, [0])
(61036, [0])
(61037, [0])
(61038, [0])
(61039, [0])
(61040, [0])
(61041, [0])
(61042, [3, 11])
(61043, [11])
(61044, [1, 3, 11, 44])
(61045, [11, 19, 22, 40])
(61046, [6, 11, 19])
(61047, [11])
(61048, [2, 11, 15, 24, 26, 40, 43])
(61049, [4, 11, 12, 21, 31])
(61050, [11])
(61051, [11])
(61052, [11])
(61053, [11])
(61054, [11, 44])
(61055, [3, 6, 11, 29])
(61056, [1, 2, 3, 11, 12, 16, 21, 22, 23, 38, 44])
(61057, [11, 26])
(61058, [11])
(61059, [11])
(61060, [11])
(61061, [1, 3, 4, 7, 11, 30, 41, 43, 44])
(61062, [4, 11, 13, 26, 41, 44])
(61063, [2, 3, 4, 6, 11, 12])
(61064, [1, 3, 7, 12, 19, 21, 26])
(61065, [3, 4, 7, 16, 19, 24, 30, 39])
(61066, [7])
(61067, [1, 3, 5, 7, 12, 14, 16, 19, 21, 26, 31])
(61068, [1, 7])
(61069, [7])
(61070, [7])
(61071, [7])
(61072, [2, 7, 13, 14, 28, 36])
(61073, [19, 29])
(61074, [16])
(61075, [1, 2, 4, 16, 40, 41])
(61076, [16])
(61077, [16])
(61078, [16])
(61079, [16])
(61080, [16])
(61081, [16])
(61082, [16])
(61083, [16])
(61084, [16])
(61085, [16])
(61086, [16, 23])
(61087, [16, 28, 41])
(61088, [16])
(61089, [42])
(61090, [1, 42])
(61091, [1, 12, 21, 22, 42])
(61092, [6, 15, 40])
(61093, [1, 2, 3, 6, 23, 40])
(61094, [6])
(61095, [2, 6, 14, 36])
(61096, [6])
(61097, [1, 3, 4, 6, 19, 22])
(61098, [6])
(61099, [6])
(61100, [6])
(61101, [6])
(61102, [6])
(61103, [4, 10, 17, 19, 23, 24, 28, 43])
(61104, [28])
(61105, [28])
(61106, [28, 37])
(61107, [28])
(61108, [28])
(61109, [17])
(61110, [2, 17])
(61111, [15, 17])
(61112, [17])
(61113, [17])
(61114, [17])
(61115, [17])
(61116, [17])
(61117, [17])
(61118, [17])
(61119, [14, 17, 19, 41])
(61120, [2, 14, 15, 17, 41])
(61121, [17])
(61122, [17])
(61123, [8, 17, 19, 24])
(61124, [17, 43])
(61125, [1, 21])
(61126, [1])
(61127, [1])
(61128, [1])
(61129, [1, 3, 19, 22])
(61130, [1])
(61131, [1, 23])
(61132, [1])
(61133, [1, 30])
(61134, [1])
(61135, [1, 19])
(61136, [1])
(61137, [1, 4, 14, 15, 19, 25])
(61138, [1])
(61139, [1, 3, 21])
(61140, [1, 3, 22])
(61141, [1, 19, 31])
(61142, [1, 3, 26])
(61143, [1])
(61144, [1])
(61145, [1, 2, 23])
(61146, [1, 14, 21])
(61147, [1, 3, 21, 40])
(61148, [1, 30])
(61149, [1, 4, 22, 43])
(61150, [1])
(61151, [1, 2])
(61152, [1, 3, 19, 22, 30])
(61153, [1, 3, 23])
(61154, [1])
(61155, [1])
(61156, [1])
(61157, [1])
(61158, [1, 3, 19])
(61159, [1])
(61160, [1])
(61161, [10])
(61162, [10])
(61163, [10])
(61164, [10])
(61165, [10])
(61166, [10])
(61167, [10, 12])
(61168, [10])
(61169, [19])
(61170, [19])
(61171, [12, 19])
(61172, [19])
(61173, [19])
(61174, [19])
(61175, [19])
(61176, [19, 41])
(61177, [19])
(61178, [19])
(61179, [3, 19])
(61180, [19])
(61181, [19])
(61182, [19])
(61183, [19])
(61184, [19])
(61185, [19, 21])
(61186, [3, 19, 21])
(61187, [15, 19, 21, 23, 24, 26, 41])
(61188, [19])
(61189, [19])
(61190, [19])
(61191, [26])
(61192, [26])
(61193, [26])
(61194, [26])
(61195, [3, 26])
(61196, [26])
(61197, [26])
(61198, [3, 26])
(61199, [26, 41])
(61200, [26])
(61201, [3, 15, 26])
(61202, [26])
(61203, [2, 26])
(61204, [26, 41])
(61205, [13, 26])
(61206, [26])
(61207, [8])
(61208, [8])
(61209, [8])
(61210, [8])
(61211, [8])
(61212, [5, 8, 12, 23, 37])
(61213, [8])
(61214, [8])
(61215, [8])
(61216, [8])
(61217, [8])
(61218, [8])
(61219, [2, 21])
(61220, [21])
(61221, [21])
(61222, [21])
(61223, [21])
(61224, [21])
(61225, [21, 44])
(61226, [21])
(61227, [21])
(61228, [21])
(61229, [3, 15, 21, 23])
(61230, [21])
(61231, [21])
(61232, [21])
(61233, [21])
(61234, [3, 12, 21])
(61235, [12, 21])
(61236, [21])
(61237, [21])
(61238, [21])
(61239, [21])
(61240, [21])
(61241, [21])
(61242, [21])
(61243, [21])
(61244, [21])
(61245, [21])
(61246, [21])
(61247, [21])
(61248, [21])
(61249, [4, 21])
(61250, [21])
(61251, [21])
(61252, [21])
(61253, [21])
(61254, [21])
(61255, [21])
(61256, [13, 21])
(61257, [21])
(61258, [21])
(61259, [21])
(61260, [21])
(61261, [21])
(61262, [3, 4, 21, 41])
(61263, [21])
(61264, [14, 44])
(61265, [12, 37, 44])
(61266, [44])
(61267, [44])
(61268, [44])
(61269, [44])
(61270, [44])
(61271, [30, 44])
(61272, [44])
(61273, [44])
(61274, [44])
(61275, [44])
(61276, [44])
(61277, [44])
(61278, [44])
(61279, [44])
(61280, [44])
(61281, [44])
(61282, [41, 43, 44])
(61283, [3, 44])
(61284, [4, 44])
(61285, [43])
(61286, [25, 43])
(61287, [43])
(61288, [43])
(61289, [43])
(61290, [43])
(61291, [43])
(61292, [43])
(61293, [43])
(61294, [43])
(61295, [43])
(61296, [41, 43])
(61297, [43])
(61298, [43])
(61299, [43])
(61300, [43])
(61301, [43])
(61302, [43])
(61303, [43])
(61304, [43])
(61305, [43])
(61306, [30, 41, 43])
(61307, [43])
(61308, [43])
(61309, [43])
(61310, [2, 4, 43])
(61311, [43])
(61312, [43])
(61313, [43])
(61314, [5, 43])
(61315, [43])
(61316, [2, 43])
(61317, [4, 31, 43])
(61318, [43])
(61319, [43])
(61320, [43])
(61321, [43])
(61322, [43])
(61323, [38])
(61324, [36])
(61325, [36])
(61326, [36, 39])
(61327, [36])
(61328, [36])
(61329, [36])
(61330, [2, 14, 36])
(61331, [36])
(61332, [36])
(61333, [36])
(61334, [36])
(61335, [36])
(61336, [36])
(61337, [36])
(61338, [36])
(61339, [36])
(61340, [2, 14, 36])
(61341, [14, 36])
(61342, [36])
(61343, [36])
(61344, [36])
(61345, [2, 36, 39])
(61346, [36])
(61347, [36])
(61348, [36])
(61349, [36])
(61350, [36])
(61351, [36])
(61352, [36])
(61353, [31])
(61354, [31])
(61355, [31])
(61356, [31])
(61357, [31])
(61358, [31])
(61359, [31])
(61360, [31])
(61361, [4, 15, 23, 31])
(61362, [30])
(61363, [30])
(61364, [30])
(61365, [30])
(61366, [30])
(61367, [30])
(61368, [30])
(61369, [30])
(61370, [30])
(61371, [23, 30])
(61372, [3, 30, 40])
(61373, [30])
(61374, [30])
(61375, [30])
(61376, [37])
(61377, [37])
(61378, [2, 37])
(61379, [39])
(61380, [39])
(61381, [39])
(61382, [39])
(61383, [39])
(61384, [4, 39])
(61385, [41])
(61386, [2, 41])
(61387, [41])
(61388, [41])
(61389, [41])
(61390, [13, 41])
(61391, [41])
(61392, [23, 41])
(61393, [41])
(61394, [41])
(61395, [41])
(61396, [24])
(61397, [2, 12, 24])
(61398, [24])
(61399, [2, 24])
(61400, [24])
(61401, [24, 40])
(61402, [24])
(61403, [24])
(61404, [24])
(61405, [23])
(61406, [23])
(61407, [23])
(61408, [23])
(61409, [23])
(61410, [23])
(61411, [23])
(61412, [23])
(61413, [23])
(61414, [23])
(61415, [23])
(61416, [23])
(61417, [23])
(61418, [23])
(61419, [23])
(61420, [23])
(61421, [23])
(61422, [23])
(61423, [23])
(61424, [23])
(61425, [23])
(61426, [23])
(61427, [23])
(61428, [23])
(61429, [23])
(61430, [23])
(61431, [23])
(61432, [23])
(61433, [23])
(61434, [23])
(61435, [23])
(61436, [23])
(61437, [23])
(61438, [23])
(61439, [23])
(61440, [23])
(61441, [4, 23])
(61442, [23])
(61443, [23])
(61444, [23])
(61445, [23])
(61446, [23])
(61447, [23])
(61448, [23])
(61449, [23])
(61450, [23])
(61451, [23])
(61452, [23])
(61453, [4, 22])
(61454, [4])
(61455, [4])
(61456, [4])
(61457, [4])
(61458, [4])
(61459, [4])
(61460, [4, 5])
(61461, [4])
(61462, [4])
(61463, [4])
(61464, [4])
(61465, [4])
(61466, [4])
(61467, [4])
(61468, [4])
(61469, [4])
(61470, [4])
(61471, [15])
(61472, [15])
(61473, [2, 15])
(61474, [15])
(61475, [15])
(61476, [15])
(61477, [15])
(61478, [15])
(61479, [15])
(61480, [15])
(61481, [15])
(61482, [15])
(61483, [15])
(61484, [15])
(61485, [15])
(61486, [15])
(61487, [3])
(61488, [3])
(61489, [3])
(61490, [3])
(61491, [3])
(61492, [3])
(61493, [3])
(61494, [3])
(61495, [3])
(61496, [3])
(61497, [3])
(61498, [3])
(61499, [3, 22])
(61500, [3])
(61501, [3])
(61502, [3])
(61503, [3, 12])
(61504, [3])
(61505, [3])
(61506, [3])
(61507, [3])
(61508, [3])
(61509, [3, 14])
(61510, [3])
(61511, [3])
(61512, [3])
(61513, [3])
(61514, [3])
(61515, [3])
(61516, [3])
(61517, [3])
(61518, [3])
(61519, [3])
(61520, [3])
(61521, [3])
(61522, [3])
(61523, [12])
(61524, [12])
(61525, [12])
(61526, [2, 12])
(61527, [12])
(61528, [12])
(61529, [12])
(61530, [12])
(61531, [12])
(61532, [12])
(61533, [12])
(61534, [12])
(61535, [12])
(61536, [12])
(61537, [12])
(61538, [12])
(61539, [12])
(61540, [12])
(61541, [12])
(61542, [12])
(61543, [12])
(61544, [12])
(61545, [12])
(61546, [12])
(61547, [12])
(61548, [12])
(61549, [12])
(61550, [12])
(61551, [12])
(61552, [12])
(61553, [12])
(61554, [12])
(61555, [12])
(61556, [12])
(61557, [12])
(61558, [12])
(61559, [12])
(61560, [12])
(61561, [12])
(61562, [12])
(61563, [12])
(61564, [12])
(61565, [12])
(61566, [12])
(61567, [12])
(61568, [12])
(61569, [12])
(61570, [12])
(61571, [12])
(61572, [12])
(61573, [12])
(61574, [12])
(61575, [12])
(61576, [12])
(61577, [12])
(61578, [12])
(61579, [12])
(61580, [40])
(61581, [40])
(61582, [40])
(61583, [2, 14, 40])
(61584, [40])
(61585, [2])
(61586, [2])
(61587, [2])
(61588, [2])
(61589, [2])
(61590, [2])
(61591, [2])
(61592, [2])
(61593, [2])
(61594, [2])
(61595, [2])
(61596, [2])
(61597, [2])
(61598, [2])
(61599, [2])
(61600, [2])
(61601, [2])
(61602, [2])
(61603, [2])
(61604, [2])
(61605, [2])
(61606, [2])
(61607, [2])
(61608, [2])
(61609, [2])
(61610, [2])
(61611, [2])
(61612, [2])
(61613, [2])
(61614, [2])
(61615, [2])
(61616, [2])
(61617, [2])
(61618, [2])
(61619, [2])
(61620, [2])
(61621, [2])
(61622, [2])
(61623, [2])
(61624, [2])
(61625, [2])
(61626, [2])
(61627, [2])
(61628, [2])
(61629, [2])
(61630, [2])
(61631, [2])
(61632, [2])
(61633, [2])
(61634, [2])
(61635, [2])
(61636, [2])
(61637, [2])
(61638, [2])
(61639, [2])
(61640, [2])
(61641, [2])
(61642, [2])
(61643, [2])
(61644, [2])
(61645, [2])
(61646, [2])
(61647, [2])
(61648, [2])
(61649, [2])
(61650, [2])
(61651, [2])
(61652, [2])
(61653, [2])
(61654, [2])
(61655, [2])
(61656, [2])
(61657, [2])
(61658, [2])
(61659, [2])
(61660, [2])
(61661, [2])
(61662, [2])
(61663, [2])
(61664, [2])
(61665, [2])
(61666, [2])
(61667, [2])
(61668, [2])
(61669, [13])
(61670, [13])
(61671, [13])
(61672, [5])
(61673, [5])
(61674, [5])
(61675, [5])
(61676, [5])
(61677, [5])
(61678, [5])
(61679, [5])
(61680, [14])
(61681, [14])
(61682, [14])
(61683, [14])
(61684, [14])
(61685, [14])
(61686, [14])
(61687, [14])
(61688, [14])
(61689, [14])
(61690, [14])
(61691, [14])
(61692, [14])
(61693, [14])
(61694, [14])
(61695, [14])
(61696, [22])
(61697, [22])
(61698, [22])
(61699, [22])
(61700, [22])
(61701, [22])
(61702, [22])
(61703, [22])
(61704, [22])
(61705, [22])
(61706, [22])
(61707, [22])
(61708, [25])
