(41245, [32, 35, 34, 33, 20, 18, 27, 9, 0, 11, 7, 29, 16, 42, 6, 28, 17, 1, 10, 19, 26, 8, 21, 44, 43, 38, 36, 31, 30, 37, 39, 41, 24, 23, 4, 15, 3, 12, 40, 2, 13, 5, 14, 22, 25])
(41246, [32, 35, 34, 33, 20, 18, 27, 9, 0, 11, 7, 29, 16, 42, 6, 28, 17, 1, 10, 19, 26, 8, 21, 44, 43, 38, 36, 31, 30, 37, 39, 41, 24, 23, 4, 15, 3, 12, 2, 13, 5, 14, 22])
(41247, [32, 35, 34, 33, 20, 18, 9, 0, 11, 29, 16, 42, 6, 17, 1, 26, 8, 21, 44, 43, 38, 31, 30, 37, 39, 41, 23, 4, 15, 3, 12, 2, 13, 5, 22])
(41248, [32, 17, 19, 21, 22])
(41249, [32, 35, 34, 33, 20, 18, 27, 9, 0, 11, 7, 29, 16, 42, 6, 28, 17, 1, 10, 19, 26, 8, 21, 44, 43, 38, 36, 31, 30, 37, 39, 41, 24, 23, 4, 15, 3, 12, 40, 2, 13, 5, 14, 22, 25])
(41250, [32, 35, 34, 33, 20, 18, 27, 9, 0, 11, 7, 29, 16, 42, 6, 28, 17, 1, 10, 19, 26, 8, 21, 44, 43, 38, 36, 31, 30, 37, 39, 41, 24, 23, 4, 15, 3, 12, 40, 2, 13, 5, 14, 22, 25])
(41251, [32, 34, 33, 17, 44, 12, 2])
(41252, [32, 35, 34, 33, 20, 18, 27, 9, 0, 11, 7, 29, 16, 42, 6, 28, 17, 1, 10, 19, 26, 8, 21, 44, 43, 38, 36, 31, 30, 37, 39, 41, 24, 23, 4, 15, 3, 12, 40, 2, 13, 5, 14, 22, 25])
(41253, [32, 35, 34, 33, 20, 18, 27, 9, 0, 11, 7, 29, 16, 42, 6, 28, 17, 1, 10, 19, 26, 8, 21, 44, 43, 38, 36, 31, 30, 37, 39, 41, 24, 23, 4, 15, 3, 12, 40, 2, 13, 5, 14, 22, 25])
(41254, [32, 35, 34, 33, 20, 18, 27, 9, 0, 11, 7, 29, 16, 42, 6, 28, 17, 1, 10, 19, 26, 8, 21, 44, 43, 38, 36, 31, 30, 37, 39, 41, 24, 23, 4, 15, 3, 12, 40, 2, 13, 5, 14, 22, 25])
(41255, [32, 35, 34, 33, 18, 9, 11, 7, 17, 1, 19, 8, 21, 44, 43, 38, 36, 31, 30, 39, 41, 24, 23, 4, 15, 3, 12, 40, 2, 13, 14, 22])
(41256, [32, 35, 34, 33, 20, 18, 27, 9, 0, 11, 7, 16, 42, 6, 28, 17, 1, 10, 19, 26, 8, 21, 44, 43, 36, 31, 30, 37, 39, 41, 24, 23, 4, 15, 3, 12, 2, 5, 14, 25])
(41257, [32, 20, 0, 11, 17, 1, 44, 31, 39, 41, 4, 15, 3, 2])
(41258, [32, 34, 33, 9, 11, 7, 42, 6, 17, 1, 19, 8, 21, 44, 43, 31, 30, 23, 4, 15, 3, 12, 40, 2, 14, 22])
(41259, [32, 20, 27, 9, 42, 6, 28, 17, 1, 19, 21, 43, 30, 41, 24, 23, 4, 15, 3, 12, 2, 14])
(41260, [32, 34, 33, 0, 1, 21, 44, 38, 30, 39, 4, 3, 12])
(41261, [32, 35, 34, 33, 20, 18, 27, 9, 0, 11, 7, 16, 42, 6, 17, 1, 10, 19, 26, 21, 44, 43, 31, 30, 41, 24, 4, 15, 3, 12, 2, 13, 5, 14, 22])
(41262, [32, 33, 0, 11, 29, 1, 19, 26, 8, 21, 44, 15, 3, 5])
(41263, [32, 34, 33, 18, 9, 11, 7, 6, 17, 1, 19, 26, 21, 44, 43, 36, 31, 30, 41, 24, 23, 4, 15, 3, 40, 2, 13])
(41264, [32, 18, 9, 0, 17, 1, 26, 8, 44, 43, 30, 41, 4, 12, 2, 14, 22])
(41265, [32, 34, 33, 20, 18, 27, 9, 0, 11, 16, 42, 6, 28, 1, 44, 43, 31, 30, 41, 24, 15, 3, 12, 40, 2, 14])
(41266, [32])
(41267, [32, 35, 34, 33, 18, 9, 0, 11, 42, 6, 28, 17, 1, 10, 19, 44, 43, 36, 31, 30, 39, 41, 24, 4, 15, 3, 40, 2, 14])
(41268, [32, 20, 18, 27, 9, 0, 11, 28, 43, 30, 39, 41, 24, 4, 15, 12, 40, 2, 14])
(41269, [32, 35, 34, 33, 20, 18, 9, 0, 11, 7, 6, 17, 19, 8, 44, 43, 31, 30, 39, 41, 24, 4, 15, 12, 40, 2, 13, 14, 22])
(41270, [32, 35, 34, 33, 18, 9, 0, 11, 6, 1, 10, 19, 26, 43, 31, 30, 41, 24, 23, 4, 15, 12, 2, 13, 22])
(41271, [32, 34, 9, 0, 1, 19, 26, 44, 43, 31, 30, 41, 24, 15, 3, 40, 13])
(41272, [32, 35, 34, 33, 20, 18, 27, 9, 0, 11, 7, 29, 16, 42, 6, 17, 1, 19, 26, 8, 21, 44, 43, 38, 36, 31, 30, 37, 41, 24, 23, 4, 15, 3, 12, 40, 2, 13, 5, 14, 22])
(41273, [32, 34, 7, 6, 43, 41, 3])
(41274, [32, 34, 33, 18, 27, 9, 11, 16, 42, 6, 28, 1, 10, 19, 26, 8, 21, 44, 43, 38, 36, 31, 30, 37, 39, 41, 23, 4, 15, 3, 12, 40, 2, 22])
(41275, [32, 35, 34, 33, 18, 9, 11, 16, 6, 17, 1, 19, 26, 44, 43, 36, 31, 30, 37, 41, 24, 4, 15, 3, 12, 40, 2, 13, 14, 25])
(41276, [32, 35, 34, 33, 20, 18, 9, 0, 11, 28, 17, 1, 19, 26, 8, 21, 44, 43, 38, 31, 30, 37, 41, 24, 23, 15, 3, 12, 2, 13, 14])
(41277, [32, 34, 0, 11, 31, 15, 3, 12, 2])
(41278, [32, 35, 33, 18, 9, 0, 11, 26, 31, 41, 23, 15])
(41279, [32, 33, 31, 30])
(41280, [32, 11, 7, 16, 6, 1, 44, 43, 30, 24, 23, 3, 2, 14])
(41281, [32, 35, 34, 33, 18, 27, 9, 0, 11, 29, 16, 42, 6, 17, 1, 19, 26, 8, 21, 44, 43, 38, 31, 30, 37, 41, 24, 23, 4, 15, 3, 12, 40, 2, 13, 5, 14, 22, 25])
(41282, [32, 35, 34, 33, 20, 18, 27, 9, 0, 11, 7, 16, 42, 6, 17, 1, 10, 19, 26, 8, 21, 44, 43, 36, 31, 30, 37, 41, 24, 23, 4, 15, 3, 12, 40, 2, 13, 5, 22])
(41283, [32, 35, 33, 20, 18, 27, 9, 0, 11, 7, 16, 42, 6, 17, 1, 10, 19, 26, 21, 44, 43, 38, 31, 30, 41, 23, 15, 3, 12, 40, 2, 13, 14, 22])
(41284, [32, 34, 9, 7, 1, 26, 44, 30, 24, 23, 4, 15, 2])
(41285, [32, 9, 1, 3])
(41286, [32, 18, 27, 11, 7, 16, 42, 6, 1, 19, 21, 44, 43, 38, 31, 30, 37, 23, 4, 15, 3, 12, 2, 5])
(41287, [32, 34, 33, 20, 18, 9, 11, 7, 16, 42, 6, 17, 1, 10, 19, 26, 8, 21, 44, 43, 38, 31, 30, 41, 24, 23, 4, 15, 3, 12, 40, 2, 13, 14])
(41288, [32, 33, 42, 1, 26, 30, 23])
(41289, [32, 33, 14])
(41290, [32])
(41291, [32, 33, 20, 19, 21, 43, 31, 3])
(41292, [32, 33, 20, 9, 6, 41, 3, 12])
(41293, [32, 33, 20, 18, 9, 11, 16, 28, 10, 26, 31, 41, 24, 23, 15, 3, 2, 13])
(41294, [32, 35, 34, 33, 18, 9, 16, 6, 1, 19, 26, 8, 21, 43, 31, 30, 37, 39, 41, 23, 4, 15, 3, 12, 40])
(41295, [32, 33, 27, 9, 0, 11, 42, 6, 28, 1, 26, 8, 44, 43, 31, 30, 24, 23, 4, 15, 40, 2, 14])
(41296, [32, 18, 6, 1, 44, 36, 41, 24, 23, 4, 15])
(41297, [32, 35, 34, 20, 18, 27, 9, 0, 11, 16, 42, 6, 17, 1, 10, 19, 26, 8, 21, 44, 43, 36, 31, 30, 37, 41, 24, 23, 4, 15, 3, 40, 2, 13, 5, 22])
(41298, [32, 18, 9, 0, 29, 42, 6, 28, 17, 1, 19, 26, 44, 43, 31, 30, 4, 15, 3, 2, 22])
(41299, [32, 35, 33, 18, 11, 29, 1, 43, 31, 23, 3, 12, 13])
(41300, [32, 34, 18])
(41301, [32, 11, 4])
(41302, [32, 34, 18, 9, 0, 11, 6, 26, 43, 31, 30, 23, 4, 15, 14])
(41303, [32, 18, 9, 6, 26, 43, 31, 30, 41, 23, 15])
(41304, [32, 34, 18, 0, 11, 7, 6, 1, 19, 44, 43, 38, 31, 23, 15, 2])
(41305, [32])
(41306, [32, 0, 42, 15, 3, 22])
(41307, [32, 33, 9, 0, 7, 6, 17, 19, 8, 21, 44, 31, 15, 3, 13])
(41308, [32, 24, 15, 40])
(41309, [32, 35, 34, 33, 20, 18, 9, 29, 16, 42, 6, 17, 10, 19, 26, 8, 21, 44, 31, 30, 37, 41, 24, 23, 4, 3, 12, 2, 13, 5])
(41310, [32, 9])
(41311, [32, 35, 34, 20, 18, 11, 16, 6, 28, 1, 19, 26, 8, 44, 43, 31, 30, 41, 24, 23, 4, 15, 3, 22])
(41312, [32, 34, 33, 1, 31, 30, 23, 3])
(41313, [32, 34, 33, 9, 11, 1, 26, 43, 31, 24, 23, 4, 3, 2])
(41314, [32, 33, 20, 9, 16, 1, 19, 39, 3, 12])
(41315, [32, 35, 34, 33, 18, 0, 7, 42, 6, 17, 1, 10, 19, 26, 21, 44, 43, 36, 31, 30, 37, 41, 23, 3, 2, 13, 5, 22])
(41316, [32, 35, 34, 33, 18, 11, 7, 17, 1, 19, 30, 3, 2])
(41317, [32, 35, 18, 9, 11, 6, 17, 1, 19, 26, 8, 21, 44, 43, 38, 31, 41, 23, 4, 3, 12, 2, 13, 5, 22])
(41318, [32, 34, 33, 11, 1, 19, 44, 43, 30, 4, 15, 3, 2])
(41319, [32, 9, 19, 26, 2])
(41320, [32, 34, 20, 9, 0, 11, 6, 17, 1, 19, 43, 31, 30, 41, 24, 23, 3, 12, 2, 14])
(41321, [32, 20, 18, 0, 11, 29, 42, 28, 43, 30, 24, 23, 12, 2])
(41322, [32, 11, 21, 30])
(41323, [32, 0, 28, 10, 19, 31, 15, 3, 12, 5])
(41324, [32, 35, 34, 33, 20, 27, 9, 0, 16, 1, 26, 44, 43, 31, 24, 23, 4, 15, 3, 12, 2, 13, 5])
(41325, [32, 0, 17, 36, 31, 39, 24, 12, 2, 14])
(41326, [32, 35, 34, 33, 9, 16, 6, 26, 43, 36, 30, 41, 24, 23, 15, 12, 40, 2, 14])
(41327, [32, 9, 0, 11, 17, 4, 3, 12, 2])
(41328, [32, 34, 33, 9, 0, 6, 26, 30, 2, 14])
(41329, [32, 35, 18, 0, 11, 7, 42, 10, 19, 26, 38, 31, 30, 24, 23, 4, 3, 12, 2, 22])
(41330, [32, 33, 44])
(41331, [32, 34, 33, 20, 11, 7, 16, 42, 17, 19, 26, 44, 30, 4, 15, 12, 13])
(41332, [32, 34, 33, 20, 18, 9, 11, 7, 1, 19, 21, 44, 38, 36, 30, 23, 3, 2, 14, 22])
(41333, [35])
(41334, [35, 16, 8, 21, 37, 24, 23, 5])
(41335, [35])
(41336, [35, 1, 19, 8, 21, 24, 4])
(41337, [35])
(41338, [35, 33, 20, 18, 9, 0, 7, 29, 6, 28, 17, 1, 19, 21, 43, 38, 31, 37, 23, 4, 15, 3, 40, 2, 13, 14, 22])
(41339, [35, 20, 18, 9, 0, 11, 7, 29, 16, 42, 28, 1, 19, 26, 8, 21, 44, 43, 38, 36, 31, 37, 39, 41, 24, 23, 4, 15, 3, 12, 2, 13, 5, 22])
(41340, [35, 34, 33, 20, 18, 9, 0, 11, 7, 16, 42, 6, 17, 1, 10, 19, 26, 44, 43, 38, 36, 30, 39, 41, 24, 23, 4, 15, 3, 12, 2, 13, 14, 22])
(41341, [35, 33, 18, 27, 0, 11, 29, 16, 42, 1, 19, 8, 21, 44, 43, 36, 23, 15, 3, 12, 40, 2, 5, 14, 22])
(41342, [35, 18, 8])
(41343, [35, 34, 20, 6, 28, 19, 26, 31, 23, 15])
(41344, [35])
(41345, [35, 34, 9, 28, 26, 43, 36, 41, 24, 12, 2])
(41346, [35])
(41347, [35])
(41348, [35, 16])
(41349, [35, 34, 27, 0, 11, 16, 42, 28, 17, 1, 19, 26, 21, 44, 43, 30, 24, 23, 4, 15, 3, 2, 14])
(41350, [35])
(41351, [35, 6, 44, 12])
(41352, [35, 11, 44, 43, 23])
(41353, [35, 33, 20, 0, 11, 28, 1, 19, 21, 44, 36, 31, 23, 3, 12, 14])
(41354, [35, 20, 0, 1, 19, 44, 3, 22])
(41355, [35, 43])
(41356, [35])
(41357, [35])
(41358, [35, 11, 29, 28, 1, 21, 44, 31, 41, 23, 3, 12])
(41359, [35, 20, 0])
(41360, [35])
(41361, [35])
(41362, [35, 18, 9, 7, 1, 19, 21, 30, 39, 4, 15, 3, 12, 22])
(41363, [35])
(41364, [35])
(41365, [35])
(41366, [35, 33, 16, 42, 1, 19, 26, 21, 44, 43, 31, 4, 3, 2])
(41367, [35])
(41368, [35, 9, 1, 26, 21, 4, 3, 12, 2, 22])
(41369, [35])
(41370, [34, 20, 9, 0, 11, 7, 16, 42, 6, 17, 1, 19, 26, 44, 38, 4, 15, 3, 2])
(41371, [34, 1])
(41372, [34, 12])
(41373, [34])
(41374, [34, 33, 20, 18, 0, 1, 31, 30, 37, 41, 24, 12, 13, 5, 22])
(41375, [34])
(41376, [34])
(41377, [34, 33, 0, 11, 16, 17, 1, 19, 44, 43, 36, 23, 12, 2, 22])
(41378, [34, 12])
(41379, [34, 33, 17, 19, 30])
(41380, [34, 17, 8, 44, 31, 40])
(41381, [34, 33, 11, 7, 26, 43, 30, 2, 13])
(41382, [34, 20, 1, 44, 39, 4, 3, 22])
(41383, [34, 9, 0, 11, 16, 6, 1, 10, 26, 39, 24, 3, 2, 13, 14])
(41384, [34, 12])
(41385, [34])
(41386, [34, 7])
(41387, [34, 33, 3])
(41388, [34, 9, 6, 10, 19, 31, 23, 3, 2])
(41389, [34])
(41390, [34])
(41391, [34, 33, 9, 11, 16, 1, 26, 3, 12, 40, 2])
(41392, [34, 33, 18, 9, 11, 1, 19, 21, 43, 38, 30, 41, 3, 40, 2, 22])
(41393, [34, 31])
(41394, [34, 11, 26, 44])
(41395, [34, 30])
(41396, [34, 20, 11, 16, 17, 19, 26, 44, 4, 15, 3, 12, 2, 13, 14])
(41397, [34])
(41398, [34, 33, 9, 11, 16, 26, 44, 41, 24, 23, 3, 2, 13, 14])
(41399, [34])
(41400, [34, 33, 20, 9, 0, 11, 7, 16, 42, 28, 1, 19, 44, 31, 39, 41, 23, 15, 3, 12, 40, 5, 14])
(41401, [34, 16, 19, 30])
(41402, [34, 18, 9, 0, 19, 8, 43, 23, 3, 12, 2, 14])
(41403, [34, 33, 19, 31, 30, 41, 23])
(41404, [34, 0, 16, 43, 38, 12, 2, 14])
(41405, [34, 11, 7, 1, 10, 38, 41, 3, 12])
(41406, [34])
(41407, [34])
(41408, [34])
(41409, [34, 18, 29, 16, 1, 43, 36, 31])
(41410, [34])
(41411, [34, 20, 18, 9, 0, 11, 7, 16, 42, 1, 26, 43, 31, 41, 4, 15, 3, 12, 2, 13])
(41412, [34, 33, 18, 0, 16, 17, 1, 19, 21, 44, 36, 31, 30, 39, 23, 4, 3, 12, 40])
(41413, [34, 11, 6, 17, 1, 8, 21, 44, 43, 23, 15, 3, 2, 22])
(41414, [34])
(41415, [34, 33, 0, 11, 16, 1, 21, 44, 43, 31, 30, 41, 23, 3, 12, 2, 14, 22])
(41416, [34, 1, 31, 3])
(41417, [34, 0, 17])
(41418, [33, 18, 0, 11, 7, 16, 6, 1, 19, 44, 43, 31, 23, 15, 3, 12, 2, 22])
(41419, [33])
(41420, [33])
(41421, [33])
(41422, [33, 0, 11, 43, 24, 3])
(41423, [33, 0, 1, 26, 31, 15, 3])
(41424, [33, 0, 31, 15, 3, 2])
(41425, [33, 20, 9, 0, 7, 28, 17, 1, 10, 19, 44, 43, 30, 41, 24, 15, 3, 12, 2, 5])
(41426, [33])
(41427, [33, 43, 31, 30, 41, 24, 23, 15, 3])
(41428, [33, 27, 0, 11, 7, 16, 42, 17, 1, 19, 26, 44, 31, 41, 4, 15, 3, 12, 2])
(41429, [33, 0, 11, 21, 44, 12])
(41430, [33, 20, 18, 0, 11, 42, 19, 26, 21, 37, 23, 4, 15, 3, 12, 40, 2, 22])
(41431, [33, 9, 7, 17, 1, 19, 21, 4, 2])
(41432, [33])
(41433, [33, 16, 3])
(41434, [33])
(41435, [33, 30])
(41436, [33, 20, 0, 6, 17, 44, 3, 2, 22])
(41437, [33])
(41438, [33, 6, 8, 24, 23])
(41439, [33])
(41440, [33])
(41441, [33, 20, 9, 0, 11, 7, 16, 42, 6, 17, 1, 10, 19, 21, 44, 43, 30, 23, 4, 3, 12, 2, 22])
(41442, [33, 4])
(41443, [33, 0, 31, 30])
(41444, [33])
(41445, [33, 18, 27, 9, 0, 11, 17, 1, 19, 26, 43, 30, 4, 15, 3, 12, 2])
(41446, [33, 0, 3, 12])
(41447, [33, 0, 26, 4])
(41448, [33, 11, 19, 23, 4, 15, 3, 2])
(41449, [33, 20, 6, 39, 24, 23, 4, 15, 2, 14])
(41450, [33, 0, 31, 12])
(41451, [33])
(41452, [33, 1, 44, 31, 4])
(41453, [33, 18, 11, 1, 21, 44, 31, 3, 40, 2, 22])
(41454, [33, 11, 23])
(41455, [33])
(41456, [33, 18, 0, 11, 6, 19, 38, 30, 23, 15, 12])
(41457, [33, 18, 31, 30, 24, 40])
(41458, [33])
(41459, [20, 9, 43, 31, 41, 24, 15, 2])
(41460, [20, 18, 0, 16, 19, 21, 12, 2])
(41461, [20, 7, 1, 21, 38, 3, 22])
(41462, [20, 18, 9, 0, 16, 10, 26, 31, 41, 2])
(41463, [20, 9, 6, 10, 43, 4, 15])
(41464, [20])
(41465, [20, 18, 0, 17, 1, 26, 44, 24, 4, 3, 2, 14])
(41466, [20, 18, 9, 11, 16, 42, 6, 1, 19, 8, 44, 31, 30, 39, 41, 23, 4, 3, 12, 2, 14, 22])
(41467, [20, 17, 12, 2, 25])
(41468, [20])
(41469, [20, 9, 0, 6, 10, 24, 2])
(41470, [20, 42, 1, 26, 44, 41, 3, 40, 2])
(41471, [20, 2])
(41472, [20])
(41473, [20])
(41474, [20, 11, 1, 8, 21, 37, 41, 2, 22])
(41475, [20, 18, 7, 19, 31, 4, 12])
(41476, [20, 0])
(41477, [20, 18, 9, 7, 6, 43, 41, 24, 3, 12, 2])
(41478, [20, 11, 17, 1, 19, 26, 43, 3, 2])
(41479, [20])
(41480, [20, 0, 11, 7, 17, 1, 21, 44, 36, 15, 3, 12, 2, 22])
(41481, [20, 7, 3])
(41482, [20, 10, 26, 43, 3])
(41483, [20])
(41484, [20, 18, 0, 11, 16, 6, 17, 1, 19, 44, 24, 4, 12, 2, 13, 22])
(41485, [20, 18, 9, 0, 26, 43, 31, 24, 12, 2, 14])
(41486, [20, 18, 11, 6, 17, 1, 10, 8, 43, 30, 39, 4, 3, 12, 2])
(41487, [20, 0, 21, 30, 3])
(41488, [20, 11, 7, 21, 44, 3, 2])
(41489, [20, 0, 26, 14])
(41490, [18])
(41491, [18])
(41492, [18])
(41493, [18])
(41494, [18])
(41495, [18, 30, 15])
(41496, [18])
(41497, [18])
(41498, [18, 26, 43, 15])
(41499, [18])
(41500, [18, 6, 8, 24, 23, 3])
(41501, [18, 1, 3, 2])
(41502, [18, 10])
(41503, [18])
(41504, [18, 38, 23])
(41505, [18, 12, 2])
(41506, [18])
(41507, [18, 9, 6, 1, 19, 44, 43, 38, 15, 3, 40])
(41508, [18, 28, 17, 19, 21, 36, 23, 4, 14])
(41509, [18, 11, 12, 14])
(41510, [18])
(41511, [18, 0, 28, 24, 15, 12, 2])
(41512, [18, 19, 31, 3, 2, 22])
(41513, [18, 19])
(41514, [18, 11, 1, 19, 21, 44, 38, 3, 2])
(41515, [18])
(41516, [18, 43])
(41517, [18, 9, 4])
(41518, [18, 9, 0, 7, 1, 41, 2])
(41519, [18])
(41520, [18, 19, 39])
(41521, [18, 16])
(41522, [18, 23])
(41523, [18, 9, 11, 1, 19, 21, 43, 30, 25])
(41524, [18])
(41525, [18, 12, 2, 13])
(41526, [18])
(41527, [18, 16])
(41528, [18, 1])
(41529, [18, 0])
(41530, [18])
(41531, [18])
(41532, [18, 9, 28, 43, 41, 24, 23, 15, 2])
(41533, [18])
(41534, [18, 8])
(41535, [18])
(41536, [18])
(41537, [18])
(41538, [18, 43, 41, 23])
(41539, [18])
(41540, [18])
(41541, [18, 23])
(41542, [18])
(41543, [18])
(41544, [18])
(41545, [18])
(41546, [18])
(41547, [18, 21])
(41548, [18, 37, 23, 15])
(41549, [18, 9, 11, 26, 43, 36, 30, 24, 12, 40, 2, 14])
(41550, [18])
(41551, [18])
(41552, [18, 0, 41, 3])
(41553, [18])
(41554, [18])
(41555, [18])
(41556, [18])
(41557, [18])
(41558, [18])
(41559, [18, 41])
(41560, [18])
(41561, [18])
(41562, [18])
(41563, [18])
(41564, [18, 9, 1, 23, 2])
(41565, [18, 0, 16, 30, 2])
(41566, [18, 43, 41])
(41567, [18])
(41568, [18, 19, 3, 2, 14])
(41569, [18])
(41570, [18])
(41571, [18])
(41572, [18])
(41573, [18, 11, 28, 17, 43, 41, 12, 14])
(41574, [18, 11, 23])
(41575, [18])
(41576, [18])
(41577, [18, 19, 31])
(41578, [18])
(41579, [27, 1, 23])
(41580, [27])
(41581, [27])
(41582, [9, 17, 43, 24, 2, 5, 14])
(41583, [9, 16, 28, 17, 41, 12])
(41584, [9])
(41585, [9])
(41586, [9, 23])
(41587, [9, 43, 41, 23])
(41588, [9, 10, 19, 8, 21, 44, 43, 30, 24, 23, 15, 12, 2, 13, 25])
(41589, [9])
(41590, [9, 0, 12, 2, 14])
(41591, [9, 0])
(41592, [9])
(41593, [9, 0, 1, 21, 4, 3, 12, 13])
(41594, [9])
(41595, [9, 0, 1, 19, 23, 12])
(41596, [9, 0])
(41597, [9])
(41598, [9])
(41599, [9])
(41600, [9, 0, 16, 8, 23, 4])
(41601, [9])
(41602, [9, 7])
(41603, [9, 0, 30, 12])
(41604, [9])
(41605, [9, 2])
(41606, [9, 31, 2])
(41607, [9, 1, 44, 3])
(41608, [9])
(41609, [9, 0, 30, 15, 12])
(41610, [9, 11, 16, 1, 21, 44, 43, 23, 4, 15, 3, 12, 5])
(41611, [9])
(41612, [9, 11, 7, 16, 1, 26, 31, 15, 3, 2])
(41613, [9])
(41614, [9])
(41615, [9, 1, 10, 38, 37, 24, 15, 3, 12, 40])
(41616, [9, 11, 16, 6, 1, 21, 38, 41, 3, 12, 2, 22])
(41617, [9, 0, 16, 28, 8, 3, 12, 2, 5])
(41618, [9])
(41619, [9])
(41620, [9])
(41621, [9])
(41622, [9])
(41623, [9])
(41624, [9, 0, 1, 4])
(41625, [9])
(41626, [9, 0, 44])
(41627, [9])
(41628, [9, 6])
(41629, [9])
(41630, [9])
(41631, [9])
(41632, [9])
(41633, [9, 43])
(41634, [0, 1, 19, 3, 12])
(41635, [0, 1, 39, 12])
(41636, [0])
(41637, [0, 12])
(41638, [0])
(41639, [0])
(41640, [0])
(41641, [0, 19, 26, 39, 24, 15, 12])
(41642, [0])
(41643, [0])
(41644, [0])
(41645, [0])
(41646, [0])
(41647, [0, 12])
(41648, [0])
(41649, [0])
(41650, [0])
(41651, [0])
(41652, [0])
(41653, [0])
(41654, [0])
(41655, [0])
(41656, [0])
(41657, [0])
(41658, [0, 11, 7, 16, 42, 1, 21, 44, 41, 23, 3, 12, 2, 22])
(41659, [0])
(41660, [0])
(41661, [0])
(41662, [0])
(41663, [0])
(41664, [0])
(41665, [0, 16, 1, 26, 38, 15, 13])
(41666, [0])
(41667, [0])
(41668, [0])
(41669, [0])
(41670, [0])
(41671, [0])
(41672, [0])
(41673, [0])
(41674, [0])
(41675, [0])
(41676, [0])
(41677, [0])
(41678, [0])
(41679, [0])
(41680, [0])
(41681, [0])
(41682, [0, 3])
(41683, [0])
(41684, [0])
(41685, [0])
(41686, [0])
(41687, [0])
(41688, [0])
(41689, [0])
(41690, [0, 4])
(41691, [0])
(41692, [0])
(41693, [0, 23])
(41694, [0])
(41695, [0])
(41696, [0])
(41697, [0])
(41698, [0])
(41699, [0])
(41700, [0])
(41701, [0])
(41702, [0])
(41703, [0])
(41704, [0])
(41705, [0, 16, 44, 3, 2])
(41706, [0, 12])
(41707, [0])
(41708, [0])
(41709, [0])
(41710, [0])
(41711, [0])
(41712, [0])
(41713, [0])
(41714, [0])
(41715, [0])
(41716, [0, 1])
(41717, [0])
(41718, [0])
(41719, [0])
(41720, [0])
(41721, [0, 23])
(41722, [0])
(41723, [0, 12])
(41724, [0])
(41725, [0, 1, 19, 30, 15, 12])
(41726, [0])
(41727, [0])
(41728, [0])
(41729, [0])
(41730, [0])
(41731, [0, 19, 22])
(41732, [0])
(41733, [0, 12])
(41734, [0])
(41735, [0])
(41736, [0, 42])
(41737, [0])
(41738, [0])
(41739, [0])
(41740, [0])
(41741, [0])
(41742, [0, 17])
(41743, [0])
(41744, [0])
(41745, [0])
(41746, [0])
(41747, [0])
(41748, [0])
(41749, [0])
(41750, [0])
(41751, [0])
(41752, [0])
(41753, [0])
(41754, [0])
(41755, [0])
(41756, [0])
(41757, [0, 26, 3])
(41758, [0, 16, 1, 8, 44, 38, 31, 39, 15, 3, 12])
(41759, [0])
(41760, [0])
(41761, [0])
(41762, [0])
(41763, [0])
(41764, [0, 1, 8, 44, 31, 4, 3, 12])
(41765, [0])
(41766, [0])
(41767, [0])
(41768, [0])
(41769, [0])
(41770, [0])
(41771, [0])
(41772, [0])
(41773, [0])
(41774, [0])
(41775, [0])
(41776, [0, 21, 40])
(41777, [0])
(41778, [0, 6, 8, 43, 15, 3])
(41779, [0])
(41780, [0])
(41781, [0])
(41782, [0])
(41783, [0])
(41784, [0, 11, 23, 12])
(41785, [0])
(41786, [0])
(41787, [0])
(41788, [0])
(41789, [0])
(41790, [0])
(41791, [0])
(41792, [0])
(41793, [0])
(41794, [0])
(41795, [0])
(41796, [0])
(41797, [0])
(41798, [0])
(41799, [0])
(41800, [0])
(41801, [0])
(41802, [0])
(41803, [0])
(41804, [0])
(41805, [0])
(41806, [0])
(41807, [0])
(41808, [0])
(41809, [0, 12])
(41810, [0, 11, 16, 1, 3])
(41811, [0, 44, 41, 13])
(41812, [0])
(41813, [0])
(41814, [0])
(41815, [0])
(41816, [0])
(41817, [0])
(41818, [0])
(41819, [0, 21, 23])
(41820, [0])
(41821, [0])
(41822, [0])
(41823, [0])
(41824, [0])
(41825, [0, 26, 39, 3])
(41826, [0])
(41827, [0])
(41828, [0])
(41829, [0])
(41830, [0])
(41831, [0, 19, 15, 12])
(41832, [0, 1, 8])
(41833, [0])
(41834, [0, 11, 7, 42, 1, 44, 30, 23, 4, 12, 2])
(41835, [0])
(41836, [0])
(41837, [0])
(41838, [0])
(41839, [0])
(41840, [0])
(41841, [0])
(41842, [0, 12])
(41843, [0])
(41844, [0])
(41845, [0, 12])
(41846, [0])
(41847, [0])
(41848, [0])
(41849, [0])
(41850, [0])
(41851, [0])
(41852, [0])
(41853, [0])
(41854, [0])
(41855, [0])
(41856, [0])
(41857, [0])
(41858, [0])
(41859, [0])
(41860, [0])
(41861, [0])
(41862, [0, 19, 43, 30, 3, 12])
(41863, [0])
(41864, [0])
(41865, [0])
(41866, [0])
(41867, [0])
(41868, [0])
(41869, [0, 23])
(41870, [0])
(41871, [0])
(41872, [0])
(41873, [0])
(41874, [0, 1, 44, 36, 3])
(41875, [0])
(41876, [0])
(41877, [0])
(41878, [0])
(41879, [0])
(41880, [0])
(41881, [0])
(41882, [0])
(41883, [0])
(41884, [0])
(41885, [0])
(41886, [0])
(41887, [0])
(41888, [0, 1, 24, 23, 15, 3, 12, 14])
(41889, [0])
(41890, [0, 16, 28, 19, 8, 23, 3, 12])
(41891, [0, 16])
(41892, [0])
(41893, [0])
(41894, [0])
(41895, [0])
(41896, [0, 15, 2])
(41897, [0])
(41898, [0])
(41899, [0, 39, 2])
(41900, [0])
(41901, [0])
(41902, [11, 1, 19, 15, 2])
(41903, [11, 17, 21, 23, 15, 2])
(41904, [11])
(41905, [11, 1, 19, 44, 43, 31, 41, 4, 3, 40, 2])
(41906, [11, 31, 41, 3, 2])
(41907, [11])
(41908, [11])
(41909, [11])
(41910, [11])
(41911, [11])
(41912, [11, 31])
(41913, [11])
(41914, [11])
(41915, [11, 1, 19, 37, 41, 24, 23, 3, 12])
(41916, [11, 17, 44])
(41917, [11])
(41918, [11])
(41919, [11, 6, 26])
(41920, [11, 19, 36, 15, 3])
(41921, [11, 37, 3])
(41922, [11])
(41923, [11, 26, 24, 12, 2])
(41924, [11, 26])
(41925, [11])
(41926, [11])
(41927, [11, 6, 26, 4, 2, 14])
(41928, [11, 31, 3])
(41929, [11, 44])
(41930, [11])
(41931, [11, 7, 17, 26, 23, 4])
(41932, [11])
(41933, [11])
(41934, [11, 17, 19, 24, 3])
(41935, [11])
(41936, [11, 31, 3])
(41937, [11])
(41938, [11])
(41939, [11, 19])
(41940, [11, 44])
(41941, [11, 26, 2])
(41942, [7])
(41943, [7])
(41944, [7, 42, 6, 17, 1, 19, 8, 21, 41, 23, 3, 12, 14, 22])
(41945, [7])
(41946, [7])
(41947, [7])
(41948, [7, 6, 8, 21, 30, 3])
(41949, [7, 1, 3])
(41950, [7])
(41951, [7, 1])
(41952, [7])
(41953, [7, 17, 1, 44, 41, 3, 12])
(41954, [7, 1, 21, 3, 22])
(41955, [29, 1, 19])
(41956, [29])
(41957, [29, 21])
(41958, [29])
(41959, [16, 23, 3, 12, 40, 2])
(41960, [16, 44, 41])
(41961, [16])
(41962, [16, 23])
(41963, [16])
(41964, [16])
(41965, [16])
(41966, [16, 19, 15])
(41967, [16])
(41968, [16])
(41969, [16, 1, 21, 23, 4, 3, 22])
(41970, [16])
(41971, [16, 23])
(41972, [16, 1, 8, 3, 2])
(41973, [16])
(41974, [16, 1, 44])
(41975, [16, 26, 2, 14])
(41976, [42])
(41977, [42, 1])
(41978, [42, 26, 12])
(41979, [6, 13])
(41980, [6])
(41981, [6, 5])
(41982, [6])
(41983, [6, 31, 40, 2])
(41984, [6])
(41985, [6, 17, 43, 23])
(41986, [6, 5])
(41987, [6, 1, 4, 2])
(41988, [6, 1, 19, 43, 31, 41, 15])
(41989, [6, 30, 24])
(41990, [6])
(41991, [6])
(41992, [6])
(41993, [6, 17, 10, 41, 2, 14])
(41994, [6])
(41995, [6])
(41996, [6])
(41997, [6, 1, 21, 15, 3, 2])
(41998, [6, 17, 26, 44, 41, 24, 23, 4, 3])
(41999, [6, 21, 3])
(42000, [28, 19, 31, 23, 15])
(42001, [28, 41, 3, 2])
(42002, [28, 19])
(42003, [28, 17, 26, 41, 24, 40, 2])
(42004, [28])
(42005, [17, 19, 2])
(42006, [17, 24])
(42007, [17])
(42008, [17, 1, 43, 31])
(42009, [17, 2])
(42010, [17])
(42011, [17])
(42012, [17, 43])
(42013, [17, 31, 3])
(42014, [17, 2])
(42015, [17])
(42016, [17])
(42017, [17, 26, 24, 40])
(42018, [17])
(42019, [17])
(42020, [17])
(42021, [17])
(42022, [1])
(42023, [1, 8, 21, 44, 36, 4, 22])
(42024, [1, 10, 21, 30, 3, 22])
(42025, [1, 26, 3])
(42026, [1])
(42027, [1, 3])
(42028, [1])
(42029, [1])
(42030, [1])
(42031, [1, 23])
(42032, [1])
(42033, [1])
(42034, [1, 19, 41, 15, 3, 2, 22])
(42035, [1, 4, 3, 12])
(42036, [1])
(42037, [1])
(42038, [1])
(42039, [1])
(42040, [1, 3])
(42041, [1, 26, 3, 40])
(42042, [1, 21, 3])
(42043, [1])
(42044, [1])
(42045, [1, 21, 3, 22])
(42046, [1, 19, 21])
(42047, [1])
(42048, [1, 41, 23])
(42049, [1, 3])
(42050, [1, 31])
(42051, [1])
(42052, [1, 23, 3])
(42053, [1, 21, 3])
(42054, [1, 19, 31, 30])
(42055, [1, 3])
(42056, [1, 3])
(42057, [1, 21, 12])
(42058, [1])
(42059, [1])
(42060, [1, 39, 15, 3, 22])
(42061, [1, 3])
(42062, [1])
(42063, [1])
(42064, [1, 26, 12])
(42065, [1])
(42066, [1, 21])
(42067, [10])
(42068, [10])
(42069, [10])
(42070, [10])
(42071, [10])
(42072, [10])
(42073, [10])
(42074, [10, 12])
(42075, [10])
(42076, [19])
(42077, [19])
(42078, [19, 23, 3])
(42079, [19])
(42080, [19])
(42081, [19, 36, 2])
(42082, [19])
(42083, [19])
(42084, [19, 2])
(42085, [19, 24, 2, 25])
(42086, [19])
(42087, [19, 14])
(42088, [19, 40, 2])
(42089, [19, 40])
(42090, [19])
(42091, [19])
(42092, [19])
(42093, [19])
(42094, [19])
(42095, [19])
(42096, [19])
(42097, [19])
(42098, [19])
(42099, [19])
(42100, [19, 31, 3])
(42101, [19, 22])
(42102, [19, 3])
(42103, [19])
(42104, [19])
(42105, [19, 21])
(42106, [19])
(42107, [19, 14])
(42108, [19])
(42109, [19])
(42110, [19])
(42111, [19, 2])
(42112, [26, 14])
(42113, [26])
(42114, [26, 3])
(42115, [26])
(42116, [26])
(42117, [26])
(42118, [26, 2, 22])
(42119, [26, 24])
(42120, [26])
(42121, [26])
(42122, [26, 8, 30, 3])
(42123, [26])
(42124, [26])
(42125, [26])
(42126, [26])
(42127, [26, 31])
(42128, [26])
(42129, [26, 40, 2])
(42130, [26, 41])
(42131, [26])
(42132, [8])
(42133, [8])
(42134, [8])
(42135, [8])
(42136, [8, 5])
(42137, [8])
(42138, [8])
(42139, [8])
(42140, [8])
(42141, [8])
(42142, [8])
(42143, [8])
(42144, [8, 23, 5])
(42145, [8, 41, 40, 2])
(42146, [8, 3])
(42147, [8, 2])
(42148, [8])
(42149, [8])
(42150, [8, 23])
(42151, [8])
(42152, [8])
(42153, [8])
(42154, [8, 21, 23])
(42155, [21])
(42156, [21, 43, 3])
(42157, [21])
(42158, [21])
(42159, [21])
(42160, [21])
(42161, [21])
(42162, [21])
(42163, [21, 43, 15])
(42164, [21])
(42165, [21])
(42166, [21])
(42167, [21])
(42168, [21])
(42169, [21])
(42170, [21])
(42171, [21])
(42172, [21])
(42173, [21])
(42174, [21])
(42175, [21])
(42176, [21])
(42177, [21, 44])
(42178, [21])
(42179, [21])
(42180, [44])
(42181, [44, 3])
(42182, [44, 2])
(42183, [44])
(42184, [44, 3, 2])
(42185, [44])
(42186, [44])
(42187, [44])
(42188, [44])
(42189, [44])
(42190, [43])
(42191, [43])
(42192, [43])
(42193, [43, 15, 2])
(42194, [43])
(42195, [43, 12, 2, 14])
(42196, [43])
(42197, [43])
(42198, [43])
(42199, [43])
(42200, [43])
(42201, [43])
(42202, [43])
(42203, [43, 23, 5])
(42204, [43])
(42205, [43])
(42206, [43])
(42207, [43])
(42208, [43])
(42209, [43])
(42210, [43])
(42211, [43])
(42212, [38])
(42213, [38, 24])
(42214, [36])
(42215, [36])
(42216, [36])
(42217, [36])
(42218, [36])
(42219, [36])
(42220, [36])
(42221, [36])
(42222, [36])
(42223, [36, 41, 23])
(42224, [36])
(42225, [36])
(42226, [36, 3])
(42227, [36, 4, 40, 2, 14])
(42228, [36])
(42229, [36])
(42230, [36])
(42231, [36])
(42232, [36, 2])
(42233, [36])
(42234, [36])
(42235, [36])
(42236, [36])
(42237, [36])
(42238, [31, 30])
(42239, [31])
(42240, [31])
(42241, [31])
(42242, [31])
(42243, [31])
(42244, [31])
(42245, [31])
(42246, [31])
(42247, [31])
(42248, [31])
(42249, [30])
(42250, [30, 22])
(42251, [30])
(42252, [30])
(42253, [30])
(42254, [30, 2])
(42255, [30])
(42256, [30])
(42257, [30])
(42258, [30])
(42259, [37, 23])
(42260, [37])
(42261, [37])
(42262, [37])
(42263, [37])
(42264, [37])
(42265, [37, 41])
(42266, [39])
(42267, [39])
(42268, [39])
(42269, [39])
(42270, [39])
(42271, [39, 22])
(42272, [39])
(42273, [39])
(42274, [39])
(42275, [39])
(42276, [39])
(42277, [41, 15, 2])
(42278, [41])
(42279, [41])
(42280, [41, 2])
(42281, [41])
(42282, [41])
(42283, [41])
(42284, [41])
(42285, [41])
(42286, [41])
(42287, [41, 14])
(42288, [41])
(42289, [41])
(42290, [41, 14])
(42291, [24, 2])
(42292, [24])
(42293, [24, 40])
(42294, [24])
(42295, [24])
(42296, [24, 4])
(42297, [23])
(42298, [23])
(42299, [23])
(42300, [23])
(42301, [23])
(42302, [23])
(42303, [23])
(42304, [23])
(42305, [23])
(42306, [23])
(42307, [23])
(42308, [23])
(42309, [23])
(42310, [23])
(42311, [23])
(42312, [23])
(42313, [23])
(42314, [23])
(42315, [23])
(42316, [23])
(42317, [23])
(42318, [23])
(42319, [23])
(42320, [23, 3])
(42321, [23])
(42322, [23])
(42323, [23])
(42324, [23])
(42325, [23])
(42326, [23])
(42327, [23])
(42328, [23])
(42329, [23])
(42330, [23])
(42331, [23])
(42332, [23])
(42333, [23])
(42334, [23])
(42335, [23])
(42336, [23])
(42337, [23])
(42338, [23])
(42339, [23])
(42340, [23])
(42341, [23])
(42342, [23])
(42343, [23])
(42344, [23])
(42345, [23])
(42346, [23])
(42347, [23])
(42348, [23])
(42349, [23, 3])
(42350, [4])
(42351, [4])
(42352, [4])
(42353, [4])
(42354, [4])
(42355, [4, 12, 2])
(42356, [4])
(42357, [4])
(42358, [4])
(42359, [4])
(42360, [4])
(42361, [4])
(42362, [4])
(42363, [4])
(42364, [4])
(42365, [4])
(42366, [4])
(42367, [4])
(42368, [4])
(42369, [4])
(42370, [4])
(42371, [4])
(42372, [4])
(42373, [15])
(42374, [15])
(42375, [15])
(42376, [15])
(42377, [15])
(42378, [15])
(42379, [15])
(42380, [15])
(42381, [15])
(42382, [15])
(42383, [15, 25])
(42384, [15])
(42385, [15])
(42386, [15])
(42387, [3])
(42388, [3])
(42389, [3])
(42390, [3])
(42391, [3])
(42392, [3])
(42393, [3])
(42394, [3])
(42395, [3])
(42396, [3])
(42397, [3])
(42398, [3, 2])
(42399, [3])
(42400, [3])
(42401, [3])
(42402, [3])
(42403, [3])
(42404, [3])
(42405, [3])
(42406, [3])
(42407, [3])
(42408, [3])
(42409, [3])
(42410, [3])
(42411, [3])
(42412, [3])
(42413, [12, 2])
(42414, [12, 2])
(42415, [12])
(42416, [12])
(42417, [12])
(42418, [12])
(42419, [12])
(42420, [12])
(42421, [12])
(42422, [12])
(42423, [12])
(42424, [12])
(42425, [12])
(42426, [12])
(42427, [12])
(42428, [12])
(42429, [12])
(42430, [12])
(42431, [12])
(42432, [12])
(42433, [12])
(42434, [12])
(42435, [12])
(42436, [12])
(42437, [12])
(42438, [12])
(42439, [12])
(42440, [12])
(42441, [12])
(42442, [12])
(42443, [12])
(42444, [12])
(42445, [12])
(42446, [12])
(42447, [12])
(42448, [12])
(42449, [12])
(42450, [12])
(42451, [12])
(42452, [12])
(42453, [12])
(42454, [12])
(42455, [12])
(42456, [12])
(42457, [12])
(42458, [12])
(42459, [12])
(42460, [40])
(42461, [40])
(42462, [40])
(42463, [40, 2])
(42464, [2])
(42465, [2])
(42466, [2])
(42467, [2])
(42468, [2])
(42469, [2])
(42470, [2])
(42471, [2])
(42472, [2])
(42473, [2])
(42474, [2])
(42475, [2])
(42476, [2])
(42477, [2])
(42478, [2])
(42479, [2])
(42480, [2])
(42481, [2])
(42482, [2])
(42483, [2])
(42484, [2])
(42485, [2])
(42486, [2])
(42487, [2])
(42488, [2])
(42489, [2])
(42490, [2])
(42491, [2])
(42492, [2])
(42493, [2])
(42494, [2])
(42495, [2])
(42496, [2])
(42497, [2])
(42498, [2])
(42499, [2])
(42500, [2])
(42501, [2])
(42502, [2])
(42503, [2])
(42504, [2])
(42505, [2])
(42506, [2])
(42507, [2])
(42508, [2])
(42509, [2])
(42510, [2])
(42511, [2])
(42512, [2])
(42513, [2])
(42514, [2])
(42515, [2])
(42516, [2])
(42517, [2])
(42518, [2])
(42519, [2])
(42520, [2])
(42521, [2])
(42522, [2])
(42523, [2])
(42524, [2])
(42525, [2])
(42526, [2])
(42527, [2])
(42528, [2])
(42529, [2])
(42530, [2])
(42531, [2])
(42532, [2])
(42533, [2])
(42534, [2])
(42535, [2])
(42536, [2])
(42537, [2])
(42538, [5])
(42539, [5])
(42540, [5])
(42541, [5])
(42542, [5])
(42543, [5])
(42544, [14])
(42545, [14])
(42546, [14])
(42547, [14])
(42548, [14])
(42549, [14])
(42550, [14])
(42551, [14])
(42552, [14])
(42553, [14])
(42554, [14])
(42555, [14])
(42556, [14])
(42557, [14])
(42558, [14])
(42559, [14])
(42560, [14])
(42561, [22])
(42562, [22])
(42563, [22])
(42564, [22])
(42565, [22])
(42566, [22])
(42567, [22])
(42568, [22])
(42569, [22])
(42570, [22])
(42571, [22])
(42572, [22])
(42573, [22])
