(61709, [32, 17, 36, 3, 14, 22])
(61710, [32, 34, 33, 18, 9, 0, 11, 16, 42, 6, 28, 17, 1, 19, 26, 21, 44, 43, 36, 31, 30, 41, 23, 4, 15, 3, 12, 40, 2, 13, 14, 22])
(61711, [32, 35, 34, 33, 20, 18, 27, 9, 0, 11, 7, 29, 16, 42, 6, 28, 17, 1, 10, 19, 26, 8, 21, 44, 43, 38, 36, 31, 30, 37, 39, 41, 24, 23, 4, 15, 3, 12, 40, 2, 13, 5, 14, 22, 25])
(61712, [32, 35, 34, 33, 20, 18, 27, 9, 0, 11, 7, 29, 16, 42, 6, 28, 17, 1, 10, 19, 26, 8, 21, 44, 43, 38, 36, 31, 30, 37, 39, 41, 24, 23, 4, 15, 3, 12, 40, 2, 13, 5, 14, 22, 25])
(61713, [32, 35, 34, 33, 20, 18, 27, 9, 0, 11, 7, 29, 16, 42, 6, 28, 17, 1, 10, 19, 26, 8, 21, 44, 43, 38, 36, 31, 30, 37, 39, 41, 24, 23, 4, 15, 3, 12, 40, 2, 13, 5, 14, 22, 25])
(61714, [32, 34, 33, 20, 18, 27, 9, 0, 11, 42, 17, 1, 26, 8, 21, 43, 38, 31, 30, 37, 39, 41, 23, 4, 15, 3, 12, 2, 13, 5, 22])
(61715, [32, 34, 0, 44, 30, 39, 23, 12])
(61716, [32, 0, 1, 4, 3, 14])
(61717, [32, 35, 34, 18, 9, 0, 11, 7, 29, 16, 42, 28, 17, 1, 10, 19, 26, 8, 21, 44, 43, 36, 31, 30, 41, 23, 4, 15, 3, 12, 40, 2, 13, 5, 14, 22])
(61718, [32, 35, 34, 33, 20, 18, 27, 9, 11, 7, 42, 6, 17, 1, 19, 26, 8, 21, 44, 43, 38, 36, 31, 30, 37, 41, 24, 23, 4, 15, 3, 12, 40, 2, 13, 5])
(61719, [32, 4, 15, 2, 14])
(61720, [32, 34, 33, 20, 18, 9, 0, 11, 7, 16, 6, 17, 1, 19, 26, 21, 44, 43, 36, 31, 30, 37, 41, 24, 4, 15, 3, 12, 40, 2, 13, 14, 22])
(61721, [32, 9, 7, 6, 28, 17, 31, 41, 24, 2])
(61722, [32, 34, 33, 20, 18, 11, 7, 16, 42, 6, 28, 17, 1, 10, 19, 8, 21, 44, 43, 31, 30, 39, 41, 24, 15, 3, 12, 2, 22])
(61723, [32, 35, 33, 18, 27, 9, 0, 11, 7, 16, 42, 6, 28, 17, 1, 19, 26, 8, 21, 44, 43, 31, 30, 37, 39, 41, 24, 23, 4, 15, 3, 12, 40, 2, 13, 14, 22])
(61724, [32, 33, 18, 27, 9, 0, 11, 7, 16, 42, 6, 17, 1, 19, 26, 8, 21, 44, 43, 36, 41, 24, 23, 4, 15, 3, 12, 40, 2, 14, 22])
(61725, [32, 34, 33, 18, 9, 11, 7, 16, 42, 6, 17, 1, 19, 26, 21, 44, 43, 31, 30, 37, 41, 24, 4, 15, 3, 12, 40, 2, 13, 14, 22])
(61726, [32, 34, 33, 18, 9, 6, 28, 1, 26, 44, 43, 36, 31, 30, 24, 4, 3, 2])
(61727, [32, 34, 33, 20, 9, 0, 28, 1, 19, 26, 8, 21, 44, 38, 31, 41, 24, 4, 15, 3, 12, 2, 13, 14, 22])
(61728, [32, 35, 34, 33, 20, 9, 0, 11, 7, 16, 42, 28, 17, 1, 10, 26, 21, 44, 43, 31, 30, 37, 41, 24, 15, 3, 12, 40, 2, 13, 14])
(61729, [32, 34, 33, 0, 11, 17, 1, 19, 26, 31, 30, 3, 12])
(61730, [32, 35, 34, 33, 20, 18, 27, 9, 0, 11, 7, 16, 42, 6, 28, 17, 1, 19, 26, 8, 21, 44, 43, 36, 31, 30, 37, 39, 41, 24, 23, 4, 15, 3, 12, 40, 2, 13, 5, 14, 22])
(61731, [32, 35, 18, 0, 11, 6, 17, 1, 19, 26, 21, 44, 30, 23, 15, 3, 12, 40, 13, 14, 22])
(61732, [32, 35, 34, 33, 18, 27, 9, 0, 29, 42, 6, 28, 1, 19, 26, 21, 44, 43, 31, 30, 37, 41, 24, 23, 15, 3, 12, 40, 2, 13, 5, 14, 22])
(61733, [32, 9, 11, 17, 26, 31, 30])
(61734, [32, 33, 18, 9, 0, 1, 26, 31, 30, 41, 15, 3, 13, 14])
(61735, [32, 34, 33, 18, 27, 9, 11, 7, 29, 16, 6, 28, 17, 1, 19, 26, 44, 36, 31, 30, 41, 24, 4, 15, 3, 12, 40, 2, 13, 5, 14, 22])
(61736, [32, 34, 33, 18, 0, 11, 7, 16, 42, 6, 1, 26, 8, 21, 44, 43, 31, 30, 39, 23, 4, 15, 3, 12, 2, 22])
(61737, [32, 4, 3, 40, 2])
(61738, [32, 31, 30, 41, 15])
(61739, [32, 34, 33, 18, 9, 0, 11, 16, 6, 17, 1, 19, 8, 21, 44, 38, 31, 30, 23, 4, 15, 3, 2, 13, 22])
(61740, [32, 34, 33, 20, 27, 9, 11, 42, 6, 17, 1, 19, 26, 8, 44, 43, 38, 36, 31, 4, 3, 12, 2, 13])
(61741, [32, 11, 7, 17, 1, 19, 26, 44, 43, 36, 31, 30, 39, 4, 15, 3, 12, 2])
(61742, [32, 34, 33, 20, 18, 0, 7, 29, 42, 1, 19, 8, 21, 44, 43, 31, 30, 37, 39, 23, 15, 3, 12, 22])
(61743, [32, 18, 0, 1, 19, 30, 15, 3, 12, 2])
(61744, [32, 9, 19, 23, 2])
(61745, [32, 0, 7, 16, 24, 3, 12, 2])
(61746, [32, 35, 9, 28, 1, 19, 26, 21, 24, 23, 3, 12, 2])
(61747, [32, 35, 34, 33, 18, 27, 9, 0, 11, 7, 16, 42, 6, 28, 17, 1, 19, 26, 8, 21, 44, 43, 31, 30, 41, 24, 23, 4, 15, 3, 12, 40, 2, 13, 5, 22])
(61748, [32, 33, 31, 30, 24, 23, 3])
(61749, [32, 20, 9, 0, 41, 24, 4, 15, 2, 14])
(61750, [32, 35, 33, 20, 27, 9, 0, 11, 7, 16, 17, 19, 26, 44, 43, 31, 30, 37, 41, 24, 4, 15, 3, 12, 2, 5, 14])
(61751, [32, 35, 18, 9, 0, 11, 16, 6, 17, 1, 19, 26, 31, 37, 41, 24, 4, 15, 3, 40, 2])
(61752, [32, 20, 18, 11, 29, 6, 17, 26, 8, 44, 43, 41, 23, 4, 12, 2, 22])
(61753, [32, 34, 33, 18, 9, 0, 11, 16, 1, 10, 19, 44, 43, 38, 31, 30, 37, 23, 4, 3, 12, 22])
(61754, [32, 35, 18, 21, 43, 23, 15])
(61755, [32, 4])
(61756, [32, 35, 18, 6, 19, 44, 41, 15, 3, 2])
(61757, [32])
(61758, [32, 18, 6, 26])
(61759, [32, 11, 17, 44, 36, 31, 4, 15])
(61760, [32, 31])
(61761, [32, 11, 6, 1, 43, 38, 31, 15, 3])
(61762, [32, 16, 36])
(61763, [32, 6, 43, 23, 15])
(61764, [32, 34, 18, 9, 0, 11, 6, 1, 30, 23, 15, 3])
(61765, [32, 35, 34, 33, 20, 18, 9, 0, 11, 7, 16, 42, 6, 28, 17, 1, 10, 19, 26, 8, 44, 43, 36, 31, 30, 37, 39, 41, 24, 23, 4, 15, 3, 12, 2, 13, 5, 14, 22, 25])
(61766, [32, 33, 18, 9, 0, 11, 6, 17, 1, 19, 26, 8, 21, 44, 43, 30, 39, 24, 23, 4, 15, 3, 12, 40, 2, 14])
(61767, [32, 33, 28, 19, 31, 4, 12])
(61768, [32, 33, 9, 11, 42, 17, 10, 19, 26, 36, 3, 12, 2, 14])
(61769, [32])
(61770, [32])
(61771, [32, 18, 1, 3])
(61772, [32, 35, 34, 33, 20, 9, 0, 11, 7, 6, 17, 1, 10, 19, 26, 44, 43, 36, 31, 30, 41, 4, 3, 12, 40, 2, 13, 14])
(61773, [32, 34, 9, 11, 31, 41, 4, 15, 2])
(61774, [32, 35, 34, 33, 20, 18, 9, 11, 7, 42, 6, 17, 1, 19, 26, 8, 44, 43, 36, 31, 30, 41, 24, 23, 4, 15, 3, 12, 40, 2])
(61775, [32, 33, 9, 11, 17, 1, 19, 26, 44, 43, 31, 39, 3, 2, 13, 14])
(61776, [32, 35, 34, 33, 20, 11, 7, 29, 1, 10, 19, 26, 8, 21, 44, 38, 36, 31, 37, 39, 4, 3, 12, 5, 22])
(61777, [32, 0, 11, 24, 15])
(61778, [32, 35, 34, 33, 18, 11, 29, 42, 6, 1, 19, 21, 44, 31, 30, 3, 40])
(61779, [32, 20, 29, 1, 19, 41, 3])
(61780, [32, 33, 18, 9, 17, 44, 3])
(61781, [32, 33, 0, 29, 16, 6, 31, 39, 23])
(61782, [32, 34, 33, 20, 9, 16, 6, 28, 1, 43, 31, 37, 24, 23, 3, 40])
(61783, [32, 34, 33, 20, 0, 11, 1, 19, 31, 41, 12])
(61784, [32, 34, 19, 44, 43, 31, 41, 15, 40, 2, 14])
(61785, [32, 34, 20, 18, 9, 0, 11, 1, 19, 26, 43, 31, 30, 39, 41, 4, 15, 3, 12, 2, 5])
(61786, [32, 33, 9])
(61787, [32])
(61788, [32, 34, 20, 9, 11, 7, 6, 1, 19, 44, 43, 31, 30, 41, 24, 23, 3])
(61789, [32, 33, 11, 41, 15, 3, 2])
(61790, [32, 34, 33, 20, 0, 11, 16, 28, 1, 26, 21, 44, 15, 3, 12, 2, 22])
(61791, [32, 33, 6, 17, 1, 44, 31, 23, 3, 2])
(61792, [32, 11, 7, 44, 31, 30, 4, 22])
(61793, [32, 34, 33, 20, 18, 27, 9, 0, 11, 16, 42, 6, 17, 1, 10, 19, 8, 21, 44, 43, 38, 31, 30, 37, 24, 23, 4, 15, 3, 12, 40, 2, 5, 22])
(61794, [32, 0, 11, 6, 1, 44, 31, 30, 3, 12, 13, 22])
(61795, [32, 33, 6, 1, 43, 15, 40, 2])
(61796, [32, 33, 4])
(61797, [32, 33, 11, 17, 41, 2])
(61798, [32, 9, 26, 41, 3, 12])
(61799, [32, 20, 9, 42, 1, 31, 41, 15, 3, 12, 2])
(61800, [32, 35, 33, 20, 18, 9, 0, 11, 7, 16, 42, 6, 17, 1, 19, 26, 8, 21, 44, 43, 31, 30, 39, 41, 23, 4, 15, 3, 12, 2, 5, 22])
(61801, [32, 35, 9, 11, 1, 19, 21, 30, 37, 23, 15, 3, 12])
(61802, [32, 33, 9, 1, 19, 26, 31, 30, 41, 15, 3, 12, 13])
(61803, [32, 35, 34, 0, 16, 17, 26, 44, 43, 24, 3, 12, 2, 13])
(61804, [32, 35, 34, 33, 9, 0, 1, 10, 26, 8, 44, 43, 36, 31, 30, 41, 24, 23, 3, 12, 2, 13])
(61805, [32, 9, 0, 6, 26, 31, 24, 2])
(61806, [32, 33, 36])
(61807, [32, 35, 34, 33, 20, 9, 0, 11, 7, 16, 6, 17, 1, 10, 19, 26, 21, 44, 43, 38, 31, 30, 39, 24, 23, 4, 15, 3, 12, 2, 22])
(61808, [32])
(61809, [32, 34, 33, 11, 16, 1, 43, 36, 31, 30, 41, 24, 12, 2])
(61810, [32, 34, 20, 18, 27, 9, 11, 7, 16, 42, 28, 17, 10, 19, 26, 44, 31, 30, 39, 41, 24, 4, 15, 3, 12, 40, 2, 13])
(61811, [32, 34, 33])
(61812, [32, 34, 33, 31, 4, 12])
(61813, [32, 35, 33, 9, 0, 11, 29, 16, 17, 1, 19, 26, 21, 44, 43, 31, 30, 39, 24, 15, 3, 12, 40, 2, 14, 22])
(61814, [35, 16, 8, 37, 24, 23, 5])
(61815, [35, 34, 33, 20, 18, 27, 9, 0, 11, 7, 29, 16, 42, 6, 28, 1, 10, 19, 26, 8, 21, 44, 43, 38, 36, 31, 30, 37, 39, 41, 24, 23, 4, 15, 3, 12, 40, 2, 13, 5, 14, 22, 25])
(61816, [35, 34, 33, 20, 18, 27, 9, 0, 11, 7, 29, 16, 42, 6, 28, 1, 10, 19, 26, 8, 21, 44, 43, 38, 36, 31, 30, 37, 39, 41, 24, 23, 4, 15, 3, 12, 40, 2, 13, 5, 14, 22, 25])
(61817, [35, 34, 33, 20, 18, 27, 9, 0, 11, 16, 42, 6, 17, 1, 19, 26, 44, 43, 38, 31, 30, 37, 39, 41, 23, 4, 15, 3, 12, 40, 2, 13, 22, 25])
(61818, [35, 0, 21, 23, 3, 12])
(61819, [35, 1, 3, 12])
(61820, [35])
(61821, [35, 34, 33, 20, 18, 9, 0, 11, 7, 29, 16, 42, 6, 28, 17, 1, 19, 26, 8, 21, 44, 43, 38, 31, 30, 37, 39, 24, 23, 4, 15, 3, 12, 2, 22])
(61822, [35, 12])
(61823, [35])
(61824, [35])
(61825, [35, 33, 18, 11, 29, 16, 6, 17, 1, 19, 8, 21, 44, 31, 30, 23, 4, 15, 3, 40])
(61826, [35, 37])
(61827, [35])
(61828, [35])
(61829, [35, 34, 20, 18, 6, 26, 44, 43, 31, 30, 37, 39, 41, 23, 4, 15, 3, 2, 14])
(61830, [35])
(61831, [35, 9, 16, 6, 1, 43, 23, 15, 3, 12, 40])
(61832, [35])
(61833, [35])
(61834, [35, 34, 33, 20, 18, 27, 9, 0, 11, 7, 42, 6, 17, 1, 19, 26, 21, 44, 43, 30, 24, 23, 4, 15, 3, 12, 40, 2, 14])
(61835, [35, 9, 10])
(61836, [35])
(61837, [35, 20, 21, 44, 38, 37, 41, 4, 3, 12, 2])
(61838, [35, 9, 11, 28, 19, 41, 2])
(61839, [35, 16, 19, 44, 23])
(61840, [35])
(61841, [35, 18, 9, 0, 16, 28, 1, 19, 8, 21, 44, 43, 24, 23, 15, 3, 12, 2, 5])
(61842, [35, 9, 11, 6, 26, 43, 41, 2])
(61843, [35, 34, 9, 0, 21, 44, 23, 3, 12, 2, 5])
(61844, [35])
(61845, [35])
(61846, [35])
(61847, [35])
(61848, [35])
(61849, [35])
(61850, [35])
(61851, [35])
(61852, [35, 34, 20, 9, 0, 11, 7, 29, 16, 42, 1, 19, 26, 21, 44, 31, 23, 4, 15, 3, 12, 40, 2, 22])
(61853, [35, 9, 11, 16, 1, 44, 43, 41, 24, 3, 12, 2, 5])
(61854, [35])
(61855, [35])
(61856, [35])
(61857, [35])
(61858, [35])
(61859, [35])
(61860, [35, 0, 11, 6, 1, 19, 21, 44, 38, 41, 3, 12, 2])
(61861, [35])
(61862, [35, 33, 18, 9, 11, 1, 19, 21, 44, 23, 4, 3, 2, 13, 22])
(61863, [35])
(61864, [34, 20, 9, 0, 11, 17, 19, 26, 36, 4, 15, 12, 40, 2])
(61865, [34, 16, 1, 19, 36, 4, 12, 2])
(61866, [34, 2])
(61867, [34, 16])
(61868, [34])
(61869, [34, 19, 30, 2])
(61870, [34, 18, 9, 0, 44, 43, 31, 2, 22])
(61871, [34, 7, 26, 3])
(61872, [34])
(61873, [34, 33, 20, 9, 0, 11, 16, 28, 17, 1, 31, 23, 15, 3, 12, 2])
(61874, [34, 0, 2])
(61875, [34, 21])
(61876, [34, 0, 29, 17, 44, 4, 2, 13, 22])
(61877, [34])
(61878, [34, 6, 14])
(61879, [34, 18, 0, 1, 3, 2])
(61880, [34, 33, 9, 30])
(61881, [34, 33, 20, 9, 0, 16, 1, 19, 44, 23, 3, 12])
(61882, [34, 33, 20, 0, 11, 7, 16, 42, 17, 1, 19, 26, 44, 37, 39, 24, 4, 15, 3, 12, 13, 14])
(61883, [34, 1, 19, 8, 21, 5])
(61884, [34, 17, 2])
(61885, [34])
(61886, [34, 33, 9, 21, 31, 30, 15, 12, 2, 22])
(61887, [34, 33, 0, 29, 6, 17, 1, 26, 44, 31, 30, 37, 3, 40, 2, 5])
(61888, [34, 18, 11, 6, 26, 21, 30, 23, 13, 22])
(61889, [34, 33, 0, 3, 12])
(61890, [34])
(61891, [34, 33, 7, 29, 21, 44, 31, 30, 3])
(61892, [34, 33, 6, 31, 2, 14])
(61893, [34, 40])
(61894, [34, 26, 41, 24, 15, 2])
(61895, [34])
(61896, [34, 18, 0, 10, 31, 24, 3, 40, 5])
(61897, [34])
(61898, [34, 31, 40, 2])
(61899, [34])
(61900, [34, 0, 14])
(61901, [34, 0, 12, 2])
(61902, [34])
(61903, [34, 43])
(61904, [34])
(61905, [34])
(61906, [34, 0, 16, 42, 26, 44, 38, 41, 24, 3, 12, 2, 22])
(61907, [34])
(61908, [34, 20, 28, 43, 23])
(61909, [34, 20, 18, 11, 7, 16, 42, 1, 10, 26, 8, 44, 43, 41, 24, 23, 3, 12, 5])
(61910, [34, 33, 9, 31, 30, 15, 2])
(61911, [34, 10])
(61912, [33, 9, 0, 7, 1, 26, 8, 43, 30, 37, 24, 23, 3, 5])
(61913, [33, 27, 0, 11, 16, 6, 17, 1, 26, 44, 43, 30, 41, 4, 15, 3, 12, 2, 13, 5])
(61914, [33, 20, 18, 9, 11, 6, 17, 19, 26, 44, 43, 36, 41, 24, 4, 15, 3, 12, 40, 2, 14])
(61915, [33])
(61916, [33, 9])
(61917, [33, 31])
(61918, [33])
(61919, [33, 7, 31, 12])
(61920, [33])
(61921, [33, 20, 11, 28, 1, 21, 3])
(61922, [33, 20, 18, 9, 0, 43, 23, 4, 3, 2, 14])
(61923, [33])
(61924, [33, 7])
(61925, [33, 42, 44, 30, 3])
(61926, [33, 20, 0, 7, 42, 1, 24, 23, 4, 3])
(61927, [33, 18, 1, 19, 26, 43, 3, 2])
(61928, [33, 6, 15, 3])
(61929, [33, 0, 11, 16, 6, 19, 43, 39, 2])
(61930, [33, 17, 43, 15, 2])
(61931, [33])
(61932, [33, 30])
(61933, [33, 30])
(61934, [33, 18, 9, 0, 8, 31, 23])
(61935, [33, 9, 16, 1, 8, 21, 44, 15, 3, 40, 22])
(61936, [33, 26])
(61937, [33, 9, 0, 11, 6, 1, 43, 41, 23, 5])
(61938, [33])
(61939, [33, 12])
(61940, [33])
(61941, [33, 30, 2])
(61942, [33, 1, 31, 12, 22])
(61943, [33, 42, 21, 31, 30, 24, 3, 12])
(61944, [33, 18, 6, 19, 8, 21, 44, 43, 31, 30, 15, 40])
(61945, [33, 17, 1, 19, 8, 44, 31, 3, 22, 25])
(61946, [33, 18, 9, 16, 17, 1, 31, 23, 15, 2, 25])
(61947, [33])
(61948, [33, 1, 26, 21, 43, 31, 30])
(61949, [33, 9])
(61950, [20, 11, 1, 21, 44, 3, 2])
(61951, [20])
(61952, [20])
(61953, [20, 11, 1])
(61954, [20, 9, 0, 11, 17, 44])
(61955, [20, 11])
(61956, [20])
(61957, [20])
(61958, [20, 0, 4])
(61959, [20, 9, 31, 30, 4])
(61960, [20, 9, 0, 11, 1, 19, 31, 23, 3, 12])
(61961, [20, 11, 7, 16, 42, 17, 26, 44, 30, 37, 3, 12, 2])
(61962, [20, 0, 7, 16, 42, 19, 44, 3, 2])
(61963, [20, 18, 9, 8, 44, 23, 3])
(61964, [20, 0, 1, 10, 26, 31, 2])
(61965, [20])
(61966, [20, 9, 3, 12])
(61967, [20])
(61968, [20, 1, 3, 2, 13])
(61969, [20, 4, 3])
(61970, [20, 11, 16, 6, 17, 1, 19, 26, 44, 43, 30, 4, 15, 2, 13])
(61971, [20])
(61972, [20])
(61973, [20])
(61974, [20, 1])
(61975, [20])
(61976, [20])
(61977, [18, 3])
(61978, [18])
(61979, [18, 26, 38, 23, 2])
(61980, [18])
(61981, [18])
(61982, [18, 23, 15])
(61983, [18, 11, 29, 17, 19, 31, 23, 12, 2, 5, 14, 22])
(61984, [18, 9, 0, 11, 1, 21, 44, 43, 15, 3, 2])
(61985, [18, 21, 43, 40])
(61986, [18])
(61987, [18])
(61988, [18, 11, 29, 42, 1, 10, 21, 44, 31, 23, 3, 12, 13])
(61989, [18, 9, 0, 16, 43, 36, 3, 12, 2])
(61990, [18])
(61991, [18])
(61992, [18, 0])
(61993, [18, 9, 0, 11, 7, 6, 28, 17, 1, 26, 44, 43, 38, 36, 30, 24, 4, 15, 3, 2, 13])
(61994, [18, 41, 22])
(61995, [18])
(61996, [18, 16, 23])
(61997, [18, 8, 23])
(61998, [18])
(61999, [18])
(62000, [18, 0, 42, 17, 19, 44, 36, 31, 40, 2])
(62001, [18])
(62002, [18])
(62003, [18, 9, 0, 11, 7, 17, 1, 10, 19, 44, 30, 3, 2, 13])
(62004, [18, 8, 23, 15, 3])
(62005, [18])
(62006, [18, 9, 0, 10, 15, 3, 12])
(62007, [18])
(62008, [18])
(62009, [18, 15])
(62010, [18])
(62011, [18, 7])
(62012, [18])
(62013, [18])
(62014, [18])
(62015, [18])
(62016, [18])
(62017, [18])
(62018, [18])
(62019, [18, 26, 30, 24, 23, 2])
(62020, [18, 23])
(62021, [18])
(62022, [18, 31])
(62023, [18, 3, 22])
(62024, [18])
(62025, [18])
(62026, [18])
(62027, [18])
(62028, [18, 11, 8, 44, 23])
(62029, [18])
(62030, [18, 23])
(62031, [18])
(62032, [18])
(62033, [18, 43, 4, 12, 2])
(62034, [18])
(62035, [18, 7, 12])
(62036, [18])
(62037, [18])
(62038, [18])
(62039, [18, 0, 1, 19, 23, 12])
(62040, [18, 1, 19, 44, 43, 31, 30, 24, 3])
(62041, [18, 9, 0, 1, 23, 4, 3, 40])
(62042, [18])
(62043, [18, 9, 0, 28, 26, 21, 41])
(62044, [18])
(62045, [18])
(62046, [18, 0, 43, 41, 2])
(62047, [18])
(62048, [18])
(62049, [18])
(62050, [18])
(62051, [18])
(62052, [18])
(62053, [18])
(62054, [18])
(62055, [27])
(62056, [27, 0, 30, 15, 14])
(62057, [27])
(62058, [27])
(62059, [27])
(62060, [27])
(62061, [27])
(62062, [27, 4, 14])
(62063, [9])
(62064, [9, 11, 19, 44, 41, 24, 2, 14])
(62065, [9, 11, 28, 1, 21, 44, 43, 36, 24, 4, 15, 3, 2, 22])
(62066, [9])
(62067, [9, 23])
(62068, [9, 24])
(62069, [9, 0, 19, 36, 12, 2])
(62070, [9])
(62071, [9, 21])
(62072, [9])
(62073, [9, 0, 11, 16, 26, 23, 4, 3])
(62074, [9])
(62075, [9, 6, 31, 23])
(62076, [9])
(62077, [9])
(62078, [9, 17, 15, 14])
(62079, [9, 0])
(62080, [9])
(62081, [9, 23])
(62082, [9, 1, 26, 3])
(62083, [9])
(62084, [9, 19, 21])
(62085, [9, 8, 21, 44, 22])
(62086, [9])
(62087, [9])
(62088, [9, 11])
(62089, [9])
(62090, [9])
(62091, [9])
(62092, [9])
(62093, [9])
(62094, [9])
(62095, [9, 31, 24, 23])
(62096, [9])
(62097, [9])
(62098, [9])
(62099, [9, 3, 2])
(62100, [9])
(62101, [9, 17, 43, 24])
(62102, [9, 11])
(62103, [9, 1, 26, 21, 23, 3])
(62104, [9])
(62105, [9])
(62106, [9, 11, 17, 1, 19, 26, 44, 3, 14])
(62107, [0])
(62108, [0])
(62109, [0])
(62110, [0, 11, 19, 21, 23, 12])
(62111, [0])
(62112, [0])
(62113, [0, 3])
(62114, [0])
(62115, [0, 12, 40, 2])
(62116, [0])
(62117, [0])
(62118, [0, 42, 36, 24, 12])
(62119, [0, 3])
(62120, [0, 12])
(62121, [0, 12])
(62122, [0])
(62123, [0])
(62124, [0])
(62125, [0])
(62126, [0])
(62127, [0])
(62128, [0])
(62129, [0])
(62130, [0])
(62131, [0])
(62132, [0])
(62133, [0])
(62134, [0])
(62135, [0])
(62136, [0])
(62137, [0])
(62138, [0])
(62139, [0])
(62140, [0])
(62141, [0])
(62142, [0])
(62143, [0])
(62144, [0])
(62145, [0])
(62146, [0])
(62147, [0])
(62148, [0, 12])
(62149, [0, 3])
(62150, [0])
(62151, [0, 12])
(62152, [0])
(62153, [0, 6, 30, 12])
(62154, [0])
(62155, [0, 11, 23])
(62156, [0])
(62157, [0, 12])
(62158, [0])
(62159, [0])
(62160, [0])
(62161, [0])
(62162, [0])
(62163, [0])
(62164, [0])
(62165, [0])
(62166, [0])
(62167, [0])
(62168, [0, 6, 3])
(62169, [0, 17])
(62170, [0])
(62171, [0])
(62172, [0])
(62173, [0])
(62174, [0])
(62175, [0])
(62176, [0])
(62177, [0])
(62178, [0])
(62179, [0])
(62180, [0, 11, 19, 12, 2])
(62181, [0])
(62182, [0])
(62183, [0])
(62184, [0])
(62185, [0, 14])
(62186, [0, 15, 2])
(62187, [0])
(62188, [0, 36, 2])
(62189, [0])
(62190, [0])
(62191, [0])
(62192, [0, 3])
(62193, [0])
(62194, [0])
(62195, [0])
(62196, [0])
(62197, [0])
(62198, [0, 12])
(62199, [0])
(62200, [0])
(62201, [0])
(62202, [0])
(62203, [0])
(62204, [0, 11, 17, 19, 21, 36, 31, 41, 15])
(62205, [0])
(62206, [0])
(62207, [0])
(62208, [0])
(62209, [0, 11, 16, 6, 1, 19, 36, 23, 4, 3, 12, 2, 22])
(62210, [0])
(62211, [0])
(62212, [0])
(62213, [0])
(62214, [0])
(62215, [0])
(62216, [0, 12])
(62217, [0])
(62218, [0])
(62219, [0])
(62220, [0, 11])
(62221, [0, 28, 26, 43, 3, 12])
(62222, [0])
(62223, [0])
(62224, [0])
(62225, [0])
(62226, [0])
(62227, [0])
(62228, [0])
(62229, [0])
(62230, [0, 43])
(62231, [0, 12])
(62232, [0])
(62233, [0])
(62234, [0])
(62235, [0, 43, 4])
(62236, [0, 11, 16, 17, 1, 8, 44, 30, 39, 41, 3])
(62237, [0])
(62238, [0])
(62239, [0])
(62240, [0])
(62241, [0])
(62242, [0])
(62243, [0, 1, 3])
(62244, [0])
(62245, [0])
(62246, [0, 11, 41, 12, 2])
(62247, [0])
(62248, [0])
(62249, [0])
(62250, [0])
(62251, [0])
(62252, [0])
(62253, [0])
(62254, [0])
(62255, [0, 36, 12])
(62256, [0])
(62257, [0])
(62258, [0])
(62259, [0])
(62260, [0, 12])
(62261, [0, 14])
(62262, [0])
(62263, [0])
(62264, [0, 12])
(62265, [0])
(62266, [0])
(62267, [0])
(62268, [0])
(62269, [0])
(62270, [0])
(62271, [0])
(62272, [0])
(62273, [0, 2])
(62274, [0])
(62275, [0])
(62276, [0])
(62277, [0])
(62278, [0])
(62279, [0])
(62280, [0])
(62281, [0])
(62282, [0])
(62283, [0])
(62284, [0])
(62285, [0])
(62286, [0])
(62287, [0])
(62288, [0])
(62289, [0])
(62290, [0])
(62291, [0])
(62292, [0])
(62293, [0])
(62294, [0])
(62295, [0])
(62296, [0, 3])
(62297, [0])
(62298, [0])
(62299, [0, 26])
(62300, [0, 16, 42, 1, 21, 44, 38, 23, 3, 22])
(62301, [0, 12])
(62302, [0])
(62303, [0])
(62304, [0])
(62305, [0])
(62306, [0])
(62307, [0, 21, 39, 24])
(62308, [0])
(62309, [0])
(62310, [0])
(62311, [0])
(62312, [0])
(62313, [0])
(62314, [0])
(62315, [0])
(62316, [0])
(62317, [0])
(62318, [0])
(62319, [0])
(62320, [0])
(62321, [0])
(62322, [0, 17, 30, 4, 3])
(62323, [0])
(62324, [0, 2, 5])
(62325, [0])
(62326, [0, 2])
(62327, [0])
(62328, [0])
(62329, [0])
(62330, [0])
(62331, [0])
(62332, [0, 11, 1, 22])
(62333, [0])
(62334, [0])
(62335, [0])
(62336, [0, 15])
(62337, [0])
(62338, [0, 28, 17, 12])
(62339, [0])
(62340, [0])
(62341, [0])
(62342, [0])
(62343, [0, 16, 15])
(62344, [0])
(62345, [0])
(62346, [0])
(62347, [0, 1, 19, 40, 2])
(62348, [0])
(62349, [0])
(62350, [0])
(62351, [0])
(62352, [0])
(62353, [0])
(62354, [0])
(62355, [0])
(62356, [0])
(62357, [0])
(62358, [0])
(62359, [0])
(62360, [0])
(62361, [0])
(62362, [0])
(62363, [0, 41])
(62364, [0])
(62365, [0])
(62366, [0])
(62367, [0])
(62368, [0])
(62369, [0])
(62370, [0])
(62371, [0])
(62372, [0, 22])
(62373, [0])
(62374, [0])
(62375, [0, 21])
(62376, [0])
(62377, [0])
(62378, [0])
(62379, [0])
(62380, [0])
(62381, [0])
(62382, [0])
(62383, [0])
(62384, [0])
(62385, [0])
(62386, [0])
(62387, [0])
(62388, [0, 12])
(62389, [0])
(62390, [0])
(62391, [0, 1, 2])
(62392, [0])
(62393, [0, 12])
(62394, [11, 17, 44, 43, 2])
(62395, [11])
(62396, [11])
(62397, [11, 43, 13, 14])
(62398, [11])
(62399, [11, 17, 44, 24, 15])
(62400, [11])
(62401, [11])
(62402, [11])
(62403, [11, 1, 19, 26, 3, 2, 22])
(62404, [11, 17, 44, 36, 24, 4, 12, 2])
(62405, [11, 7, 1, 19, 21, 44, 38, 3, 12, 2])
(62406, [11, 21])
(62407, [11, 17, 2])
(62408, [11])
(62409, [11])
(62410, [11, 1, 21, 3])
(62411, [11, 43, 41, 15, 2])
(62412, [11, 26])
(62413, [11])
(62414, [11])
(62415, [11])
(62416, [11, 44, 15, 40])
(62417, [11, 43, 4, 40, 2])
(62418, [11, 19, 21, 44, 43, 2])
(62419, [11, 1, 19, 44, 3, 2])
(62420, [11])
(62421, [11, 7, 6, 44, 43, 24])
(62422, [7, 17, 43, 2])
(62423, [7, 3])
(62424, [7])
(62425, [7, 19, 3])
(62426, [7, 42, 1, 36, 3, 22])
(62427, [7, 43])
(62428, [7, 1])
(62429, [29])
(62430, [29, 1, 3])
(62431, [29, 21])
(62432, [16, 19, 12])
(62433, [16, 6, 43])
(62434, [16])
(62435, [16])
(62436, [16])
(62437, [16, 15])
(62438, [16, 2])
(62439, [16])
(62440, [16, 8, 23])
(62441, [16])
(62442, [16, 21])
(62443, [16, 4])
(62444, [16])
(62445, [16])
(62446, [16])
(62447, [16])
(62448, [16, 10, 3, 12])
(62449, [16])
(62450, [16, 13, 22])
(62451, [16])
(62452, [42])
(62453, [42, 1, 3])
(62454, [42])
(62455, [42, 41])
(62456, [42, 44])
(62457, [42])
(62458, [42])
(62459, [6])
(62460, [6])
(62461, [6])
(62462, [6, 15])
(62463, [6, 17, 1, 30, 23, 4, 2, 25])
(62464, [6, 26, 12, 2])
(62465, [6])
(62466, [6])
(62467, [6, 26, 43, 31, 41, 15, 2, 14])
(62468, [6])
(62469, [28, 1, 26, 43])
(62470, [28])
(62471, [17])
(62472, [17])
(62473, [17])
(62474, [17, 41, 14])
(62475, [17, 31])
(62476, [17])
(62477, [17])
(62478, [17])
(62479, [17, 21])
(62480, [17])
(62481, [17])
(62482, [17])
(62483, [17, 14])
(62484, [17])
(62485, [17, 41, 2, 14])
(62486, [17])
(62487, [17, 26])
(62488, [17, 1, 10, 26, 3])
(62489, [1])
(62490, [1, 19, 21, 5])
(62491, [1])
(62492, [1, 8, 21, 23, 15, 3])
(62493, [1, 43, 31, 30, 15])
(62494, [1, 2])
(62495, [1])
(62496, [1])
(62497, [1, 3])
(62498, [1, 24, 3])
(62499, [1, 21, 3])
(62500, [1, 43])
(62501, [1])
(62502, [1, 3])
(62503, [1, 21, 43, 23, 3])
(62504, [1, 21])
(62505, [1, 21, 3])
(62506, [1, 12])
(62507, [1])
(62508, [1, 21, 39, 3])
(62509, [1])
(62510, [1, 8, 44, 3])
(62511, [1])
(62512, [1, 44, 30, 3])
(62513, [1, 21, 3])
(62514, [1, 43])
(62515, [1])
(62516, [1])
(62517, [1])
(62518, [1])
(62519, [1])
(62520, [1, 3])
(62521, [1, 3])
(62522, [1])
(62523, [1, 30, 3])
(62524, [1, 43, 24, 2])
(62525, [1, 2])
(62526, [1])
(62527, [1, 43, 3, 12])
(62528, [1])
(62529, [1])
(62530, [1])
(62531, [1])
(62532, [1])
(62533, [1])
(62534, [1, 3])
(62535, [10])
(62536, [10])
(62537, [10])
(62538, [10])
(62539, [10, 30, 3, 2])
(62540, [10])
(62541, [10])
(62542, [10])
(62543, [10])
(62544, [10])
(62545, [19, 36, 2, 14])
(62546, [19])
(62547, [19])
(62548, [19])
(62549, [19])
(62550, [19])
(62551, [19])
(62552, [19, 4])
(62553, [19])
(62554, [19])
(62555, [19])
(62556, [19])
(62557, [19])
(62558, [19])
(62559, [19, 24, 22])
(62560, [19])
(62561, [19])
(62562, [19])
(62563, [19])
(62564, [19, 2])
(62565, [19])
(62566, [19])
(62567, [26])
(62568, [26, 30])
(62569, [26])
(62570, [26, 23])
(62571, [26])
(62572, [26])
(62573, [26])
(62574, [26])
(62575, [26])
(62576, [26])
(62577, [26])
(62578, [26])
(62579, [26, 40])
(62580, [26])
(62581, [26])
(62582, [26, 15])
(62583, [26, 41, 12])
(62584, [26])
(62585, [26])
(62586, [26])
(62587, [26, 43, 2])
(62588, [26])
(62589, [26, 12])
(62590, [26])
(62591, [26])
(62592, [26])
(62593, [26])
(62594, [26, 41, 2])
(62595, [8, 23])
(62596, [8, 36, 31, 30, 12, 2])
(62597, [8])
(62598, [8, 43, 23, 5])
(62599, [8])
(62600, [8])
(62601, [8])
(62602, [8, 23])
(62603, [8])
(62604, [8])
(62605, [8])
(62606, [8, 41, 22])
(62607, [21])
(62608, [21, 43, 23, 15, 5, 22])
(62609, [21])
(62610, [21])
(62611, [21])
(62612, [21])
(62613, [21])
(62614, [21])
(62615, [21])
(62616, [21])
(62617, [21])
(62618, [21])
(62619, [21])
(62620, [21, 12])
(62621, [21])
(62622, [21, 23])
(62623, [21, 31])
(62624, [21])
(62625, [21, 12])
(62626, [21])
(62627, [21])
(62628, [21, 36, 12])
(62629, [21])
(62630, [21])
(62631, [21])
(62632, [21])
(62633, [21])
(62634, [21])
(62635, [21])
(62636, [21])
(62637, [21])
(62638, [21, 44])
(62639, [21, 3])
(62640, [21])
(62641, [21])
(62642, [21])
(62643, [21])
(62644, [44, 3])
(62645, [44, 43])
(62646, [44])
(62647, [44, 2])
(62648, [44])
(62649, [44])
(62650, [44, 2])
(62651, [44])
(62652, [44, 43, 36, 23, 15])
(62653, [44])
(62654, [44])
(62655, [44])
(62656, [44])
(62657, [44])
(62658, [44])
(62659, [44])
(62660, [44])
(62661, [44, 12])
(62662, [44])
(62663, [44])
(62664, [44])
(62665, [44])
(62666, [43])
(62667, [43])
(62668, [43, 41])
(62669, [43])
(62670, [43])
(62671, [43])
(62672, [43, 31])
(62673, [43])
(62674, [43])
(62675, [43])
(62676, [43])
(62677, [43])
(62678, [43])
(62679, [43])
(62680, [43])
(62681, [43])
(62682, [43, 24, 4])
(62683, [43])
(62684, [43])
(62685, [43, 23, 4])
(62686, [38])
(62687, [36, 14])
(62688, [36])
(62689, [36, 2])
(62690, [36])
(62691, [36])
(62692, [36])
(62693, [36, 39])
(62694, [36])
(62695, [36])
(62696, [36])
(62697, [36])
(62698, [36, 14])
(62699, [36])
(62700, [36])
(62701, [36])
(62702, [36])
(62703, [36])
(62704, [36])
(62705, [36])
(62706, [36])
(62707, [36])
(62708, [36])
(62709, [36, 12])
(62710, [31])
(62711, [31])
(62712, [31])
(62713, [31, 4])
(62714, [31])
(62715, [31])
(62716, [31])
(62717, [31])
(62718, [31, 23, 4])
(62719, [31])
(62720, [31, 3, 2])
(62721, [31, 12])
(62722, [31])
(62723, [31])
(62724, [30])
(62725, [30])
(62726, [30])
(62727, [30])
(62728, [30, 39])
(62729, [30])
(62730, [30])
(62731, [30])
(62732, [30, 12])
(62733, [37])
(62734, [37])
(62735, [37])
(62736, [39])
(62737, [39])
(62738, [39])
(62739, [39])
(62740, [41])
(62741, [41])
(62742, [41, 40, 13])
(62743, [41, 23])
(62744, [41])
(62745, [41])
(62746, [41])
(62747, [41])
(62748, [41])
(62749, [41])
(62750, [41])
(62751, [41])
(62752, [41, 12, 2, 13])
(62753, [41])
(62754, [41])
(62755, [41])
(62756, [41])
(62757, [41])
(62758, [41])
(62759, [41])
(62760, [41])
(62761, [41, 2])
(62762, [41])
(62763, [41])
(62764, [24])
(62765, [24])
(62766, [24])
(62767, [24])
(62768, [23, 5])
(62769, [23])
(62770, [23])
(62771, [23])
(62772, [23])
(62773, [23])
(62774, [23])
(62775, [23])
(62776, [23])
(62777, [23, 2])
(62778, [23])
(62779, [23])
(62780, [23, 4])
(62781, [23])
(62782, [23])
(62783, [23])
(62784, [23])
(62785, [23])
(62786, [23])
(62787, [23])
(62788, [23])
(62789, [23])
(62790, [23])
(62791, [23])
(62792, [23])
(62793, [23])
(62794, [23])
(62795, [23, 4])
(62796, [23])
(62797, [23])
(62798, [23])
(62799, [23])
(62800, [23])
(62801, [23])
(62802, [23])
(62803, [23])
(62804, [23])
(62805, [23])
(62806, [23])
(62807, [23])
(62808, [23])
(62809, [23, 2, 14])
(62810, [23])
(62811, [23])
(62812, [23])
(62813, [23])
(62814, [23])
(62815, [23])
(62816, [23])
(62817, [23])
(62818, [23])
(62819, [23])
(62820, [23])
(62821, [23])
(62822, [23])
(62823, [4])
(62824, [4])
(62825, [4])
(62826, [4, 3])
(62827, [4])
(62828, [4])
(62829, [4])
(62830, [4])
(62831, [4])
(62832, [4])
(62833, [4])
(62834, [4])
(62835, [4])
(62836, [4])
(62837, [4])
(62838, [4])
(62839, [4])
(62840, [4])
(62841, [4])
(62842, [4, 15])
(62843, [4])
(62844, [15])
(62845, [15])
(62846, [15])
(62847, [15])
(62848, [15])
(62849, [15])
(62850, [15])
(62851, [15])
(62852, [15])
(62853, [15])
(62854, [15])
(62855, [15])
(62856, [15])
(62857, [15])
(62858, [3])
(62859, [3])
(62860, [3])
(62861, [3])
(62862, [3])
(62863, [3])
(62864, [3, 2])
(62865, [3])
(62866, [3])
(62867, [3])
(62868, [3])
(62869, [3, 12])
(62870, [3])
(62871, [3])
(62872, [3])
(62873, [3])
(62874, [3])
(62875, [3])
(62876, [3])
(62877, [3])
(62878, [3])
(62879, [3, 12])
(62880, [3])
(62881, [3])
(62882, [3])
(62883, [3])
(62884, [3])
(62885, [3])
(62886, [3, 2])
(62887, [3])
(62888, [3])
(62889, [3])
(62890, [3])
(62891, [3])
(62892, [3])
(62893, [3])
(62894, [3])
(62895, [3])
(62896, [3])
(62897, [3])
(62898, [3])
(62899, [12])
(62900, [12])
(62901, [12])
(62902, [12])
(62903, [12])
(62904, [12])
(62905, [12])
(62906, [12])
(62907, [12])
(62908, [12])
(62909, [12])
(62910, [12])
(62911, [12])
(62912, [12])
(62913, [12])
(62914, [12])
(62915, [12])
(62916, [12])
(62917, [12])
(62918, [12])
(62919, [12])
(62920, [12])
(62921, [12])
(62922, [12])
(62923, [12])
(62924, [12])
(62925, [12])
(62926, [12])
(62927, [12])
(62928, [12])
(62929, [12])
(62930, [12])
(62931, [12])
(62932, [12])
(62933, [12])
(62934, [12])
(62935, [12])
(62936, [12])
(62937, [12])
(62938, [12])
(62939, [12])
(62940, [12])
(62941, [12])
(62942, [12])
(62943, [12])
(62944, [12])
(62945, [12])
(62946, [12])
(62947, [12])
(62948, [12])
(62949, [12])
(62950, [12])
(62951, [12])
(62952, [12])
(62953, [12])
(62954, [12])
(62955, [12])
(62956, [12])
(62957, [12])
(62958, [12])
(62959, [40])
(62960, [40])
(62961, [40])
(62962, [2])
(62963, [2])
(62964, [2])
(62965, [2])
(62966, [2])
(62967, [2])
(62968, [2])
(62969, [2])
(62970, [2])
(62971, [2])
(62972, [2])
(62973, [2])
(62974, [2])
(62975, [2])
(62976, [2])
(62977, [2])
(62978, [2])
(62979, [2])
(62980, [2])
(62981, [2])
(62982, [2])
(62983, [2])
(62984, [2])
(62985, [2])
(62986, [2])
(62987, [2])
(62988, [2])
(62989, [2])
(62990, [2])
(62991, [2, 22])
(62992, [2])
(62993, [2])
(62994, [2])
(62995, [2])
(62996, [2])
(62997, [2])
(62998, [2])
(62999, [2])
(63000, [2])
(63001, [2])
(63002, [2])
(63003, [2])
(63004, [2])
(63005, [2])
(63006, [2])
(63007, [2])
(63008, [2])
(63009, [2])
(63010, [2])
(63011, [2])
(63012, [2])
(63013, [2])
(63014, [2])
(63015, [2])
(63016, [2])
(63017, [2])
(63018, [2])
(63019, [2])
(63020, [2])
(63021, [2])
(63022, [2])
(63023, [2])
(63024, [2])
(63025, [2])
(63026, [2])
(63027, [2])
(63028, [2])
(63029, [2])
(63030, [2])
(63031, [2])
(63032, [13])
(63033, [13])
(63034, [13])
(63035, [5])
(63036, [5])
(63037, [5])
(63038, [5])
(63039, [5])
(63040, [5])
(63041, [14])
(63042, [14])
(63043, [14])
(63044, [14])
(63045, [14])
(63046, [14])
(63047, [14])
(63048, [14])
(63049, [14])
(63050, [14])
(63051, [14])
(63052, [14])
(63053, [14])
(63054, [14])
(63055, [14])
(63056, [14])
(63057, [14])
(63058, [14])
(63059, [14])
(63060, [14])
(63061, [14])
(63062, [22])
(63063, [22])
(63064, [22])
(63065, [22])
(63066, [22])
(63067, [22])
(63068, [22])
(63069, [22])
(63070, [25])
(63071, [25])
(63072, [25])
