(109643, [32, 35, 34, 33, 20, 18, 27, 9, 0, 11, 7, 29, 16, 42, 6, 28, 17, 1, 10, 19, 26, 8, 21, 44, 43, 38, 36, 31, 30, 37, 39, 41, 24, 23, 4, 15, 3, 12, 40, 2, 13, 5, 14, 22, 25])
(109644, [32, 35, 34, 33, 20, 18, 27, 9, 0, 11, 7, 29, 16, 42, 6, 28, 17, 1, 10, 19, 26, 8, 21, 44, 43, 38, 36, 31, 30, 37, 39, 41, 24, 23, 4, 15, 3, 12, 40, 2, 13, 5, 14, 22, 25])
(109645, [32, 35, 34, 33, 20, 18, 27, 9, 0, 11, 7, 29, 16, 42, 6, 28, 17, 1, 10, 19, 26, 8, 21, 44, 43, 38, 36, 31, 30, 37, 39, 41, 24, 23, 4, 15, 3, 12, 40, 2, 13, 5, 14, 22, 25])
(109646, [32, 17])
(109647, [32, 18, 11, 16, 6, 17, 44, 43, 38, 39, 4, 22])
(109648, [32, 35, 34, 33, 20, 18, 27, 9, 0, 11, 7, 29, 16, 42, 6, 28, 1, 10, 19, 26, 8, 21, 44, 43, 38, 36, 31, 30, 37, 39, 41, 24, 23, 4, 15, 3, 12, 40, 2, 13, 5, 14, 22, 25])
(109649, [32, 35, 34, 33, 20, 18, 27, 9, 0, 11, 7, 29, 16, 42, 6, 28, 17, 1, 10, 19, 26, 8, 21, 44, 43, 38, 36, 31, 30, 37, 39, 41, 24, 23, 4, 15, 3, 12, 40, 2, 13, 5, 14, 22, 25])
(109650, [32, 35, 34, 33, 20, 18, 27, 9, 0, 11, 7, 29, 16, 42, 6, 28, 17, 1, 10, 19, 26, 8, 21, 44, 43, 38, 36, 31, 30, 37, 39, 41, 24, 23, 4, 15, 3, 12, 40, 2, 13, 5, 14, 22, 25])
(109651, [32, 34, 33, 20, 18, 27, 9, 0, 11, 7, 16, 42, 17, 1, 10, 19, 26, 8, 21, 44, 43, 31, 37, 39, 41, 23, 4, 15, 3, 12, 40, 2, 14, 22])
(109652, [32, 34, 33, 27, 0, 6, 10, 36, 31, 30, 39, 24, 4, 15, 3, 12, 2, 22])
(109653, [32, 35, 34, 33, 20, 18, 27, 9, 0, 11, 7, 29, 16, 42, 6, 28, 17, 1, 10, 19, 26, 8, 21, 44, 43, 38, 36, 31, 30, 37, 39, 41, 24, 23, 4, 15, 3, 12, 40, 2, 13, 5, 14, 22, 25])
(109654, [32, 35, 34, 33, 20, 18, 27, 9, 0, 11, 7, 29, 16, 42, 6, 28, 17, 1, 10, 19, 26, 8, 21, 44, 43, 38, 36, 31, 30, 37, 39, 41, 24, 23, 4, 15, 3, 12, 40, 2, 13, 5, 14, 22, 25])
(109655, [32, 35, 34, 33, 20, 18, 27, 9, 0, 11, 7, 29, 16, 42, 6, 28, 17, 1, 10, 19, 26, 8, 21, 44, 43, 38, 36, 31, 30, 39, 41, 24, 23, 4, 15, 3, 12, 40, 2, 5, 14, 22, 25])
(109656, [32, 35, 34, 33, 20, 18, 9, 0, 11, 16, 42, 6, 28, 17, 1, 19, 26, 8, 21, 44, 43, 36, 31, 30, 41, 24, 23, 4, 15, 3, 12, 40, 2, 13, 14])
(109657, [32, 35, 34, 33, 20, 18, 27, 9, 0, 11, 7, 42, 6, 28, 17, 1, 10, 19, 26, 8, 44, 43, 36, 31, 30, 41, 24, 23, 4, 15, 3, 12, 40, 2, 13, 5, 14])
(109658, [32, 26, 36, 41, 24, 4, 15, 40, 2, 13])
(109659, [32, 35, 34, 33, 20, 18, 27, 9, 11, 7, 16, 42, 6, 28, 17, 1, 19, 26, 8, 21, 44, 43, 38, 31, 30, 37, 41, 24, 23, 4, 15, 3, 12, 40, 2, 13, 5, 14, 22])
(109660, [32, 34, 33, 18, 27, 9, 0, 7, 29, 16, 6, 17, 1, 10, 19, 21, 44, 36, 31, 30, 37, 41, 24, 23, 3, 12, 40, 22])
(109661, [32, 1, 21, 44, 2, 14])
(109662, [32, 42, 1, 19, 31, 30, 24, 4, 15, 12])
(109663, [32])
(109664, [32, 35, 34, 33, 18, 9, 11, 42, 6, 17, 1, 19, 26, 21, 44, 43, 31, 30, 39, 41, 24, 23, 4, 15, 3, 12, 40, 2, 13, 14])
(109665, [32, 35, 34, 33, 18, 9, 0, 11, 7, 16, 42, 6, 17, 1, 19, 26, 21, 44, 43, 36, 31, 30, 37, 23, 4, 15, 3, 12, 40, 2, 13, 14, 22, 25])
(109666, [32, 20, 0, 6, 44, 43, 36, 4, 15, 2, 14])
(109667, [32, 35, 34, 33, 20, 18, 27, 9, 0, 11, 7, 16, 42, 6, 28, 17, 1, 10, 19, 26, 8, 21, 44, 43, 38, 31, 30, 37, 41, 24, 23, 4, 15, 3, 12, 40, 2, 13, 5, 14, 22])
(109668, [32, 34, 18, 0, 31, 30, 12, 40])
(109669, [32, 33, 18, 9, 11, 16, 6, 17, 1, 19, 26, 44, 43, 31, 30, 24, 23, 4, 15, 3, 12, 40, 2])
(109670, [32, 35, 33, 20, 18, 9, 11, 16, 42, 17, 1, 19, 26, 8, 44, 31, 30, 37, 23, 4, 3, 12, 2, 5, 22])
(109671, [32, 34, 20, 9, 0, 11, 7, 16, 6, 17, 1, 19, 26, 44, 43, 31, 30, 41, 24, 4, 15, 3, 12, 2, 13, 22])
(109672, [32, 15, 2])
(109673, [32, 34, 11, 1, 31, 15, 2])
(109674, [32, 35, 34, 33, 20, 18, 9, 0, 11, 29, 16, 6, 17, 1, 19, 26, 44, 43, 31, 30, 41, 23, 15, 40, 2, 13, 14])
(109675, [32, 34, 27, 9, 6, 26, 31, 23, 40, 2])
(109676, [32, 18, 27, 26, 43, 36, 24, 23, 4, 15, 3, 12, 2, 14])
(109677, [32, 34, 20, 18, 0, 7, 16, 1, 26, 21, 44, 41, 24, 23, 15, 3, 12, 2])
(109678, [32, 35, 34, 33, 20, 18, 9, 0, 11, 7, 42, 6, 28, 1, 10, 19, 26, 21, 44, 43, 31, 30, 39, 41, 24, 23, 15, 3, 12, 40, 2, 13, 5, 14, 22])
(109679, [32, 35, 34, 33, 20, 18, 9, 29, 16, 42, 6, 1, 19, 8, 31, 30, 41, 23, 4, 15, 3, 2])
(109680, [32, 27, 9, 7, 16, 26, 44, 23, 2, 25])
(109681, [32, 35, 33, 18, 9, 0, 11, 16, 6, 28, 17, 1, 19, 26, 8, 21, 43, 31, 30, 41, 24, 23, 4, 15, 3, 40, 2, 13, 14])
(109682, [32, 34, 18, 0, 7, 1, 26, 36, 30, 41, 23, 15, 12, 2, 13])
(109683, [32, 34, 20, 18, 9, 0, 11, 16, 6, 1, 10, 19, 26, 44, 43, 30, 39, 23, 15, 3, 12, 2, 5])
(109684, [32, 35, 33, 0, 42, 6, 17, 1, 21, 44, 30, 23, 15, 3])
(109685, [32, 35, 34, 33, 20, 18, 9, 0, 11, 29, 16, 6, 1, 19, 8, 21, 44, 43, 36, 31, 30, 37, 41, 24, 23, 15, 3, 12, 2, 5, 22])
(109686, [32, 20, 18, 0, 11, 16, 6, 17, 1, 19, 21, 3, 2, 13, 14])
(109687, [32, 34, 9, 17, 26, 31, 30, 41, 24, 4, 2, 14])
(109688, [32, 0, 31, 41, 15, 2, 14])
(109689, [32, 34, 33, 18, 27, 9, 0, 11, 7, 16, 42, 6, 28, 17, 1, 19, 26, 44, 38, 31, 30, 39, 41, 24, 23, 4, 15, 3, 12, 2, 5, 14])
(109690, [32, 35, 27, 7, 16, 42, 17, 1, 26, 44, 43, 36, 30, 24, 4, 15, 2, 14])
(109691, [32, 39, 24, 4, 15, 14])
(109692, [32, 35, 34, 20, 18, 9, 0, 1, 19, 8, 44, 31, 30, 37, 41, 24, 23, 15, 3, 12, 2, 13, 5, 14, 22])
(109693, [32])
(109694, [32])
(109695, [32, 20, 18, 27, 9, 0, 11, 29, 16, 6, 17, 1, 19, 44, 43, 31, 30, 39, 23, 4, 15, 3, 2, 14])
(109696, [32])
(109697, [32, 35, 34, 33, 18, 27, 0, 6, 19, 26, 44, 43, 31, 30, 23, 4, 15])
(109698, [32, 35, 34, 33, 18, 9, 0, 11, 29, 16, 6, 17, 1, 10, 19, 26, 44, 43, 31, 30, 37, 41, 24, 23, 4, 15, 3, 12, 40, 2, 13, 14, 22])
(109699, [32, 9, 11, 6, 28, 19, 26, 44, 43, 36, 41, 4, 15, 3, 2])
(109700, [32, 37, 23, 3])
(109701, [32, 20, 18, 9, 0, 16, 1, 10, 19, 26, 8, 44, 30, 41, 4, 3, 22])
(109702, [32, 27, 9, 0, 43, 36, 31, 41, 24, 4, 3, 12, 2, 14])
(109703, [32, 34, 9, 11, 6, 17, 26, 36, 24])
(109704, [32, 18])
(109705, [32])
(109706, [32, 9, 7])
(109707, [32, 9, 41, 23, 2])
(109708, [32, 18, 0, 6, 8, 44, 43, 36, 31, 4, 15, 2, 14])
(109709, [32, 34, 33, 18, 27, 0, 17, 26, 44, 36, 31, 30, 4, 12, 2, 14])
(109710, [32, 33, 9, 7, 42, 6, 1, 19, 8, 44, 43, 23, 15, 12, 40])
(109711, [32])
(109712, [32, 34, 9, 26, 43, 31, 30, 24, 12])
(109713, [32, 35, 34, 33, 18, 9, 11, 16, 6, 17, 1, 19, 8, 44, 43, 37, 41, 23, 4, 15, 3, 2, 13])
(109714, [32, 34, 33, 24, 40])
(109715, [32, 35, 33, 18, 9, 0, 11, 7, 29, 6, 19, 26, 8, 21, 44, 43, 38, 31, 37, 24, 23, 4, 15, 3, 12, 40, 2, 5, 22])
(109716, [32, 35, 34, 33, 20, 18, 7, 16, 42, 1, 19, 26, 21, 44, 43, 38, 37, 23, 4, 3, 12, 2])
(109717, [32, 35, 34, 33, 20, 18, 9, 0, 11, 7, 42, 1, 10, 19, 26, 21, 44, 38, 31, 30, 24, 15, 3, 12, 2, 13, 5, 22])
(109718, [32, 18, 0, 6, 1, 19, 26, 8, 41, 3, 12, 40])
(109719, [32, 18, 17, 30, 41, 12])
(109720, [32, 9, 0, 11, 16, 17, 1, 19, 26, 44, 36, 41, 24, 15, 3, 40, 13, 14])
(109721, [32, 34, 20, 18, 27, 9, 0, 29, 16, 6, 17, 1, 19, 26, 44, 43, 36, 31, 30, 41, 23, 4, 15, 3, 12, 2, 14, 25])
(109722, [32, 33, 9, 11, 1, 19, 43, 36, 31, 30, 41, 23, 4, 15, 3, 12, 2, 13])
(109723, [32, 1])
(109724, [32, 35, 34, 33, 20, 18, 27, 9, 0, 11, 7, 16, 42, 17, 1, 19, 26, 21, 43, 30, 39, 41, 23, 15, 3, 12, 40, 2, 13, 22])
(109725, [32, 18, 6, 1, 19, 26, 31, 30, 23, 15, 3, 12, 22])
(109726, [32, 11, 42, 17, 1, 30, 15, 3, 12])
(109727, [32, 0, 6, 21, 30, 15, 22])
(109728, [32, 0, 40])
(109729, [32, 34, 33, 20, 18, 27, 9, 0, 11, 7, 16, 42, 6, 28, 17, 1, 19, 26, 8, 21, 44, 43, 38, 31, 30, 37, 39, 41, 24, 23, 4, 15, 3, 12, 40, 2, 13, 5, 14])
(109730, [32, 34, 33, 0, 11, 17, 1, 19, 26, 21, 44, 43, 31, 24, 3, 12, 40, 13])
(109731, [32, 0, 26])
(109732, [32])
(109733, [32, 35, 33, 20, 18, 27, 9, 0, 11, 6, 28, 17, 1, 19, 26, 44, 43, 36, 31, 30, 39, 41, 24, 4, 15, 3, 12, 40, 2, 13, 14])
(109734, [32, 33, 9, 7, 42, 6, 17, 1, 19, 26, 44, 43, 38, 23, 4, 15, 3, 12, 2, 22])
(109735, [32])
(109736, [32, 34, 33, 20, 18, 9, 0, 11, 7, 16, 42, 6, 17, 1, 19, 26, 21, 44, 43, 31, 24, 23, 4, 3, 12, 2])
(109737, [32, 35, 34, 33, 18, 27, 9, 0, 11, 7, 29, 16, 28, 17, 1, 19, 21, 44, 43, 36, 31, 30, 37, 39, 41, 24, 4, 15, 3, 12, 40, 2, 13, 22, 25])
(109738, [32, 1])
(109739, [32, 0, 28, 1, 3])
(109740, [32, 0, 11, 7, 41, 12])
(109741, [35, 34, 33, 20, 18, 27, 9, 0, 11, 7, 29, 16, 42, 6, 28, 1, 10, 19, 26, 8, 21, 44, 43, 38, 36, 31, 30, 37, 39, 41, 24, 23, 4, 15, 3, 12, 40, 2, 13, 5, 14, 22, 25])
(109742, [35, 18, 8, 23])
(109743, [35, 17, 43, 36, 41, 23, 4, 12, 2])
(109744, [35])
(109745, [35, 34, 27, 9, 0, 11, 16, 10, 26, 31, 30, 41, 3, 12, 2, 22])
(109746, [35])
(109747, [35])
(109748, [35, 18, 8, 23, 4])
(109749, [35, 34, 33, 20, 27, 9, 0, 11, 7, 16, 42, 1, 10, 26, 21, 44, 43, 31, 37, 41, 24, 23, 15, 3, 12, 2, 13])
(109750, [35, 34, 20, 9, 0, 7, 1, 10, 44, 43, 37, 41, 23, 15, 3, 12, 2, 5])
(109751, [35])
(109752, [35])
(109753, [35, 18, 43, 37, 23])
(109754, [35, 30, 41])
(109755, [35])
(109756, [35, 34, 33, 9, 0, 11, 7, 42, 17, 1, 19, 21, 44, 43, 31, 39, 23, 4, 15, 3, 2, 13, 14])
(109757, [35])
(109758, [35])
(109759, [35, 9, 11, 7, 6, 28, 1, 19, 26, 21, 44, 43, 37, 23, 4, 15, 3, 12, 2, 5, 14, 22, 25])
(109760, [35])
(109761, [35, 34, 33, 18, 9, 0, 11, 29, 42, 1, 19, 26, 21, 43, 36, 31, 24, 23, 4, 15, 3, 12, 2, 22])
(109762, [35])
(109763, [35])
(109764, [35, 33, 20, 18, 0, 11, 7, 29, 42, 21, 44, 30, 24, 15, 3, 12, 2])
(109765, [35, 34, 20, 9, 0, 11, 7, 1, 26, 8, 21, 44, 38, 30, 41, 3, 12, 2])
(109766, [35])
(109767, [35, 2])
(109768, [35, 20, 9, 0, 7, 16, 17, 1, 19, 26, 43, 31, 41, 4, 3, 12, 40, 2])
(109769, [35, 34, 18, 0, 1, 36, 23, 3, 12, 5])
(109770, [35])
(109771, [35])
(109772, [35, 34, 9, 11, 7, 16, 42, 1, 10, 19, 8, 44, 31, 23, 3, 12, 2])
(109773, [35, 34, 33, 18, 1, 19, 21, 43, 31, 30, 4, 3, 22])
(109774, [35])
(109775, [35])
(109776, [34, 9, 11, 7, 17, 1, 26, 31])
(109777, [34, 0, 1, 19, 41, 4, 3, 12, 2])
(109778, [34, 33, 1, 44, 39, 3, 12, 2])
(109779, [34])
(109780, [34, 20, 9, 11, 6, 28, 1, 26, 43, 31, 39, 24, 23, 15, 3, 12, 2])
(109781, [34, 9, 8, 23, 12])
(109782, [34, 9, 0, 11, 7, 1, 44, 31, 30, 23, 4, 3, 12, 2, 22])
(109783, [34, 33, 18, 42, 17, 1, 19, 26, 44, 43, 31, 30, 3, 12, 40, 2, 13])
(109784, [34, 39, 4, 3, 40])
(109785, [34, 33, 11, 6, 19, 31, 41, 4, 2, 14])
(109786, [34, 33, 20, 18, 27, 9, 0, 11, 7, 16, 42, 6, 17, 1, 10, 19, 26, 21, 44, 43, 31, 30, 24, 23, 4, 15, 3, 12, 40, 2, 13, 14])
(109787, [34, 5])
(109788, [34, 33, 0, 11, 7, 6, 28, 17, 1, 26, 44, 43, 31, 30, 41, 4, 15, 3, 12, 40, 2, 13, 14])
(109789, [34, 43])
(109790, [34, 18, 16, 6, 1, 26, 41, 15, 3])
(109791, [34, 33, 20, 11, 17, 26, 44, 43, 30, 41, 4, 15, 3, 40, 2, 13, 14])
(109792, [34])
(109793, [34, 33, 18, 9, 0, 11, 17, 1, 10, 19, 26, 43, 36, 30, 12, 2])
(109794, [34, 20, 11, 43, 41])
(109795, [34])
(109796, [34, 33, 20, 18, 9, 0, 11, 16, 1, 19, 26, 21, 31, 30, 39, 41, 23, 15, 3, 40, 14, 22, 25])
(109797, [34, 33, 9, 17, 31, 24, 23])
(109798, [34])
(109799, [34, 21, 3])
(109800, [34, 12])
(109801, [34])
(109802, [34, 9, 0, 1])
(109803, [34])
(109804, [34, 0, 17, 2])
(109805, [34, 33, 18, 9, 17, 19, 21, 44, 30, 41, 15, 22])
(109806, [34, 30, 24, 15])
(109807, [34, 33, 0, 42, 1, 19, 38, 4, 3])
(109808, [34, 9, 0, 11, 16, 17, 1, 10, 19, 8, 21, 38, 31, 30, 23, 4, 15, 3, 12, 14, 22])
(109809, [34, 8, 21])
(109810, [34, 20, 18, 27, 42, 6, 26, 43, 41, 24, 23, 12])
(109811, [34, 7, 42, 17, 1, 26, 8, 21, 3, 12])
(109812, [34])
(109813, [34, 3])
(109814, [34, 20, 9, 11, 16, 17, 1, 19, 43, 3, 22])
(109815, [34, 0])
(109816, [34, 33, 20, 0, 11, 7, 17, 19, 26, 21, 15, 3, 12, 2, 13, 14])
(109817, [34, 9, 42, 30])
(109818, [34, 9, 23])
(109819, [34, 28])
(109820, [34])
(109821, [34, 9])
(109822, [34, 19, 26, 43, 31])
(109823, [34, 20, 9, 0, 11, 7, 28, 10, 12, 2, 13])
(109824, [34])
(109825, [34, 0])
(109826, [34])
(109827, [34, 18, 1, 19, 26, 21, 44, 30, 4, 15])
(109828, [34, 43])
(109829, [34, 33, 0, 6, 28, 17, 1, 10, 19, 26, 44, 43, 31, 41, 24, 23, 15, 3, 12, 2, 13, 14])
(109830, [34, 44, 2])
(109831, [34, 9, 0, 11, 16, 26, 44, 31, 24, 3, 2])
(109832, [34, 30])
(109833, [34, 9, 0, 7, 39, 2])
(109834, [34])
(109835, [34])
(109836, [34, 9, 31, 5])
(109837, [34])
(109838, [34, 43, 41, 2, 14])
(109839, [34])
(109840, [34])
(109841, [34, 20, 18, 9, 0, 11, 1, 10, 19, 8, 41, 3, 12, 2, 5, 14])
(109842, [34])
(109843, [34, 11, 1, 31, 41, 2])
(109844, [33, 20, 0, 19, 26, 8, 43, 31, 4, 3])
(109845, [33])
(109846, [33])
(109847, [33, 4])
(109848, [33, 0, 31, 12, 2])
(109849, [33])
(109850, [33, 1])
(109851, [33, 18, 11, 16, 6, 17, 1, 19, 26, 21, 44, 31, 30, 15, 3, 40, 2, 22])
(109852, [33])
(109853, [33])
(109854, [33, 11])
(109855, [33])
(109856, [33, 18, 0, 7, 19, 21, 4, 3, 22])
(109857, [33])
(109858, [33, 11])
(109859, [33, 20, 0, 1, 26, 44, 36, 41, 15, 3, 12])
(109860, [33, 7])
(109861, [33, 18, 1, 23])
(109862, [33, 18, 1, 19, 31, 30, 3, 40, 2, 13, 22])
(109863, [33])
(109864, [33])
(109865, [33, 19])
(109866, [33, 18, 11, 29, 16, 1, 19, 8, 21, 43, 31, 30, 41, 23, 15, 3, 12, 2])
(109867, [33])
(109868, [33, 16, 17, 1, 21, 43, 31, 39, 3, 12, 2])
(109869, [33, 11, 1, 44, 2])
(109870, [33])
(109871, [33])
(109872, [33])
(109873, [33, 44, 41, 15, 40, 2])
(109874, [33, 6])
(109875, [33, 18, 9, 0, 7, 19, 26, 21, 43, 38, 31, 30, 39, 23, 4])
(109876, [33, 30, 4, 2])
(109877, [33, 31])
(109878, [33, 9, 1, 31])
(109879, [33, 11, 21, 38, 31, 3, 12])
(109880, [33, 20, 18, 27, 9, 0, 11, 7, 17, 1, 19, 26, 44, 43, 31, 39, 23, 15, 3, 12, 40, 2, 14, 25])
(109881, [33, 9, 1, 10, 21, 38, 30, 37, 3, 2, 5])
(109882, [33, 18, 6])
(109883, [33, 18, 0, 42, 6, 28, 31, 41, 23, 4, 3, 12, 2])
(109884, [20, 0, 6, 19, 8, 30, 41, 24, 23, 15, 40, 2, 14])
(109885, [20, 18, 0, 7, 16, 42, 6, 1, 19, 21, 44, 43, 41, 4, 3, 12, 2, 14, 22])
(109886, [20, 0, 16, 1, 19, 21, 41, 4, 15, 3, 40, 2, 14])
(109887, [20, 31])
(109888, [20, 18, 27, 9, 0, 17, 1, 41, 23, 4, 15, 3, 2])
(109889, [20])
(109890, [20])
(109891, [20, 0, 11, 42, 1, 44, 15])
(109892, [20, 18, 9, 0, 16, 17, 19, 26, 43, 41, 24, 3, 2, 14])
(109893, [20])
(109894, [20])
(109895, [20, 0, 11, 16, 26, 4, 15, 3, 13])
(109896, [20, 18, 0, 1, 10, 19, 26, 44, 39, 3, 40])
(109897, [20])
(109898, [20, 18, 11, 1, 26, 38, 30, 3, 12, 2, 14, 22])
(109899, [20, 36])
(109900, [20])
(109901, [20, 27, 1, 21, 30, 3])
(109902, [18])
(109903, [18, 19, 23, 12])
(109904, [18, 9, 0, 11, 7, 17, 1, 19, 26, 8, 44, 43, 31, 3, 2, 5, 22])
(109905, [18])
(109906, [18])
(109907, [18])
(109908, [18, 11, 23, 3])
(109909, [18])
(109910, [18, 19])
(109911, [18])
(109912, [18, 0, 19, 3, 12])
(109913, [18])
(109914, [18, 0, 8, 21, 31, 23])
(109915, [18, 11, 29, 17, 8, 44, 43, 30, 39, 41, 24, 15, 12, 2, 22])
(109916, [18])
(109917, [18, 44])
(109918, [18, 6])
(109919, [18, 23])
(109920, [18])
(109921, [18, 27, 9, 0, 26, 43, 41, 4, 15])
(109922, [18, 27, 7, 1, 19, 21, 3, 12])
(109923, [18, 11, 12])
(109924, [18, 16, 3])
(109925, [18, 29])
(109926, [18, 9, 0, 17, 19, 8, 44, 39, 12, 22])
(109927, [18])
(109928, [18])
(109929, [18])
(109930, [18])
(109931, [18, 1, 2])
(109932, [18, 31])
(109933, [18])
(109934, [18])
(109935, [18, 0, 11, 7, 16, 42, 1, 19, 44, 23, 4, 3, 12])
(109936, [18, 0, 7, 1, 44, 43, 24, 3, 2])
(109937, [18, 21, 44, 15])
(109938, [18])
(109939, [18, 7, 21, 3])
(109940, [18])
(109941, [18, 16, 1, 19, 8, 21, 44, 38, 30, 39, 23, 3, 2, 22, 25])
(109942, [18, 1, 44, 31, 30])
(109943, [18, 1, 4])
(109944, [18, 9, 16, 6, 1, 43, 41, 4, 3, 13])
(109945, [18, 7, 42, 1, 19, 23, 3, 2])
(109946, [18])
(109947, [18])
(109948, [18, 0, 17, 43, 15, 12, 40, 2])
(109949, [18])
(109950, [18, 21, 40, 2])
(109951, [18])
(109952, [18])
(109953, [18, 15])
(109954, [18, 17, 21, 44, 24, 3])
(109955, [18, 9, 2])
(109956, [18, 9, 17, 26, 21, 23, 15, 12, 22])
(109957, [18])
(109958, [18])
(109959, [18])
(109960, [18])
(109961, [18])
(109962, [18, 1, 21])
(109963, [18])
(109964, [18, 9, 0, 44, 36, 31, 41, 24])
(109965, [18])
(109966, [18])
(109967, [18])
(109968, [18])
(109969, [18])
(109970, [18])
(109971, [18])
(109972, [18])
(109973, [18])
(109974, [18, 1])
(109975, [18, 1, 21, 12])
(109976, [18, 41])
(109977, [18, 23])
(109978, [18, 23])
(109979, [18, 15, 2])
(109980, [18])
(109981, [18, 44, 12])
(109982, [18])
(109983, [18, 9, 7, 19, 26, 44])
(109984, [18, 23])
(109985, [18])
(109986, [18])
(109987, [18])
(109988, [18, 9, 0, 7, 6, 44, 41, 24, 15, 12])
(109989, [18])
(109990, [18])
(109991, [18, 30, 2])
(109992, [18, 7, 6, 17, 26, 43, 4, 3, 2, 14])
(109993, [18])
(109994, [18, 0, 6, 17, 43, 4, 2])
(109995, [18, 1])
(109996, [18, 43, 23])
(109997, [18])
(109998, [18, 9, 11, 1, 31, 3, 12, 2])
(109999, [18])
(110000, [18])
(110001, [27, 7, 23])
(110002, [27, 0, 26, 39, 24, 15])
(110003, [27])
(110004, [27])
(110005, [27])
(110006, [27])
(110007, [9])
(110008, [9])
(110009, [9, 7, 1, 43, 41, 15, 3])
(110010, [9])
(110011, [9])
(110012, [9, 1, 19, 8, 23])
(110013, [9])
(110014, [9, 16, 28, 41])
(110015, [9])
(110016, [9, 40])
(110017, [9, 8, 21, 43, 3, 12, 5])
(110018, [9, 28, 31, 41, 24, 4, 15, 40, 2])
(110019, [9, 26])
(110020, [9])
(110021, [9, 11, 16, 17, 1, 31, 30, 41, 23, 3])
(110022, [9, 0, 11, 29, 1, 26, 21, 44, 30, 15, 3, 12, 22])
(110023, [9, 22])
(110024, [9, 11, 16, 44, 30, 15, 3, 12, 2])
(110025, [9, 0, 41, 12])
(110026, [9])
(110027, [9, 11, 16, 42, 1, 21, 43, 3, 12, 2, 13])
(110028, [9])
(110029, [9, 41, 23, 3])
(110030, [9])
(110031, [9, 16, 3, 13])
(110032, [9])
(110033, [9, 1, 41])
(110034, [9, 6, 1, 26, 24, 23, 15, 2, 14])
(110035, [9])
(110036, [9])
(110037, [9])
(110038, [9])
(110039, [9, 0, 6, 17, 31, 30, 41, 4, 3])
(110040, [9])
(110041, [9])
(110042, [9, 0, 42, 1, 19, 31, 3, 22])
(110043, [9, 16, 28, 17, 41])
(110044, [9])
(110045, [9, 1, 21, 30, 41, 15, 22])
(110046, [9])
(110047, [9])
(110048, [9])
(110049, [9])
(110050, [9, 11, 26, 23, 15, 2])
(110051, [9, 6, 30, 2, 22])
(110052, [9, 24, 15, 2, 14])
(110053, [9])
(110054, [9, 26, 44])
(110055, [9, 31])
(110056, [9])
(110057, [9, 0])
(110058, [9])
(110059, [9])
(110060, [9])
(110061, [9])
(110062, [9])
(110063, [9])
(110064, [0])
(110065, [0, 12])
(110066, [0, 17, 44, 3])
(110067, [0])
(110068, [0])
(110069, [0])
(110070, [0, 2])
(110071, [0])
(110072, [0])
(110073, [0])
(110074, [0])
(110075, [0])
(110076, [0, 11, 16, 19, 26, 43, 2])
(110077, [0])
(110078, [0])
(110079, [0])
(110080, [0])
(110081, [0])
(110082, [0])
(110083, [0])
(110084, [0])
(110085, [0, 11, 1, 26, 21, 44, 43, 12, 2])
(110086, [0, 42, 41, 2])
(110087, [0])
(110088, [0, 11, 16, 26, 44, 43, 3])
(110089, [0])
(110090, [0])
(110091, [0])
(110092, [0])
(110093, [0])
(110094, [0])
(110095, [0])
(110096, [0])
(110097, [0])
(110098, [0])
(110099, [0, 24])
(110100, [0])
(110101, [0])
(110102, [0])
(110103, [0])
(110104, [0])
(110105, [0])
(110106, [0])
(110107, [0, 12])
(110108, [0])
(110109, [0])
(110110, [0])
(110111, [0])
(110112, [0])
(110113, [0])
(110114, [0])
(110115, [0])
(110116, [0])
(110117, [0])
(110118, [0])
(110119, [0])
(110120, [0])
(110121, [0])
(110122, [0])
(110123, [0])
(110124, [0])
(110125, [0])
(110126, [0])
(110127, [0])
(110128, [0, 28, 21, 12])
(110129, [0])
(110130, [0])
(110131, [0])
(110132, [0])
(110133, [0])
(110134, [0])
(110135, [0, 11, 1, 21, 31, 41, 3])
(110136, [0])
(110137, [0, 36])
(110138, [0])
(110139, [0])
(110140, [0])
(110141, [0])
(110142, [0])
(110143, [0])
(110144, [0])
(110145, [0])
(110146, [0, 12])
(110147, [0])
(110148, [0, 26, 12])
(110149, [0])
(110150, [0, 11, 7, 42, 17, 1, 19, 4, 3, 2])
(110151, [0])
(110152, [0])
(110153, [0])
(110154, [0])
(110155, [0])
(110156, [0])
(110157, [0])
(110158, [0])
(110159, [0])
(110160, [0])
(110161, [0])
(110162, [0])
(110163, [0])
(110164, [0])
(110165, [0])
(110166, [0])
(110167, [0])
(110168, [0])
(110169, [0])
(110170, [0])
(110171, [0])
(110172, [0, 11, 17, 3, 12])
(110173, [0])
(110174, [0])
(110175, [0])
(110176, [0])
(110177, [0])
(110178, [0, 29, 42, 23])
(110179, [0])
(110180, [0])
(110181, [0])
(110182, [0])
(110183, [0])
(110184, [0])
(110185, [0])
(110186, [0])
(110187, [0])
(110188, [0])
(110189, [0])
(110190, [0])
(110191, [0, 11, 39, 4])
(110192, [0, 11, 24])
(110193, [0])
(110194, [0, 43, 41, 3])
(110195, [0])
(110196, [0])
(110197, [0])
(110198, [0])
(110199, [0])
(110200, [0])
(110201, [0, 11, 44, 41, 15, 12])
(110202, [0, 11, 31, 3, 40, 2])
(110203, [0])
(110204, [0])
(110205, [0])
(110206, [0])
(110207, [0, 2])
(110208, [0])
(110209, [0])
(110210, [0])
(110211, [0])
(110212, [0])
(110213, [0])
(110214, [0])
(110215, [0, 41])
(110216, [0])
(110217, [0, 3])
(110218, [0])
(110219, [0])
(110220, [0])
(110221, [0])
(110222, [0])
(110223, [0])
(110224, [0])
(110225, [0])
(110226, [0, 14])
(110227, [0])
(110228, [0])
(110229, [0])
(110230, [0])
(110231, [0])
(110232, [0])
(110233, [0])
(110234, [0])
(110235, [0])
(110236, [0])
(110237, [0])
(110238, [0, 11, 19, 26, 21, 36, 41, 40, 2, 14])
(110239, [0])
(110240, [0, 12])
(110241, [0])
(110242, [0])
(110243, [0])
(110244, [0, 17])
(110245, [0])
(110246, [0])
(110247, [0])
(110248, [0])
(110249, [0])
(110250, [0])
(110251, [0, 1, 3, 2])
(110252, [0])
(110253, [0])
(110254, [0])
(110255, [0])
(110256, [0])
(110257, [0])
(110258, [0])
(110259, [0])
(110260, [0, 11, 23, 12])
(110261, [0])
(110262, [0])
(110263, [0])
(110264, [0])
(110265, [0])
(110266, [0, 12])
(110267, [0])
(110268, [0, 2])
(110269, [0])
(110270, [0])
(110271, [0])
(110272, [0])
(110273, [0])
(110274, [0])
(110275, [0])
(110276, [0])
(110277, [0, 11, 6, 2])
(110278, [0, 19])
(110279, [0])
(110280, [0])
(110281, [0])
(110282, [0])
(110283, [0, 30])
(110284, [0])
(110285, [0])
(110286, [0])
(110287, [0])
(110288, [0, 2])
(110289, [0])
(110290, [0])
(110291, [0])
(110292, [0])
(110293, [0])
(110294, [0])
(110295, [0])
(110296, [0])
(110297, [0])
(110298, [0])
(110299, [0])
(110300, [0])
(110301, [0])
(110302, [0])
(110303, [0])
(110304, [0])
(110305, [0])
(110306, [0])
(110307, [11, 8, 44, 43])
(110308, [11])
(110309, [11, 7, 3])
(110310, [11, 16, 42, 1, 10, 21, 44, 43, 3, 12, 2, 22])
(110311, [11, 1, 3])
(110312, [11])
(110313, [11])
(110314, [11])
(110315, [11, 21])
(110316, [11, 17, 1, 19, 21, 44, 4, 3, 12, 22])
(110317, [11, 17, 43, 31])
(110318, [11])
(110319, [11, 26])
(110320, [11])
(110321, [11])
(110322, [11])
(110323, [11])
(110324, [11])
(110325, [11, 25])
(110326, [11])
(110327, [11, 28, 1, 4, 3])
(110328, [11])
(110329, [11, 44, 36, 2])
(110330, [11])
(110331, [11])
(110332, [11, 17, 1, 24, 40, 2, 14])
(110333, [11])
(110334, [11, 31])
(110335, [11, 41, 4])
(110336, [11])
(110337, [11, 1, 3])
(110338, [11, 31, 30, 41, 15, 2])
(110339, [7])
(110340, [7, 31])
(110341, [7, 8])
(110342, [7])
(110343, [7])
(110344, [7])
(110345, [7])
(110346, [7])
(110347, [7])
(110348, [7, 1, 3])
(110349, [7, 28, 1, 30])
(110350, [29, 21, 12, 5])
(110351, [29, 1])
(110352, [29])
(110353, [29])
(110354, [29, 1, 41, 15])
(110355, [16])
(110356, [16, 3, 2])
(110357, [16, 1])
(110358, [16, 23])
(110359, [16])
(110360, [16])
(110361, [16])
(110362, [16])
(110363, [16])
(110364, [16])
(110365, [42, 21, 23])
(110366, [6])
(110367, [6])
(110368, [6])
(110369, [6])
(110370, [6, 39, 2])
(110371, [6])
(110372, [6])
(110373, [6, 31, 24, 12, 13])
(110374, [6])
(110375, [6, 15, 3])
(110376, [6])
(110377, [6, 41])
(110378, [6])
(110379, [6])
(110380, [6])
(110381, [6, 24, 23])
(110382, [6])
(110383, [28])
(110384, [28])
(110385, [28])
(110386, [28, 26, 4])
(110387, [17])
(110388, [17])
(110389, [17, 24, 15, 2])
(110390, [17, 19, 26, 43])
(110391, [17, 2])
(110392, [17])
(110393, [17])
(110394, [17])
(110395, [17])
(110396, [17, 43, 2, 14])
(110397, [17])
(110398, [17, 2])
(110399, [17, 43, 4])
(110400, [17])
(110401, [17])
(110402, [17])
(110403, [17, 19, 12])
(110404, [1])
(110405, [1, 21, 3])
(110406, [1])
(110407, [1, 19, 21, 43, 23])
(110408, [1, 3])
(110409, [1, 26, 23, 3])
(110410, [1])
(110411, [1])
(110412, [1, 12])
(110413, [1, 3])
(110414, [1, 44, 31, 24, 3, 40])
(110415, [1, 21, 43])
(110416, [1, 12])
(110417, [1, 26, 44])
(110418, [1])
(110419, [1])
(110420, [1])
(110421, [1])
(110422, [1, 19, 8, 36, 22])
(110423, [1, 21])
(110424, [1])
(110425, [1])
(110426, [1])
(110427, [1])
(110428, [1, 44, 3])
(110429, [1, 12, 14])
(110430, [1])
(110431, [1, 19, 3, 2])
(110432, [1, 22])
(110433, [1, 3])
(110434, [1, 21, 3])
(110435, [1])
(110436, [1])
(110437, [1])
(110438, [1, 19, 21, 3])
(110439, [1])
(110440, [1])
(110441, [1])
(110442, [1])
(110443, [1, 21, 3])
(110444, [1])
(110445, [1, 13, 5])
(110446, [1])
(110447, [10])
(110448, [10])
(110449, [10])
(110450, [10])
(110451, [10])
(110452, [10, 26, 2])
(110453, [10])
(110454, [10, 39])
(110455, [10])
(110456, [10])
(110457, [19, 26, 15])
(110458, [19])
(110459, [19])
(110460, [19])
(110461, [19])
(110462, [19])
(110463, [19])
(110464, [19])
(110465, [19, 2])
(110466, [19, 22])
(110467, [19])
(110468, [19])
(110469, [19, 24])
(110470, [19])
(110471, [19])
(110472, [19])
(110473, [19, 14])
(110474, [19])
(110475, [19, 31])
(110476, [19])
(110477, [19])
(110478, [19, 3])
(110479, [19, 23])
(110480, [19])
(110481, [19])
(110482, [19])
(110483, [26])
(110484, [26])
(110485, [26])
(110486, [26])
(110487, [26, 2])
(110488, [26])
(110489, [26, 36])
(110490, [26, 21, 23, 3, 12])
(110491, [26, 43, 41, 2])
(110492, [26, 31])
(110493, [26])
(110494, [26])
(110495, [26, 8, 44, 15, 3, 14])
(110496, [26, 12])
(110497, [26])
(110498, [26])
(110499, [26])
(110500, [26, 43, 23, 2])
(110501, [26])
(110502, [26])
(110503, [26])
(110504, [26, 41, 4])
(110505, [26, 43, 38, 2, 14])
(110506, [8])
(110507, [8])
(110508, [8, 5])
(110509, [8])
(110510, [8])
(110511, [8, 5])
(110512, [8])
(110513, [8, 4])
(110514, [8])
(110515, [8, 41, 14])
(110516, [8])
(110517, [8])
(110518, [8])
(110519, [8])
(110520, [8, 5])
(110521, [8])
(110522, [8])
(110523, [8])
(110524, [8])
(110525, [21])
(110526, [21, 12])
(110527, [21])
(110528, [21])
(110529, [21])
(110530, [21])
(110531, [21])
(110532, [21, 12])
(110533, [21])
(110534, [21])
(110535, [21])
(110536, [21])
(110537, [21, 3])
(110538, [21])
(110539, [21])
(110540, [21])
(110541, [21, 12])
(110542, [21])
(110543, [21, 44])
(110544, [21])
(110545, [21])
(110546, [21])
(110547, [21])
(110548, [21])
(110549, [21])
(110550, [21])
(110551, [21])
(110552, [21])
(110553, [21])
(110554, [21])
(110555, [21, 41, 3, 12, 2])
(110556, [21])
(110557, [21, 12])
(110558, [21])
(110559, [21])
(110560, [21])
(110561, [21])
(110562, [21])
(110563, [21])
(110564, [21])
(110565, [21])
(110566, [21])
(110567, [21, 2])
(110568, [21])
(110569, [21])
(110570, [21])
(110571, [21])
(110572, [21])
(110573, [21])
(110574, [21])
(110575, [44])
(110576, [44, 41])
(110577, [44])
(110578, [44])
(110579, [44])
(110580, [44])
(110581, [44])
(110582, [44, 4])
(110583, [44, 2])
(110584, [44])
(110585, [44])
(110586, [44])
(110587, [44])
(110588, [44])
(110589, [44])
(110590, [44])
(110591, [44])
(110592, [43])
(110593, [43, 23, 12, 2, 14])
(110594, [43])
(110595, [43, 2])
(110596, [43])
(110597, [43])
(110598, [43, 24, 2])
(110599, [43])
(110600, [43])
(110601, [43])
(110602, [43])
(110603, [43, 23, 2])
(110604, [43, 15])
(110605, [43])
(110606, [43])
(110607, [43])
(110608, [38, 3])
(110609, [38, 41])
(110610, [38])
(110611, [36])
(110612, [36])
(110613, [36])
(110614, [36])
(110615, [36])
(110616, [36])
(110617, [36])
(110618, [36])
(110619, [36])
(110620, [36, 24, 15, 2])
(110621, [36])
(110622, [36])
(110623, [36])
(110624, [36])
(110625, [36])
(110626, [36])
(110627, [36])
(110628, [31])
(110629, [31, 12])
(110630, [31])
(110631, [31])
(110632, [31])
(110633, [31])
(110634, [31, 30, 37])
(110635, [31])
(110636, [31])
(110637, [31, 2])
(110638, [31])
(110639, [31])
(110640, [31])
(110641, [31])
(110642, [31])
(110643, [30])
(110644, [30])
(110645, [30])
(110646, [30])
(110647, [30, 2])
(110648, [30])
(110649, [30, 41])
(110650, [30])
(110651, [30])
(110652, [30])
(110653, [37])
(110654, [37])
(110655, [37])
(110656, [37])
(110657, [39])
(110658, [39])
(110659, [39])
(110660, [39])
(110661, [39, 23, 3])
(110662, [39])
(110663, [39, 3])
(110664, [39])
(110665, [41])
(110666, [41])
(110667, [41])
(110668, [41])
(110669, [41, 2, 14])
(110670, [41])
(110671, [41])
(110672, [41])
(110673, [41])
(110674, [41, 4])
(110675, [41])
(110676, [41])
(110677, [41])
(110678, [41])
(110679, [41])
(110680, [41])
(110681, [41])
(110682, [41])
(110683, [41])
(110684, [24])
(110685, [24, 12])
(110686, [24])
(110687, [24])
(110688, [24, 2])
(110689, [24, 2])
(110690, [24])
(110691, [24, 12, 14])
(110692, [23])
(110693, [23])
(110694, [23])
(110695, [23])
(110696, [23])
(110697, [23])
(110698, [23])
(110699, [23, 5])
(110700, [23])
(110701, [23])
(110702, [23])
(110703, [23])
(110704, [23])
(110705, [23])
(110706, [23])
(110707, [23])
(110708, [23])
(110709, [23])
(110710, [23])
(110711, [23])
(110712, [23])
(110713, [23])
(110714, [23])
(110715, [23])
(110716, [23])
(110717, [23])
(110718, [23])
(110719, [23])
(110720, [23])
(110721, [23])
(110722, [23])
(110723, [23])
(110724, [23, 2])
(110725, [23])
(110726, [23])
(110727, [23])
(110728, [23])
(110729, [23])
(110730, [23])
(110731, [23])
(110732, [23])
(110733, [23])
(110734, [23])
(110735, [23])
(110736, [23])
(110737, [23])
(110738, [23])
(110739, [23])
(110740, [23])
(110741, [23, 3])
(110742, [23])
(110743, [23, 12])
(110744, [23])
(110745, [23])
(110746, [23])
(110747, [23])
(110748, [23])
(110749, [23])
(110750, [23])
(110751, [23])
(110752, [23])
(110753, [4])
(110754, [4])
(110755, [4])
(110756, [4])
(110757, [4])
(110758, [4])
(110759, [4])
(110760, [4])
(110761, [4, 14])
(110762, [4])
(110763, [4])
(110764, [4])
(110765, [4])
(110766, [4])
(110767, [4])
(110768, [4])
(110769, [4])
(110770, [4])
(110771, [4])
(110772, [4])
(110773, [4])
(110774, [4])
(110775, [4])
(110776, [4])
(110777, [4])
(110778, [15])
(110779, [15, 3, 2])
(110780, [15])
(110781, [15])
(110782, [15])
(110783, [15])
(110784, [15])
(110785, [15])
(110786, [15])
(110787, [15])
(110788, [3])
(110789, [3])
(110790, [3])
(110791, [3])
(110792, [3])
(110793, [3, 12])
(110794, [3])
(110795, [3])
(110796, [3])
(110797, [3])
(110798, [3])
(110799, [3])
(110800, [3])
(110801, [3])
(110802, [3])
(110803, [3])
(110804, [3])
(110805, [3])
(110806, [3])
(110807, [3])
(110808, [3])
(110809, [3])
(110810, [12])
(110811, [12])
(110812, [12])
(110813, [12])
(110814, [12])
(110815, [12])
(110816, [12])
(110817, [12])
(110818, [12])
(110819, [12])
(110820, [12])
(110821, [12])
(110822, [12])
(110823, [12])
(110824, [12])
(110825, [12])
(110826, [12])
(110827, [12])
(110828, [12])
(110829, [12])
(110830, [12])
(110831, [12])
(110832, [12])
(110833, [12])
(110834, [12])
(110835, [12])
(110836, [12])
(110837, [12])
(110838, [12])
(110839, [12])
(110840, [12])
(110841, [12])
(110842, [12])
(110843, [12])
(110844, [12])
(110845, [12])
(110846, [12])
(110847, [12])
(110848, [12])
(110849, [12])
(110850, [12])
(110851, [12])
(110852, [12])
(110853, [12])
(110854, [12])
(110855, [12])
(110856, [12])
(110857, [12])
(110858, [12])
(110859, [12])
(110860, [12])
(110861, [12])
(110862, [12])
(110863, [12])
(110864, [12])
(110865, [12])
(110866, [12, 14])
(110867, [12])
(110868, [12])
(110869, [12])
(110870, [12])
(110871, [12])
(110872, [12])
(110873, [12])
(110874, [40])
(110875, [40])
(110876, [40])
(110877, [40])
(110878, [2])
(110879, [2])
(110880, [2])
(110881, [2])
(110882, [2])
(110883, [2])
(110884, [2])
(110885, [2])
(110886, [2])
(110887, [2])
(110888, [2])
(110889, [2])
(110890, [2])
(110891, [2])
(110892, [2])
(110893, [2])
(110894, [2])
(110895, [2])
(110896, [2])
(110897, [2])
(110898, [2])
(110899, [2])
(110900, [2])
(110901, [2])
(110902, [2])
(110903, [2])
(110904, [2])
(110905, [2])
(110906, [2])
(110907, [2])
(110908, [2])
(110909, [2])
(110910, [2])
(110911, [2])
(110912, [2])
(110913, [2])
(110914, [2])
(110915, [2])
(110916, [2])
(110917, [2])
(110918, [2])
(110919, [2])
(110920, [2])
(110921, [2])
(110922, [2])
(110923, [2])
(110924, [2])
(110925, [2])
(110926, [2])
(110927, [2])
(110928, [2])
(110929, [2])
(110930, [2])
(110931, [2])
(110932, [2])
(110933, [2])
(110934, [2])
(110935, [2])
(110936, [2])
(110937, [2])
(110938, [2])
(110939, [2])
(110940, [2])
(110941, [2])
(110942, [2])
(110943, [2])
(110944, [2])
(110945, [2])
(110946, [2])
(110947, [2])
(110948, [2])
(110949, [2, 14])
(110950, [13])
(110951, [13])
(110952, [13])
(110953, [5])
(110954, [5])
(110955, [5])
(110956, [5])
(110957, [5])
(110958, [5])
(110959, [5])
(110960, [5])
(110961, [5])
(110962, [14])
(110963, [14])
(110964, [14])
(110965, [14])
(110966, [14])
(110967, [14])
(110968, [14])
(110969, [14])
(110970, [14])
(110971, [14])
(110972, [14])
(110973, [14])
(110974, [14])
(110975, [14])
(110976, [14])
(110977, [14])
(110978, [14])
(110979, [14])
(110980, [14])
(110981, [14])
(110982, [14])
(110983, [22])
(110984, [22])
(110985, [22])
(110986, [22])
(110987, [22])
(110988, [22])
