(52101, [32, 35, 34, 33, 20, 18, 27, 9, 0, 11, 7, 29, 16, 42, 6, 28, 17, 1, 10, 19, 26, 8, 21, 44, 43, 38, 36, 31, 30, 37, 39, 41, 24, 23, 4, 15, 3, 12, 40, 2, 13, 5, 14, 22, 25])
(52102, [32, 10, 26, 21])
(52103, [32, 35, 34, 33, 20, 18, 27, 9, 0, 11, 7, 29, 16, 42, 6, 28, 17, 1, 10, 19, 26, 8, 21, 44, 43, 38, 36, 31, 30, 37, 39, 41, 24, 23, 4, 15, 3, 12, 40, 2, 13, 5, 14, 22, 25])
(52104, [32, 35, 34, 33, 20, 18, 9, 11, 7, 29, 16, 42, 6, 17, 1, 19, 26, 8, 21, 44, 43, 38, 31, 30, 39, 41, 24, 23, 4, 15, 3, 12, 40, 2, 13, 14, 22])
(52105, [32, 35, 34, 33, 20, 18, 9, 11, 7, 29, 16, 42, 6, 28, 17, 1, 10, 19, 26, 8, 21, 44, 43, 38, 36, 31, 30, 37, 39, 41, 24, 23, 4, 15, 3, 12, 40, 2, 13, 5, 14, 22, 25])
(52106, [32, 35, 34, 33, 20, 18, 9, 11, 7, 29, 16, 42, 6, 28, 17, 1, 19, 26, 8, 21, 44, 43, 38, 36, 31, 30, 39, 41, 24, 23, 4, 15, 3, 12, 40, 2, 14, 22])
(52107, [32, 20, 6, 19, 26, 44, 36, 31, 3, 12, 2, 14])
(52108, [32, 34, 33, 18, 9, 11, 7, 16, 42, 6, 28, 17, 1, 19, 26, 8, 44, 43, 31, 30, 41, 24, 23, 4, 15, 3, 12, 40, 2, 13, 5, 14, 22])
(52109, [32, 35, 34, 33, 18, 27, 9, 0, 11, 7, 16, 42, 6, 28, 17, 1, 19, 26, 8, 21, 44, 43, 38, 36, 31, 30, 37, 39, 41, 24, 23, 4, 15, 3, 12, 40, 2, 14, 22])
(52110, [32, 34, 33, 18, 9, 0, 6, 19, 8, 21, 43, 38, 31, 30, 41, 24, 23, 15, 3, 2])
(52111, [32, 35, 34, 33, 20, 27, 9, 0, 11, 7, 16, 6, 28, 1, 10, 19, 26, 8, 44, 36, 31, 30, 39, 41, 24, 23, 4, 15, 3, 12, 2, 13, 5, 14])
(52112, [32, 27, 9, 0, 11, 16, 42, 6, 17, 1, 19, 26, 8, 44, 43, 31, 30, 39, 41, 24, 23, 4, 15, 3, 12, 2, 14])
(52113, [32, 34, 33, 20, 18, 9, 0, 11, 7, 16, 6, 28, 17, 1, 19, 26, 8, 44, 43, 36, 31, 30, 41, 24, 23, 4, 15, 3, 12, 40, 2, 13, 14, 22])
(52114, [32, 34, 33, 18, 27, 9, 0, 11, 7, 29, 16, 6, 17, 1, 19, 26, 8, 44, 43, 38, 36, 31, 30, 24, 23, 4, 15, 3, 12, 40, 2, 13])
(52115, [32, 34, 33, 18, 9, 16, 6, 17, 1, 19, 26, 8, 21, 44, 43, 38, 36, 31, 30, 39, 41, 24, 23, 4, 15, 3, 12, 40, 2, 13, 22])
(52116, [32, 33, 9, 0, 6, 19, 26, 43, 30, 41, 24, 15, 40, 2, 13])
(52117, [32, 33, 9, 16, 17, 1, 19, 31, 15, 12, 2])
(52118, [32, 34, 33, 0, 11, 6, 17, 1, 44, 3, 40, 2])
(52119, [32, 0, 11, 7, 16, 6, 17, 1, 19, 44, 43, 36, 30, 41, 4, 3, 12, 2, 13])
(52120, [32, 35, 34, 33, 18, 27, 9, 11, 7, 29, 16, 42, 6, 17, 1, 19, 26, 8, 21, 44, 43, 31, 30, 37, 39, 41, 24, 23, 4, 15, 3, 12, 40, 2, 13, 5, 14, 22])
(52121, [32, 35, 34, 33, 20, 18, 27, 0, 7, 16, 42, 17, 1, 19, 26, 8, 21, 44, 43, 36, 31, 39, 41, 24, 23, 4, 15, 3, 12, 2, 13, 14])
(52122, [32, 33, 20, 1, 26, 39, 24, 23, 4, 15, 12, 5])
(52123, [32, 34, 33, 18, 9, 28, 17, 19, 43, 31, 24, 4, 15, 3, 12, 40, 2])
(52124, [32, 35, 34, 33, 20, 18, 9, 0, 11, 16, 42, 6, 28, 17, 1, 10, 19, 26, 44, 43, 38, 36, 31, 30, 41, 23, 4, 15, 3, 12, 40, 2, 5, 14])
(52125, [32, 34, 33, 18, 0, 31, 12])
(52126, [32, 34, 20, 0, 42, 3, 2, 22])
(52127, [32, 34, 33, 20, 18, 9, 0, 11, 7, 16, 42, 6, 28, 17, 1, 10, 19, 26, 8, 21, 44, 43, 31, 30, 37, 39, 41, 24, 23, 4, 15, 3, 12, 40, 2, 13, 5, 25])
(52128, [32, 27, 1, 3, 22])
(52129, [32, 1])
(52130, [32, 43, 4, 2])
(52131, [32, 33, 18, 0, 7, 6, 1, 21, 44, 38, 30, 37, 39, 23, 4, 3, 40])
(52132, [32, 35, 18, 27, 0, 17, 41, 23, 2])
(52133, [32, 4])
(52134, [32, 0, 17, 41, 4, 2])
(52135, [32, 35, 34, 33, 18, 27, 9, 0, 11, 7, 29, 16, 42, 6, 1, 19, 26, 8, 21, 44, 43, 38, 36, 31, 30, 39, 41, 23, 4, 15, 3, 12, 40, 2, 5, 14])
(52136, [32, 34, 33, 20, 18, 27, 9, 0, 11, 7, 16, 42, 6, 17, 1, 19, 8, 21, 44, 43, 31, 30, 41, 24, 23, 4, 15, 3, 40, 2, 13, 22])
(52137, [32, 34, 33, 1, 19, 36, 39, 15, 3, 40, 2])
(52138, [32, 34, 33, 18, 9, 0, 7, 42, 6, 19, 26, 43, 30, 39, 41, 24, 23, 4, 15, 12, 40, 2, 13, 14])
(52139, [32, 35, 34, 33, 18, 9, 0, 11, 7, 16, 6, 28, 17, 1, 19, 26, 44, 43, 36, 31, 30, 41, 24, 23, 4, 15, 3, 12, 40, 2, 13, 5, 14, 22])
(52140, [32, 34, 33, 18, 27, 1, 21, 44, 31, 41, 23, 3])
(52141, [32, 34, 18, 31, 30])
(52142, [32, 35, 34, 18, 11, 17, 1, 19, 8, 21, 43, 31, 30, 24, 23, 4, 15, 3, 12, 2, 22])
(52143, [32, 34, 18, 6])
(52144, [32, 11, 6, 31])
(52145, [32, 9, 11, 1, 43, 30, 3, 22])
(52146, [32, 35, 34, 33, 20, 18, 9, 0, 11, 29, 16, 42, 1, 10, 19, 26, 21, 44, 43, 38, 36, 31, 30, 37, 39, 23, 15, 3, 12, 2, 13])
(52147, [32, 34, 18, 9, 0, 7, 28, 19, 44, 43, 31, 30, 24, 23, 4, 15, 2, 14])
(52148, [32, 11, 7, 16, 6, 1, 19, 38, 30, 15, 3])
(52149, [32, 35, 33, 18, 27, 16, 17, 19, 8, 21, 43, 31, 30, 23, 4, 15, 3, 12, 14, 22])
(52150, [32, 33, 18, 9, 19, 8, 30, 4, 15, 3, 5, 14, 22])
(52151, [32, 18, 42, 6, 1, 19, 26, 21, 44, 23, 4, 15, 3, 12, 2, 5])
(52152, [32, 1, 26, 44, 30, 41, 4, 15, 12])
(52153, [32])
(52154, [32, 18, 9, 0, 7, 19, 26, 44, 43, 4, 15, 3, 12, 2, 14])
(52155, [32, 35, 34, 33, 20, 18, 27, 9, 0, 11, 7, 16, 42, 6, 17, 1, 19, 26, 8, 21, 44, 43, 31, 30, 41, 23, 4, 15, 3, 12, 2, 13, 5, 22])
(52156, [32, 35, 26, 21, 37, 41, 4, 3, 2, 14])
(52157, [32, 35, 18, 9, 0, 11, 7, 6, 26, 8, 21, 30, 23, 4, 15, 40, 5, 22])
(52158, [32, 0, 44, 36, 14])
(52159, [32, 0, 1, 19, 26, 21, 43, 23, 4, 2, 22])
(52160, [32, 18, 8, 43, 23])
(52161, [32, 33, 20, 9, 11, 16, 1, 36, 31, 30, 41, 15, 3, 40, 2, 14, 25])
(52162, [32])
(52163, [32, 20, 11, 1, 10, 26, 30, 41, 4, 3, 12, 40])
(52164, [32, 34, 27, 9, 11, 7, 16, 6, 17, 1, 19, 21, 44, 31, 30, 37, 41, 4, 15, 3, 12, 40, 2, 13, 14, 22])
(52165, [32, 35, 34, 18, 9, 11, 1, 31, 30, 3, 12, 5, 22])
(52166, [32, 35, 34, 33, 20, 18, 11, 29, 16, 6, 17, 1, 19, 26, 8, 44, 43, 36, 31, 30, 37, 39, 41, 24, 23, 4, 15, 3, 12, 40, 2, 13, 14, 22])
(52167, [32, 23, 22])
(52168, [32, 1, 15])
(52169, [32, 34, 19, 31, 30, 39, 40])
(52170, [32, 9, 26, 8, 24])
(52171, [32, 34, 30])
(52172, [32, 34, 18, 9, 11, 19, 26, 8, 21, 43, 31, 23, 15, 12])
(52173, [32, 34, 33, 18, 9, 43, 36, 31, 30, 23, 12, 2])
(52174, [32, 34, 33, 0, 43, 31, 30, 24, 23])
(52175, [32])
(52176, [32, 34, 33, 20, 9, 0, 11, 16, 1, 10, 43, 31, 30, 15, 3, 40, 25])
(52177, [32, 9, 0, 42, 1, 31, 41, 12, 2])
(52178, [32, 34, 33, 20, 27, 9, 0, 11, 7, 16, 28, 1, 10, 19, 8, 44, 31, 30, 37, 39, 41, 24, 23, 4, 3, 12, 2, 13, 5])
(52179, [32, 33, 11, 42, 1, 19, 26, 44, 38, 31, 30, 4, 14])
(52180, [32])
(52181, [32, 35, 34, 33, 18, 9, 11, 7, 29, 16, 42, 6, 17, 1, 19, 26, 21, 44, 43, 38, 31, 30, 37, 41, 24, 23, 4, 15, 3, 12, 40, 2, 14, 22])
(52182, [32, 7, 36, 41, 12, 2])
(52183, [32, 19, 15])
(52184, [32, 26])
(52185, [32, 35, 18, 11, 7, 6, 1, 19, 8, 21, 43, 38, 31, 30, 24, 23, 4, 15, 3, 40, 22])
(52186, [35, 34, 33, 20, 18, 27, 9, 0, 11, 7, 29, 16, 42, 6, 28, 1, 10, 19, 26, 8, 21, 44, 43, 38, 36, 31, 30, 37, 39, 41, 24, 23, 4, 15, 3, 12, 40, 2, 13, 5, 14, 22, 25])
(52187, [35, 16, 30])
(52188, [35, 18, 19, 8, 43, 38, 30, 39, 23, 12])
(52189, [35, 18, 23])
(52190, [35])
(52191, [35, 34, 20, 18, 9, 11, 7, 16, 42, 6, 28, 17, 1, 19, 21, 44, 43, 30, 41, 24, 23, 4, 15, 3, 12, 40, 2, 14, 22])
(52192, [35])
(52193, [35, 1, 43, 37, 41, 3])
(52194, [35, 9, 3])
(52195, [35])
(52196, [35, 18, 9, 0, 11, 6, 17, 1, 19, 8, 21, 44, 43, 38, 31, 23, 4, 15, 3, 12, 2, 5, 22])
(52197, [35, 39])
(52198, [35, 0, 19, 21, 23, 3, 12])
(52199, [35])
(52200, [35])
(52201, [35])
(52202, [35, 33, 28, 17, 19, 44, 15, 2, 13, 5])
(52203, [35])
(52204, [35])
(52205, [35, 40])
(52206, [35, 18, 27, 9, 0, 11, 7, 29, 16, 6, 28, 1, 19, 26, 8, 21, 44, 43, 38, 30, 24, 23, 4, 3, 12, 40, 2, 14, 22])
(52207, [35])
(52208, [35])
(52209, [35, 8, 31])
(52210, [35, 34, 33, 20, 9, 0, 11, 7, 1, 10, 19, 26, 21, 38, 31, 37, 24, 4, 15, 3, 2, 13])
(52211, [35, 27, 42, 6, 3])
(52212, [35, 11, 10, 41])
(52213, [35, 20, 9, 6, 10, 19, 31, 30, 39, 41, 23, 4, 15, 3, 12, 2, 14])
(52214, [35, 20, 9, 0, 16, 1, 19, 26, 21, 43, 37, 41, 24, 23, 15, 3, 12, 2, 13])
(52215, [35, 34, 1, 15, 3])
(52216, [35, 34, 33, 20, 0, 42, 1, 19, 26, 43, 31, 39, 41, 4, 12, 40, 2, 13])
(52217, [35])
(52218, [35])
(52219, [35])
(52220, [35])
(52221, [35, 9, 0, 16, 1, 19, 21, 30, 37, 23, 4, 12, 2, 22])
(52222, [35])
(52223, [34])
(52224, [34, 11, 16, 17, 19, 44, 43, 38, 39, 23, 3, 13, 22])
(52225, [34])
(52226, [34, 33, 11, 7, 1, 19, 26, 8, 21, 44, 31, 30, 39, 41, 23, 3, 40, 13])
(52227, [34, 26, 43, 4, 2])
(52228, [34, 33, 18, 9, 0, 1, 19, 44, 31, 30, 3, 2])
(52229, [34])
(52230, [34, 19, 2])
(52231, [34, 33, 18, 11, 29, 1, 19, 43, 38, 3, 12])
(52232, [34, 33, 18, 44, 31, 30, 23, 15, 3, 22])
(52233, [34, 17, 44, 36, 41, 40, 2, 14])
(52234, [34])
(52235, [34, 1, 19, 3, 40])
(52236, [34, 33])
(52237, [34, 33, 0, 1, 31, 30])
(52238, [34, 31, 23])
(52239, [34, 33, 18, 11, 6, 17, 26, 43, 31, 30, 41, 4, 15, 2, 13])
(52240, [34, 12, 22])
(52241, [34])
(52242, [34, 0, 7, 13])
(52243, [34])
(52244, [34, 0, 23, 12])
(52245, [34, 0, 16, 6, 43, 41, 24, 3, 12])
(52246, [34])
(52247, [34, 18, 0, 7, 23, 14])
(52248, [34, 33, 19, 41, 2, 14])
(52249, [34, 6, 28, 26, 2])
(52250, [34, 17, 30])
(52251, [34, 33, 20, 7, 29, 16, 28, 1, 19, 21, 43, 38, 30, 4, 15, 3, 13])
(52252, [34, 33, 18, 9, 11, 7, 42, 6, 1, 8, 44, 23, 3, 12, 2])
(52253, [34])
(52254, [34, 33, 9, 0, 16, 42, 17, 1, 21, 24, 4, 2])
(52255, [34, 20, 9, 7, 1, 10, 31, 30, 23, 3, 12, 2])
(52256, [34, 1, 43, 38, 3])
(52257, [34, 0, 11, 1, 44, 3, 14])
(52258, [34, 20, 18, 9, 0, 11, 28, 17, 1, 19, 26, 44, 43, 31, 30, 37, 41, 24, 23, 4, 3, 2, 13, 14, 22])
(52259, [34])
(52260, [34, 19, 2])
(52261, [34, 33, 9, 0, 11, 16, 28, 36, 31, 24, 15, 12, 40, 2])
(52262, [34, 33, 19, 26, 31, 4, 15, 12, 2])
(52263, [34, 26, 43, 41, 40, 2])
(52264, [34, 16])
(52265, [34, 20, 0, 28, 31, 41, 3, 2])
(52266, [34])
(52267, [34, 30])
(52268, [34, 18, 1, 19, 30, 4, 15, 3])
(52269, [34, 41, 2])
(52270, [34, 1, 44, 31])
(52271, [34, 0])
(52272, [34, 33, 20, 18, 9, 0, 11, 7, 42, 6, 1, 26, 44, 43, 38, 31, 30, 39, 24, 23, 3, 12, 2])
(52273, [34])
(52274, [34, 20, 9, 0, 11, 16, 17, 1, 26, 8, 44, 30, 37, 23, 3, 12, 2, 5])
(52275, [34, 1])
(52276, [34, 18, 9, 0, 11, 7, 16, 6, 17, 1, 26, 44, 43, 31, 23, 4, 15, 12, 2])
(52277, [34, 1, 19, 44, 30])
(52278, [34])
(52279, [34, 33, 9, 0, 11, 7, 29, 16, 6, 17, 1, 19, 44, 43, 31, 30, 41, 24, 23, 15, 3, 12, 2, 13])
(52280, [34, 9, 0, 11, 7, 26, 4, 15, 3, 12, 2])
(52281, [34, 9, 0, 11, 17, 26, 31, 30, 23, 3, 12])
(52282, [34, 9])
(52283, [34])
(52284, [33])
(52285, [33, 9, 3])
(52286, [33, 3])
(52287, [33])
(52288, [33])
(52289, [33])
(52290, [33, 20, 27, 9, 11, 6, 28, 17, 1, 19, 26, 44, 43, 41, 24, 4, 15, 3, 2, 14, 25])
(52291, [33, 1])
(52292, [33])
(52293, [33])
(52294, [33, 18, 9, 1, 21, 15, 3, 2, 22])
(52295, [33, 3])
(52296, [33])
(52297, [33])
(52298, [33, 21, 2])
(52299, [33, 0])
(52300, [33])
(52301, [33, 21, 3])
(52302, [33, 9, 0, 11, 17, 44, 41, 23, 4, 15, 3])
(52303, [33, 6, 1, 19, 26, 4, 12])
(52304, [33, 20, 0, 11, 42, 1, 41, 3, 12])
(52305, [33, 0])
(52306, [33, 31])
(52307, [33])
(52308, [33, 39])
(52309, [33, 19, 26, 21, 24, 23, 4, 15, 12])
(52310, [33])
(52311, [33, 3])
(52312, [33])
(52313, [33, 7, 1, 26, 24, 3, 13])
(52314, [33, 18, 26, 43, 41, 24, 15, 2])
(52315, [33, 18, 30, 41, 4, 3])
(52316, [33, 18, 16, 17, 1, 26, 21, 44, 31, 15, 3])
(52317, [33, 19, 31, 30, 23, 3])
(52318, [33, 20, 18, 9, 1, 19, 21, 38, 31, 2, 22])
(52319, [33, 18, 16, 1, 30, 3, 22])
(52320, [33, 30])
(52321, [33, 31, 30])
(52322, [33, 7, 19])
(52323, [20, 18, 9, 11, 29, 42, 1, 19, 8, 21, 44, 36, 30, 41, 23, 4, 15, 3, 2, 22])
(52324, [20, 18, 11, 6, 1, 44, 43, 23, 4, 3, 12, 2])
(52325, [20, 23, 2])
(52326, [20, 42, 2])
(52327, [20])
(52328, [20, 9, 0, 11, 7, 42, 17, 26, 44, 41, 23, 4, 15, 3, 12, 2])
(52329, [20, 42, 1, 3, 12])
(52330, [20])
(52331, [20, 9, 0, 16, 1, 30, 3, 12])
(52332, [20])
(52333, [20, 1, 3, 2])
(52334, [20, 0, 11, 42, 1, 19, 21, 44, 39, 23, 3, 12, 22, 25])
(52335, [20, 18, 27, 9, 0, 1, 44, 31, 12])
(52336, [20, 18, 0, 11, 1, 19, 38, 24])
(52337, [20, 9, 0, 16, 6, 1, 26, 8, 21, 43, 23, 3])
(52338, [20, 12, 2])
(52339, [20])
(52340, [20, 11, 1, 43, 36, 23, 15, 12, 2, 13])
(52341, [20])
(52342, [20, 27, 9, 0, 10, 39, 41, 23, 12, 2, 13])
(52343, [20])
(52344, [20])
(52345, [20, 41, 2])
(52346, [20])
(52347, [20, 3])
(52348, [20, 1, 37, 39, 3])
(52349, [20, 18, 27, 0, 1, 19, 21, 4, 15, 3, 14])
(52350, [20, 0])
(52351, [20])
(52352, [20])
(52353, [18])
(52354, [18, 0, 11, 36])
(52355, [18, 21, 30])
(52356, [18])
(52357, [18])
(52358, [18, 29, 19, 26, 15])
(52359, [18])
(52360, [18, 23])
(52361, [18, 0, 11, 15])
(52362, [18])
(52363, [18])
(52364, [18])
(52365, [18])
(52366, [18])
(52367, [18, 0, 1, 24, 3])
(52368, [18, 9, 0, 11, 29, 42, 1, 19, 15, 2])
(52369, [18, 15, 3])
(52370, [18, 9, 6, 26, 43, 41, 24, 4, 15, 2, 14])
(52371, [18])
(52372, [18])
(52373, [18])
(52374, [18])
(52375, [18])
(52376, [18])
(52377, [18, 9, 29, 42, 6, 31, 30])
(52378, [18, 43, 31, 23])
(52379, [18, 3])
(52380, [18])
(52381, [18, 15])
(52382, [18])
(52383, [18])
(52384, [18])
(52385, [18, 30])
(52386, [18])
(52387, [18, 23])
(52388, [18, 19, 26, 24, 23, 4, 15, 3, 40, 2, 14])
(52389, [18, 15])
(52390, [18, 36, 30])
(52391, [18])
(52392, [18, 0, 23])
(52393, [18, 7, 17, 19, 44, 43, 39, 2])
(52394, [18])
(52395, [18, 15])
(52396, [18])
(52397, [18])
(52398, [18, 37, 23])
(52399, [18, 0, 16, 19, 8, 4, 15])
(52400, [18, 0, 1, 19, 26, 31, 15, 3, 2])
(52401, [18])
(52402, [18, 41])
(52403, [18])
(52404, [18, 11, 1, 30, 15, 3, 2, 22])
(52405, [18])
(52406, [18])
(52407, [18])
(52408, [18, 4])
(52409, [18])
(52410, [18])
(52411, [18])
(52412, [18, 3])
(52413, [18])
(52414, [18, 6, 26, 8, 36, 30, 41, 3, 12, 2, 14])
(52415, [18])
(52416, [18])
(52417, [18])
(52418, [18, 23, 12])
(52419, [18])
(52420, [18])
(52421, [18, 6, 19, 43])
(52422, [18])
(52423, [18, 42])
(52424, [18])
(52425, [18, 1, 10, 8, 21, 43, 37, 23, 5])
(52426, [18, 11, 16, 17, 19, 8, 38, 37, 23, 5, 22])
(52427, [18, 16, 17, 10, 19, 21, 39, 41, 12, 40, 2])
(52428, [18, 6, 3])
(52429, [18])
(52430, [18])
(52431, [27])
(52432, [27, 0, 6, 31, 23, 4, 15, 2])
(52433, [27])
(52434, [27])
(52435, [27])
(52436, [27])
(52437, [27])
(52438, [27])
(52439, [9])
(52440, [9, 24, 4, 12])
(52441, [9, 23])
(52442, [9, 26, 43, 23])
(52443, [9, 11, 10, 44, 36, 41, 2])
(52444, [9, 0, 16, 42, 1, 19, 21, 31, 23, 4, 15, 3, 12, 2, 22])
(52445, [9, 10])
(52446, [9, 26])
(52447, [9, 43])
(52448, [9, 0, 6, 28, 1, 19, 24, 23, 4, 15, 3])
(52449, [9])
(52450, [9, 16])
(52451, [9, 11, 10, 39, 24, 2])
(52452, [9])
(52453, [9, 0])
(52454, [9, 41])
(52455, [9, 44, 3])
(52456, [9, 6, 26, 15, 40, 2])
(52457, [9])
(52458, [9])
(52459, [9])
(52460, [9])
(52461, [9, 0, 17, 19, 23, 12])
(52462, [9, 0, 11, 28, 23, 3, 12])
(52463, [9, 0, 11, 1, 19, 8, 21, 31, 30, 15, 3, 12, 2, 22])
(52464, [9, 0, 11, 16])
(52465, [9])
(52466, [9, 11, 19, 44])
(52467, [9, 11, 19, 21, 30, 39, 22])
(52468, [9])
(52469, [9])
(52470, [9])
(52471, [9, 17])
(52472, [9])
(52473, [9])
(52474, [9, 26, 43, 15])
(52475, [9])
(52476, [9])
(52477, [9])
(52478, [9])
(52479, [9])
(52480, [9, 11, 17, 26, 43, 4, 3, 2])
(52481, [9])
(52482, [9])
(52483, [9])
(52484, [9, 31, 30])
(52485, [9])
(52486, [9])
(52487, [9, 15])
(52488, [9, 19, 44, 24, 3, 2])
(52489, [9])
(52490, [9, 8, 23, 5])
(52491, [9])
(52492, [9, 28, 43])
(52493, [9, 11])
(52494, [9])
(52495, [9, 19])
(52496, [9])
(52497, [9, 43, 4])
(52498, [9])
(52499, [9, 2])
(52500, [9, 44])
(52501, [9, 12])
(52502, [9, 0, 1, 23, 3])
(52503, [9, 6])
(52504, [9, 28, 4])
(52505, [9])
(52506, [0])
(52507, [0])
(52508, [0])
(52509, [0])
(52510, [0])
(52511, [0])
(52512, [0])
(52513, [0])
(52514, [0])
(52515, [0])
(52516, [0])
(52517, [0, 19, 39, 12])
(52518, [0])
(52519, [0, 36])
(52520, [0])
(52521, [0, 12])
(52522, [0])
(52523, [0, 6, 26, 44, 43, 4, 15, 40, 2])
(52524, [0])
(52525, [0, 12])
(52526, [0, 44, 12])
(52527, [0])
(52528, [0])
(52529, [0])
(52530, [0])
(52531, [0])
(52532, [0])
(52533, [0])
(52534, [0])
(52535, [0])
(52536, [0])
(52537, [0])
(52538, [0])
(52539, [0, 26, 44, 43, 3, 2])
(52540, [0])
(52541, [0, 12])
(52542, [0, 16, 1, 44, 23, 3, 12])
(52543, [0])
(52544, [0])
(52545, [0])
(52546, [0])
(52547, [0])
(52548, [0])
(52549, [0, 12])
(52550, [0])
(52551, [0])
(52552, [0])
(52553, [0, 1, 3])
(52554, [0])
(52555, [0])
(52556, [0])
(52557, [0])
(52558, [0])
(52559, [0])
(52560, [0, 17, 41, 4, 12, 2])
(52561, [0])
(52562, [0])
(52563, [0])
(52564, [0])
(52565, [0])
(52566, [0])
(52567, [0])
(52568, [0, 16, 1])
(52569, [0, 19, 26, 44, 3])
(52570, [0, 7, 1, 3])
(52571, [0])
(52572, [0])
(52573, [0, 28, 31, 41, 12])
(52574, [0])
(52575, [0])
(52576, [0])
(52577, [0])
(52578, [0])
(52579, [0, 11, 16, 17, 19, 26, 43, 36, 41, 3, 12, 2])
(52580, [0])
(52581, [0])
(52582, [0, 11, 1, 43, 31, 15])
(52583, [0])
(52584, [0])
(52585, [0])
(52586, [0])
(52587, [0, 7])
(52588, [0])
(52589, [0])
(52590, [0])
(52591, [0])
(52592, [0])
(52593, [0])
(52594, [0])
(52595, [0])
(52596, [0])
(52597, [0])
(52598, [0])
(52599, [0])
(52600, [0])
(52601, [0])
(52602, [0])
(52603, [0])
(52604, [0])
(52605, [0])
(52606, [0])
(52607, [0])
(52608, [0])
(52609, [0, 43, 24])
(52610, [0])
(52611, [0])
(52612, [0, 6])
(52613, [0, 1, 26, 12])
(52614, [0])
(52615, [0])
(52616, [0])
(52617, [0])
(52618, [0])
(52619, [0])
(52620, [0, 6, 17, 3, 12, 13])
(52621, [0])
(52622, [0])
(52623, [0])
(52624, [0])
(52625, [0, 44, 15, 12, 14])
(52626, [0, 16, 1, 21])
(52627, [0, 11, 1, 19])
(52628, [0])
(52629, [0])
(52630, [0])
(52631, [0])
(52632, [0])
(52633, [0])
(52634, [0])
(52635, [0])
(52636, [0])
(52637, [0])
(52638, [0])
(52639, [0])
(52640, [0])
(52641, [0, 3])
(52642, [0])
(52643, [0])
(52644, [0])
(52645, [0])
(52646, [0])
(52647, [0])
(52648, [0])
(52649, [0])
(52650, [0])
(52651, [0])
(52652, [0])
(52653, [0])
(52654, [0, 24, 14])
(52655, [0])
(52656, [0])
(52657, [0])
(52658, [0])
(52659, [0])
(52660, [0])
(52661, [0])
(52662, [0])
(52663, [0, 12])
(52664, [0])
(52665, [0])
(52666, [0])
(52667, [0, 39, 23, 2])
(52668, [0])
(52669, [0])
(52670, [0])
(52671, [0])
(52672, [0])
(52673, [0])
(52674, [0])
(52675, [0])
(52676, [0])
(52677, [0])
(52678, [0])
(52679, [0])
(52680, [0])
(52681, [0])
(52682, [0])
(52683, [0])
(52684, [0])
(52685, [0])
(52686, [0])
(52687, [0, 36])
(52688, [0])
(52689, [0])
(52690, [0])
(52691, [0, 3])
(52692, [0])
(52693, [0])
(52694, [0])
(52695, [0])
(52696, [0])
(52697, [0])
(52698, [0])
(52699, [0])
(52700, [0])
(52701, [0])
(52702, [0])
(52703, [0])
(52704, [0])
(52705, [0, 6, 38, 31])
(52706, [0])
(52707, [0])
(52708, [0])
(52709, [0])
(52710, [0])
(52711, [0])
(52712, [0])
(52713, [0])
(52714, [0])
(52715, [0])
(52716, [0])
(52717, [0, 1, 2])
(52718, [0, 17])
(52719, [0])
(52720, [0])
(52721, [0])
(52722, [0])
(52723, [0])
(52724, [0])
(52725, [0])
(52726, [0])
(52727, [0])
(52728, [0])
(52729, [0])
(52730, [0])
(52731, [0])
(52732, [0])
(52733, [0, 26])
(52734, [0])
(52735, [11, 40, 2])
(52736, [11, 14])
(52737, [11])
(52738, [11, 7, 43])
(52739, [11, 4])
(52740, [11])
(52741, [11, 26, 41, 2])
(52742, [11, 31, 41, 15, 3, 12, 2])
(52743, [11])
(52744, [11, 7, 17, 1, 19, 44, 31, 3])
(52745, [11, 7, 28, 26, 41])
(52746, [11])
(52747, [11])
(52748, [11, 17, 44, 3])
(52749, [11, 6, 19, 26, 31])
(52750, [11, 19, 21, 44, 41])
(52751, [11])
(52752, [11, 16, 42, 17, 19, 26, 44, 41, 4, 12, 2])
(52753, [11, 19, 26, 31])
(52754, [11])
(52755, [11])
(52756, [11])
(52757, [11, 21, 31, 22])
(52758, [11])
(52759, [11])
(52760, [11])
(52761, [11, 2])
(52762, [7, 1, 3])
(52763, [7])
(52764, [7, 44])
(52765, [7])
(52766, [7, 29, 1, 3, 22])
(52767, [7, 3])
(52768, [7])
(52769, [7])
(52770, [7])
(52771, [7, 19])
(52772, [7])
(52773, [7])
(52774, [7])
(52775, [29, 28, 1, 21, 44, 24, 3])
(52776, [29])
(52777, [29])
(52778, [29])
(52779, [16])
(52780, [16, 26, 43, 41])
(52781, [16])
(52782, [16, 6, 12])
(52783, [16, 26, 43, 15])
(52784, [16])
(52785, [16, 44, 40])
(52786, [16])
(52787, [16, 28])
(52788, [16, 17, 30, 23, 2])
(52789, [16, 1])
(52790, [16, 1, 21, 15, 2, 13])
(52791, [16])
(52792, [16, 8, 21, 38, 12])
(52793, [16])
(52794, [16])
(52795, [42])
(52796, [42, 17, 19])
(52797, [42, 1, 4])
(52798, [42, 26, 12])
(52799, [6])
(52800, [6, 1, 43, 30, 23, 15])
(52801, [6])
(52802, [6, 28, 30, 40, 2])
(52803, [6])
(52804, [6])
(52805, [6])
(52806, [6, 23])
(52807, [6, 43, 31, 15, 3])
(52808, [6])
(52809, [6, 4])
(52810, [6])
(52811, [6])
(52812, [6])
(52813, [6, 21, 43, 23])
(52814, [6, 39])
(52815, [6])
(52816, [6, 1, 26, 44, 30, 23, 3])
(52817, [28])
(52818, [28, 23])
(52819, [28, 43])
(52820, [17, 21, 44, 13])
(52821, [17])
(52822, [17])
(52823, [17])
(52824, [17, 2])
(52825, [17])
(52826, [17, 37, 39])
(52827, [17, 44, 2, 14])
(52828, [17, 2, 14])
(52829, [17])
(52830, [17])
(52831, [17])
(52832, [17, 10, 19, 22])
(52833, [17, 2])
(52834, [17])
(52835, [17])
(52836, [17, 43, 24, 2, 14])
(52837, [17])
(52838, [17])
(52839, [17])
(52840, [17])
(52841, [17])
(52842, [17, 21, 41])
(52843, [1])
(52844, [1, 39, 41, 23, 3])
(52845, [1, 21, 23, 3])
(52846, [1])
(52847, [1, 22])
(52848, [1, 3])
(52849, [1, 3])
(52850, [1])
(52851, [1])
(52852, [1])
(52853, [1])
(52854, [1, 37])
(52855, [1])
(52856, [1])
(52857, [1, 23])
(52858, [1])
(52859, [1])
(52860, [1])
(52861, [1, 19, 8, 21, 23, 3, 22])
(52862, [1, 21, 3])
(52863, [1, 3])
(52864, [1, 3])
(52865, [1, 31, 24, 3, 12])
(52866, [1, 3])
(52867, [1, 3])
(52868, [1, 40])
(52869, [1, 3])
(52870, [1])
(52871, [1, 21, 43, 3, 12, 2])
(52872, [1])
(52873, [1, 19])
(52874, [1])
(52875, [1, 31, 3])
(52876, [1])
(52877, [1])
(52878, [1, 2])
(52879, [1])
(52880, [1])
(52881, [1])
(52882, [1])
(52883, [1])
(52884, [10])
(52885, [10])
(52886, [10])
(52887, [10])
(52888, [10])
(52889, [10])
(52890, [10])
(52891, [10])
(52892, [10])
(52893, [19])
(52894, [19])
(52895, [19])
(52896, [19])
(52897, [19, 2])
(52898, [19])
(52899, [19])
(52900, [19, 26, 44, 24, 15])
(52901, [19])
(52902, [19])
(52903, [19])
(52904, [19, 24])
(52905, [19])
(52906, [19])
(52907, [19, 26])
(52908, [19])
(52909, [19])
(52910, [19])
(52911, [19, 36])
(52912, [19])
(52913, [19])
(52914, [19])
(52915, [19, 4, 15])
(52916, [26, 41])
(52917, [26])
(52918, [26])
(52919, [26])
(52920, [26])
(52921, [26])
(52922, [26, 44, 43, 15, 3, 14])
(52923, [26, 12])
(52924, [26])
(52925, [26])
(52926, [26, 43])
(52927, [26, 15, 12])
(52928, [26, 43])
(52929, [26, 24, 2])
(52930, [26])
(52931, [26, 3])
(52932, [26, 23])
(52933, [26, 31])
(52934, [26])
(52935, [26])
(52936, [26, 2])
(52937, [26])
(52938, [26, 21, 12])
(52939, [26, 3, 13])
(52940, [26, 24, 23, 15, 13])
(52941, [8])
(52942, [8])
(52943, [8])
(52944, [8, 4, 3, 12])
(52945, [8, 12])
(52946, [8, 43, 3])
(52947, [8, 24, 23])
(52948, [8])
(52949, [8])
(52950, [8])
(52951, [8])
(52952, [8])
(52953, [8])
(52954, [8, 5])
(52955, [8])
(52956, [8, 23])
(52957, [21])
(52958, [21])
(52959, [21])
(52960, [21, 44, 36, 41, 4])
(52961, [21])
(52962, [21, 38, 3, 12])
(52963, [21, 22])
(52964, [21])
(52965, [21, 3])
(52966, [21])
(52967, [21])
(52968, [21])
(52969, [21, 12])
(52970, [21])
(52971, [21])
(52972, [21, 3])
(52973, [21])
(52974, [21])
(52975, [21])
(52976, [21])
(52977, [21])
(52978, [21])
(52979, [21])
(52980, [21])
(52981, [21])
(52982, [21])
(52983, [21])
(52984, [21])
(52985, [44])
(52986, [44])
(52987, [44])
(52988, [44])
(52989, [44])
(52990, [44])
(52991, [44])
(52992, [44])
(52993, [44])
(52994, [44])
(52995, [44, 22])
(52996, [44, 40])
(52997, [44])
(52998, [44])
(52999, [44, 2])
(53000, [44])
(53001, [44])
(53002, [44])
(53003, [43, 23])
(53004, [43])
(53005, [43])
(53006, [43, 2])
(53007, [43])
(53008, [43])
(53009, [43])
(53010, [43, 36])
(53011, [43])
(53012, [43])
(53013, [43])
(53014, [43])
(53015, [43])
(53016, [43])
(53017, [43])
(53018, [43, 15])
(53019, [43])
(53020, [43])
(53021, [38])
(53022, [36])
(53023, [36])
(53024, [36])
(53025, [36, 14])
(53026, [36])
(53027, [36])
(53028, [36])
(53029, [36])
(53030, [36])
(53031, [36])
(53032, [36])
(53033, [36])
(53034, [36])
(53035, [36])
(53036, [36])
(53037, [36])
(53038, [36])
(53039, [36])
(53040, [36])
(53041, [36, 30, 3, 2, 14])
(53042, [36])
(53043, [36])
(53044, [36])
(53045, [36, 14])
(53046, [36])
(53047, [36])
(53048, [31])
(53049, [31])
(53050, [31, 30, 2])
(53051, [31])
(53052, [31])
(53053, [31])
(53054, [31])
(53055, [31])
(53056, [31])
(53057, [31, 2])
(53058, [31])
(53059, [31])
(53060, [30])
(53061, [30])
(53062, [30])
(53063, [30])
(53064, [30])
(53065, [30, 4])
(53066, [30, 40, 2])
(53067, [30, 3])
(53068, [30])
(53069, [30])
(53070, [30, 4])
(53071, [37])
(53072, [37])
(53073, [37])
(53074, [39])
(53075, [39])
(53076, [39])
(53077, [39])
(53078, [39])
(53079, [39, 24])
(53080, [41])
(53081, [41, 23, 2])
(53082, [41])
(53083, [41])
(53084, [41])
(53085, [41])
(53086, [41])
(53087, [41])
(53088, [41])
(53089, [41])
(53090, [41, 2])
(53091, [41])
(53092, [41])
(53093, [41])
(53094, [41])
(53095, [41])
(53096, [41, 2])
(53097, [41])
(53098, [41])
(53099, [24])
(53100, [24])
(53101, [24])
(53102, [24])
(53103, [24])
(53104, [24, 12])
(53105, [24])
(53106, [24])
(53107, [24, 23, 4])
(53108, [23])
(53109, [23])
(53110, [23])
(53111, [23])
(53112, [23])
(53113, [23])
(53114, [23])
(53115, [23])
(53116, [23])
(53117, [23])
(53118, [23])
(53119, [23])
(53120, [23])
(53121, [23])
(53122, [23])
(53123, [23])
(53124, [23])
(53125, [23])
(53126, [23])
(53127, [23])
(53128, [23])
(53129, [23])
(53130, [23])
(53131, [23])
(53132, [23])
(53133, [23])
(53134, [23])
(53135, [23])
(53136, [23, 2])
(53137, [23])
(53138, [23])
(53139, [23])
(53140, [23])
(53141, [23, 3, 22])
(53142, [23])
(53143, [23])
(53144, [23])
(53145, [23])
(53146, [23])
(53147, [23])
(53148, [23])
(53149, [23])
(53150, [23])
(53151, [23])
(53152, [23])
(53153, [23])
(53154, [23])
(53155, [23])
(53156, [23])
(53157, [23])
(53158, [23])
(53159, [23])
(53160, [23])
(53161, [23])
(53162, [23])
(53163, [23])
(53164, [23])
(53165, [4])
(53166, [4, 15])
(53167, [4])
(53168, [4])
(53169, [4])
(53170, [4, 14])
(53171, [4])
(53172, [4])
(53173, [4])
(53174, [4, 2])
(53175, [4])
(53176, [4])
(53177, [4])
(53178, [4])
(53179, [4])
(53180, [4, 40])
(53181, [4])
(53182, [4])
(53183, [4])
(53184, [4])
(53185, [4])
(53186, [4])
(53187, [4])
(53188, [4])
(53189, [4])
(53190, [4])
(53191, [15])
(53192, [15])
(53193, [15])
(53194, [15])
(53195, [15])
(53196, [15])
(53197, [15])
(53198, [15])
(53199, [15])
(53200, [15])
(53201, [3])
(53202, [3])
(53203, [3])
(53204, [3])
(53205, [3])
(53206, [3])
(53207, [3])
(53208, [3])
(53209, [3])
(53210, [3])
(53211, [3])
(53212, [3])
(53213, [3])
(53214, [3])
(53215, [3, 2])
(53216, [3])
(53217, [3])
(53218, [3])
(53219, [3])
(53220, [3])
(53221, [3])
(53222, [3, 12])
(53223, [3])
(53224, [3])
(53225, [12])
(53226, [12])
(53227, [12])
(53228, [12])
(53229, [12])
(53230, [12])
(53231, [12])
(53232, [12])
(53233, [12])
(53234, [12])
(53235, [12])
(53236, [12])
(53237, [12])
(53238, [12])
(53239, [12])
(53240, [12])
(53241, [12])
(53242, [12])
(53243, [12])
(53244, [12])
(53245, [12])
(53246, [12])
(53247, [12])
(53248, [12])
(53249, [12])
(53250, [12])
(53251, [12])
(53252, [12])
(53253, [12])
(53254, [12])
(53255, [12])
(53256, [12])
(53257, [12])
(53258, [12])
(53259, [12])
(53260, [12])
(53261, [12])
(53262, [12])
(53263, [12])
(53264, [12])
(53265, [12])
(53266, [12])
(53267, [12])
(53268, [12])
(53269, [12])
(53270, [12])
(53271, [12])
(53272, [12])
(53273, [12])
(53274, [12])
(53275, [12])
(53276, [12])
(53277, [12])
(53278, [12])
(53279, [12])
(53280, [12])
(53281, [12])
(53282, [12])
(53283, [40])
(53284, [40])
(53285, [40])
(53286, [40])
(53287, [40, 2])
(53288, [2])
(53289, [2, 14])
(53290, [2])
(53291, [2])
(53292, [2])
(53293, [2])
(53294, [2])
(53295, [2])
(53296, [2])
(53297, [2])
(53298, [2])
(53299, [2])
(53300, [2])
(53301, [2, 14])
(53302, [2])
(53303, [2])
(53304, [2])
(53305, [2])
(53306, [2])
(53307, [2])
(53308, [2])
(53309, [2])
(53310, [2])
(53311, [2, 14])
(53312, [2])
(53313, [2])
(53314, [2])
(53315, [2])
(53316, [2])
(53317, [2])
(53318, [2])
(53319, [2, 14])
(53320, [2])
(53321, [2])
(53322, [2])
(53323, [2])
(53324, [2])
(53325, [2])
(53326, [2])
(53327, [2])
(53328, [2])
(53329, [2])
(53330, [2])
(53331, [2])
(53332, [2])
(53333, [2])
(53334, [2])
(53335, [2])
(53336, [2])
(53337, [2])
(53338, [2])
(53339, [2])
(53340, [2])
(53341, [2])
(53342, [2])
(53343, [2])
(53344, [2])
(53345, [2])
(53346, [2])
(53347, [2, 14])
(53348, [2])
(53349, [2])
(53350, [2])
(53351, [2])
(53352, [2])
(53353, [2])
(53354, [2])
(53355, [2])
(53356, [2])
(53357, [2])
(53358, [2])
(53359, [2])
(53360, [2])
(53361, [13])
(53362, [13])
(53363, [13])
(53364, [13])
(53365, [13])
(53366, [13])
(53367, [13])
(53368, [5])
(53369, [5])
(53370, [5])
(53371, [5])
(53372, [5])
(53373, [5])
(53374, [5])
(53375, [5])
(53376, [5])
(53377, [5])
(53378, [5])
(53379, [5])
(53380, [14])
(53381, [14])
(53382, [14])
(53383, [14])
(53384, [14])
(53385, [14])
(53386, [14])
(53387, [14])
(53388, [14])
(53389, [14])
(53390, [14])
(53391, [14])
(53392, [14])
(53393, [14])
(53394, [14])
(53395, [14])
(53396, [14])
(53397, [14])
(53398, [14])
(53399, [14])
(53400, [14])
(53401, [22])
(53402, [22])
(53403, [22])
(53404, [22])
(53405, [22])
(53406, [22])
(53407, [22])
(53408, [22])
(53409, [22])
(53410, [22])
(53411, [22])
(53412, [22])
(53413, [22])
