(119468, [32, 35, 34, 33, 20, 18, 27, 9, 0, 11, 7, 29, 16, 42, 6, 28, 17, 1, 10, 19, 26, 8, 21, 44, 43, 38, 36, 31, 30, 37, 39, 41, 24, 23, 4, 15, 3, 12, 40, 2, 13, 5, 14, 22, 25])
(119469, [32, 35, 34, 33, 20, 18, 27, 9, 0, 11, 7, 29, 16, 42, 6, 28, 17, 1, 10, 19, 26, 8, 21, 44, 43, 38, 36, 31, 30, 37, 39, 41, 24, 23, 4, 15, 3, 12, 40, 2, 13, 5, 14, 22, 25])
(119470, [32, 35, 34, 33, 20, 18, 0, 11, 7, 16, 42, 6, 17, 1, 10, 19, 21, 44, 43, 38, 31, 30, 39, 15, 3, 12, 40, 2, 14, 22])
(119471, [32, 35, 34, 33, 18, 9, 0, 11, 7, 16, 6, 17, 1, 19, 44, 38, 31, 30, 41, 24, 23, 4, 15, 3, 12, 40, 2, 13, 14, 25])
(119472, [32, 35, 34, 33, 20, 18, 27, 9, 0, 11, 7, 29, 16, 42, 6, 28, 1, 10, 19, 26, 8, 21, 44, 43, 38, 36, 31, 30, 37, 39, 41, 24, 23, 4, 3, 12, 40, 2, 13, 5, 14, 22, 25])
(119473, [32, 35, 34, 33, 20, 18, 27, 9, 0, 11, 7, 29, 16, 42, 6, 28, 17, 1, 10, 19, 26, 8, 21, 44, 43, 38, 36, 31, 30, 37, 39, 41, 24, 23, 4, 15, 3, 12, 40, 2, 13, 5, 14, 22, 25])
(119474, [32, 35, 34, 33, 20, 18, 27, 9, 0, 11, 7, 29, 16, 42, 6, 28, 17, 1, 10, 19, 26, 8, 21, 44, 43, 38, 36, 31, 30, 37, 39, 41, 24, 23, 4, 15, 3, 12, 40, 2, 13, 5, 14, 22, 25])
(119475, [32, 18, 9, 17, 1, 19, 8, 21, 4, 15, 3, 22])
(119476, [32])
(119477, [32, 35, 34, 33, 20, 18, 27, 9, 11, 7, 29, 16, 42, 6, 17, 1, 19, 26, 8, 21, 44, 43, 31, 30, 37, 41, 24, 23, 4, 15, 3, 12, 40, 2, 13, 22, 25])
(119478, [32, 35, 34, 33, 20, 18, 27, 9, 0, 11, 7, 29, 16, 42, 6, 28, 17, 1, 10, 19, 26, 8, 21, 44, 43, 38, 36, 31, 30, 41, 24, 23, 4, 15, 3, 12, 40, 2, 13, 14, 22, 25])
(119479, [32, 34, 9, 0, 11, 16, 17, 1, 8, 44, 43, 30, 41, 15, 3, 12, 2, 5, 22])
(119480, [32, 35, 34, 33, 20, 18, 27, 9, 0, 11, 7, 29, 16, 42, 6, 28, 17, 1, 10, 19, 26, 8, 21, 44, 43, 36, 31, 30, 37, 39, 41, 24, 23, 4, 15, 3, 12, 40, 2, 13, 5, 14, 22, 25])
(119481, [32, 35, 34, 33, 20, 18, 27, 9, 0, 11, 7, 16, 42, 6, 28, 17, 1, 10, 19, 26, 8, 21, 44, 43, 36, 31, 30, 37, 39, 41, 24, 23, 4, 15, 3, 12, 40, 2, 13, 5, 14, 22])
(119482, [32, 35, 34, 33, 20, 18, 27, 9, 0, 11, 7, 29, 16, 42, 6, 28, 17, 1, 10, 19, 26, 8, 21, 44, 43, 38, 36, 31, 30, 37, 39, 41, 24, 23, 4, 15, 3, 12, 40, 2, 13, 5, 14, 22, 25])
(119483, [32, 35, 34, 33, 20, 18, 27, 9, 11, 7, 29, 16, 42, 6, 28, 17, 1, 19, 26, 8, 21, 44, 43, 38, 36, 31, 30, 39, 41, 24, 23, 4, 15, 3, 12, 40, 2, 13, 5, 14, 22, 25])
(119484, [32, 35, 34, 33, 20, 18, 27, 9, 0, 11, 7, 29, 16, 42, 6, 28, 17, 1, 10, 19, 26, 8, 21, 44, 43, 36, 31, 30, 37, 39, 41, 24, 23, 4, 15, 3, 12, 40, 2, 13, 5, 14, 22, 25])
(119485, [32, 35, 34, 33, 18, 27, 9, 0, 11, 7, 16, 42, 6, 17, 1, 19, 26, 21, 44, 43, 38, 36, 31, 30, 39, 41, 24, 23, 4, 15, 3, 12, 2, 13, 5, 14, 22])
(119486, [32, 18, 9, 0, 11, 42, 6, 17, 1, 8, 21, 44, 30, 39, 23, 4, 15, 3, 2])
(119487, [32, 35, 34, 33, 20, 18, 9, 0, 11, 7, 16, 6, 28, 17, 1, 19, 26, 21, 44, 43, 36, 31, 30, 41, 24, 23, 4, 15, 3, 40, 2, 13, 14, 22])
(119488, [32, 34, 33, 18, 9, 6, 28, 17, 1, 19, 26, 8, 44, 43, 38, 31, 30, 39, 41, 24, 23, 4, 15, 3, 12, 40, 2, 5])
(119489, [32, 35, 34, 20, 18, 27, 9, 0, 11, 7, 29, 16, 42, 6, 17, 1, 10, 19, 26, 8, 44, 43, 38, 36, 31, 30, 39, 41, 23, 4, 15, 3, 12, 2, 22])
(119490, [32, 34, 33, 18, 9, 7, 19, 26, 21, 31, 30, 24, 4])
(119491, [32])
(119492, [32, 34, 33, 20, 18, 27, 0, 11, 7, 16, 6, 28, 17, 1, 19, 26, 44, 43, 36, 30, 41, 24, 4, 15, 3, 12, 2, 13, 25])
(119493, [32, 9, 43, 23])
(119494, [32, 26, 44, 41, 4])
(119495, [32])
(119496, [32, 30, 2])
(119497, [32, 35, 16, 6, 19, 8, 21, 41, 23, 3, 12, 5, 22])
(119498, [32, 15])
(119499, [32, 34, 33, 11, 19, 26, 44, 43, 31, 30, 4, 15, 2, 13])
(119500, [32, 34, 33, 20, 18, 9, 0, 11, 42, 6, 17, 1, 19, 26, 8, 21, 44, 31, 30, 23, 4, 15, 3, 12, 2, 14, 22])
(119501, [32, 35, 34, 18, 0, 11, 16, 17, 1, 19, 44, 43, 31, 41, 15, 40, 13])
(119502, [32, 34, 20, 9, 0, 16, 6, 1, 43, 31, 41, 4, 15, 3, 12, 2, 13, 14])
(119503, [32, 0, 1, 19, 26, 8, 21, 41, 4, 15, 3, 12, 2, 22])
(119504, [32, 34, 33, 9, 0, 11, 6, 1, 26, 44, 41, 24, 4, 3, 12, 2, 22])
(119505, [32, 35, 34, 33, 20, 18, 27, 9, 0, 11, 7, 16, 42, 6, 28, 17, 1, 10, 19, 26, 8, 21, 44, 43, 38, 36, 31, 30, 37, 39, 41, 24, 23, 4, 15, 3, 12, 40, 2, 13, 5, 14, 22])
(119506, [32, 20, 9, 0, 11, 7, 16, 42, 6, 1, 10, 19, 26, 44, 43, 36, 31, 30, 41, 4, 15, 3, 12, 2, 13, 14])
(119507, [32, 34, 20, 9, 0, 11, 7, 6, 28, 17, 1, 19, 26, 44, 43, 31, 30, 37, 39, 41, 23, 15, 3, 12, 2, 13])
(119508, [32, 33, 11])
(119509, [32, 11, 16, 6, 1, 40])
(119510, [32])
(119511, [32, 35, 34, 33, 20, 18, 9, 0, 11, 7, 16, 17, 1, 19, 26, 8, 21, 44, 43, 36, 31, 30, 39, 41, 24, 23, 4, 15, 3, 12, 40, 2, 14, 22, 25])
(119512, [32, 35, 34, 33, 20, 18, 9, 11, 7, 29, 16, 42, 6, 17, 1, 10, 19, 26, 8, 21, 44, 43, 31, 30, 37, 41, 24, 23, 4, 15, 3, 40, 2, 13, 5, 22])
(119513, [32])
(119514, [32, 0, 1])
(119515, [32, 7, 44])
(119516, [32, 34, 33, 20, 18, 9, 11, 16, 42, 6, 28, 17, 1, 19, 21, 44, 43, 36, 31, 30, 39, 41, 24, 23, 15, 3, 12, 40, 2, 14])
(119517, [32, 34, 33, 18, 0, 30, 39, 41, 4, 3, 2, 14])
(119518, [32, 33, 18, 0, 16, 42, 6, 1, 26, 44, 43, 36, 30, 37, 41, 24, 4, 15, 3, 12, 2, 13, 14])
(119519, [32, 34, 20, 27, 9, 7, 16, 42, 6, 28, 17, 1, 10, 19, 8, 44, 37, 23, 4, 15, 3, 12, 40, 2, 22])
(119520, [32, 43, 30])
(119521, [32, 35, 34, 33, 20, 18, 27, 9, 0, 11, 7, 29, 16, 42, 6, 1, 19, 26, 8, 21, 44, 43, 36, 31, 30, 37, 41, 24, 23, 4, 15, 3, 12, 40, 2, 13, 5, 14, 22])
(119522, [32, 35, 34, 20, 18, 9, 0, 7, 16, 6, 28, 17, 1, 19, 26, 8, 21, 44, 43, 31, 30, 41, 24, 23, 4, 15, 3, 12, 2, 13, 14])
(119523, [32, 28, 31, 41])
(119524, [32, 0, 15, 5])
(119525, [32, 43, 36, 23, 4, 15, 12, 2, 14])
(119526, [32, 20, 27, 9, 0, 6, 17, 1, 10, 19, 8, 21, 43, 36, 30, 37, 39, 41, 24, 23, 4, 15, 3, 12, 2, 5, 14])
(119527, [32, 27, 6, 43, 31, 30, 23, 15, 12, 14])
(119528, [32, 17, 1, 30, 3, 12, 40, 2])
(119529, [32, 18, 1, 19, 26, 21, 39, 23, 2, 14])
(119530, [32, 35, 33, 18, 9, 42, 1, 44, 43, 23, 4, 15])
(119531, [32, 34, 9, 11, 7, 17, 1, 26, 21, 44, 43, 30, 24, 3, 2, 13, 14, 22])
(119532, [32, 33, 6])
(119533, [32, 20, 18, 9, 16, 42, 1, 26, 21, 30, 41, 23, 15, 3, 12, 40, 5, 14, 22])
(119534, [32, 18, 16, 6, 21, 23, 15, 2])
(119535, [32, 33, 18, 9, 0, 11, 6, 28, 17, 19, 26, 44, 36, 4, 15, 3, 12])
(119536, [32, 35, 34, 33, 20, 18, 11, 7, 16, 28, 1, 19, 8, 21, 44, 43, 38, 30, 39, 23, 4, 15, 3, 12, 40, 2, 5])
(119537, [32, 10])
(119538, [32, 9, 19, 26, 31, 30, 41, 40, 13, 14])
(119539, [32, 35, 18, 0, 12])
(119540, [32, 7])
(119541, [32])
(119542, [32, 34])
(119543, [32, 34, 33, 9, 0, 11, 16, 19, 30, 24])
(119544, [32, 20, 9, 17, 1, 26, 31, 41, 24, 23, 15, 3, 12, 2, 14])
(119545, [32, 20, 18, 9, 6, 17, 26, 31, 41, 24, 23, 4, 15, 12, 40, 2])
(119546, [32, 11, 7, 1, 19, 26, 43, 31, 30, 41, 2])
(119547, [32, 34, 33, 20, 18, 9, 0, 11, 7, 16, 42, 6, 1, 19, 26, 8, 21, 44, 31, 37, 41, 24, 23, 3, 12, 13, 22])
(119548, [32, 18, 9, 16, 6, 17, 1, 19, 44, 43, 30, 39, 24, 4, 3, 2])
(119549, [32, 9, 0, 1, 43, 4])
(119550, [32, 34, 0, 6, 17, 24, 4, 15])
(119551, [32])
(119552, [32, 35, 34, 33, 20, 9, 0, 11, 7, 16, 42, 17, 1, 10, 19, 26, 8, 21, 44, 31, 30, 41, 24, 23, 4, 15, 3, 12, 40, 2])
(119553, [32, 33, 18, 27, 0, 11, 28, 17, 1, 43, 31, 30, 41, 24, 23, 15, 3, 40, 2])
(119554, [32])
(119555, [32, 34, 33, 20, 9, 11, 7, 16, 42, 28, 1, 19, 26, 8, 21, 44, 43, 31, 41, 23, 15, 3, 12, 2, 13, 5])
(119556, [32, 18, 26, 43, 31, 41, 15, 2, 14])
(119557, [32])
(119558, [32, 34, 33, 18, 41, 23, 15])
(119559, [32, 9, 0, 12])
(119560, [32, 35, 33, 20, 18, 9, 0, 11, 1, 26, 31, 30, 39, 15, 3, 12, 2, 14, 22])
(119561, [32, 34, 11, 31, 40])
(119562, [32, 34, 0, 7, 1, 30, 23, 3])
(119563, [35, 34, 33, 20, 18, 27, 9, 0, 11, 7, 29, 16, 42, 6, 28, 1, 10, 19, 26, 8, 21, 44, 43, 38, 36, 31, 30, 37, 39, 41, 24, 23, 4, 15, 3, 12, 40, 2, 13, 5, 14, 22, 25])
(119564, [35, 34, 8, 36, 5])
(119565, [35])
(119566, [35])
(119567, [35, 34, 33, 9, 11, 1, 8, 21, 44, 43, 31, 30, 23, 3, 12])
(119568, [35, 18, 9, 11, 28, 1, 10, 19, 8, 21, 44, 43, 36, 24, 23, 4, 15, 3, 2, 13, 14])
(119569, [35, 18, 0, 1, 23, 3, 12])
(119570, [35, 1, 23])
(119571, [35, 34, 16, 6, 1, 44, 43, 31, 30, 39, 41, 23])
(119572, [35, 27, 0, 6, 43, 12])
(119573, [35, 34, 33, 20, 18, 9, 0, 16, 6, 17, 19, 26, 43, 38, 31, 23, 4, 15, 3, 12, 40, 2])
(119574, [35, 17])
(119575, [35, 18, 16, 17, 19, 8, 21, 44, 31, 41, 4])
(119576, [35, 19, 3])
(119577, [35])
(119578, [35, 34, 20, 9, 0, 11, 16, 42, 6, 1, 10, 26, 21, 43, 38, 41, 4, 15, 12, 2, 22])
(119579, [35, 18, 16, 6, 21, 37, 39, 23, 12, 22])
(119580, [35])
(119581, [35])
(119582, [35, 34, 18, 0, 42, 1, 26, 21, 31, 41, 23, 3, 5])
(119583, [35, 16, 30, 23])
(119584, [35])
(119585, [35, 34, 9, 0, 11, 16, 42, 17, 1, 10, 19, 8, 44, 43, 30, 41, 23, 4, 15, 3, 12, 5])
(119586, [35, 0, 1, 44, 23, 3])
(119587, [35])
(119588, [35, 18, 9, 16, 10, 19, 26, 39, 41, 24, 3, 12, 2])
(119589, [35, 34, 20, 18, 27, 0, 11, 16, 6, 28, 1, 19, 26, 43, 36, 31, 39, 23, 4, 15, 3, 12, 2])
(119590, [35])
(119591, [35])
(119592, [35])
(119593, [35])
(119594, [35])
(119595, [35])
(119596, [34, 26])
(119597, [34])
(119598, [34, 19])
(119599, [34, 18, 0, 11, 7, 42, 6, 1, 19, 26, 44, 24, 23, 15, 3, 12, 2, 13, 14, 22])
(119600, [34, 18, 0])
(119601, [34])
(119602, [34, 20, 18, 9, 0, 11, 16, 28, 1, 19, 43, 31, 30, 41, 23, 3, 12, 2, 13])
(119603, [34, 29, 17])
(119604, [34, 20, 18, 9, 0, 11, 29, 16, 42, 17, 1, 19, 26, 44, 30, 37, 41, 24, 23, 4, 15, 3, 12, 2, 22])
(119605, [34, 33, 18, 9, 11, 28, 1, 19, 26, 43, 39, 24, 4, 3, 12, 40, 2, 22])
(119606, [34, 33, 9, 11, 1, 19, 21, 36, 3, 12, 2])
(119607, [34])
(119608, [34, 33, 18, 9, 0, 11, 29, 16, 6, 28, 17, 1, 19, 26, 8, 21, 43, 31, 30, 37, 41, 24, 23, 4, 15, 3, 12, 40, 2, 14, 22])
(119609, [34, 0, 8, 31, 3, 2])
(119610, [34])
(119611, [34, 33, 0, 17, 44, 15, 2])
(119612, [34, 33, 18, 27, 9, 11, 17, 1, 19, 26, 44, 43, 41, 12, 40, 2, 13, 14])
(119613, [34])
(119614, [34, 18, 9, 11, 29, 16, 42, 17, 10, 19, 21, 44, 43, 23, 4, 15, 3, 12, 40])
(119615, [34])
(119616, [34, 0, 7, 21, 4, 12])
(119617, [34])
(119618, [34])
(119619, [34])
(119620, [34, 9, 0, 11, 42, 30])
(119621, [34])
(119622, [34, 33])
(119623, [34])
(119624, [34])
(119625, [34, 20, 0, 16, 8, 23, 15, 12])
(119626, [34, 6, 21, 2, 22])
(119627, [34, 17, 26, 4, 40, 2, 14, 25])
(119628, [34])
(119629, [34])
(119630, [34, 11, 17, 1, 19, 44, 43, 41, 3, 2, 14])
(119631, [34, 33, 18, 27, 9, 16, 17, 1, 8, 44, 43, 30, 41, 3, 12, 2, 5, 22])
(119632, [34])
(119633, [34])
(119634, [34, 17, 19, 44, 2])
(119635, [34, 20, 7, 6, 31])
(119636, [34, 0])
(119637, [34, 20, 18, 0, 6, 10, 43, 36, 12, 2])
(119638, [34, 18, 44, 24, 12, 2])
(119639, [34, 31, 24, 23])
(119640, [34])
(119641, [34, 0, 6, 31, 41, 3, 12])
(119642, [34, 18, 0, 28, 17, 8, 23, 15, 5])
(119643, [34])
(119644, [34])
(119645, [34, 0, 11, 7, 6, 10, 4, 3, 13, 14])
(119646, [34, 33, 18, 0, 8, 21, 36, 30, 15, 40, 2, 14])
(119647, [34])
(119648, [34, 43, 23])
(119649, [34])
(119650, [34, 0, 29, 16, 17, 1, 19, 21, 38, 39, 3, 12, 22])
(119651, [34, 0, 13])
(119652, [34, 18, 9, 6, 1, 43, 31, 37, 41, 23, 3, 5])
(119653, [33])
(119654, [33])
(119655, [33])
(119656, [33, 10, 19, 4, 2])
(119657, [33, 11, 16, 19, 8, 44, 39, 2])
(119658, [33, 18, 16, 1, 44, 38, 30, 4, 15, 3, 22])
(119659, [33, 7, 3])
(119660, [33, 18, 9, 0, 11, 29, 16, 42, 6, 17, 1, 19, 21, 44, 43, 31, 30, 39, 23, 15, 3, 40, 2, 14])
(119661, [33, 26, 43, 15])
(119662, [33, 9, 0, 11, 26, 21, 43, 24, 3])
(119663, [33, 26, 43, 31, 30, 41, 40, 2])
(119664, [33, 20, 18, 9, 0, 1, 19, 8, 21, 43, 39, 3, 12, 2, 5, 22])
(119665, [33, 20, 9, 0, 11, 7, 16, 42, 6, 10, 26, 36, 31, 41, 4, 15, 3, 12, 2, 14])
(119666, [33, 11, 28, 17, 1, 19, 26, 44, 43, 15, 3, 2, 13, 14])
(119667, [33, 18, 7, 6, 1, 19, 21, 3, 2])
(119668, [33])
(119669, [33, 18, 1, 21, 30, 13])
(119670, [33, 30, 40, 13])
(119671, [33])
(119672, [33, 0, 16, 28, 1, 19, 44, 31, 41])
(119673, [33, 0, 1, 44, 37, 3, 2])
(119674, [33, 0, 11, 16, 44])
(119675, [33, 6, 43, 31])
(119676, [33])
(119677, [33])
(119678, [33])
(119679, [33, 20, 18, 16, 1, 19, 8, 44, 30, 39, 23, 3, 12, 2])
(119680, [33])
(119681, [33])
(119682, [33, 27, 0, 6, 1, 43, 36, 24, 3])
(119683, [33, 9, 42, 28, 1, 21, 43, 31, 23, 3, 12])
(119684, [33, 19, 41])
(119685, [33, 1, 22])
(119686, [33, 31, 30])
(119687, [33, 31, 41, 3])
(119688, [33, 31])
(119689, [33])
(119690, [33])
(119691, [33])
(119692, [33, 11, 19, 3, 12])
(119693, [33, 2])
(119694, [33, 0, 7, 6, 1, 44, 43, 31, 39, 3, 2, 14])
(119695, [33, 1, 3])
(119696, [33, 26, 3])
(119697, [33, 42, 1, 19, 26, 44, 43, 30, 12])
(119698, [33])
(119699, [20, 21])
(119700, [20, 9, 16, 26, 43, 36, 31, 4, 15])
(119701, [20, 9, 6, 28, 26, 44, 43, 31, 41, 24, 23, 15, 3, 12, 2, 13])
(119702, [20])
(119703, [20])
(119704, [20, 18, 9, 0, 6, 17, 19, 26, 44, 23, 4, 15, 3, 40, 2, 13])
(119705, [20, 41, 3])
(119706, [20, 18, 11, 42, 6, 17, 1, 19, 21, 44, 30, 41, 23, 4, 3, 12, 2, 22])
(119707, [20, 10, 24, 12])
(119708, [20, 18, 11, 7, 16, 1, 21, 23])
(119709, [20, 18, 11, 16, 6, 17, 1, 19, 26, 44, 43, 39, 41, 15, 3, 12, 2, 13, 14, 25])
(119710, [20, 0])
(119711, [20, 43, 41, 14])
(119712, [20, 11, 26, 24, 2])
(119713, [20, 0, 36, 3, 12])
(119714, [20, 16, 1, 21, 43, 4, 3, 2, 13])
(119715, [20, 16, 26, 43, 30, 4, 15, 40])
(119716, [20, 9, 0, 28, 17, 10, 44, 41, 2])
(119717, [20])
(119718, [20, 0, 16, 43, 37, 41, 4, 15, 3, 12, 2])
(119719, [20, 31, 41])
(119720, [20, 0, 1, 31])
(119721, [20, 9, 1])
(119722, [20, 0, 11, 7, 42, 19, 26, 44, 31, 3, 2])
(119723, [20, 18, 11, 43, 23, 3, 12, 2])
(119724, [20, 11, 16, 17, 1, 21, 41, 4, 3, 12, 2, 22])
(119725, [20])
(119726, [20, 24])
(119727, [20, 1, 12])
(119728, [20, 15])
(119729, [18, 29])
(119730, [18, 0])
(119731, [18])
(119732, [18])
(119733, [18])
(119734, [18])
(119735, [18, 21])
(119736, [18, 44])
(119737, [18, 0, 6, 37])
(119738, [18, 0])
(119739, [18, 11])
(119740, [18, 23, 3])
(119741, [18, 27, 11, 1, 19, 8, 24, 23, 15, 3, 12, 2, 5])
(119742, [18])
(119743, [18, 44, 36, 30, 41])
(119744, [18, 0, 11, 1, 44, 24, 3, 40, 2, 13])
(119745, [18, 23, 15, 12])
(119746, [18, 23])
(119747, [18])
(119748, [18, 12])
(119749, [18])
(119750, [18])
(119751, [18, 8])
(119752, [18])
(119753, [18, 23])
(119754, [18])
(119755, [18])
(119756, [18, 9, 11, 44, 41, 23])
(119757, [18])
(119758, [18, 8, 2])
(119759, [18, 3])
(119760, [18, 7, 16, 17, 1, 19, 15, 3, 2])
(119761, [18, 36, 31, 3])
(119762, [18])
(119763, [18, 1, 26, 8, 21, 3])
(119764, [18])
(119765, [18])
(119766, [18, 7])
(119767, [18])
(119768, [18, 6, 8, 3])
(119769, [18, 44])
(119770, [18, 43, 2])
(119771, [18])
(119772, [18, 9, 8, 21, 43, 12])
(119773, [18])
(119774, [18])
(119775, [18, 9])
(119776, [18])
(119777, [18, 6, 19, 26, 40, 2])
(119778, [18, 43])
(119779, [18, 43, 15, 40, 5])
(119780, [18])
(119781, [18])
(119782, [18, 23])
(119783, [18, 19, 31])
(119784, [18])
(119785, [18, 12])
(119786, [18])
(119787, [18])
(119788, [18])
(119789, [18])
(119790, [18])
(119791, [18])
(119792, [18, 0, 6, 43, 41, 12, 13])
(119793, [18])
(119794, [18])
(119795, [18, 9, 1, 8, 30, 41, 23, 4, 15, 3])
(119796, [18, 1, 26, 43, 23, 4, 2, 13])
(119797, [18, 22])
(119798, [18])
(119799, [18])
(119800, [18, 6])
(119801, [18])
(119802, [18, 0, 19, 30])
(119803, [18])
(119804, [18])
(119805, [18])
(119806, [18])
(119807, [18])
(119808, [18, 41, 13])
(119809, [18])
(119810, [18, 2])
(119811, [18, 19, 36])
(119812, [18])
(119813, [18])
(119814, [18])
(119815, [18, 0, 15])
(119816, [18])
(119817, [18])
(119818, [18, 6, 44, 30])
(119819, [18, 42, 26, 43, 41, 23])
(119820, [18, 27, 0, 11, 6, 26, 44, 36, 41, 4, 12, 13, 14])
(119821, [18, 1, 19, 23, 3])
(119822, [18])
(119823, [18])
(119824, [18])
(119825, [18, 19, 4])
(119826, [18])
(119827, [18])
(119828, [27, 21, 39, 3])
(119829, [27])
(119830, [27])
(119831, [27])
(119832, [27, 0, 1, 43, 31, 3, 12])
(119833, [27, 0, 26, 44, 43, 41, 15, 12, 2])
(119834, [27, 3])
(119835, [27, 0, 3, 12, 2])
(119836, [9])
(119837, [9])
(119838, [9])
(119839, [9, 8, 30, 23])
(119840, [9])
(119841, [9])
(119842, [9, 0, 7, 42, 6, 8, 43, 31, 37, 23, 4, 12])
(119843, [9, 0, 16, 8, 31, 30, 23, 3, 12, 5])
(119844, [9])
(119845, [9])
(119846, [9, 1, 8, 21, 23, 12, 5])
(119847, [9])
(119848, [9, 0, 16, 6, 26, 43, 41, 15, 12])
(119849, [9])
(119850, [9, 11, 26, 43, 31, 41, 24, 23, 15, 3, 13])
(119851, [9, 17, 26, 43, 36, 30, 41, 24, 15, 12, 2])
(119852, [9])
(119853, [9, 26, 4])
(119854, [9])
(119855, [9, 0, 30])
(119856, [9, 10, 21, 12, 2, 14])
(119857, [9, 8, 21, 23])
(119858, [9, 11, 17, 1, 44, 31, 3])
(119859, [9])
(119860, [9, 0])
(119861, [9, 3, 2])
(119862, [9, 1, 10, 43, 30, 23, 4, 15, 3])
(119863, [9])
(119864, [9, 4, 40, 2])
(119865, [9])
(119866, [9])
(119867, [9, 14])
(119868, [9])
(119869, [9, 3, 12])
(119870, [9, 0, 26, 41, 15])
(119871, [9])
(119872, [9])
(119873, [9])
(119874, [9])
(119875, [9])
(119876, [9])
(119877, [9, 16, 19, 12, 5])
(119878, [9])
(119879, [9])
(119880, [9])
(119881, [9])
(119882, [9, 1, 41])
(119883, [9, 16, 44, 41])
(119884, [9, 1, 22])
(119885, [9])
(119886, [9, 30])
(119887, [9, 17, 41])
(119888, [9, 24])
(119889, [9])
(119890, [9])
(119891, [9])
(119892, [0])
(119893, [0, 2, 14])
(119894, [0])
(119895, [0])
(119896, [0])
(119897, [0])
(119898, [0])
(119899, [0, 10, 12])
(119900, [0])
(119901, [0, 39, 4, 15])
(119902, [0])
(119903, [0, 12])
(119904, [0])
(119905, [0])
(119906, [0])
(119907, [0, 6, 43, 24, 4, 2, 14])
(119908, [0])
(119909, [0, 12])
(119910, [0])
(119911, [0])
(119912, [0])
(119913, [0, 7, 12])
(119914, [0])
(119915, [0])
(119916, [0])
(119917, [0])
(119918, [0])
(119919, [0])
(119920, [0])
(119921, [0])
(119922, [0])
(119923, [0])
(119924, [0])
(119925, [0])
(119926, [0])
(119927, [0])
(119928, [0, 12])
(119929, [0])
(119930, [0])
(119931, [0, 30])
(119932, [0])
(119933, [0])
(119934, [0])
(119935, [0])
(119936, [0, 21])
(119937, [0])
(119938, [0])
(119939, [0])
(119940, [0])
(119941, [0, 12])
(119942, [0])
(119943, [0])
(119944, [0])
(119945, [0])
(119946, [0, 1, 21, 3, 12])
(119947, [0])
(119948, [0, 19, 26, 41, 2])
(119949, [0])
(119950, [0])
(119951, [0, 8])
(119952, [0])
(119953, [0])
(119954, [0])
(119955, [0])
(119956, [0])
(119957, [0])
(119958, [0])
(119959, [0])
(119960, [0])
(119961, [0])
(119962, [0])
(119963, [0, 17, 36, 40, 2, 14])
(119964, [0])
(119965, [0])
(119966, [0])
(119967, [0, 12])
(119968, [0])
(119969, [0])
(119970, [0])
(119971, [0])
(119972, [0])
(119973, [0])
(119974, [0])
(119975, [0, 11, 16, 44, 31, 30, 41, 23, 3, 2])
(119976, [0])
(119977, [0, 11, 3, 12])
(119978, [0])
(119979, [0])
(119980, [0, 31, 13])
(119981, [0, 44])
(119982, [0, 12, 2])
(119983, [0, 12])
(119984, [0])
(119985, [0])
(119986, [0])
(119987, [0, 6, 31, 41, 15, 3])
(119988, [0])
(119989, [0])
(119990, [0])
(119991, [0])
(119992, [0])
(119993, [0])
(119994, [0])
(119995, [0])
(119996, [0])
(119997, [0])
(119998, [0])
(119999, [0])
(120000, [0, 19])
(120001, [0, 12])
(120002, [0])
(120003, [0])
(120004, [0])
(120005, [0])
(120006, [0])
(120007, [0])
(120008, [0])
(120009, [0])
(120010, [0])
(120011, [0])
(120012, [0])
(120013, [0])
(120014, [0])
(120015, [0])
(120016, [0])
(120017, [0])
(120018, [0])
(120019, [0])
(120020, [0])
(120021, [0, 6, 19, 43, 36, 4, 12, 2, 14, 22])
(120022, [0, 7, 21, 2])
(120023, [0])
(120024, [0])
(120025, [0])
(120026, [0])
(120027, [0, 16, 1, 43, 4])
(120028, [0])
(120029, [0])
(120030, [0])
(120031, [0])
(120032, [0])
(120033, [0])
(120034, [0])
(120035, [0])
(120036, [0])
(120037, [0])
(120038, [0])
(120039, [0])
(120040, [0])
(120041, [0])
(120042, [0])
(120043, [0, 44, 3])
(120044, [0])
(120045, [0])
(120046, [0])
(120047, [0])
(120048, [0])
(120049, [0])
(120050, [0])
(120051, [0])
(120052, [0])
(120053, [0, 11, 16, 42, 1, 19, 21, 3, 12, 2])
(120054, [0])
(120055, [0, 1])
(120056, [0])
(120057, [0])
(120058, [0])
(120059, [0])
(120060, [0])
(120061, [0])
(120062, [0, 17, 2])
(120063, [0, 30])
(120064, [0, 1, 44, 2])
(120065, [0])
(120066, [0])
(120067, [0])
(120068, [0])
(120069, [0])
(120070, [0, 1, 30, 24, 3])
(120071, [0])
(120072, [0])
(120073, [0])
(120074, [0])
(120075, [0])
(120076, [0])
(120077, [0])
(120078, [0])
(120079, [0])
(120080, [0, 31, 39])
(120081, [0])
(120082, [0, 1])
(120083, [0, 3, 12])
(120084, [0])
(120085, [0])
(120086, [0])
(120087, [0])
(120088, [0])
(120089, [0])
(120090, [0])
(120091, [0])
(120092, [0])
(120093, [0])
(120094, [0, 36])
(120095, [0])
(120096, [0])
(120097, [0])
(120098, [0])
(120099, [0])
(120100, [0, 6, 19, 15, 3])
(120101, [0, 11, 7, 26, 23])
(120102, [0])
(120103, [0])
(120104, [0])
(120105, [0])
(120106, [0])
(120107, [0])
(120108, [0])
(120109, [0])
(120110, [0])
(120111, [0, 19, 23, 3, 12])
(120112, [0])
(120113, [0])
(120114, [0, 42])
(120115, [0])
(120116, [0])
(120117, [0, 1, 43, 3, 12])
(120118, [0])
(120119, [0])
(120120, [0, 12])
(120121, [0])
(120122, [0])
(120123, [0])
(120124, [0])
(120125, [0])
(120126, [0])
(120127, [0])
(120128, [0, 44, 30])
(120129, [0])
(120130, [0])
(120131, [0])
(120132, [0])
(120133, [0])
(120134, [0, 12])
(120135, [0])
(120136, [0])
(120137, [0])
(120138, [0])
(120139, [0, 1, 12])
(120140, [0, 19, 26, 43, 41, 4])
(120141, [0])
(120142, [0])
(120143, [0, 1, 38, 12, 22])
(120144, [0])
(120145, [0, 2])
(120146, [0])
(120147, [11])
(120148, [11, 44, 23])
(120149, [11])
(120150, [11])
(120151, [11])
(120152, [11, 44, 23, 3, 12, 22])
(120153, [11, 1, 44, 3])
(120154, [11])
(120155, [11])
(120156, [11, 1, 44, 3])
(120157, [11, 17, 41, 2])
(120158, [11, 16, 2, 5, 14])
(120159, [11, 1, 21, 3])
(120160, [11, 1, 26, 44, 30, 3])
(120161, [11, 44])
(120162, [11, 43, 41])
(120163, [11, 41, 14])
(120164, [11])
(120165, [11])
(120166, [11, 6, 2])
(120167, [11])
(120168, [11])
(120169, [11])
(120170, [11])
(120171, [11])
(120172, [11, 19, 21, 2])
(120173, [11, 43, 24, 2])
(120174, [7, 1, 10, 19, 21, 39, 41, 23, 12])
(120175, [7, 19, 21, 3])
(120176, [7])
(120177, [7, 28, 3])
(120178, [7])
(120179, [7])
(120180, [7])
(120181, [7, 3])
(120182, [7, 44])
(120183, [7])
(120184, [29, 1, 3, 2, 5, 22])
(120185, [16])
(120186, [16, 41])
(120187, [16, 44])
(120188, [16])
(120189, [16, 19])
(120190, [16])
(120191, [16, 2])
(120192, [16])
(120193, [16, 23])
(120194, [16])
(120195, [16])
(120196, [16, 1, 26, 8, 39, 2])
(120197, [16])
(120198, [16])
(120199, [16, 1, 30, 4, 3, 2])
(120200, [16, 3])
(120201, [16])
(120202, [16])
(120203, [16, 12])
(120204, [42, 26, 12, 22])
(120205, [42, 15, 12])
(120206, [42])
(120207, [6])
(120208, [6])
(120209, [6, 44, 31])
(120210, [6])
(120211, [6, 21])
(120212, [6])
(120213, [6])
(120214, [6, 3])
(120215, [6])
(120216, [6])
(120217, [6])
(120218, [6])
(120219, [6])
(120220, [6])
(120221, [6, 1, 39, 4, 3])
(120222, [6, 26, 44])
(120223, [28])
(120224, [28, 43, 41, 14])
(120225, [28, 41, 15])
(120226, [17])
(120227, [17, 43])
(120228, [17])
(120229, [17])
(120230, [17])
(120231, [17, 2])
(120232, [17])
(120233, [17, 40])
(120234, [17])
(120235, [17])
(120236, [17])
(120237, [17])
(120238, [17, 36])
(120239, [17])
(120240, [17])
(120241, [17, 1, 19, 3])
(120242, [17])
(120243, [17])
(120244, [17, 4, 2])
(120245, [17])
(120246, [1, 3])
(120247, [1])
(120248, [1, 19, 21, 24])
(120249, [1, 15])
(120250, [1, 8, 3, 22])
(120251, [1, 21, 23, 4, 12, 22])
(120252, [1, 21, 3])
(120253, [1, 26, 22])
(120254, [1])
(120255, [1, 31, 30, 24, 23, 2])
(120256, [1])
(120257, [1, 3])
(120258, [1])
(120259, [1, 3])
(120260, [1])
(120261, [1, 3])
(120262, [1, 21, 43])
(120263, [1, 21, 44, 22])
(120264, [1])
(120265, [1])
(120266, [1, 3])
(120267, [1, 44, 41, 24, 23])
(120268, [1])
(120269, [1])
(120270, [1, 3])
(120271, [1])
(120272, [1, 21, 3])
(120273, [1])
(120274, [1])
(120275, [1, 3])
(120276, [1])
(120277, [1])
(120278, [1, 3])
(120279, [1])
(120280, [1, 8, 41, 12])
(120281, [1])
(120282, [1, 31])
(120283, [1])
(120284, [1, 21, 3])
(120285, [1])
(120286, [1, 21])
(120287, [1, 21, 3])
(120288, [1, 15, 3])
(120289, [10])
(120290, [10])
(120291, [10])
(120292, [10])
(120293, [10])
(120294, [10])
(120295, [10, 26, 41, 12, 22])
(120296, [10])
(120297, [10])
(120298, [10])
(120299, [10])
(120300, [10])
(120301, [19])
(120302, [19])
(120303, [19, 22])
(120304, [19, 21, 22])
(120305, [19, 30, 15, 2, 5])
(120306, [19, 4])
(120307, [19])
(120308, [19, 21, 2, 25])
(120309, [19, 31])
(120310, [19, 26, 44, 31])
(120311, [19])
(120312, [19])
(120313, [19])
(120314, [19, 12])
(120315, [19])
(120316, [19, 26, 40, 13])
(120317, [19])
(120318, [19, 39, 2])
(120319, [19, 26, 3, 2, 13])
(120320, [19, 2])
(120321, [19])
(120322, [19])
(120323, [19, 43, 23])
(120324, [19])
(120325, [19])
(120326, [19, 3])
(120327, [19, 30, 3, 5])
(120328, [19])
(120329, [19])
(120330, [19, 8])
(120331, [26, 21])
(120332, [26, 14])
(120333, [26, 37])
(120334, [26])
(120335, [26, 2])
(120336, [26, 41, 15])
(120337, [26])
(120338, [26])
(120339, [26])
(120340, [26, 4, 3])
(120341, [26])
(120342, [26])
(120343, [26])
(120344, [26])
(120345, [26])
(120346, [26, 21])
(120347, [26])
(120348, [26])
(120349, [26])
(120350, [26])
(120351, [26, 2])
(120352, [26])
(120353, [26, 43])
(120354, [26])
(120355, [26])
(120356, [26])
(120357, [8, 43, 31, 15])
(120358, [8])
(120359, [8])
(120360, [8])
(120361, [8])
(120362, [8])
(120363, [8, 23])
(120364, [8, 2])
(120365, [8])
(120366, [8])
(120367, [8, 23])
(120368, [8])
(120369, [8])
(120370, [8, 3])
(120371, [8])
(120372, [8])
(120373, [8])
(120374, [8])
(120375, [21])
(120376, [21])
(120377, [21])
(120378, [21])
(120379, [21])
(120380, [21])
(120381, [21, 31])
(120382, [21])
(120383, [21])
(120384, [21])
(120385, [21, 44])
(120386, [21])
(120387, [21])
(120388, [21])
(120389, [21])
(120390, [21])
(120391, [21])
(120392, [21])
(120393, [21])
(120394, [21])
(120395, [21])
(120396, [21])
(120397, [21])
(120398, [21])
(120399, [21])
(120400, [21])
(120401, [21])
(120402, [21])
(120403, [21])
(120404, [21, 12])
(120405, [21, 3])
(120406, [21, 37])
(120407, [21])
(120408, [21])
(120409, [21])
(120410, [21])
(120411, [21])
(120412, [21])
(120413, [21])
(120414, [21])
(120415, [21])
(120416, [21])
(120417, [21])
(120418, [21])
(120419, [21])
(120420, [21])
(120421, [21])
(120422, [44])
(120423, [44])
(120424, [44])
(120425, [44])
(120426, [44, 3])
(120427, [44])
(120428, [44])
(120429, [44])
(120430, [44])
(120431, [44])
(120432, [44])
(120433, [44])
(120434, [44])
(120435, [44])
(120436, [44])
(120437, [44])
(120438, [44])
(120439, [44])
(120440, [44])
(120441, [44, 2, 13])
(120442, [43])
(120443, [43])
(120444, [43])
(120445, [43])
(120446, [43])
(120447, [43, 41])
(120448, [43])
(120449, [43, 24, 3, 2])
(120450, [43, 23])
(120451, [43])
(120452, [43, 24])
(120453, [43])
(120454, [43])
(120455, [43])
(120456, [43, 2])
(120457, [43])
(120458, [43])
(120459, [43])
(120460, [43])
(120461, [43])
(120462, [43])
(120463, [43])
(120464, [43])
(120465, [43])
(120466, [43])
(120467, [43, 36])
(120468, [43])
(120469, [43])
(120470, [43])
(120471, [43])
(120472, [43])
(120473, [43])
(120474, [36])
(120475, [36])
(120476, [36, 2, 14])
(120477, [36])
(120478, [36, 14])
(120479, [36])
(120480, [36])
(120481, [36])
(120482, [36, 31])
(120483, [36])
(120484, [36])
(120485, [36, 31, 15])
(120486, [36, 14])
(120487, [36])
(120488, [36])
(120489, [36])
(120490, [36])
(120491, [36])
(120492, [36])
(120493, [36])
(120494, [36, 30])
(120495, [36])
(120496, [36])
(120497, [36])
(120498, [36])
(120499, [36])
(120500, [36])
(120501, [31, 30])
(120502, [31])
(120503, [31])
(120504, [31])
(120505, [31])
(120506, [31])
(120507, [31])
(120508, [31])
(120509, [30])
(120510, [30])
(120511, [30])
(120512, [30])
(120513, [30, 3])
(120514, [30])
(120515, [30])
(120516, [30])
(120517, [30])
(120518, [30])
(120519, [37])
(120520, [37])
(120521, [37])
(120522, [37])
(120523, [39])
(120524, [39])
(120525, [39])
(120526, [39, 3])
(120527, [39])
(120528, [41])
(120529, [41, 3])
(120530, [41])
(120531, [41])
(120532, [41])
(120533, [41])
(120534, [41, 13])
(120535, [41, 2, 13, 14])
(120536, [41, 2])
(120537, [41])
(120538, [41, 2])
(120539, [41])
(120540, [41, 2])
(120541, [41, 3])
(120542, [41])
(120543, [41])
(120544, [41, 4, 14])
(120545, [41])
(120546, [41, 23])
(120547, [41])
(120548, [24])
(120549, [24])
(120550, [24])
(120551, [24])
(120552, [24])
(120553, [24])
(120554, [24])
(120555, [24, 14])
(120556, [24])
(120557, [24])
(120558, [23])
(120559, [23])
(120560, [23])
(120561, [23, 14])
(120562, [23])
(120563, [23])
(120564, [23])
(120565, [23])
(120566, [23])
(120567, [23])
(120568, [23])
(120569, [23])
(120570, [23])
(120571, [23])
(120572, [23])
(120573, [23])
(120574, [23])
(120575, [23])
(120576, [23])
(120577, [23])
(120578, [23])
(120579, [23])
(120580, [23])
(120581, [23])
(120582, [23])
(120583, [23])
(120584, [23])
(120585, [23, 3])
(120586, [23])
(120587, [23])
(120588, [23])
(120589, [23])
(120590, [23])
(120591, [23])
(120592, [23])
(120593, [23])
(120594, [23])
(120595, [23])
(120596, [23])
(120597, [23, 12, 2])
(120598, [23])
(120599, [23])
(120600, [23])
(120601, [23])
(120602, [23])
(120603, [23])
(120604, [23])
(120605, [23])
(120606, [23])
(120607, [23])
(120608, [23])
(120609, [23])
(120610, [23])
(120611, [23])
(120612, [23])
(120613, [23])
(120614, [23])
(120615, [23])
(120616, [23])
(120617, [4])
(120618, [4])
(120619, [4])
(120620, [4])
(120621, [4])
(120622, [4])
(120623, [4])
(120624, [4])
(120625, [4])
(120626, [4])
(120627, [4])
(120628, [4, 2])
(120629, [4])
(120630, [4])
(120631, [4, 12, 40])
(120632, [15])
(120633, [15])
(120634, [15])
(120635, [15])
(120636, [15])
(120637, [15])
(120638, [15])
(120639, [15])
(120640, [15])
(120641, [15, 25])
(120642, [15])
(120643, [15])
(120644, [3])
(120645, [3])
(120646, [3])
(120647, [3])
(120648, [3])
(120649, [3])
(120650, [3])
(120651, [3])
(120652, [3])
(120653, [3])
(120654, [3])
(120655, [3])
(120656, [3])
(120657, [3])
(120658, [3])
(120659, [3])
(120660, [3])
(120661, [3])
(120662, [3, 12])
(120663, [3])
(120664, [3])
(120665, [3])
(120666, [3])
(120667, [3])
(120668, [3])
(120669, [3])
(120670, [3])
(120671, [12])
(120672, [12])
(120673, [12])
(120674, [12])
(120675, [12])
(120676, [12])
(120677, [12])
(120678, [12])
(120679, [12])
(120680, [12])
(120681, [12])
(120682, [12])
(120683, [12])
(120684, [12])
(120685, [12])
(120686, [12])
(120687, [12])
(120688, [12])
(120689, [12])
(120690, [12, 40])
(120691, [12])
(120692, [12])
(120693, [12])
(120694, [12])
(120695, [12])
(120696, [12])
(120697, [12])
(120698, [12])
(120699, [12])
(120700, [12])
(120701, [12])
(120702, [12])
(120703, [12])
(120704, [12])
(120705, [12])
(120706, [12])
(120707, [12])
(120708, [12])
(120709, [12])
(120710, [12])
(120711, [12])
(120712, [12])
(120713, [12])
(120714, [12])
(120715, [12])
(120716, [12])
(120717, [12])
(120718, [12])
(120719, [12])
(120720, [12])
(120721, [12])
(120722, [12])
(120723, [12])
(120724, [12])
(120725, [12])
(120726, [12, 5])
(120727, [12])
(120728, [12])
(120729, [12])
(120730, [12])
(120731, [12])
(120732, [12])
(120733, [12])
(120734, [12])
(120735, [12])
(120736, [12])
(120737, [12])
(120738, [12])
(120739, [12])
(120740, [12])
(120741, [12])
(120742, [12])
(120743, [12])
(120744, [12])
(120745, [40])
(120746, [40])
(120747, [2])
(120748, [2])
(120749, [2])
(120750, [2])
(120751, [2])
(120752, [2])
(120753, [2])
(120754, [2])
(120755, [2])
(120756, [2])
(120757, [2])
(120758, [2])
(120759, [2])
(120760, [2])
(120761, [2])
(120762, [2])
(120763, [2])
(120764, [2])
(120765, [2])
(120766, [2])
(120767, [2])
(120768, [2])
(120769, [2])
(120770, [2])
(120771, [2])
(120772, [2])
(120773, [2])
(120774, [2])
(120775, [2])
(120776, [2])
(120777, [2])
(120778, [2])
(120779, [2])
(120780, [2])
(120781, [2])
(120782, [2, 25])
(120783, [2])
(120784, [2])
(120785, [2])
(120786, [2])
(120787, [2])
(120788, [2])
(120789, [2])
(120790, [2])
(120791, [2])
(120792, [2])
(120793, [2])
(120794, [2])
(120795, [2])
(120796, [2])
(120797, [2])
(120798, [2, 14])
(120799, [2])
(120800, [2])
(120801, [2])
(120802, [2])
(120803, [2])
(120804, [2])
(120805, [2])
(120806, [2])
(120807, [2])
(120808, [2])
(120809, [2])
(120810, [2])
(120811, [2])
(120812, [2])
(120813, [2])
(120814, [2])
(120815, [2])
(120816, [2])
(120817, [2])
(120818, [2])
(120819, [2])
(120820, [2])
(120821, [2])
(120822, [13])
(120823, [13])
(120824, [13])
(120825, [13])
(120826, [13])
(120827, [5])
(120828, [5])
(120829, [5])
(120830, [5])
(120831, [5])
(120832, [14])
(120833, [14])
(120834, [14])
(120835, [14])
(120836, [14])
(120837, [14])
(120838, [14])
(120839, [14])
(120840, [14])
(120841, [14])
(120842, [14])
(120843, [14])
(120844, [14])
(120845, [14])
(120846, [14])
(120847, [14])
(120848, [14])
(120849, [14])
(120850, [14])
(120851, [14])
(120852, [14])
(120853, [14])
(120854, [14])
(120855, [14])
(120856, [14])
(120857, [14])
(120858, [22])
(120859, [22])
(120860, [22])
(120861, [22])
(120862, [22])
(120863, [22])
(120864, [22])
(120865, [22])
(120866, [22])
(120867, [22])
(120868, [22])
(120869, [22])
