(9567, [0, 1, 2, 3, 4, 5, 6, 7, 8, 9, 10, 11, 12, 13, 14, 15, 16, 17, 18, 19, 20, 21, 22, 23, 24, 25, 26, 27, 28, 29, 30, 31, 32, 33, 34, 35, 36, 37, 38, 39, 40, 41, 42, 43, 44])
(9568, [0, 1, 2, 3, 4, 5, 6, 7, 8, 9, 10, 11, 12, 13, 14, 15, 16, 17, 18, 19, 20, 21, 22, 23, 24, 25, 26, 27, 28, 29, 30, 31, 32, 33, 34, 35, 36, 37, 38, 39, 40, 41, 42, 43, 44])
(9569, [0, 1, 2, 3, 4, 5, 6, 7, 8, 9, 10, 11, 12, 13, 14, 15, 16, 17, 18, 19, 20, 21, 22, 23, 24, 25, 26, 27, 28, 29, 30, 31, 32, 33, 34, 35, 36, 37, 38, 39, 40, 41, 42, 43, 44])
(9570, [0, 1, 2, 3, 4, 5, 6, 7, 8, 9, 10, 11, 12, 13, 14, 15, 16, 17, 18, 19, 20, 21, 22, 23, 24, 25, 26, 27, 28, 29, 30, 31, 32, 33, 34, 35, 36, 37, 38, 39, 40, 41, 42, 43, 44])
(9571, [17, 32])
(9572, [0, 1, 2, 3, 4, 5, 6, 7, 8, 9, 10, 11, 12, 13, 14, 16, 18, 19, 20, 21, 22, 23, 24, 25, 26, 27, 28, 30, 31, 32, 33, 34, 35, 36, 37, 38, 39, 40, 41, 42, 43, 44])
(9573, [0, 1, 2, 3, 4, 5, 6, 7, 8, 9, 10, 11, 12, 13, 14, 15, 16, 17, 18, 19, 20, 21, 22, 23, 24, 25, 26, 27, 28, 29, 30, 31, 32, 33, 34, 35, 36, 37, 38, 39, 40, 41, 42, 43, 44])
(9574, [0, 1, 2, 3, 4, 5, 6, 7, 8, 9, 10, 11, 12, 13, 14, 15, 16, 17, 18, 19, 20, 21, 22, 23, 24, 25, 26, 27, 28, 29, 30, 31, 32, 33, 34, 35, 36, 37, 38, 39, 40, 41, 42, 43, 44])
(9575, [0, 1, 2, 3, 4, 5, 6, 7, 8, 9, 10, 11, 12, 13, 14, 15, 16, 17, 18, 19, 20, 21, 22, 23, 24, 25, 26, 27, 28, 29, 30, 31, 32, 33, 34, 35, 36, 37, 38, 39, 40, 41, 42, 43, 44])
(9576, [0, 1, 2, 3, 4, 5, 6, 7, 8, 9, 10, 11, 12, 13, 14, 15, 16, 17, 18, 19, 20, 21, 22, 23, 24, 25, 26, 27, 28, 29, 30, 31, 32, 33, 34, 35, 36, 37, 38, 39, 40, 41, 42, 43, 44])
(9577, [0, 1, 2, 3, 9, 11, 12, 15, 16, 19, 20, 21, 23, 31, 32, 41])
(9578, [0, 1, 2, 3, 4, 5, 6, 7, 8, 9, 10, 11, 12, 13, 14, 15, 16, 17, 18, 19, 20, 21, 22, 23, 24, 25, 26, 27, 28, 29, 30, 31, 32, 33, 34, 35, 36, 37, 38, 39, 40, 41, 42, 43, 44])
(9579, [0, 1, 2, 3, 4, 5, 6, 7, 8, 9, 10, 11, 12, 13, 14, 15, 16, 17, 18, 19, 20, 21, 22, 23, 24, 25, 26, 27, 29, 30, 31, 32, 33, 34, 35, 36, 37, 38, 39, 40, 41, 42, 43, 44])
(9580, [1, 2, 3, 7, 9, 11, 12, 15, 16, 17, 18, 19, 20, 23, 24, 26, 28, 30, 31, 32, 33, 34, 41, 42, 43, 44])
(9581, [0, 1, 2, 3, 4, 5, 6, 7, 8, 9, 10, 11, 12, 13, 14, 15, 16, 17, 18, 19, 20, 21, 22, 23, 24, 25, 26, 27, 28, 30, 31, 32, 33, 34, 35, 36, 37, 39, 40, 41, 42, 43, 44])
(9582, [0, 1, 2, 3, 4, 6, 7, 14, 16, 19, 26, 30, 32, 33, 34, 39, 41, 43, 44])
(9583, [0, 1, 2, 3, 4, 6, 9, 11, 12, 14, 15, 17, 18, 19, 20, 23, 24, 26, 27, 29, 30, 31, 32, 33, 34, 35, 40, 41, 42, 43])
(9584, [1, 2, 3, 4, 5, 6, 7, 9, 10, 11, 12, 13, 14, 15, 16, 17, 18, 19, 20, 21, 22, 23, 24, 26, 30, 31, 32, 33, 34, 35, 37, 38, 39, 40, 41, 42, 43, 44])
(9585, [0, 1, 2, 3, 4, 5, 8, 9, 10, 11, 12, 13, 15, 16, 17, 18, 19, 20, 21, 22, 23, 24, 25, 26, 27, 30, 31, 32, 33, 34, 35, 36, 37, 39, 40, 41, 43, 44])
(9586, [0, 1, 2, 3, 4, 6, 7, 8, 9, 11, 12, 13, 14, 15, 16, 17, 19, 20, 21, 22, 23, 24, 26, 27, 28, 30, 31, 32, 33, 34, 35, 37, 38, 39, 40, 41, 42, 43, 44])
(9587, [1, 2, 3, 4, 6, 7, 9, 11, 14, 15, 16, 17, 18, 19, 20, 21, 23, 24, 26, 27, 28, 30, 32, 35, 36, 41, 42, 43, 44])
(9588, [0, 1, 2, 3, 4, 6, 8, 9, 10, 11, 12, 15, 16, 17, 18, 19, 21, 23, 30, 31, 32, 33, 34, 35, 41, 43])
(9589, [1, 2, 3, 4, 5, 7, 9, 11, 13, 14, 15, 17, 18, 19, 23, 24, 25, 26, 30, 31, 32, 33, 34, 40, 41, 43, 44])
(9590, [0, 1, 2, 4, 6, 11, 14, 15, 17, 18, 19, 23, 27, 30, 31, 32, 33, 34, 35, 40, 43])
(9591, [1, 2, 8, 9, 12, 14, 19, 24, 26, 31, 32, 34, 40, 41, 42, 43])
(9592, [1, 3, 4, 8, 9, 11, 12, 15, 17, 18, 19, 22, 30, 31, 32, 33, 34, 35, 36, 37, 39, 41])
(9593, [0, 1, 2, 3, 4, 6, 7, 9, 10, 11, 12, 14, 15, 16, 17, 18, 20, 23, 26, 27, 30, 31, 32, 34, 35, 36, 37, 40, 41, 42, 43, 44])
(9594, [0, 1, 2, 3, 4, 6, 8, 9, 10, 12, 13, 14, 15, 16, 17, 18, 19, 22, 24, 26, 30, 31, 32, 33, 34, 35, 37, 40, 41, 43, 44])
(9595, [0, 1, 2, 3, 6, 8, 9, 11, 15, 17, 18, 19, 21, 22, 24, 25, 26, 30, 32, 33, 39, 41, 42, 44])
(9596, [1, 2, 3, 4, 6, 15, 19, 21, 23, 26, 32, 43])
(9597, [0, 1, 2, 3, 4, 5, 6, 7, 9, 11, 12, 13, 14, 15, 16, 17, 18, 19, 20, 21, 22, 23, 24, 25, 26, 27, 30, 31, 32, 33, 34, 35, 36, 40, 41, 42, 43, 44])
(9598, [0, 1, 2, 3, 6, 7, 11, 12, 17, 19, 20, 23, 30, 32, 33, 34, 35, 37, 43, 44])
(9599, [10, 12, 14, 17, 19, 32, 33, 34, 43])
(9600, [1, 3, 5, 6, 7, 12, 19, 21, 22, 30, 31, 32, 33, 43])
(9601, [2, 8, 15, 18, 19, 23, 32, 41])
(9602, [0, 1, 3, 4, 12, 15, 18, 21, 24, 26, 28, 30, 31, 32, 33, 34, 41, 42, 44])
(9603, [30, 31, 32, 34])
(9604, [0, 1, 2, 3, 4, 6, 8, 9, 10, 12, 13, 17, 18, 19, 20, 21, 22, 26, 30, 31, 32, 33, 34, 36, 41, 43])
(9605, [1, 2, 3, 9, 11, 12, 30, 32, 33, 34, 35, 44])
(9606, [13, 32])
(9607, [0, 1, 2, 4, 10, 13, 15, 16, 18, 21, 32])
(9608, [0, 1, 2, 3, 4, 6, 7, 9, 10, 11, 12, 13, 14, 15, 16, 17, 18, 19, 20, 23, 24, 25, 26, 27, 28, 30, 31, 32, 33, 34, 39, 40, 41, 42, 43, 44])
(9609, [1, 2, 3, 4, 5, 6, 7, 8, 9, 11, 12, 15, 16, 17, 18, 19, 21, 22, 23, 24, 26, 29, 30, 31, 32, 33, 34, 35, 36, 39, 40, 41, 43, 44])
(9610, [1, 7, 8, 19, 21, 22, 23, 30, 32, 33, 44])
(9611, [2, 6, 11, 13, 30, 31, 32, 33, 41, 44])
(9612, [3, 32, 33])
(9613, [2, 4, 15, 18, 21, 22, 27, 30, 32])
(9614, [0, 1, 2, 3, 4, 6, 7, 9, 10, 11, 12, 13, 15, 16, 17, 18, 19, 20, 21, 22, 23, 24, 26, 30, 31, 32, 33, 34, 35, 38, 40, 41, 42, 43, 44])
(9615, [1, 3, 16, 21, 32, 34])
(9616, [0, 1, 2, 3, 7, 12, 16, 19, 24, 31, 32, 40, 44])
(9617, [1, 3, 4, 11, 19, 26, 30, 31, 32, 43])
(9618, [1, 2, 3, 4, 6, 7, 8, 9, 10, 11, 12, 13, 15, 16, 17, 18, 19, 20, 21, 22, 23, 24, 25, 26, 29, 31, 32, 34, 35, 40, 41, 42, 43, 44])
(9619, [1, 2, 3, 4, 6, 9, 12, 14, 15, 16, 17, 18, 19, 20, 23, 24, 25, 26, 30, 31, 32, 34, 39, 40, 41, 43, 44])
(9620, [3, 11, 18, 22, 30, 31, 32, 33, 34, 41])
(9621, [0, 1, 2, 4, 6, 7, 9, 11, 13, 14, 18, 20, 24, 26, 30, 31, 32, 33, 34, 36, 40, 41, 43, 44])
(9622, [0, 1, 2, 3, 7, 11, 12, 15, 26, 28, 32, 33, 34, 40, 41])
(9623, [4, 9, 15, 19, 20, 23, 32])
(9624, [1, 6, 11, 16, 19, 21, 22, 23, 30, 32, 33, 42])
(9625, [32])
(9626, [1, 3, 4, 9, 11, 12, 15, 18, 21, 22, 23, 25, 26, 30, 31, 32, 33, 34, 39, 40, 42, 43, 44])
(9627, [0, 1, 3, 5, 6, 8, 9, 11, 16, 18, 21, 22, 23, 28, 30, 31, 32, 33, 34, 35, 37, 41, 42])
(9628, [0, 1, 2, 3, 4, 5, 6, 8, 9, 13, 14, 15, 16, 19, 20, 23, 24, 26, 27, 30, 31, 32, 33, 34, 35, 37, 40, 41, 43, 44])
(9629, [0, 1, 2, 3, 4, 6, 9, 10, 11, 12, 13, 14, 15, 16, 18, 19, 20, 21, 22, 23, 24, 26, 30, 31, 32, 33, 34, 35, 38, 40, 41, 43, 44])
(9630, [2, 6, 7, 8, 32])
(9631, [1, 32])
(9632, [3, 6, 18, 30, 32])
(9633, [1, 8, 12, 13, 14, 15, 16, 17, 18, 19, 21, 22, 23, 27, 30, 31, 32, 33, 34, 35, 37, 38, 43])
(9634, [0, 1, 2, 3, 4, 6, 8, 9, 10, 12, 16, 27, 29, 32, 33, 41, 42, 44])
(9635, [13, 14, 18, 23, 24, 32, 34, 41])
(9636, [1, 2, 3, 4, 5, 6, 8, 9, 15, 18, 19, 21, 22, 23, 24, 29, 30, 31, 32, 33, 34, 35, 37, 41, 43])
(9637, [0, 6, 12, 17, 18, 19, 32, 37, 40])
(9638, [2, 3, 4, 8, 9, 11, 15, 18, 29, 30, 31, 32, 33, 34, 38])
(9639, [0, 1, 2, 3, 6, 7, 9, 15, 16, 18, 19, 20, 21, 22, 23, 26, 29, 31, 32, 34, 35, 43])
(9640, [3, 12, 16, 17, 20, 30, 31, 32, 33, 41])
(9641, [0, 2, 9, 11, 14, 18, 24, 32, 36, 43, 44])
(9642, [9, 12, 15, 19, 24, 26, 30, 32, 43])
(9643, [2, 3, 11, 15, 23, 26, 31, 32, 33, 34, 44])
(9644, [0, 1, 2, 4, 7, 9, 18, 21, 23, 31, 32, 42, 44])
(9645, [1, 6, 12, 17, 18, 30, 32, 33, 41, 43, 44])
(9646, [0, 1, 9, 32])
(9647, [0, 1, 2, 3, 4, 7, 9, 10, 11, 12, 13, 14, 16, 17, 19, 20, 21, 23, 26, 28, 29, 30, 32, 34, 36, 39, 42, 44])
(9648, [0, 1, 2, 3, 9, 12, 17, 20, 26, 29, 30, 31, 32, 33, 34, 37, 41, 43, 44])
(9649, [0, 1, 3, 6, 7, 15, 18, 19, 24, 31, 32, 34, 40, 43])
(9650, [0, 2, 3, 15, 18, 24, 26, 30, 32, 33, 34, 41, 44])
(9651, [2, 12, 32, 35, 39, 44])
(9652, [0, 32])
(9653, [16, 31, 32, 37, 40, 43])
(9654, [0, 1, 7, 9, 14, 16, 17, 19, 20, 23, 32, 34, 43])
(9655, [0, 1, 2, 3, 6, 7, 8, 9, 11, 12, 13, 15, 18, 19, 20, 23, 26, 27, 30, 31, 32, 33, 34, 35, 36, 37, 41, 43])
(9656, [2, 15, 31, 32])
(9657, [0, 1, 3, 10, 15, 18, 26, 30, 32, 35, 39, 41, 42])
(9658, [0, 1, 2, 3, 4, 6, 7, 9, 10, 11, 13, 15, 16, 17, 18, 19, 23, 24, 26, 30, 31, 32, 39, 41, 43, 44])
(9659, [0, 1, 2, 3, 4, 7, 11, 12, 13, 14, 16, 24, 26, 32, 44])
(9660, [1, 3, 32, 44])
(9661, [0, 6, 23, 32, 34])
(9662, [0, 1, 2, 3, 7, 9, 11, 12, 16, 18, 21, 24, 26, 32, 33, 34])
(9663, [0, 1, 2, 3, 4, 5, 11, 12, 13, 14, 15, 16, 19, 20, 24, 26, 29, 30, 32, 34, 36, 41, 44])
(9664, [4, 11, 15, 18, 32])
(9665, [1, 2, 3, 4, 6, 8, 9, 11, 12, 15, 16, 18, 21, 22, 23, 26, 30, 32, 35, 36, 41, 43])
(9666, [0, 3, 5, 26, 35, 41, 44])
(9667, [0, 1, 3, 9, 11, 12, 21, 24, 30, 33, 34, 35, 37, 43, 44])
(9668, [35])
(9669, [1, 2, 3, 5, 6, 7, 8, 9, 11, 12, 14, 15, 16, 19, 21, 23, 26, 35, 37, 38, 43, 44])
(9670, [35])
(9671, [35])
(9672, [18, 21, 23, 35, 44])
(9673, [23, 35])
(9674, [35])
(9675, [35])
(9676, [2, 12, 19, 28, 30, 35])
(9677, [1, 2, 3, 4, 5, 6, 8, 9, 11, 15, 23, 24, 27, 30, 34, 35, 37, 43])
(9678, [35])
(9679, [35])
(9680, [2, 12, 17, 35, 41, 43])
(9681, [23, 35])
(9682, [17, 18, 31, 34, 35])
(9683, [3, 8, 35, 43])
(9684, [1, 2, 3, 4, 5, 9, 11, 12, 13, 16, 19, 21, 26, 31, 33, 34, 35, 40, 44])
(9685, [11, 33, 35])
(9686, [2, 6, 24, 35, 43])
(9687, [35])
(9688, [35])
(9689, [1, 2, 3, 5, 7, 11, 12, 13, 16, 20, 23, 26, 34, 35, 37, 42, 43, 44])
(9690, [35])
(9691, [2, 4, 12, 26, 34, 41, 43])
(9692, [34])
(9693, [0, 3, 11, 12, 15, 19, 21, 23, 33, 34, 41])
(9694, [34])
(9695, [0, 1, 2, 3, 4, 5, 6, 7, 9, 11, 12, 14, 15, 17, 18, 19, 20, 23, 24, 26, 27, 30, 33, 34, 36, 39, 40, 42, 43])
(9696, [34])
(9697, [1, 4, 6, 7, 9, 13, 15, 17, 18, 19, 20, 23, 25, 30, 31, 33, 34])
(9698, [0, 1, 3, 23, 30, 34, 43])
(9699, [0, 1, 3, 9, 12, 16, 18, 20, 21, 34])
(9700, [1, 2, 3, 4, 9, 12, 13, 14, 15, 16, 18, 19, 20, 21, 23, 24, 33, 34, 36, 38, 40, 41, 43, 44])
(9701, [0, 2, 3, 6, 7, 9, 17, 20, 28, 30, 33, 34, 41])
(9702, [34])
(9703, [34])
(9704, [1, 2, 3, 11, 14, 19, 34, 44])
(9705, [0, 9, 11, 30, 34])
(9706, [34])
(9707, [34])
(9708, [1, 3, 4, 6, 9, 11, 19, 33, 34, 44])
(9709, [0, 1, 2, 3, 7, 9, 11, 12, 16, 22, 23, 26, 33, 34, 40, 42, 44])
(9710, [0, 1, 3, 7, 11, 12, 34])
(9711, [34])
(9712, [4, 6, 11, 15, 26, 28, 34, 43])
(9713, [0, 1, 2, 3, 4, 12, 14, 15, 19, 21, 26, 34])
(9714, [34])
(9715, [0, 1, 2, 3, 7, 9, 12, 16, 18, 19, 20, 23, 26, 29, 33, 34, 37, 38, 42, 44])
(9716, [0, 12, 15, 24, 31, 34])
(9717, [1, 3, 12, 33, 34])
(9718, [0, 1, 2, 3, 11, 12, 14, 21, 33, 34, 36, 41])
(9719, [2, 34, 41])
(9720, [9, 19, 23, 34])
(9721, [3, 34])
(9722, [4, 15, 30, 31, 33, 34])
(9723, [34])
(9724, [2, 4, 9, 11, 17, 34])
(9725, [9, 12, 34])
(9726, [0, 1, 2, 3, 4, 6, 7, 12, 14, 15, 17, 18, 20, 21, 23, 26, 31, 34, 37, 43])
(9727, [3, 12, 30, 34, 43])
(9728, [2, 9, 12, 19, 21, 26, 30, 31, 34, 41, 44])
(9729, [34])
(9730, [34])
(9731, [34])
(9732, [2, 34])
(9733, [10, 18, 30, 34, 40, 44])
(9734, [3, 11, 20, 34, 43])
(9735, [19, 34])
(9736, [2, 20, 34])
(9737, [2, 7, 12, 16, 18, 20, 28, 30, 33, 34, 37, 41])
(9738, [34])
(9739, [1, 18, 34])
(9740, [34])
(9741, [0, 1, 3, 21, 34])
(9742, [34])
(9743, [26, 34])
(9744, [34])
(9745, [34])
(9746, [3, 12, 34])
(9747, [34])
(9748, [33])
(9749, [17, 18, 28, 33])
(9750, [33])
(9751, [33])
(9752, [33])
(9753, [2, 11, 14, 15, 16, 17, 24, 26, 28, 33, 39, 41, 44])
(9754, [33])
(9755, [33])
(9756, [0, 1, 3, 33, 41])
(9757, [1, 3, 16, 33, 44])
(9758, [33])
(9759, [33, 39])
(9760, [33])
(9761, [0, 1, 2, 3, 4, 6, 9, 10, 11, 13, 14, 15, 16, 19, 20, 23, 24, 26, 28, 30, 31, 33, 36, 40, 41, 43])
(9762, [33])
(9763, [1, 33])
(9764, [0, 1, 3, 7, 11, 12, 18, 21, 23, 26, 28, 31, 33])
(9765, [0, 1, 2, 3, 4, 6, 9, 11, 13, 14, 19, 22, 26, 28, 30, 33, 40, 41, 43, 44])
(9766, [0, 1, 3, 4, 6, 16, 18, 19, 21, 22, 23, 29, 30, 33, 39, 44])
(9767, [2, 33])
(9768, [4, 14, 15, 19, 22, 33, 36, 39, 43])
(9769, [0, 9, 33])
(9770, [1, 2, 5, 9, 11, 12, 13, 15, 17, 24, 25, 26, 31, 33, 38, 41])
(9771, [1, 2, 3, 7, 9, 12, 16, 18, 19, 20, 21, 26, 30, 33, 37, 41, 42, 43, 44])
(9772, [0, 2, 8, 12, 15, 24, 28, 33, 36])
(9773, [1, 4, 23, 26, 31, 33])
(9774, [1, 2, 3, 11, 13, 15, 26, 33, 40, 44])
(9775, [33])
(9776, [33])
(9777, [1, 3, 4, 6, 9, 11, 33, 42, 43])
(9778, [3, 9, 33])
(9779, [0, 1, 3, 8, 13, 23, 33, 43])
(9780, [2, 19, 20, 25, 41])
(9781, [0, 1, 2, 4, 12, 14, 20, 36])
(9782, [2, 3, 19, 20, 22, 23, 40])
(9783, [20])
(9784, [0, 1, 2, 3, 5, 6, 9, 10, 12, 18, 20, 21, 23, 43])
(9785, [20])
(9786, [20])
(9787, [3, 20, 23, 31])
(9788, [20])
(9789, [1, 19, 20, 26])
(9790, [0, 2, 4, 9, 11, 14, 20])
(9791, [2, 12, 16, 20, 23, 30])
(9792, [7, 9, 17, 20, 30])
(9793, [20, 39])
(9794, [0, 1, 2, 17, 20])
(9795, [0, 4, 9, 17, 20, 31, 43])
(9796, [1, 3, 19, 20])
(9797, [20])
(9798, [2, 11, 16, 18, 20])
(9799, [6, 15, 18, 20, 31])
(9800, [0, 4, 7, 20, 41])
(9801, [12, 20, 24])
(9802, [0, 2, 3, 4, 9, 11, 12, 15, 20, 23, 27, 44])
(9803, [0, 3, 7, 18, 19, 20])
(9804, [20])
(9805, [1, 2, 3, 12, 20])
(9806, [20])
(9807, [12, 20, 21])
(9808, [20])
(9809, [20])
(9810, [3, 20])
(9811, [20])
(9812, [0, 3, 6, 9, 16, 20, 23, 24, 26, 27, 43])
(9813, [20])
(9814, [0, 20])
(9815, [20])
(9816, [18])
(9817, [1, 2, 3, 7, 18, 21, 24, 42])
(9818, [11, 18])
(9819, [18])
(9820, [18])
(9821, [9, 18, 19, 22, 29])
(9822, [1, 3, 11, 12, 13, 15, 18, 30, 42])
(9823, [18])
(9824, [18])
(9825, [1, 18])
(9826, [18])
(9827, [18])
(9828, [18])
(9829, [1, 3, 9, 12, 16, 17, 18, 21, 22, 23])
(9830, [18])
(9831, [2, 18, 23, 26, 43])
(9832, [18])
(9833, [18])
(9834, [18])
(9835, [18])
(9836, [18])
(9837, [18])
(9838, [18])
(9839, [18])
(9840, [18])
(9841, [18])
(9842, [18, 44])
(9843, [18])
(9844, [10, 14, 18, 24, 26])
(9845, [18, 23])
(9846, [18, 19])
(9847, [2, 18, 19])
(9848, [18, 23, 24])
(9849, [1, 2, 3, 4, 16, 17, 18, 19, 29, 31, 38])
(9850, [18, 19])
(9851, [18, 43, 44])
(9852, [18])
(9853, [18])
(9854, [1, 2, 3, 5, 8, 9, 12, 13, 14, 16, 17, 18, 19, 21, 22, 23, 30, 38, 39, 41, 43, 44])
(9855, [18])
(9856, [18, 21])
(9857, [1, 3, 8, 18, 19, 23, 30, 38])
(9858, [0, 1, 3, 11, 12, 15, 16, 18, 19, 21, 37, 38, 42])
(9859, [2, 18])
(9860, [6, 8, 18, 21])
(9861, [18, 37, 38])
(9862, [18])
(9863, [9, 17, 18, 23])
(9864, [18])
(9865, [18])
(9866, [3, 18])
(9867, [18])
(9868, [1, 2, 3, 15, 18, 19, 21, 23, 25, 26, 30, 31, 43])
(9869, [18])
(9870, [18])
(9871, [18])
(9872, [18, 29])
(9873, [18, 19, 29, 31])
(9874, [18])
(9875, [18])
(9876, [6, 18, 23])
(9877, [8, 18, 44])
(9878, [4, 11, 12, 18, 43])
(9879, [18])
(9880, [15, 18, 30, 37])
(9881, [18])
(9882, [11, 18, 28, 31])
(9883, [18])
(9884, [2, 12, 18])
(9885, [18])
(9886, [9, 14, 16, 17, 18, 43])
(9887, [6, 14, 18])
(9888, [18])
(9889, [18])
(9890, [18, 43])
(9891, [2, 6, 9, 11, 15, 16, 17, 18, 24, 26, 30, 31, 40, 41, 43])
(9892, [18])
(9893, [18])
(9894, [18])
(9895, [18])
(9896, [18])
(9897, [0, 18])
(9898, [18])
(9899, [18])
(9900, [14, 18])
(9901, [0, 3, 7, 12, 18, 40])
(9902, [12, 18])
(9903, [18])
(9904, [0, 12, 18, 23, 42, 43])
(9905, [18])
(9906, [0, 18, 23, 37, 43])
(9907, [1, 3, 18, 19, 21, 23])
(9908, [18])
(9909, [18])
(9910, [18])
(9911, [18])
(9912, [27])
(9913, [27])
(9914, [27])
(9915, [3, 12, 15, 27, 40])
(9916, [27])
(9917, [0, 2, 12, 16, 27])
(9918, [15, 27, 42])
(9919, [27])
(9920, [2, 9, 10, 39])
(9921, [9])
(9922, [0, 1, 3, 4, 9, 14, 15, 16, 19, 22, 23, 25, 42])
(9923, [9])
(9924, [9])
(9925, [2, 9, 11, 19, 41])
(9926, [9])
(9927, [3, 9, 26])
(9928, [2, 9, 44])
(9929, [3, 9, 44])
(9930, [1, 9, 12, 14, 16, 19, 23])
(9931, [9])
(9932, [9])
(9933, [9])
(9934, [9, 43])
(9935, [9])
(9936, [9])
(9937, [1, 2, 3, 9, 11, 16, 19, 21, 22, 26])
(9938, [9])
(9939, [0, 9, 12])
(9940, [9])
(9941, [9, 28, 30])
(9942, [9])
(9943, [9])
(9944, [9])
(9945, [9])
(9946, [9])
(9947, [9, 41])
(9948, [9])
(9949, [3, 9, 41])
(9950, [5, 9])
(9951, [9])
(9952, [9, 11, 41])
(9953, [1, 3, 4, 9, 42])
(9954, [9])
(9955, [9])
(9956, [1, 9])
(9957, [2, 3, 8, 9, 11, 12, 15, 43])
(9958, [9, 11, 22])
(9959, [0, 1, 3, 4, 9, 12, 21, 22, 23])
(9960, [9])
(9961, [9])
(9962, [9])
(9963, [9, 17])
(9964, [2, 9, 15])
(9965, [9])
(9966, [0, 2, 3, 9, 11, 26])
(9967, [9])
(9968, [1, 6, 9, 17, 28])
(9969, [8, 9, 23])
(9970, [9])
(9971, [9])
(9972, [9])
(9973, [9])
(9974, [0, 12])
(9975, [0, 4, 5, 11, 12, 19, 22, 36])
(9976, [0])
(9977, [0])
(9978, [0])
(9979, [0])
(9980, [0])
(9981, [0])
(9982, [0, 4, 22])
(9983, [0])
(9984, [0])
(9985, [0])
(9986, [0, 3, 12, 21])
(9987, [0, 2, 12, 28, 36, 37])
(9988, [0])
(9989, [0])
(9990, [0])
(9991, [0])
(9992, [0])
(9993, [0])
(9994, [0])
(9995, [0])
(9996, [0])
(9997, [0])
(9998, [0, 12, 36])
(9999, [0])
(10000, [0, 2, 3, 12, 13])
(10001, [0])
(10002, [0])
(10003, [0])
(10004, [0, 12])
(10005, [0, 41])
(10006, [0])
(10007, [0])
(10008, [0])
(10009, [0])
(10010, [0])
(10011, [0])
(10012, [0])
(10013, [0])
(10014, [0])
(10015, [0])
(10016, [0, 16, 40])
(10017, [0, 12])
(10018, [0])
(10019, [0])
(10020, [0])
(10021, [0])
(10022, [0])
(10023, [0])
(10024, [0])
(10025, [0, 12, 31])
(10026, [0])
(10027, [0])
(10028, [0])
(10029, [0])
(10030, [0])
(10031, [0])
(10032, [0])
(10033, [0])
(10034, [0])
(10035, [0])
(10036, [0])
(10037, [0, 2, 12, 17, 26, 31, 42, 43])
(10038, [0])
(10039, [0])
(10040, [0, 1, 2, 6, 19, 22, 26, 31])
(10041, [0])
(10042, [0])
(10043, [0])
(10044, [0])
(10045, [0, 3])
(10046, [0])
(10047, [0])
(10048, [0, 3, 16, 41])
(10049, [0])
(10050, [0])
(10051, [0, 1, 12, 16, 17, 24])
(10052, [0, 1, 2])
(10053, [0, 1, 2, 3, 38, 43])
(10054, [0, 12])
(10055, [0])
(10056, [0])
(10057, [0])
(10058, [0])
(10059, [0])
(10060, [0])
(10061, [0])
(10062, [0])
(10063, [0])
(10064, [0])
(10065, [0, 3, 6, 12])
(10066, [0, 1, 2, 12, 14])
(10067, [0])
(10068, [0])
(10069, [0, 12])
(10070, [0])
(10071, [0])
(10072, [0, 10, 12])
(10073, [0])
(10074, [0])
(10075, [0])
(10076, [0])
(10077, [0])
(10078, [0])
(10079, [0])
(10080, [0])
(10081, [0, 1, 26])
(10082, [0])
(10083, [0])
(10084, [0])
(10085, [0])
(10086, [0])
(10087, [0])
(10088, [0])
(10089, [0, 12])
(10090, [0])
(10091, [0])
(10092, [0])
(10093, [0])
(10094, [0])
(10095, [0])
(10096, [0])
(10097, [0])
(10098, [0, 2, 7, 8, 15, 19, 26, 41])
(10099, [0])
(10100, [0])
(10101, [0])
(10102, [0, 12])
(10103, [0])
(10104, [0, 3])
(10105, [0])
(10106, [0])
(10107, [0])
(10108, [0])
(10109, [0])
(10110, [0, 43])
(10111, [0])
(10112, [0, 3])
(10113, [0])
(10114, [0])
(10115, [0])
(10116, [0])
(10117, [0])
(10118, [0])
(10119, [0])
(10120, [0])
(10121, [0])
(10122, [0])
(10123, [0])
(10124, [0])
(10125, [0])
(10126, [0])
(10127, [0])
(10128, [0])
(10129, [0])
(10130, [0])
(10131, [0])
(10132, [0])
(10133, [0])
(10134, [0])
(10135, [0])
(10136, [0, 12, 19])
(10137, [0])
(10138, [0])
(10139, [0])
(10140, [0])
(10141, [0])
(10142, [0])
(10143, [0])
(10144, [0])
(10145, [0])
(10146, [0])
(10147, [0])
(10148, [0, 15, 19, 21, 44])
(10149, [0])
(10150, [0])
(10151, [0])
(10152, [0])
(10153, [0])
(10154, [0])
(10155, [0, 6, 19, 26])
(10156, [0])
(10157, [0])
(10158, [0])
(10159, [0])
(10160, [0])
(10161, [0])
(10162, [0])
(10163, [0])
(10164, [0])
(10165, [0, 23])
(10166, [0])
(10167, [0])
(10168, [0, 2])
(10169, [0])
(10170, [0])
(10171, [0])
(10172, [0])
(10173, [0, 1, 3])
(10174, [0])
(10175, [0])
(10176, [0])
(10177, [0])
(10178, [0])
(10179, [0])
(10180, [0])
(10181, [0])
(10182, [0])
(10183, [0])
(10184, [0])
(10185, [0])
(10186, [0])
(10187, [0])
(10188, [0])
(10189, [0])
(10190, [0])
(10191, [0])
(10192, [0])
(10193, [0, 12])
(10194, [0])
(10195, [0, 11, 15])
(10196, [0])
(10197, [0])
(10198, [0])
(10199, [0])
(10200, [0, 8])
(10201, [0])
(10202, [0])
(10203, [0, 8, 14, 30])
(10204, [0])
(10205, [0, 12])
(10206, [0])
(10207, [0])
(10208, [0])
(10209, [0])
(10210, [0])
(10211, [0])
(10212, [0])
(10213, [0])
(10214, [0])
(10215, [0])
(10216, [0])
(10217, [0])
(10218, [0])
(10219, [0])
(10220, [0])
(10221, [0, 3, 30, 44])
(10222, [0])
(10223, [0])
(10224, [0, 1, 38])
(10225, [0])
(10226, [0])
(10227, [0])
(10228, [0])
(10229, [0])
(10230, [0])
(10231, [0])
(10232, [0])
(10233, [0])
(10234, [0])
(10235, [0])
(10236, [0])
(10237, [0])
(10238, [0])
(10239, [0])
(10240, [0])
(10241, [0])
(10242, [0])
(10243, [0])
(10244, [0])
(10245, [0])
(10246, [0])
(10247, [0])
(10248, [0, 14, 17, 19, 40])
(10249, [0])
(10250, [0])
(10251, [0])
(10252, [0])
(10253, [0])
(10254, [0])
(10255, [0])
(10256, [0])
(10257, [11, 22])
(10258, [11])
(10259, [11])
(10260, [2, 11, 23, 43, 44])
(10261, [2, 11, 12, 17, 21, 44])
(10262, [1, 3, 4, 11, 17, 21, 22])
(10263, [11, 19, 22])
(10264, [2, 3, 11, 30, 44])
(10265, [1, 3, 7, 11])
(10266, [11])
(10267, [3, 7, 11, 21, 23])
(10268, [11, 23])
(10269, [11])
(10270, [8, 11, 12, 19, 21, 24])
(10271, [11])
(10272, [2, 11, 12, 26])
(10273, [11])
(10274, [1, 5, 11, 15, 19, 31])
(10275, [11, 31])
(10276, [1, 2, 3, 7, 11, 44])
(10277, [6, 11, 22])
(10278, [1, 2, 3, 7, 11, 17, 21, 30, 41, 44])
(10279, [11])
(10280, [11, 19, 23, 31, 41, 43])
(10281, [2, 11])
(10282, [11])
(10283, [11, 15, 24, 28, 43, 44])
(10284, [3, 7, 19])
(10285, [3, 7])
(10286, [7])
(10287, [7])
(10288, [7])
(10289, [7])
(10290, [1, 7])
(10291, [7])
(10292, [3, 7, 12])
(10293, [7])
(10294, [29])
(10295, [29])
(10296, [29])
(10297, [29])
(10298, [16])
(10299, [16])
(10300, [2, 14, 16, 17, 19, 40, 43])
(10301, [16])
(10302, [16])
(10303, [16])
(10304, [16, 23])
(10305, [16])
(10306, [16])
(10307, [1, 2, 3, 16, 22])
(10308, [16])
(10309, [16])
(10310, [16, 19])
(10311, [16, 23])
(10312, [10, 16])
(10313, [16])
(10314, [16])
(10315, [3, 39, 42])
(10316, [2, 4, 12, 30, 31, 41, 42])
(10317, [42])
(10318, [6])
(10319, [6])
(10320, [6, 23])
(10321, [6])
(10322, [6])
(10323, [6])
(10324, [6])
(10325, [2, 6, 8, 26, 44])
(10326, [1, 2, 3, 6, 10, 12, 15, 19, 21, 23, 24, 26, 41, 43])
(10327, [6])
(10328, [3, 6, 8])
(10329, [6])
(10330, [6, 23])
(10331, [12, 14, 28])
(10332, [21, 28])
(10333, [28])
(10334, [17])
(10335, [2, 3, 17])
(10336, [2, 17])
(10337, [2, 3, 17, 26])
(10338, [17, 23, 24, 26])
(10339, [17])
(10340, [1, 3, 4, 12, 17, 19, 21, 26, 40, 44])
(10341, [17])
(10342, [14, 17])
(10343, [17])
(10344, [17])
(10345, [17])
(10346, [4, 10, 12, 17, 22])
(10347, [12, 17])
(10348, [17])
(10349, [1])
(10350, [1, 2, 3, 4, 19, 21, 24, 40, 44])
(10351, [1])
(10352, [1, 3, 19, 21, 24])
(10353, [1])
(10354, [1, 2, 3])
(10355, [1, 5, 8, 25, 44])
(10356, [1, 13, 21, 26, 31, 36])
(10357, [1])
(10358, [1, 3, 12, 21])
(10359, [1, 22])
(10360, [1, 26, 30])
(10361, [1])
(10362, [1])
(10363, [1])
(10364, [1, 12])
(10365, [1])
(10366, [1])
(10367, [1])
(10368, [1, 12])
(10369, [1])
(10370, [1])
(10371, [1])
(10372, [1])
(10373, [1])
(10374, [1])
(10375, [1, 3, 40])
(10376, [1, 3])
(10377, [1])
(10378, [10])
(10379, [10])
(10380, [10])
(10381, [10])
(10382, [10])
(10383, [10])
(10384, [10])
(10385, [10])
(10386, [10])
(10387, [10])
(10388, [10])
(10389, [10])
(10390, [10])
(10391, [19])
(10392, [19])
(10393, [19])
(10394, [19])
(10395, [12, 19])
(10396, [2, 19, 41])
(10397, [19])
(10398, [19])
(10399, [19])
(10400, [19, 22, 36])
(10401, [3, 19, 44])
(10402, [19])
(10403, [19])
(10404, [2, 19])
(10405, [19])
(10406, [2, 19])
(10407, [3, 14, 19, 24, 26, 36, 44])
(10408, [19])
(10409, [19, 30])
(10410, [8, 12, 19, 23, 30])
(10411, [19])
(10412, [19])
(10413, [19])
(10414, [19])
(10415, [19])
(10416, [19, 44])
(10417, [19])
(10418, [19])
(10419, [3, 12, 19, 21])
(10420, [2, 19])
(10421, [26])
(10422, [26])
(10423, [2, 26])
(10424, [26])
(10425, [2, 26])
(10426, [26])
(10427, [26])
(10428, [26])
(10429, [26])
(10430, [12, 26])
(10431, [26])
(10432, [26])
(10433, [26, 41, 43])
(10434, [26])
(10435, [12, 26])
(10436, [26])
(10437, [26])
(10438, [26])
(10439, [26])
(10440, [26])
(10441, [8])
(10442, [8])
(10443, [8])
(10444, [8, 15])
(10445, [8])
(10446, [8])
(10447, [8])
(10448, [8])
(10449, [8])
(10450, [8])
(10451, [8])
(10452, [8])
(10453, [8, 44])
(10454, [8])
(10455, [21])
(10456, [21])
(10457, [21])
(10458, [21])
(10459, [21])
(10460, [21])
(10461, [21])
(10462, [21])
(10463, [21])
(10464, [21, 22])
(10465, [21])
(10466, [21])
(10467, [12, 21])
(10468, [2, 3, 21, 22, 37, 39])
(10469, [21])
(10470, [21])
(10471, [21])
(10472, [21])
(10473, [21])
(10474, [21])
(10475, [21])
(10476, [21])
(10477, [21])
(10478, [21])
(10479, [3, 21])
(10480, [21])
(10481, [12, 21])
(10482, [14, 21, 31])
(10483, [21])
(10484, [21])
(10485, [21])
(10486, [21])
(10487, [3, 21])
(10488, [21])
(10489, [44])
(10490, [24, 44])
(10491, [44])
(10492, [3, 40, 44])
(10493, [44])
(10494, [2, 3, 41, 44])
(10495, [44])
(10496, [44])
(10497, [41, 44])
(10498, [14, 43, 44])
(10499, [44])
(10500, [24, 41, 44])
(10501, [43])
(10502, [43])
(10503, [43])
(10504, [43])
(10505, [43])
(10506, [23, 43])
(10507, [43])
(10508, [43])
(10509, [43])
(10510, [43])
(10511, [43])
(10512, [43])
(10513, [43])
(10514, [43])
(10515, [43])
(10516, [43])
(10517, [43])
(10518, [43])
(10519, [43])
(10520, [43])
(10521, [43])
(10522, [43])
(10523, [36])
(10524, [36])
(10525, [36])
(10526, [36])
(10527, [14, 36])
(10528, [36])
(10529, [36])
(10530, [36])
(10531, [36])
(10532, [36])
(10533, [36])
(10534, [36])
(10535, [36])
(10536, [36])
(10537, [36])
(10538, [36])
(10539, [36])
(10540, [36])
(10541, [36])
(10542, [36])
(10543, [36])
(10544, [36])
(10545, [36])
(10546, [36])
(10547, [36])
(10548, [36])
(10549, [36])
(10550, [31])
(10551, [31])
(10552, [30, 31])
(10553, [31])
(10554, [31])
(10555, [31])
(10556, [31])
(10557, [12, 30, 31])
(10558, [31])
(10559, [31])
(10560, [31])
(10561, [31])
(10562, [31])
(10563, [30])
(10564, [30])
(10565, [30])
(10566, [30])
(10567, [30])
(10568, [3, 30, 41])
(10569, [30, 41])
(10570, [30])
(10571, [30])
(10572, [30])
(10573, [14, 30])
(10574, [22, 30])
(10575, [23, 37])
(10576, [37])
(10577, [37])
(10578, [39])
(10579, [39])
(10580, [39])
(10581, [39])
(10582, [3, 39])
(10583, [39])
(10584, [41])
(10585, [41])
(10586, [41])
(10587, [41])
(10588, [41])
(10589, [15, 41])
(10590, [41])
(10591, [41])
(10592, [41])
(10593, [41])
(10594, [41])
(10595, [41])
(10596, [41])
(10597, [41])
(10598, [41])
(10599, [41])
(10600, [41])
(10601, [41])
(10602, [41])
(10603, [41])
(10604, [41])
(10605, [2, 4, 14, 15, 41])
(10606, [14, 24])
(10607, [24])
(10608, [24])
(10609, [24])
(10610, [24])
(10611, [24])
(10612, [24])
(10613, [24])
(10614, [23])
(10615, [23])
(10616, [23])
(10617, [23])
(10618, [23])
(10619, [23])
(10620, [23])
(10621, [23])
(10622, [23])
(10623, [5, 23])
(10624, [23])
(10625, [23])
(10626, [23])
(10627, [23])
(10628, [23])
(10629, [23])
(10630, [23])
(10631, [23])
(10632, [23])
(10633, [23])
(10634, [23])
(10635, [23])
(10636, [23])
(10637, [23])
(10638, [23])
(10639, [23])
(10640, [23])
(10641, [23])
(10642, [23])
(10643, [23])
(10644, [23])
(10645, [23])
(10646, [23])
(10647, [23])
(10648, [23])
(10649, [23])
(10650, [23])
(10651, [23])
(10652, [23])
(10653, [23])
(10654, [2, 23])
(10655, [23])
(10656, [23])
(10657, [23])
(10658, [23])
(10659, [23])
(10660, [2, 3, 4, 23])
(10661, [23])
(10662, [23])
(10663, [23])
(10664, [23])
(10665, [23])
(10666, [23])
(10667, [23])
(10668, [23])
(10669, [23])
(10670, [23])
(10671, [23])
(10672, [4])
(10673, [4, 14])
(10674, [4])
(10675, [2, 4])
(10676, [4])
(10677, [4])
(10678, [4])
(10679, [4])
(10680, [4])
(10681, [4])
(10682, [4])
(10683, [4])
(10684, [4])
(10685, [4])
(10686, [2, 4])
(10687, [4])
(10688, [4])
(10689, [4])
(10690, [4])
(10691, [15])
(10692, [15])
(10693, [15])
(10694, [15])
(10695, [15])
(10696, [15])
(10697, [15])
(10698, [15])
(10699, [15])
(10700, [3])
(10701, [3])
(10702, [3])
(10703, [3])
(10704, [3])
(10705, [3])
(10706, [3])
(10707, [3])
(10708, [3])
(10709, [3])
(10710, [3])
(10711, [3])
(10712, [3])
(10713, [3])
(10714, [3])
(10715, [3])
(10716, [3])
(10717, [3])
(10718, [3])
(10719, [2, 3])
(10720, [3])
(10721, [3])
(10722, [3])
(10723, [3])
(10724, [3])
(10725, [3])
(10726, [12])
(10727, [12])
(10728, [12])
(10729, [12])
(10730, [12])
(10731, [12])
(10732, [12])
(10733, [12])
(10734, [12])
(10735, [12])
(10736, [12])
(10737, [12])
(10738, [12])
(10739, [12])
(10740, [12])
(10741, [12])
(10742, [12])
(10743, [12])
(10744, [12])
(10745, [12])
(10746, [12])
(10747, [12])
(10748, [12])
(10749, [12])
(10750, [12])
(10751, [12])
(10752, [12])
(10753, [12])
(10754, [12])
(10755, [12])
(10756, [12])
(10757, [12])
(10758, [12])
(10759, [12])
(10760, [12])
(10761, [12])
(10762, [12])
(10763, [12])
(10764, [12])
(10765, [2, 12, 14])
(10766, [12])
(10767, [12])
(10768, [12])
(10769, [12])
(10770, [12])
(10771, [12])
(10772, [12])
(10773, [12])
(10774, [12])
(10775, [12])
(10776, [12])
(10777, [12])
(10778, [12])
(10779, [12])
(10780, [12])
(10781, [12])
(10782, [12])
(10783, [12])
(10784, [12])
(10785, [12])
(10786, [12])
(10787, [12])
(10788, [12])
(10789, [12])
(10790, [12])
(10791, [12])
(10792, [12])
(10793, [12])
(10794, [12])
(10795, [12])
(10796, [12])
(10797, [12])
(10798, [12])
(10799, [12])
(10800, [12])
(10801, [12])
(10802, [12])
(10803, [12])
(10804, [40])
(10805, [40])
(10806, [40])
(10807, [40])
(10808, [40])
(10809, [40])
(10810, [2])
(10811, [2])
(10812, [2])
(10813, [2])
(10814, [2])
(10815, [2])
(10816, [2])
(10817, [2])
(10818, [2])
(10819, [2])
(10820, [2])
(10821, [2])
(10822, [2])
(10823, [2])
(10824, [2])
(10825, [2, 14])
(10826, [2])
(10827, [2])
(10828, [2])
(10829, [2])
(10830, [2])
(10831, [2])
(10832, [2])
(10833, [2])
(10834, [2])
(10835, [2])
(10836, [2])
(10837, [2])
(10838, [2])
(10839, [2])
(10840, [2])
(10841, [2])
(10842, [2])
(10843, [2, 14])
(10844, [2])
(10845, [2])
(10846, [2])
(10847, [2])
(10848, [2])
(10849, [2])
(10850, [2])
(10851, [2])
(10852, [2])
(10853, [2])
(10854, [2])
(10855, [2])
(10856, [2])
(10857, [2])
(10858, [2])
(10859, [2])
(10860, [2])
(10861, [2])
(10862, [2])
(10863, [2])
(10864, [2])
(10865, [2])
(10866, [2])
(10867, [2])
(10868, [2])
(10869, [2])
(10870, [2])
(10871, [2])
(10872, [2])
(10873, [2])
(10874, [2])
(10875, [2, 14])
(10876, [2])
(10877, [2])
(10878, [2])
(10879, [2])
(10880, [2])
(10881, [2])
(10882, [2])
(10883, [2])
(10884, [2])
(10885, [2])
(10886, [2])
(10887, [2])
(10888, [2])
(10889, [2])
(10890, [2])
(10891, [2])
(10892, [2])
(10893, [2])
(10894, [2])
(10895, [2])
(10896, [13])
(10897, [13])
(10898, [5])
(10899, [5])
(10900, [5])
(10901, [5])
(10902, [5])
(10903, [5])
(10904, [5])
(10905, [5])
(10906, [5])
(10907, [5])
(10908, [5])
(10909, [5])
(10910, [5])
(10911, [14])
(10912, [14])
(10913, [14])
(10914, [14])
(10915, [14])
(10916, [14])
(10917, [14])
(10918, [14])
(10919, [14])
(10920, [14])
(10921, [14])
(10922, [14])
(10923, [14])
(10924, [14])
(10925, [14])
(10926, [14])
(10927, [14])
(10928, [14])
(10929, [14])
(10930, [22])
(10931, [22])
(10932, [22])
(10933, [22])
(10934, [22])
(10935, [22])
(10936, [22])
