(68560, [32, 35, 34, 33, 20, 18, 27, 9, 0, 11, 7, 29, 16, 42, 6, 28, 17, 1, 10, 19, 26, 8, 21, 44, 43, 38, 36, 31, 30, 37, 39, 41, 24, 23, 4, 15, 3, 12, 40, 2, 13, 5, 14, 22, 25])
(68561, [32, 35, 34, 33, 20, 18, 27, 9, 0, 11, 7, 29, 16, 42, 6, 28, 1, 10, 19, 26, 8, 21, 44, 43, 38, 36, 31, 30, 37, 39, 41, 24, 23, 4, 3, 12, 40, 2, 13, 5, 14, 22, 25])
(68562, [32, 22])
(68563, [32, 17, 22])
(68564, [32, 18, 0, 11, 7, 17, 1, 10, 31, 30, 3])
(68565, [32, 35, 9, 0, 6, 17, 1, 21, 44, 43, 39, 12, 2])
(68566, [32, 35, 34, 33, 20, 18, 27, 9, 0, 11, 7, 29, 16, 42, 6, 28, 17, 1, 10, 19, 26, 8, 21, 44, 43, 38, 36, 31, 30, 37, 39, 41, 24, 23, 4, 15, 3, 12, 40, 2, 13, 5, 14, 22, 25])
(68567, [32, 35, 34, 33, 20, 18, 27, 9, 0, 11, 7, 29, 16, 42, 6, 28, 17, 1, 10, 19, 26, 8, 21, 44, 43, 38, 36, 31, 30, 37, 39, 41, 24, 23, 4, 15, 3, 12, 40, 2, 13, 5, 14, 22, 25])
(68568, [32, 35, 34, 33, 20, 18, 27, 9, 0, 11, 7, 29, 16, 42, 6, 28, 17, 1, 10, 19, 26, 8, 21, 44, 43, 38, 36, 31, 30, 37, 39, 41, 24, 23, 4, 15, 3, 12, 40, 2, 13, 5, 14, 22, 25])
(68569, [32, 35, 34, 33, 20, 18, 27, 9, 0, 11, 7, 29, 16, 42, 6, 28, 17, 1, 10, 19, 26, 8, 21, 44, 43, 38, 36, 31, 30, 37, 39, 41, 24, 23, 4, 15, 3, 12, 40, 2, 13, 5, 14, 22, 25])
(68570, [32, 34, 6, 1, 19, 26, 21, 31, 30, 23, 3])
(68571, [32, 35, 34, 33, 9, 11, 7, 16, 28, 1, 19, 21, 44, 36, 30, 4, 3, 12, 2])
(68572, [32, 35, 34, 33, 20, 18, 27, 9, 11, 7, 16, 6, 17, 1, 19, 26, 8, 21, 44, 36, 31, 30, 41, 24, 23, 15, 3, 12, 13, 5, 22])
(68573, [32, 7, 1, 39, 23, 4, 15, 40, 2])
(68574, [32, 35, 34, 33, 18, 9, 0, 11, 7, 16, 42, 28, 17, 1, 19, 26, 44, 43, 38, 36, 30, 39, 41, 24, 4, 15, 3, 12, 40, 2, 13, 14, 25])
(68575, [32, 33, 9, 11, 28, 1, 19, 26, 44, 30, 23, 4, 15, 3, 2])
(68576, [32, 18, 9, 0, 11, 6, 19, 26, 43, 30, 41, 23, 4, 15, 12, 2, 13, 22])
(68577, [32, 35, 34, 33, 20, 18, 9, 0, 11, 7, 16, 42, 6, 28, 17, 1, 19, 26, 21, 44, 43, 31, 30, 39, 41, 24, 4, 15, 12, 40, 2, 13, 14, 22])
(68578, [32, 34, 33, 20, 18, 1, 19, 31, 30, 39, 41, 4, 3, 2, 14])
(68579, [32, 34, 33, 9, 11, 6, 28, 44, 31, 30, 41, 4, 15, 2, 13])
(68580, [32, 35, 34, 33, 20, 27, 9, 0, 11, 7, 16, 42, 6, 17, 1, 10, 19, 26, 8, 21, 44, 43, 38, 31, 30, 37, 39, 41, 24, 23, 4, 15, 3, 12, 2, 5, 14, 25])
(68581, [32, 35, 34, 33, 20, 18, 27, 9, 0, 11, 7, 29, 16, 42, 6, 28, 17, 1, 10, 19, 26, 8, 21, 44, 43, 38, 36, 31, 30, 37, 39, 41, 24, 23, 4, 15, 3, 12, 40, 2, 13, 5, 14, 22, 25])
(68582, [32, 35, 34, 33, 18, 27, 9, 11, 6, 1, 26, 8, 43, 31, 30, 41, 24, 23, 4, 15, 3, 12, 40, 2, 13, 14])
(68583, [32, 35, 34, 33, 20, 18, 27, 9, 0, 11, 7, 29, 16, 42, 6, 28, 17, 1, 10, 19, 26, 8, 21, 44, 43, 38, 36, 31, 30, 37, 39, 41, 24, 23, 4, 15, 3, 12, 40, 2, 13, 5, 14, 22])
(68584, [32, 35, 34, 33, 20, 18, 9, 0, 11, 7, 16, 6, 17, 1, 10, 26, 8, 21, 44, 43, 38, 31, 30, 37, 39, 41, 24, 23, 4, 15, 3, 12, 40, 2, 5, 22])
(68585, [32, 34, 9, 0, 7, 1, 44, 31, 30, 41, 12, 2, 22])
(68586, [32, 33, 18, 0, 11, 1, 19, 43, 31, 30, 23, 15, 3, 12, 22])
(68587, [32, 35, 34, 33, 18, 11, 16, 6, 17, 1, 19, 26, 21, 44, 43, 31, 30, 23, 4, 15, 3, 2, 13, 14, 25])
(68588, [32, 9, 16, 17, 19, 26, 43, 31, 24, 15, 2])
(68589, [32, 35, 34, 33, 20, 18, 27, 9, 0, 11, 7, 29, 16, 42, 6, 28, 17, 1, 10, 19, 26, 8, 21, 44, 43, 38, 31, 30, 37, 41, 24, 23, 4, 15, 3, 12, 40, 2, 13, 5, 14, 25])
(68590, [32, 34, 33, 20, 18, 9, 0, 11, 7, 29, 6, 1, 19, 26, 21, 44, 43, 31, 30, 39, 23, 4, 15, 3, 22])
(68591, [32, 34, 33, 20, 18, 9, 7, 16, 6, 1, 10, 19, 26, 8, 21, 44, 43, 36, 31, 30, 41, 24, 4, 15, 3, 12, 40, 2, 13, 5])
(68592, [32, 34, 33, 18, 9, 0, 11, 7, 6, 17, 1, 10, 19, 26, 21, 44, 43, 31, 30, 37, 39, 41, 23, 4, 15, 3, 12, 2, 13, 14, 22])
(68593, [32, 35, 34, 33, 20, 18, 27, 9, 0, 11, 7, 29, 16, 17, 1, 19, 26, 8, 21, 44, 43, 31, 30, 37, 41, 24, 23, 4, 15, 3, 12, 2, 13, 5, 22])
(68594, [32, 41])
(68595, [32, 35, 34, 20, 18, 27, 9, 0, 11, 7, 16, 42, 6, 28, 1, 10, 19, 8, 21, 44, 43, 38, 31, 30, 37, 39, 41, 23, 4, 15, 3, 12, 40, 2, 5, 22])
(68596, [32, 11, 6, 1, 19, 44, 43, 31, 4, 15, 3])
(68597, [32, 35, 33, 20, 18, 9, 0, 11, 7, 16, 42, 6, 28, 17, 1, 19, 8, 44, 43, 31, 30, 41, 23, 4, 15, 3, 12, 40, 2, 13, 5, 22])
(68598, [32, 33, 20, 11, 29, 16, 19, 26, 30, 4, 3])
(68599, [32, 18, 9, 28, 17, 1, 39, 40, 2, 13])
(68600, [32, 35, 18, 9, 0, 11, 42, 6, 17, 10, 19, 26, 44, 43, 31, 37, 41, 23, 15, 3, 12, 2, 14, 22])
(68601, [32, 33, 18, 11, 6, 31, 30, 3, 13])
(68602, [32, 33, 0, 1, 4, 2])
(68603, [32, 33, 23])
(68604, [32, 11, 7, 17, 1, 26, 21, 44, 38, 15, 3, 12, 2, 13, 14])
(68605, [32, 33, 1, 19, 30, 3, 2])
(68606, [32, 18, 9, 0, 42, 6, 1, 10, 19, 26, 8, 21, 44, 30, 23, 3, 12, 2, 22])
(68607, [32, 35, 34, 33, 20, 18, 27, 9, 0, 11, 7, 29, 16, 42, 6, 28, 17, 1, 10, 19, 26, 8, 21, 44, 43, 38, 36, 31, 30, 37, 39, 41, 24, 23, 4, 15, 3, 12, 40, 2, 13, 5, 14, 22, 25])
(68608, [32, 31])
(68609, [32, 33, 0, 6, 1, 44, 31, 30, 23, 15, 22])
(68610, [32, 34])
(68611, [32, 34, 18, 0, 6, 1, 19, 21, 44, 31, 39, 23, 3, 12, 2, 22])
(68612, [32, 41, 2])
(68613, [32, 35, 34, 20, 18, 9, 0, 16, 42, 6, 1, 19, 8, 21, 44, 43, 30, 37, 39, 23, 4, 15, 3, 12, 5])
(68614, [32, 34, 33, 20, 18, 9, 0, 11, 7, 16, 42, 6, 28, 1, 19, 26, 8, 21, 44, 36, 31, 30, 39, 24, 23, 4, 15, 3, 12, 40, 2, 13, 22, 25])
(68615, [32, 34, 33, 20, 18, 27, 9, 0, 11, 7, 16, 42, 28, 17, 1, 10, 19, 26, 8, 21, 44, 43, 36, 31, 30, 37, 39, 41, 24, 23, 4, 15, 3, 12, 2, 5, 14])
(68616, [32, 33, 20, 18, 9, 0, 1, 19, 21, 43, 23, 3, 12, 22])
(68617, [32, 35, 34, 33, 9, 0, 11, 7, 16, 17, 1, 19, 8, 21, 44, 31, 30, 39, 41, 23, 15, 3, 12, 2, 13, 5, 22])
(68618, [32, 34, 33, 9, 6, 1, 10, 19, 44, 43, 31, 30, 37, 24, 23, 4, 15, 3, 12, 2, 14])
(68619, [32, 34, 33, 18, 9, 0, 11, 7, 42, 6, 17, 1, 19, 26, 21, 44, 43, 38, 31, 30, 41, 24, 23, 4, 15, 3, 2, 13, 14, 25])
(68620, [32, 35, 34, 33, 20, 18, 9, 0, 7, 16, 6, 1, 10, 19, 26, 21, 44, 43, 31, 30, 37, 41, 24, 23, 4, 15, 3, 12, 40, 2, 13, 5, 22])
(68621, [32, 35, 34, 33, 18, 9, 0, 11, 16, 28, 17, 26, 43, 36, 31, 30, 37, 39, 41, 24, 23, 4, 15, 12, 40, 2, 13, 14])
(68622, [32, 0, 2])
(68623, [32])
(68624, [32, 34, 33, 20, 18, 27, 9, 0, 11, 16, 42, 6, 17, 1, 19, 26, 44, 43, 36, 31, 30, 39, 24, 23, 4, 15, 3, 12, 2, 14])
(68625, [32, 34, 0, 11, 8, 31, 30, 41, 4, 12, 2, 13])
(68626, [32, 33, 9, 0, 11, 1, 31, 30, 3, 2])
(68627, [32, 16, 42, 1, 43, 31, 4, 3])
(68628, [32, 35, 34, 33, 20, 18, 9, 0, 11, 7, 28, 17, 1, 19, 8, 44, 43, 38, 31, 30, 37, 41, 23, 4, 3, 12, 2, 13, 5])
(68629, [32, 31, 30, 15])
(68630, [32, 35, 20, 9, 0, 7, 42, 6, 1, 8, 43, 31, 24, 23, 15, 3, 12, 5])
(68631, [32, 11, 7, 17, 1, 44, 37, 3, 12, 2])
(68632, [32, 18, 0, 42, 6, 1, 21, 43, 30, 37, 39, 23, 4, 15, 3, 12])
(68633, [32])
(68634, [32, 9, 11, 1, 8, 23, 22])
(68635, [32, 35, 34, 33, 20, 18, 27, 9, 0, 11, 7, 16, 6, 17, 1, 19, 26, 8, 21, 44, 43, 38, 31, 30, 41, 24, 23, 4, 15, 3, 12, 40, 2, 13, 5, 14])
(68636, [32, 35, 34, 20, 9, 11, 7, 6, 10, 19, 26, 8, 44, 43, 31, 37, 39, 41, 23, 4, 15, 3, 2, 13, 5, 14])
(68637, [32, 33, 11, 42, 17, 1, 19, 26, 21, 44, 30, 41, 24, 15, 3, 2])
(68638, [32, 34, 33, 20, 18, 27, 9, 11, 7, 29, 16, 42, 6, 1, 26, 44, 43, 31, 30, 41, 24, 15, 3, 12, 40, 2, 13])
(68639, [32, 33, 30])
(68640, [32, 33, 11, 6, 28, 8, 36, 30, 23, 15, 12, 2])
(68641, [32])
(68642, [32, 35, 34, 20, 9, 0, 11, 6, 28, 17, 1, 19, 21, 44, 31, 30, 37, 39, 23, 15, 3, 2, 5])
(68643, [32, 35, 34, 20, 27, 9, 11, 7, 16, 6, 17, 1, 19, 26, 44, 43, 36, 30, 24, 23, 4, 15, 12, 40, 2, 13, 14])
(68644, [32, 12])
(68645, [32, 35, 34, 33, 20, 18, 9, 0, 11, 7, 29, 16, 6, 28, 17, 1, 19, 26, 8, 44, 43, 36, 31, 37, 23, 4, 3, 12, 40, 2, 5, 14, 22])
(68646, [32, 11, 1, 19, 15, 3, 12])
(68647, [32, 18])
(68648, [32, 20, 9, 11, 7, 42, 1, 19, 21, 44, 43, 41, 23, 3, 2])
(68649, [32])
(68650, [32, 26])
(68651, [32, 34, 20, 18, 27, 0, 11, 7, 29, 42, 6, 17, 1, 10, 19, 26, 21, 44, 43, 38, 31, 30, 39, 24, 23, 4, 15, 3, 12, 40, 2, 5, 25])
(68652, [32, 35, 34, 33, 18, 0, 11, 7, 6, 28, 1, 19, 26, 43, 30, 41, 23, 4, 15, 3, 2, 14])
(68653, [32, 35, 34, 33, 18, 9, 29, 16, 6, 17, 1, 19, 26, 8, 21, 44, 43, 38, 31, 30, 24, 4, 15, 3, 12, 2, 5, 22])
(68654, [32, 35, 20, 18, 27, 9, 0, 7, 16, 42, 6, 1, 19, 8, 21, 44, 38, 36, 30, 41, 23, 4, 15, 3, 12, 40, 2, 5, 14, 22])
(68655, [32, 34, 33, 20, 18, 11, 7, 42, 1, 19, 21, 44, 43, 38, 31, 30, 24, 4, 15, 3, 12, 40, 13, 22])
(68656, [32, 35, 34, 18, 9, 0, 7, 29, 16, 6, 17, 1, 19, 8, 44, 38, 31, 30, 39, 23, 4, 3, 12, 40, 2, 22])
(68657, [32, 34, 33, 0, 7, 6, 19, 26, 44, 31, 4, 3, 12])
(68658, [32, 18, 1, 30, 39, 3, 12])
(68659, [32, 34, 33, 20, 0, 6, 28, 1, 8, 21, 44, 38, 31, 41, 24, 23, 15, 3, 12])
(68660, [32, 9, 19, 31, 30, 4])
(68661, [32, 34, 19, 31])
(68662, [32, 24])
(68663, [32, 34, 18, 9, 6, 1, 21, 30, 2])
(68664, [32, 18, 0, 11, 1, 19, 30, 23, 4, 12, 2])
(68665, [32, 34, 33, 20, 18, 9, 0, 11, 7, 16, 42, 1, 10, 19, 8, 44, 43, 31, 30, 37, 39, 41, 23, 4, 15, 3, 12, 2, 13, 5])
(68666, [32, 11, 30, 23])
(68667, [32, 34, 9, 11, 17, 1, 10, 19, 26, 31, 30, 41, 15, 3, 12, 40, 2, 13, 14])
(68668, [32])
(68669, [32, 9, 0, 11, 1, 19, 21, 43, 31, 41, 15, 3, 12, 2, 14])
(68670, [32, 34, 33, 11, 6, 17, 1, 30, 4, 3])
(68671, [32, 20, 11, 6, 17, 1, 26, 44, 43, 30, 15, 3, 2, 22])
(68672, [32, 0, 43, 15, 12])
(68673, [32, 34, 20, 9, 0, 6, 1, 8, 44, 31, 37, 41, 24, 4, 15, 3, 12, 40, 2])
(68674, [32, 34, 33, 0, 11, 7, 6, 1, 19, 39, 23, 3, 12, 2, 14])
(68675, [32, 19, 44, 43, 30, 41, 3])
(68676, [32, 9, 11, 1, 26, 30, 23, 3, 2])
(68677, [32])
(68678, [32, 33, 20, 0, 11, 7, 16, 1, 19, 26, 8, 21, 23, 4, 15, 3, 12, 2])
(68679, [32, 9, 30])
(68680, [35, 34, 33, 20, 18, 27, 9, 0, 11, 7, 29, 16, 42, 6, 28, 1, 19, 8, 44, 43, 38, 36, 31, 30, 37, 39, 41, 24, 23, 4, 3, 12, 40, 2, 13, 5, 14, 22, 25])
(68681, [35, 28, 37])
(68682, [35, 33, 18, 0, 7, 1, 44, 38, 31, 4, 3, 13, 22])
(68683, [35, 34, 20, 18, 9, 0, 7, 16, 42, 6, 1, 10, 19, 44, 43, 38, 31, 37, 15, 3, 12, 2, 22])
(68684, [35, 20, 18, 8, 23, 2])
(68685, [35, 1, 2, 22])
(68686, [35, 9, 11, 7, 21, 4])
(68687, [35])
(68688, [35])
(68689, [35, 9, 37, 2])
(68690, [35, 18, 0, 11, 1, 10, 44, 43, 31, 24, 23, 4, 15, 3, 12, 5])
(68691, [35, 16, 8, 31, 12, 13])
(68692, [35, 1, 21, 3])
(68693, [35, 34, 33, 18, 0, 16, 42, 6, 1, 8, 43, 31, 30, 41, 24, 23, 4, 15, 3, 12])
(68694, [35])
(68695, [35])
(68696, [35])
(68697, [35, 33, 20, 9, 0, 7, 16, 42, 6, 28, 1, 19, 8, 21, 44, 31, 39, 41, 23, 15, 3, 12, 40, 2])
(68698, [35, 26, 24, 23, 15])
(68699, [35])
(68700, [35])
(68701, [35, 11, 19, 26, 44, 41, 2])
(68702, [35, 0, 17, 40, 2])
(68703, [35, 33, 20, 18, 9, 0, 17, 1, 43, 31, 23, 15, 3])
(68704, [35])
(68705, [35])
(68706, [35, 34, 33, 20, 9, 0, 42, 28, 17, 1, 19, 21, 43, 41, 24, 23, 4, 15, 3, 12, 40, 2])
(68707, [35, 34, 20, 17, 1, 19, 43, 24, 3, 40, 14, 22])
(68708, [35])
(68709, [35, 33, 18, 9, 17, 1, 19, 8, 21, 44, 31, 23, 15, 3, 40])
(68710, [34])
(68711, [34, 9, 0, 11, 17, 26, 8, 44, 43, 23, 3, 40, 2, 14])
(68712, [34, 33, 18, 29, 26, 44, 43, 31, 30, 23, 15, 3, 2, 22])
(68713, [34, 9, 31, 15, 5, 14])
(68714, [34, 18, 9, 17, 44, 41, 15])
(68715, [34, 9, 26, 41])
(68716, [34, 44, 4, 15, 12])
(68717, [34, 0, 11, 7, 19, 26, 44, 43, 39, 41, 24, 15, 3, 2])
(68718, [34, 9, 0, 1, 19, 21, 44, 43, 30, 41, 3, 2])
(68719, [34, 33, 20, 18, 9, 0, 11, 42, 1, 19, 26, 21, 44, 43, 36, 30, 39, 23, 4, 15, 3, 12, 40, 2, 22])
(68720, [34, 33, 18, 27, 9, 0, 7, 42, 1, 21, 43, 23, 15, 12, 40, 13])
(68721, [34, 20, 9, 16, 1, 19, 26, 44, 30, 24, 4, 15, 2])
(68722, [34, 20, 19, 3, 2])
(68723, [34, 33, 18, 8, 43, 23, 4])
(68724, [34, 17, 1, 19, 3])
(68725, [34, 0, 11, 43, 3])
(68726, [34, 20, 27, 9, 0, 11, 7, 6, 17, 1, 19, 26, 21, 44, 31, 30, 24, 23, 4, 15, 3, 12, 2])
(68727, [34, 33, 18, 0, 17, 19, 26, 43, 31, 30, 41, 23, 4, 40, 2, 13])
(68728, [34])
(68729, [34, 28, 17, 26, 2, 14])
(68730, [34, 36, 14])
(68731, [34])
(68732, [34, 33, 20, 0, 16, 36, 41, 4, 3, 12, 40, 2, 14])
(68733, [34, 20, 18, 0, 11, 7, 16, 42, 17, 1, 19, 26, 44, 43, 37, 41, 4, 15, 12, 40, 2, 13, 14])
(68734, [34, 33, 16, 8, 31, 30, 23, 5])
(68735, [34, 33, 8, 21, 23, 5])
(68736, [34, 9, 0, 19])
(68737, [34, 0])
(68738, [34, 20, 9, 0, 42, 6, 28, 1, 8, 31, 30, 13])
(68739, [34])
(68740, [34, 0, 30])
(68741, [34, 18, 9, 11, 16, 28, 17, 1, 10, 19, 26, 44, 43, 38, 30, 39, 41, 24, 15, 3, 12, 2, 13])
(68742, [34, 31, 15, 22])
(68743, [34, 11, 43])
(68744, [34, 18, 17, 31, 41, 3, 2])
(68745, [34])
(68746, [34, 16, 26, 44, 12, 40, 2, 25])
(68747, [34, 0, 7, 4])
(68748, [34, 33, 26, 44])
(68749, [34, 26, 36, 2])
(68750, [34, 20, 0, 10, 31, 24, 2])
(68751, [34, 33, 20, 9, 1, 10, 19, 26, 44, 43, 31, 41, 24, 4, 15, 25])
(68752, [34, 20, 9, 0, 7, 28, 17, 1, 10, 19, 43, 30, 39, 41, 24, 2])
(68753, [34, 33, 20, 11, 7, 29, 16, 42, 6, 1, 19, 8, 21, 44, 43, 38, 3, 12, 2, 22])
(68754, [34, 9, 10])
(68755, [34, 33, 18, 9, 0, 11, 7, 16, 1, 8, 21, 44, 38, 31, 37, 24, 23, 3, 12, 2, 5])
(68756, [34, 9, 0, 6, 1, 26, 44, 15, 3])
(68757, [34, 36])
(68758, [34, 18, 1, 31, 30, 4, 15, 12, 22])
(68759, [34])
(68760, [34, 20, 18, 10, 19, 23, 4])
(68761, [34, 18, 9, 0, 11, 7, 16, 17, 26, 44, 43, 30, 3, 12])
(68762, [34, 12])
(68763, [34, 20, 9, 16, 1, 41, 2])
(68764, [34, 18, 11, 7, 17, 1, 19, 26, 15, 3, 12])
(68765, [34, 11, 1, 44, 24, 4])
(68766, [34, 18, 6, 17, 10, 44, 31, 41, 24, 13, 14])
(68767, [33])
(68768, [33, 18])
(68769, [33, 43, 41, 2])
(68770, [33, 0, 16, 28, 1, 10, 31, 41, 24, 4, 12, 2, 13, 22])
(68771, [33, 6, 24, 13])
(68772, [33])
(68773, [33])
(68774, [33, 20, 27, 9, 0, 7, 28, 17, 26, 44, 36, 41, 24, 15, 2, 13, 14])
(68775, [33, 9, 17, 31, 40, 2])
(68776, [33, 9, 0, 11, 16, 42, 28, 1, 26, 43, 36, 41, 23, 4, 15, 12, 40, 2, 13])
(68777, [33, 19, 2])
(68778, [33, 18, 0, 11, 7, 6, 28, 1, 26, 43, 36, 30, 41, 4, 3, 12, 40, 2, 13, 14])
(68779, [33, 27, 0, 11, 7, 16, 6, 19, 26, 43, 4, 15, 14])
(68780, [33])
(68781, [33, 18, 9, 0, 11, 6, 1, 8, 21, 44, 43, 31, 30, 41, 24, 23, 15, 3, 12, 40, 13])
(68782, [33])
(68783, [33, 28, 26, 12, 40])
(68784, [33, 0])
(68785, [33, 20, 6, 26, 43, 36, 4, 12, 2])
(68786, [33, 2])
(68787, [33, 6])
(68788, [33, 19, 13])
(68789, [33, 9, 1, 19, 21, 24, 15, 3, 22])
(68790, [33, 42, 10, 19, 44, 38, 3])
(68791, [33, 18, 9, 0, 6, 1, 19, 8, 21, 44, 39, 23, 4, 15, 3])
(68792, [33, 8, 43])
(68793, [33, 18, 17, 1, 26, 21, 43, 31, 30, 23, 4, 15, 3])
(68794, [33, 0])
(68795, [33, 18, 9, 0, 11, 16, 6, 28, 17, 19, 26, 44, 43, 36, 41, 24, 23, 4, 15, 12, 40, 2])
(68796, [33, 11, 17, 1, 19, 26, 8, 21, 44, 43, 31, 30, 24, 4, 15, 12, 2, 13, 5, 14])
(68797, [33, 1, 24, 3, 2])
(68798, [33, 1, 21])
(68799, [33, 11, 6, 39, 4, 2])
(68800, [33, 11])
(68801, [33, 9, 0, 11, 28, 17, 1, 19, 26, 8, 21, 44, 31, 41, 4, 15, 12, 40, 2, 13, 14])
(68802, [33, 19, 31])
(68803, [33, 18, 0, 29, 1, 19, 44, 31, 39, 41, 4, 3])
(68804, [33, 16, 17, 19, 26, 31, 37, 41, 23, 40])
(68805, [33, 26])
(68806, [33, 29, 21, 30, 13])
(68807, [33])
(68808, [33])
(68809, [33])
(68810, [33, 18, 7, 17, 19, 26, 21, 43, 38, 30, 41, 24, 23, 3, 12, 22])
(68811, [33, 9, 0, 21, 41, 4, 3, 12, 2, 14])
(68812, [20, 18, 1, 44, 31, 41, 23, 3])
(68813, [20, 7, 16, 1, 3, 12])
(68814, [20, 18, 1, 19, 26, 21, 31, 24, 23, 4, 15, 3, 13])
(68815, [20, 9, 0, 11, 6, 1, 19, 26, 43, 36, 41, 24, 23, 2])
(68816, [20])
(68817, [20, 0, 11, 1, 19, 44, 3])
(68818, [20])
(68819, [20, 18, 0, 6, 1, 19, 26, 8, 43, 3])
(68820, [20, 3])
(68821, [20, 16, 19, 31, 30, 15, 3, 40])
(68822, [20, 18])
(68823, [20, 18, 1, 19, 21, 15])
(68824, [20, 6, 28, 8, 43, 31, 30, 41, 23, 2, 5])
(68825, [20, 31])
(68826, [20])
(68827, [20, 11, 16, 26, 8, 43, 24, 23, 15, 12, 40, 2])
(68828, [20])
(68829, [20, 18, 0, 42, 44, 23, 14])
(68830, [20, 18, 27, 11, 42, 1, 26, 15, 3, 22])
(68831, [20])
(68832, [20, 11, 7, 1, 26, 44, 43, 4, 40])
(68833, [20, 0])
(68834, [20, 18, 0, 11, 6, 19, 12, 2, 14])
(68835, [20])
(68836, [20])
(68837, [20, 9, 16, 6, 1, 19, 8, 38, 41, 23, 3])
(68838, [20, 0, 11, 7, 16, 1, 26, 21, 44, 43, 30, 39, 41, 4, 3, 12])
(68839, [20, 18, 0, 23, 3])
(68840, [20, 18, 0, 16, 1, 10, 19, 8, 43, 23, 15, 3, 12, 13])
(68841, [20, 18, 1, 8, 31, 30, 41, 3, 12])
(68842, [20, 0, 11, 19, 26, 24, 4, 12, 2, 13])
(68843, [20, 0])
(68844, [20])
(68845, [20, 36, 12])
(68846, [20])
(68847, [20, 4])
(68848, [20, 9, 0, 44, 43, 2, 14])
(68849, [18])
(68850, [18])
(68851, [18])
(68852, [18, 23])
(68853, [18])
(68854, [18])
(68855, [18, 29])
(68856, [18, 1, 26])
(68857, [18])
(68858, [18, 1, 24, 23, 15, 5])
(68859, [18, 6, 1, 31])
(68860, [18, 15, 40])
(68861, [18])
(68862, [18, 9, 0, 11, 16, 42, 6, 10, 21, 38, 31, 30, 37, 23, 15, 2, 13, 5])
(68863, [18])
(68864, [18])
(68865, [18, 0, 7, 6, 24, 12])
(68866, [18])
(68867, [18, 27, 9, 0, 6, 17, 1, 10, 19, 26, 21, 44, 43, 24, 23, 4, 15, 3, 12, 2, 14])
(68868, [18, 0, 7, 42, 1, 26, 21, 44, 15, 3, 12])
(68869, [18])
(68870, [18, 0, 17, 19, 36, 24, 15, 12, 2, 14])
(68871, [18])
(68872, [18, 24, 2, 13])
(68873, [18])
(68874, [18, 11, 17, 19, 41, 15])
(68875, [18, 1, 21, 30, 41, 3, 2])
(68876, [18, 0, 16, 1, 15, 3])
(68877, [18, 19])
(68878, [18])
(68879, [18])
(68880, [18, 0, 11, 36, 30, 13])
(68881, [18, 23])
(68882, [18, 9, 17, 10, 26, 8, 21, 44, 38, 12, 13])
(68883, [18, 0, 42, 1, 15, 22])
(68884, [18, 19])
(68885, [18])
(68886, [18, 7, 17, 44, 3, 2])
(68887, [18])
(68888, [18])
(68889, [18])
(68890, [18])
(68891, [18])
(68892, [18, 43, 4, 15, 2])
(68893, [18])
(68894, [18, 9, 0, 11, 6, 44, 41, 23, 4, 40, 2, 14])
(68895, [18])
(68896, [18, 16])
(68897, [18])
(68898, [18, 9, 0, 8, 23, 12])
(68899, [18, 0, 1, 15, 22])
(68900, [18])
(68901, [18])
(68902, [18])
(68903, [18, 15])
(68904, [18, 26])
(68905, [18, 42, 30, 3])
(68906, [18])
(68907, [18])
(68908, [18])
(68909, [18, 9, 0, 6, 10, 19, 26, 43, 30, 41, 23, 12, 2])
(68910, [18])
(68911, [18, 23])
(68912, [18])
(68913, [18])
(68914, [18])
(68915, [18])
(68916, [18])
(68917, [18])
(68918, [18, 11, 17, 43, 31, 41, 24, 40, 2, 13])
(68919, [18, 1, 43, 31, 23])
(68920, [18])
(68921, [18])
(68922, [18, 15])
(68923, [18])
(68924, [18])
(68925, [18, 3])
(68926, [18])
(68927, [18, 41])
(68928, [18])
(68929, [18, 19, 15, 12])
(68930, [18, 28, 17, 3, 12])
(68931, [18, 9, 16, 26, 44, 4, 2])
(68932, [18, 17, 43, 30, 23, 12])
(68933, [18, 1, 19, 26, 21, 3, 2, 22])
(68934, [18])
(68935, [18])
(68936, [18])
(68937, [18])
(68938, [27])
(68939, [27, 0, 23, 4, 12])
(68940, [27, 31, 23])
(68941, [27, 3, 40])
(68942, [27])
(68943, [27])
(68944, [27])
(68945, [27])
(68946, [27])
(68947, [27, 15, 22])
(68948, [27])
(68949, [27])
(68950, [9, 11, 16, 6, 43, 41, 4])
(68951, [9])
(68952, [9])
(68953, [9])
(68954, [9, 41])
(68955, [9])
(68956, [9])
(68957, [9, 11, 1, 19, 21, 44, 43, 37, 41, 4, 15, 3, 2])
(68958, [9, 0, 44, 3])
(68959, [9])
(68960, [9, 0, 11, 6, 41, 23, 4, 15, 14])
(68961, [9, 30, 3])
(68962, [9, 16])
(68963, [9, 11, 1, 21, 3, 22])
(68964, [9, 17, 26, 44, 43, 30, 24, 4, 3, 2])
(68965, [9])
(68966, [9, 11, 7, 42, 1, 19, 26, 3, 40, 2])
(68967, [9, 8])
(68968, [9, 0, 1, 31, 4, 3])
(68969, [9, 11, 6, 1, 40])
(68970, [9, 43, 15])
(68971, [9, 31, 41, 3, 2, 14])
(68972, [9, 0, 43, 41, 23, 40, 2])
(68973, [9, 16, 4])
(68974, [9, 15])
(68975, [9])
(68976, [9])
(68977, [9])
(68978, [9])
(68979, [9, 17, 26, 2, 14])
(68980, [9])
(68981, [9])
(68982, [9])
(68983, [9, 6, 17, 43, 31, 24, 4, 15, 2, 14])
(68984, [9])
(68985, [9])
(68986, [9])
(68987, [9])
(68988, [9, 39])
(68989, [9])
(68990, [9])
(68991, [9])
(68992, [9, 16, 6, 1, 21, 23, 3])
(68993, [9])
(68994, [9])
(68995, [9])
(68996, [9, 19, 40, 2, 14])
(68997, [9, 42, 28, 1, 26, 44, 43, 30, 24, 4, 15, 3, 2, 13, 14])
(68998, [9])
(68999, [9, 43, 4, 3, 2])
(69000, [9, 0, 10, 12])
(69001, [9, 16, 14])
(69002, [9, 10, 19, 26, 21, 41, 12, 2])
(69003, [0, 41])
(69004, [0])
(69005, [0])
(69006, [0, 12])
(69007, [0])
(69008, [0])
(69009, [0])
(69010, [0])
(69011, [0, 16, 15, 3, 12])
(69012, [0])
(69013, [0])
(69014, [0, 12])
(69015, [0])
(69016, [0, 12])
(69017, [0])
(69018, [0])
(69019, [0])
(69020, [0])
(69021, [0])
(69022, [0])
(69023, [0])
(69024, [0, 12])
(69025, [0])
(69026, [0, 3])
(69027, [0])
(69028, [0])
(69029, [0])
(69030, [0])
(69031, [0])
(69032, [0])
(69033, [0])
(69034, [0])
(69035, [0])
(69036, [0])
(69037, [0])
(69038, [0, 12])
(69039, [0])
(69040, [0, 12, 2])
(69041, [0])
(69042, [0])
(69043, [0])
(69044, [0])
(69045, [0])
(69046, [0])
(69047, [0])
(69048, [0])
(69049, [0, 12])
(69050, [0])
(69051, [0])
(69052, [0])
(69053, [0])
(69054, [0])
(69055, [0])
(69056, [0])
(69057, [0])
(69058, [0])
(69059, [0])
(69060, [0, 22])
(69061, [0, 41, 12])
(69062, [0])
(69063, [0])
(69064, [0])
(69065, [0])
(69066, [0])
(69067, [0])
(69068, [0, 17, 21])
(69069, [0])
(69070, [0, 12])
(69071, [0, 11, 19, 3])
(69072, [0, 1, 39, 3, 2])
(69073, [0, 12])
(69074, [0])
(69075, [0])
(69076, [0])
(69077, [0])
(69078, [0])
(69079, [0])
(69080, [0])
(69081, [0])
(69082, [0])
(69083, [0])
(69084, [0])
(69085, [0])
(69086, [0])
(69087, [0])
(69088, [0])
(69089, [0])
(69090, [0])
(69091, [0])
(69092, [0, 44])
(69093, [0])
(69094, [0])
(69095, [0, 3])
(69096, [0])
(69097, [0])
(69098, [0, 36, 12])
(69099, [0])
(69100, [0])
(69101, [0])
(69102, [0])
(69103, [0])
(69104, [0])
(69105, [0])
(69106, [0, 1, 19, 26, 21, 41, 3])
(69107, [0])
(69108, [0])
(69109, [0])
(69110, [0])
(69111, [0])
(69112, [0])
(69113, [0, 16, 1, 43, 12])
(69114, [0])
(69115, [0])
(69116, [0])
(69117, [0])
(69118, [0])
(69119, [0])
(69120, [0, 19])
(69121, [0])
(69122, [0])
(69123, [0])
(69124, [0])
(69125, [0])
(69126, [0])
(69127, [0, 6, 1, 12, 40, 2])
(69128, [0, 8, 21, 23, 3, 2])
(69129, [0])
(69130, [0])
(69131, [0])
(69132, [0])
(69133, [0])
(69134, [0])
(69135, [0, 12])
(69136, [0, 12])
(69137, [0])
(69138, [0])
(69139, [0])
(69140, [0])
(69141, [0])
(69142, [0])
(69143, [0, 12])
(69144, [0])
(69145, [0])
(69146, [0])
(69147, [0, 12])
(69148, [0, 7, 1])
(69149, [0, 42])
(69150, [0, 16])
(69151, [0])
(69152, [0, 19, 38])
(69153, [0, 16, 23, 22])
(69154, [0])
(69155, [0])
(69156, [0])
(69157, [0])
(69158, [0])
(69159, [0])
(69160, [0])
(69161, [0])
(69162, [0])
(69163, [0])
(69164, [0, 24, 2])
(69165, [0, 16, 19, 12])
(69166, [0])
(69167, [0])
(69168, [0])
(69169, [0])
(69170, [0])
(69171, [0])
(69172, [0])
(69173, [0])
(69174, [0, 12])
(69175, [0])
(69176, [0])
(69177, [0])
(69178, [0])
(69179, [0])
(69180, [0])
(69181, [0])
(69182, [0])
(69183, [0])
(69184, [0])
(69185, [0])
(69186, [0])
(69187, [0])
(69188, [0, 41])
(69189, [0])
(69190, [0])
(69191, [0])
(69192, [0])
(69193, [0])
(69194, [0])
(69195, [0, 21, 3])
(69196, [0])
(69197, [0])
(69198, [0])
(69199, [0])
(69200, [0])
(69201, [0])
(69202, [0])
(69203, [0])
(69204, [0])
(69205, [0])
(69206, [0])
(69207, [0])
(69208, [0, 44])
(69209, [0])
(69210, [0])
(69211, [0, 44, 30, 41, 3, 14])
(69212, [0])
(69213, [0])
(69214, [0])
(69215, [0])
(69216, [0])
(69217, [0])
(69218, [0])
(69219, [0])
(69220, [0])
(69221, [0])
(69222, [0])
(69223, [0])
(69224, [0])
(69225, [0])
(69226, [0])
(69227, [0])
(69228, [0, 36])
(69229, [0])
(69230, [0])
(69231, [0])
(69232, [0])
(69233, [0])
(69234, [0])
(69235, [0])
(69236, [0, 10, 26])
(69237, [0])
(69238, [11, 42, 17, 21, 24, 3, 22])
(69239, [11, 43, 24, 15, 22])
(69240, [11, 19, 44, 2])
(69241, [11, 17, 19, 44, 12])
(69242, [11, 1, 3])
(69243, [11, 16, 1, 19, 21, 44, 3, 12])
(69244, [11, 4])
(69245, [11, 40, 14])
(69246, [11, 3, 12])
(69247, [11, 1, 19, 26, 21, 43, 41, 24, 23, 15, 3, 13])
(69248, [11, 37, 12])
(69249, [11])
(69250, [11])
(69251, [11])
(69252, [11, 1, 3, 14])
(69253, [11])
(69254, [11, 1, 31, 41, 24])
(69255, [11, 26, 43, 31, 24, 4])
(69256, [7])
(69257, [7])
(69258, [7, 10, 43, 3])
(69259, [7])
(69260, [7])
(69261, [7])
(69262, [7, 19])
(69263, [7, 16, 42, 6, 19, 21, 4, 3])
(69264, [7])
(69265, [7, 1])
(69266, [7])
(69267, [7])
(69268, [7])
(69269, [29])
(69270, [16])
(69271, [16])
(69272, [16, 17, 26, 8])
(69273, [16])
(69274, [16, 42, 28, 1, 10, 41, 3, 13])
(69275, [16])
(69276, [16, 30])
(69277, [16])
(69278, [16])
(69279, [16, 1, 19, 8, 21, 30, 15, 2])
(69280, [16])
(69281, [16, 23])
(69282, [16, 23])
(69283, [42])
(69284, [42])
(69285, [42])
(69286, [42, 12, 14])
(69287, [42])
(69288, [42, 1, 30])
(69289, [42])
(69290, [6])
(69291, [6])
(69292, [6, 1, 21, 44, 30, 15, 3, 2])
(69293, [6])
(69294, [6, 44, 43, 31, 23, 15, 2])
(69295, [6, 43, 12, 14])
(69296, [6])
(69297, [6, 3])
(69298, [6, 43, 13])
(69299, [28])
(69300, [28])
(69301, [28])
(69302, [17, 19, 26])
(69303, [17])
(69304, [17])
(69305, [17, 2])
(69306, [17])
(69307, [17])
(69308, [17, 1, 19, 3, 12])
(69309, [17])
(69310, [17])
(69311, [1])
(69312, [1, 30, 3])
(69313, [1])
(69314, [1, 3, 12])
(69315, [1])
(69316, [1])
(69317, [1, 3])
(69318, [1, 21, 3])
(69319, [1, 12])
(69320, [1])
(69321, [1])
(69322, [1])
(69323, [1])
(69324, [1])
(69325, [1])
(69326, [1, 26, 3])
(69327, [1, 3])
(69328, [1])
(69329, [1])
(69330, [1, 19, 23, 3])
(69331, [1])
(69332, [1])
(69333, [1])
(69334, [1, 21])
(69335, [1])
(69336, [1, 41, 12])
(69337, [1])
(69338, [1, 43])
(69339, [1, 4])
(69340, [1])
(69341, [1, 12])
(69342, [1])
(69343, [1])
(69344, [1, 23])
(69345, [1])
(69346, [1])
(69347, [1, 3])
(69348, [1])
(69349, [1, 21])
(69350, [1, 21])
(69351, [10])
(69352, [10])
(69353, [10])
(69354, [10])
(69355, [10])
(69356, [19])
(69357, [19, 12])
(69358, [19, 2])
(69359, [19, 26, 21, 30, 3])
(69360, [19, 26, 14])
(69361, [19])
(69362, [19])
(69363, [19, 12])
(69364, [19, 21, 43, 2])
(69365, [19, 4, 22])
(69366, [19])
(69367, [19])
(69368, [19])
(69369, [19])
(69370, [19])
(69371, [19])
(69372, [19])
(69373, [19])
(69374, [19])
(69375, [19])
(69376, [19, 21])
(69377, [19])
(69378, [19, 26, 36, 39])
(69379, [19])
(69380, [19])
(69381, [19])
(69382, [19])
(69383, [19])
(69384, [26, 40])
(69385, [26])
(69386, [26, 30])
(69387, [26])
(69388, [26, 24, 4, 40])
(69389, [26])
(69390, [26])
(69391, [26])
(69392, [26])
(69393, [26])
(69394, [26])
(69395, [26])
(69396, [26])
(69397, [26])
(69398, [26])
(69399, [26])
(69400, [8, 23, 5])
(69401, [8])
(69402, [8, 2, 5])
(69403, [8])
(69404, [8, 21])
(69405, [8])
(69406, [8])
(69407, [8])
(69408, [8])
(69409, [8])
(69410, [8, 5])
(69411, [8])
(69412, [8])
(69413, [8])
(69414, [8])
(69415, [8])
(69416, [8])
(69417, [8])
(69418, [21, 30, 3])
(69419, [21])
(69420, [21])
(69421, [21])
(69422, [21])
(69423, [21, 12])
(69424, [21])
(69425, [21])
(69426, [21, 30])
(69427, [21])
(69428, [21])
(69429, [21, 12])
(69430, [21])
(69431, [21])
(69432, [21])
(69433, [21])
(69434, [21])
(69435, [21])
(69436, [21])
(69437, [21])
(69438, [21])
(69439, [21])
(69440, [21])
(69441, [21])
(69442, [21])
(69443, [21])
(69444, [21])
(69445, [21])
(69446, [21, 44])
(69447, [21])
(69448, [21])
(69449, [21])
(69450, [21])
(69451, [21])
(69452, [21])
(69453, [21, 31])
(69454, [21])
(69455, [44])
(69456, [44])
(69457, [44])
(69458, [44])
(69459, [44])
(69460, [44])
(69461, [44])
(69462, [44])
(69463, [44])
(69464, [44])
(69465, [44])
(69466, [44, 15])
(69467, [44])
(69468, [44])
(69469, [44])
(69470, [44])
(69471, [43])
(69472, [43])
(69473, [43, 23, 12])
(69474, [43])
(69475, [43])
(69476, [43])
(69477, [43, 3, 2])
(69478, [43, 23])
(69479, [43])
(69480, [43])
(69481, [43, 2])
(69482, [43])
(69483, [43])
(69484, [43])
(69485, [43])
(69486, [43])
(69487, [43])
(69488, [43])
(69489, [43])
(69490, [43])
(69491, [43])
(69492, [43])
(69493, [43])
(69494, [43])
(69495, [43])
(69496, [43])
(69497, [43])
(69498, [36])
(69499, [36])
(69500, [36])
(69501, [36])
(69502, [36])
(69503, [36, 2])
(69504, [36, 23])
(69505, [36])
(69506, [36])
(69507, [36])
(69508, [36])
(69509, [36])
(69510, [36])
(69511, [36])
(69512, [36])
(69513, [36])
(69514, [36])
(69515, [36])
(69516, [36])
(69517, [36])
(69518, [36])
(69519, [36])
(69520, [36, 14])
(69521, [36])
(69522, [36])
(69523, [36])
(69524, [36])
(69525, [36])
(69526, [36])
(69527, [36])
(69528, [31])
(69529, [31])
(69530, [31])
(69531, [31, 41])
(69532, [31, 2])
(69533, [31])
(69534, [31])
(69535, [31])
(69536, [31])
(69537, [31])
(69538, [30])
(69539, [30])
(69540, [30])
(69541, [30, 12])
(69542, [30])
(69543, [30])
(69544, [30])
(69545, [37])
(69546, [37])
(69547, [37])
(69548, [37])
(69549, [37])
(69550, [37])
(69551, [39])
(69552, [39])
(69553, [39])
(69554, [39])
(69555, [39])
(69556, [41])
(69557, [41])
(69558, [41, 23, 14])
(69559, [41])
(69560, [41, 14])
(69561, [41])
(69562, [41])
(69563, [41])
(69564, [41, 2])
(69565, [41])
(69566, [41])
(69567, [41])
(69568, [41])
(69569, [41])
(69570, [24, 15])
(69571, [24])
(69572, [24])
(69573, [24, 15, 2, 14])
(69574, [24])
(69575, [24, 12])
(69576, [24])
(69577, [24])
(69578, [24])
(69579, [23, 5])
(69580, [23])
(69581, [23, 15])
(69582, [23])
(69583, [23])
(69584, [23])
(69585, [23])
(69586, [23])
(69587, [23])
(69588, [23])
(69589, [23])
(69590, [23])
(69591, [23])
(69592, [23])
(69593, [23])
(69594, [23, 12])
(69595, [23])
(69596, [23])
(69597, [23])
(69598, [23])
(69599, [23])
(69600, [23])
(69601, [23])
(69602, [23])
(69603, [23])
(69604, [23])
(69605, [23])
(69606, [23])
(69607, [23])
(69608, [23])
(69609, [23])
(69610, [23])
(69611, [23])
(69612, [23])
(69613, [23])
(69614, [23])
(69615, [23])
(69616, [23])
(69617, [23])
(69618, [23])
(69619, [23])
(69620, [23])
(69621, [23])
(69622, [23])
(69623, [23])
(69624, [23])
(69625, [23])
(69626, [23])
(69627, [23])
(69628, [4, 12])
(69629, [4])
(69630, [4])
(69631, [4])
(69632, [4, 2])
(69633, [4, 15])
(69634, [4, 14])
(69635, [4])
(69636, [4])
(69637, [4])
(69638, [4, 3, 22])
(69639, [4])
(69640, [4])
(69641, [4])
(69642, [4])
(69643, [4])
(69644, [4])
(69645, [4])
(69646, [4])
(69647, [4])
(69648, [4])
(69649, [4])
(69650, [4])
(69651, [4])
(69652, [4])
(69653, [15])
(69654, [15])
(69655, [15])
(69656, [15])
(69657, [15])
(69658, [15])
(69659, [15, 12])
(69660, [15])
(69661, [15])
(69662, [15])
(69663, [15])
(69664, [15])
(69665, [3])
(69666, [3])
(69667, [3])
(69668, [3])
(69669, [3])
(69670, [3])
(69671, [3])
(69672, [3])
(69673, [3])
(69674, [3])
(69675, [3])
(69676, [3])
(69677, [3])
(69678, [3])
(69679, [3])
(69680, [3])
(69681, [3])
(69682, [3, 12])
(69683, [3])
(69684, [3])
(69685, [3])
(69686, [3])
(69687, [3])
(69688, [3])
(69689, [3])
(69690, [3])
(69691, [3])
(69692, [3])
(69693, [3, 2])
(69694, [3])
(69695, [3])
(69696, [3])
(69697, [3])
(69698, [3])
(69699, [3])
(69700, [3, 2])
(69701, [3])
(69702, [12])
(69703, [12])
(69704, [12])
(69705, [12])
(69706, [12])
(69707, [12])
(69708, [12])
(69709, [12])
(69710, [12])
(69711, [12])
(69712, [12])
(69713, [12])
(69714, [12])
(69715, [12])
(69716, [12])
(69717, [12])
(69718, [12])
(69719, [12])
(69720, [12])
(69721, [12])
(69722, [12])
(69723, [12])
(69724, [12])
(69725, [12])
(69726, [12])
(69727, [12])
(69728, [12])
(69729, [12])
(69730, [12])
(69731, [12])
(69732, [12])
(69733, [12, 2])
(69734, [12, 2])
(69735, [12])
(69736, [12])
(69737, [12])
(69738, [12])
(69739, [12])
(69740, [12])
(69741, [12])
(69742, [12])
(69743, [12])
(69744, [12])
(69745, [12])
(69746, [12])
(69747, [12])
(69748, [12])
(69749, [12])
(69750, [12])
(69751, [12])
(69752, [12])
(69753, [12])
(69754, [12])
(69755, [12])
(69756, [12])
(69757, [12])
(69758, [12])
(69759, [12])
(69760, [12])
(69761, [12])
(69762, [12])
(69763, [12])
(69764, [40])
(69765, [40])
(69766, [40])
(69767, [40, 2, 14])
(69768, [2])
(69769, [2])
(69770, [2])
(69771, [2])
(69772, [2])
(69773, [2])
(69774, [2])
(69775, [2])
(69776, [2])
(69777, [2])
(69778, [2])
(69779, [2])
(69780, [2])
(69781, [2])
(69782, [2])
(69783, [2])
(69784, [2, 14])
(69785, [2])
(69786, [2])
(69787, [2])
(69788, [2])
(69789, [2])
(69790, [2])
(69791, [2])
(69792, [2])
(69793, [2])
(69794, [2])
(69795, [2])
(69796, [2])
(69797, [2])
(69798, [2])
(69799, [2])
(69800, [2])
(69801, [2])
(69802, [2])
(69803, [2])
(69804, [2])
(69805, [2])
(69806, [2])
(69807, [2, 14])
(69808, [2])
(69809, [2])
(69810, [2, 14])
(69811, [2])
(69812, [2])
(69813, [2])
(69814, [2])
(69815, [2])
(69816, [2])
(69817, [2])
(69818, [2])
(69819, [2])
(69820, [2])
(69821, [2])
(69822, [2])
(69823, [2])
(69824, [2])
(69825, [2])
(69826, [2])
(69827, [2])
(69828, [2])
(69829, [2])
(69830, [2])
(69831, [2])
(69832, [2])
(69833, [2])
(69834, [2])
(69835, [13])
(69836, [13])
(69837, [13])
(69838, [13])
(69839, [13])
(69840, [5])
(69841, [5])
(69842, [5])
(69843, [5])
(69844, [5])
(69845, [5])
(69846, [5])
(69847, [14])
(69848, [14])
(69849, [14])
(69850, [14])
(69851, [14])
(69852, [14])
(69853, [14])
(69854, [14])
(69855, [14])
(69856, [14])
(69857, [14])
(69858, [14])
(69859, [14])
(69860, [14])
(69861, [14])
(69862, [14])
(69863, [14])
(69864, [14])
(69865, [14])
(69866, [14])
(69867, [14])
(69868, [14])
(69869, [22])
(69870, [22])
(69871, [22])
(69872, [22])
(69873, [22])
(69874, [22])
(69875, [22])
(69876, [22])
(69877, [25])
(69878, [25])
