(78221, [0, 1, 2, 3, 4, 5, 6, 7, 8, 9, 10, 11, 12, 13, 14, 15, 16, 17, 18, 19, 20, 21, 22, 23, 24, 25, 26, 27, 28, 29, 30, 31, 32, 33, 34, 35, 36, 37, 38, 39, 40, 41, 42, 43, 44])
(78222, [0, 1, 2, 3, 4, 5, 6, 7, 8, 9, 10, 11, 12, 13, 14, 15, 16, 17, 18, 19, 20, 21, 22, 23, 24, 25, 26, 27, 28, 29, 30, 31, 32, 33, 34, 35, 36, 37, 38, 39, 40, 41, 42, 43, 44])
(78223, [0, 1, 2, 3, 4, 5, 6, 7, 8, 9, 10, 11, 12, 13, 14, 15, 16, 17, 18, 19, 20, 21, 22, 23, 24, 25, 26, 27, 28, 29, 30, 31, 32, 33, 34, 35, 36, 37, 38, 39, 40, 41, 42, 43, 44])
(78224, [0, 1, 2, 3, 4, 5, 6, 7, 8, 9, 10, 11, 12, 13, 14, 15, 16, 17, 18, 19, 20, 21, 22, 23, 24, 25, 26, 27, 28, 29, 30, 31, 32, 33, 34, 35, 36, 37, 38, 39, 40, 41, 42, 43, 44])
(78225, [0, 1, 2, 3, 4, 5, 6, 7, 8, 9, 10, 11, 12, 13, 14, 15, 16, 17, 18, 19, 20, 21, 22, 23, 24, 25, 26, 27, 28, 29, 30, 31, 32, 33, 34, 35, 36, 37, 38, 39, 40, 41, 42, 43, 44])
(78226, [0, 1, 2, 3, 4, 5, 6, 7, 8, 9, 10, 11, 12, 13, 14, 15, 16, 17, 18, 19, 20, 21, 22, 23, 24, 25, 26, 27, 28, 29, 30, 31, 32, 33, 34, 35, 36, 37, 38, 39, 40, 41, 42, 43, 44])
(78227, [0, 1, 2, 3, 7, 8, 9, 12, 15, 18, 19, 20, 23, 26, 30, 31, 32, 33, 34, 35, 39, 40, 42, 43])
(78228, [0, 1, 2, 3, 4, 5, 6, 8, 9, 11, 13, 15, 18, 19, 20, 21, 22, 23, 24, 26, 30, 31, 32, 33, 35, 40, 41, 43, 44])
(78229, [2, 7, 11, 12, 30, 32, 34, 36, 43])
(78230, [4, 30, 32, 33])
(78231, [0, 11, 12, 15, 19, 26, 30, 31, 32, 33, 41, 43])
(78232, [31, 32, 40])
(78233, [0, 1, 2, 3, 4, 6, 7, 8, 9, 10, 11, 13, 14, 15, 16, 18, 19, 20, 21, 22, 23, 26, 28, 30, 31, 32, 33, 34, 39, 40, 41, 42, 43, 44])
(78234, [0, 2, 6, 9, 14, 16, 28, 32, 33, 41, 44])
(78235, [0, 1, 2, 3, 4, 6, 7, 9, 11, 12, 13, 14, 15, 16, 18, 19, 20, 21, 22, 23, 24, 27, 29, 30, 31, 32, 33, 34, 35, 37, 38, 42, 43, 44])
(78236, [0, 1, 2, 3, 4, 6, 8, 9, 11, 12, 13, 15, 16, 17, 18, 19, 23, 24, 26, 27, 30, 31, 32, 33, 34, 37, 40, 41, 42, 43, 44])
(78237, [0, 1, 3, 12, 19, 22, 32, 34, 37])
(78238, [1, 2, 3, 6, 7, 8, 15, 21, 24, 26, 30, 31, 32, 33, 34, 35, 37, 41, 42, 44])
(78239, [0, 1, 2, 3, 4, 8, 9, 12, 13, 14, 15, 19, 20, 24, 25, 26, 29, 30, 31, 32, 33, 34, 40, 41, 43])
(78240, [0, 1, 2, 3, 4, 5, 6, 7, 8, 9, 11, 12, 13, 14, 15, 16, 17, 18, 19, 21, 22, 23, 24, 26, 27, 29, 30, 31, 32, 33, 34, 35, 36, 37, 38, 39, 40, 41, 42, 43, 44])
(78241, [0, 1, 2, 3, 4, 5, 6, 7, 9, 10, 11, 12, 13, 14, 15, 16, 17, 18, 19, 20, 21, 22, 23, 26, 28, 30, 31, 32, 33, 34, 36, 38, 39, 40, 41, 42, 43, 44])
(78242, [1, 3, 9, 16, 18, 19, 21, 22, 30, 31, 32, 36])
(78243, [0, 2, 4, 9, 15, 18, 20, 26, 32, 41, 43])
(78244, [0, 2, 3, 8, 9, 11, 12, 13, 15, 16, 17, 18, 19, 20, 21, 23, 24, 26, 28, 30, 31, 32, 33, 36, 40, 41, 44])
(78245, [0, 1, 2, 3, 4, 5, 6, 9, 11, 12, 15, 17, 19, 21, 22, 23, 26, 27, 30, 31, 32, 33, 34, 35, 37, 40, 41, 42, 43, 44])
(78246, [0, 2, 4, 9, 12, 13, 14, 15, 16, 17, 18, 19, 23, 24, 26, 32, 36, 43])
(78247, [1, 2, 3, 4, 5, 6, 7, 9, 10, 11, 12, 13, 15, 16, 17, 18, 19, 20, 21, 22, 23, 25, 26, 27, 31, 32, 33, 34, 35, 36, 37, 40, 41, 42, 43, 44])
(78248, [0, 1, 2, 3, 4, 5, 6, 7, 8, 9, 10, 11, 12, 13, 15, 16, 17, 18, 19, 20, 21, 22, 23, 24, 26, 28, 29, 30, 31, 32, 33, 34, 35, 37, 39, 40, 41, 42, 43, 44])
(78249, [1, 2, 3, 7, 9, 11, 13, 15, 16, 17, 18, 19, 21, 22, 26, 31, 32, 37, 41, 42, 43, 44])
(78250, [0, 2, 3, 9, 11, 14, 24, 25, 30, 31, 32, 33, 34, 41, 43, 44])
(78251, [3, 32])
(78252, [1, 2, 7, 12, 13, 18, 21, 22, 30, 32, 33, 34, 43, 44])
(78253, [0, 1, 2, 3, 4, 7, 9, 11, 13, 14, 15, 16, 18, 19, 20, 23, 24, 26, 27, 28, 30, 32, 33, 40, 41, 43, 44])
(78254, [1, 2, 3, 4, 5, 6, 7, 8, 9, 11, 12, 13, 14, 15, 16, 17, 18, 19, 21, 22, 23, 24, 26, 27, 29, 30, 31, 32, 34, 35, 36, 37, 38, 39, 40, 41, 42, 43, 44])
(78255, [0, 1, 2, 3, 4, 6, 7, 8, 9, 11, 12, 13, 14, 15, 17, 18, 19, 21, 24, 26, 30, 31, 32, 33, 34, 36, 41, 43, 44])
(78256, [0, 1, 2, 4, 12, 15, 18, 19, 21, 22, 31, 32, 33, 34])
(78257, [3, 9, 11, 12, 15, 30, 31, 32, 33, 35])
(78258, [1, 2, 3, 4, 6, 7, 9, 11, 12, 13, 15, 16, 17, 18, 19, 20, 21, 23, 26, 30, 31, 32, 33, 36, 37, 40, 41, 42, 43, 44])
(78259, [2, 4, 14, 17, 19, 32, 36, 40])
(78260, [4, 32])
(78261, [0, 1, 2, 3, 5, 8, 9, 12, 15, 16, 17, 19, 23, 26, 30, 31, 32, 34, 36, 41, 44])
(78262, [1, 2, 3, 4, 5, 6, 7, 9, 10, 11, 12, 13, 14, 15, 16, 17, 18, 19, 20, 21, 22, 23, 24, 26, 27, 30, 31, 32, 33, 34, 35, 38, 40, 41, 42, 43, 44])
(78263, [4, 32, 33])
(78264, [0, 1, 2, 3, 4, 5, 6, 7, 8, 9, 11, 12, 13, 14, 15, 16, 17, 18, 19, 20, 21, 22, 23, 24, 25, 26, 27, 28, 30, 31, 32, 33, 34, 35, 36, 37, 40, 41, 42, 43, 44])
(78265, [1, 2, 32, 34])
(78266, [12, 13, 15, 31, 32, 41, 44])
(78267, [1, 2, 3, 9, 11, 12, 13, 16, 24, 26, 32, 34, 43, 44])
(78268, [2, 3, 4, 12, 14, 15, 21, 23, 30, 32, 39])
(78269, [1, 3, 4, 9, 11, 13, 15, 17, 19, 31, 32, 41])
(78270, [1, 2, 3, 8, 12, 15, 16, 19, 20, 22, 23, 32, 42, 43, 44])
(78271, [0, 1, 2, 3, 6, 9, 11, 19, 21, 23, 31, 32, 41, 43])
(78272, [4, 7, 12, 19, 23, 32])
(78273, [0, 6, 12, 15, 32, 41])
(78274, [2, 5, 6, 8, 12, 15, 18, 19, 21, 23, 26, 30, 31, 32, 33, 34, 40, 43, 44])
(78275, [2, 5, 11, 22, 24, 26, 27, 30, 31, 32, 33, 35, 37])
(78276, [0, 1, 2, 3, 4, 5, 6, 7, 8, 9, 10, 11, 12, 14, 15, 16, 17, 18, 19, 20, 21, 23, 28, 30, 31, 32, 33, 34, 35, 37, 39, 42, 43, 44])
(78277, [1, 2, 3, 4, 11, 12, 13, 15, 16, 17, 19, 20, 21, 25, 26, 31, 32, 33, 34, 36, 43, 44])
(78278, [1, 6, 9, 15, 17, 20, 23, 27, 31, 32, 35, 36, 37, 43, 44])
(78279, [0, 1, 2, 3, 6, 9, 11, 12, 14, 15, 16, 17, 18, 19, 20, 24, 27, 31, 32, 33, 41, 44])
(78280, [0, 1, 2, 3, 4, 7, 9, 10, 11, 12, 14, 16, 18, 19, 20, 26, 30, 31, 32, 33, 34, 40, 41, 42, 43, 44])
(78281, [0, 1, 3, 6, 16, 32])
(78282, [0, 1, 2, 3, 4, 5, 6, 8, 9, 10, 11, 12, 15, 18, 19, 20, 22, 23, 24, 26, 28, 30, 31, 32, 33, 34, 36, 41, 42, 43, 44])
(78283, [1, 3, 12, 16, 20, 31, 32, 42, 43])
(78284, [0, 1, 2, 3, 4, 5, 6, 7, 8, 9, 11, 12, 13, 17, 19, 22, 23, 26, 30, 31, 32, 33, 34, 39, 40, 41, 42, 43])
(78285, [0, 1, 2, 6, 32, 40])
(78286, [0, 1, 2, 3, 6, 9, 10, 12, 13, 14, 15, 16, 17, 18, 19, 20, 23, 24, 26, 30, 31, 32, 33, 34, 36, 40, 42])
(78287, [2, 4, 9, 15, 23, 32])
(78288, [32])
(78289, [1, 2, 3, 4, 5, 8, 10, 11, 12, 15, 18, 21, 22, 23, 30, 31, 32, 35, 42, 43, 44])
(78290, [32])
(78291, [1, 7, 18, 21, 32])
(78292, [0, 1, 2, 3, 4, 5, 6, 7, 8, 9, 10, 11, 12, 13, 15, 16, 17, 18, 19, 20, 21, 22, 23, 24, 25, 26, 29, 30, 31, 32, 33, 34, 35, 36, 37, 38, 39, 40, 41, 42, 43, 44])
(78293, [0, 2, 3, 5, 6, 9, 11, 12, 19, 20, 21, 23, 28, 32, 34, 38, 43, 44])
(78294, [0, 9, 11, 15, 19, 20, 32, 34])
(78295, [0, 1, 3, 7, 12, 19, 32, 33, 34])
(78296, [0, 1, 2, 3, 9, 11, 13, 15, 24, 30, 31, 32, 33, 39, 44])
(78297, [2, 4, 9, 11, 12, 14, 15, 17, 19, 20, 23, 24, 26, 30, 31, 32, 33, 34, 40, 43])
(78298, [0, 1, 2, 3, 11, 12, 15, 16, 17, 20, 21, 27, 28, 30, 31, 32, 34, 38, 39, 41, 42])
(78299, [2, 7, 9, 10, 15, 19, 20, 23, 26, 31, 32, 34])
(78300, [0, 1, 12, 32])
(78301, [0, 1, 3, 5, 19, 30, 32])
(78302, [2, 3, 11, 12, 26, 32])
(78303, [12, 32])
(78304, [0, 1, 2, 3, 17, 18, 19, 20, 21, 23, 30, 31, 32, 33, 34, 43, 44])
(78305, [1, 2, 3, 7, 9, 13, 16, 18, 19, 24, 31, 32, 34, 41, 44])
(78306, [20, 32, 36, 44])
(78307, [0, 1, 2, 3, 5, 8, 9, 10, 11, 12, 13, 16, 17, 20, 28, 32, 33, 34, 36, 38, 40, 41, 42, 44])
(78308, [32, 33])
(78309, [0, 2, 3, 4, 9, 11, 12, 14, 15, 17, 32, 33, 34, 35, 36, 41])
(78310, [1, 3, 11, 18, 32, 44])
(78311, [0, 1, 2, 3, 4, 6, 7, 9, 12, 13, 14, 15, 16, 17, 18, 20, 21, 23, 24, 26, 28, 30, 31, 32, 33, 34, 35, 36, 38, 41, 43, 44])
(78312, [3, 9, 12, 15, 19, 22, 23, 30, 32, 34, 35, 41, 43, 44])
(78313, [1, 3, 4, 6, 7, 9, 11, 12, 17, 18, 19, 20, 21, 22, 23, 30, 31, 32, 33, 35, 37, 41, 42, 43, 44])
(78314, [6, 9, 11, 15, 17, 18, 23, 31, 32, 33, 43])
(78315, [0, 2, 9, 12, 17, 18, 19, 22, 30, 32, 41, 42, 43])
(78316, [1, 2, 3, 8, 9, 12, 13, 15, 23, 26, 28, 31, 32, 42, 43])
(78317, [0, 3, 4, 11, 12, 15, 18, 24, 31, 32, 33, 34])
(78318, [3, 32])
(78319, [5, 8, 9, 12, 32, 34])
(78320, [1, 2, 3, 6, 7, 11, 12, 14, 18, 19, 22, 24, 26, 29, 30, 31, 32, 33, 34, 37, 39])
(78321, [1, 2, 3, 4, 5, 6, 8, 9, 11, 12, 13, 14, 15, 16, 17, 18, 19, 21, 22, 23, 24, 26, 30, 31, 32, 33, 34, 35, 37, 39, 41, 42, 43, 44])
(78322, [18, 31, 32, 40])
(78323, [1, 8, 16, 18, 22, 29, 32, 33])
(78324, [0, 1, 2, 3, 4, 5, 6, 7, 8, 9, 10, 11, 12, 13, 14, 15, 16, 18, 19, 20, 21, 22, 23, 24, 25, 26, 27, 28, 29, 30, 31, 33, 34, 35, 36, 37, 38, 39, 40, 41, 42, 43, 44])
(78325, [0, 1, 2, 3, 4, 6, 7, 9, 10, 11, 12, 13, 14, 15, 16, 17, 18, 19, 20, 21, 22, 23, 24, 26, 27, 28, 33, 34, 35, 36, 38, 39, 40, 41, 43, 44])
(78326, [1, 3, 35])
(78327, [34, 35])
(78328, [35])
(78329, [35])
(78330, [35])
(78331, [35])
(78332, [28, 35])
(78333, [1, 9, 26, 28, 35])
(78334, [1, 2, 3, 12, 16, 17, 18, 29, 35, 39, 43, 44])
(78335, [12, 15, 16, 17, 19, 22, 30, 31, 35, 40, 44])
(78336, [35])
(78337, [1, 2, 3, 9, 12, 26, 28, 31, 34, 35, 43])
(78338, [0, 1, 12, 35])
(78339, [35])
(78340, [5, 11, 18, 22, 35, 43, 44])
(78341, [2, 17, 22, 35])
(78342, [35])
(78343, [9, 35])
(78344, [2, 3, 7, 11, 24, 30, 31, 33, 34, 35, 43])
(78345, [0, 1, 2, 3, 4, 9, 11, 12, 14, 15, 16, 17, 18, 19, 21, 23, 24, 26, 30, 31, 33, 34, 35, 41, 42, 43, 44])
(78346, [35])
(78347, [35])
(78348, [35])
(78349, [35])
(78350, [0, 1, 2, 3, 4, 6, 7, 9, 11, 12, 13, 14, 19, 21, 23, 24, 28, 30, 31, 34, 35, 40, 41, 43, 44])
(78351, [1, 3, 7, 12, 18, 20, 30, 31, 35, 42])
(78352, [35])
(78353, [0, 1, 2, 3, 4, 5, 6, 7, 8, 9, 10, 11, 12, 15, 16, 18, 23, 24, 31, 34, 35, 43, 44])
(78354, [3, 5, 8, 9, 12, 15, 21, 23, 26, 35])
(78355, [1, 2, 3, 4, 6, 9, 14, 17, 19, 26, 31, 33, 34, 35, 41, 43])
(78356, [0, 1, 2, 3, 4, 6, 9, 11, 12, 14, 16, 19, 23, 24, 26, 27, 35, 39, 41, 42, 43])
(78357, [35])
(78358, [35])
(78359, [35])
(78360, [35])
(78361, [9, 35])
(78362, [35])
(78363, [18, 35])
(78364, [0, 1, 2, 3, 6, 8, 11, 17, 18, 19, 23, 30, 31, 34, 35, 38, 41, 43])
(78365, [0, 1, 2, 3, 8, 11, 13, 18, 23, 30, 31, 35, 38, 41, 44])
(78366, [1, 2, 3, 6, 7, 9, 10, 13, 20, 21, 23, 24, 26, 30, 34, 35, 41])
(78367, [35])
(78368, [0, 1, 2, 3, 7, 9, 12, 13, 14, 15, 16, 18, 19, 20, 21, 22, 23, 24, 25, 30, 31, 33, 34, 35, 36, 37, 39, 40, 41, 42, 43, 44])
(78369, [4, 9, 16, 17, 19, 21, 33, 35, 43])
(78370, [11, 18, 29, 31, 34, 39])
(78371, [0, 1, 2, 3, 8, 9, 15, 19, 20, 23, 30, 34, 38, 42, 43])
(78372, [2, 3, 6, 8, 33, 34, 36, 40, 43, 44])
(78373, [34])
(78374, [34])
(78375, [34])
(78376, [34])
(78377, [9, 15, 16, 18, 24, 26, 34, 41])
(78378, [0, 20, 34])
(78379, [34])
(78380, [1, 2, 3, 4, 6, 7, 9, 11, 12, 14, 15, 16, 18, 19, 20, 21, 23, 24, 26, 27, 30, 31, 33, 34, 40, 41, 42, 43])
(78381, [34])
(78382, [4, 6, 9, 19, 30, 31, 33, 34, 39, 41, 43])
(78383, [1, 2, 3, 9, 10, 11, 19, 21, 22, 34, 44])
(78384, [0, 1, 2, 4, 6, 9, 15, 19, 20, 30, 34])
(78385, [1, 3, 19, 24, 29, 31, 34, 43, 44])
(78386, [1, 2, 3, 12, 30, 31, 34, 38, 44])
(78387, [2, 3, 4, 7, 11, 12, 14, 19, 22, 26, 30, 31, 33, 34, 41, 43, 44])
(78388, [0, 1, 2, 3, 9, 11, 12, 14, 16, 18, 19, 21, 23, 26, 34, 36, 39])
(78389, [34])
(78390, [2, 4, 6, 11, 12, 14, 15, 17, 19, 20, 24, 25, 26, 28, 33, 34, 39, 40, 41, 43, 44])
(78391, [34])
(78392, [0, 1, 3, 12, 34, 43, 44])
(78393, [34])
(78394, [34])
(78395, [34])
(78396, [0, 34])
(78397, [31, 34])
(78398, [26, 34, 43])
(78399, [0, 2, 3, 4, 6, 9, 11, 13, 14, 15, 17, 18, 19, 20, 24, 25, 26, 33, 34, 40, 41, 43, 44])
(78400, [31, 33, 34])
(78401, [3, 23, 26, 30, 33, 34])
(78402, [1, 4, 11, 34, 43])
(78403, [0, 2, 3, 4, 7, 9, 14, 19, 21, 34, 43])
(78404, [0, 1, 3, 4, 13, 19, 31, 33, 34, 42, 44])
(78405, [1, 3, 7, 12, 17, 19, 20, 21, 23, 30, 34, 39, 42])
(78406, [0, 1, 3, 7, 8, 34, 41])
(78407, [1, 3, 8, 9, 10, 12, 16, 18, 19, 21, 22, 23, 31, 33, 34, 37, 41, 44])
(78408, [1, 19, 34, 42, 44])
(78409, [34])
(78410, [2, 11, 34, 37, 41, 43, 44])
(78411, [3, 8, 10, 12, 13, 20, 30, 34])
(78412, [12, 34])
(78413, [34])
(78414, [1, 4, 6, 12, 15, 18, 26, 27, 34, 43])
(78415, [34])
(78416, [34])
(78417, [0, 1, 2, 3, 4, 7, 9, 10, 11, 18, 20, 23, 26, 30, 31, 33, 34, 36, 41, 43])
(78418, [34])
(78419, [0, 1, 4, 15, 26, 31, 33, 34, 41])
(78420, [0, 2, 3, 4, 6, 9, 11, 12, 15, 18, 20, 34, 41, 42])
(78421, [15, 34])
(78422, [6, 24, 34])
(78423, [1, 2, 3, 5, 6, 20, 24, 31, 33, 34, 41])
(78424, [9, 12, 26, 34])
(78425, [0, 23, 31, 33, 34, 44])
(78426, [0, 1, 2, 3, 4, 5, 7, 8, 12, 15, 16, 17, 18, 19, 21, 23, 24, 29, 30, 33, 34, 36, 39, 41])
(78427, [1, 2, 3, 4, 12, 24, 26, 34, 41])
(78428, [0, 2, 9, 34])
(78429, [34])
(78430, [34])
(78431, [3, 10, 15, 34])
(78432, [34])
(78433, [34])
(78434, [0, 12, 34])
(78435, [0, 34])
(78436, [2, 17, 26, 34, 41])
(78437, [0, 34])
(78438, [34])
(78439, [0, 34])
(78440, [0, 1, 3, 4, 9, 11, 12, 15, 17, 19, 24, 26, 34, 39, 44])
(78441, [34])
(78442, [33])
(78443, [33])
(78444, [4, 9, 11, 14, 20, 26, 30, 31, 33, 43, 44])
(78445, [33])
(78446, [33])
(78447, [33])
(78448, [33])
(78449, [0, 1, 2, 3, 4, 6, 9, 11, 12, 15, 16, 18, 19, 20, 21, 22, 23, 31, 33, 38, 44])
(78450, [19, 33])
(78451, [0, 2, 3, 6, 11, 13, 15, 19, 26, 30, 31, 33])
(78452, [0, 3, 33])
(78453, [26, 33])
(78454, [33])
(78455, [1, 33, 44])
(78456, [3, 23, 26, 33])
(78457, [0, 1, 2, 3, 4, 7, 9, 11, 12, 13, 15, 17, 18, 19, 21, 22, 23, 24, 26, 33, 40, 43, 44])
(78458, [33])
(78459, [0, 1, 2, 3, 4, 6, 7, 9, 11, 12, 13, 14, 15, 16, 17, 19, 20, 21, 22, 30, 33, 38, 41, 42, 44])
(78460, [33])
(78461, [33])
(78462, [33])
(78463, [0, 33])
(78464, [0, 3, 12, 15, 16, 33, 37, 43, 44])
(78465, [11, 33, 44])
(78466, [0, 1, 3, 9, 12, 14, 15, 18, 19, 21, 23, 33, 44])
(78467, [33])
(78468, [0, 2, 4, 6, 7, 11, 12, 15, 21, 23, 30, 33, 40, 43, 44])
(78469, [2, 11, 14, 18, 31, 33, 43])
(78470, [0, 4, 5, 7, 10, 12, 19, 33])
(78471, [33])
(78472, [31, 33])
(78473, [11, 15, 16, 23, 30, 33, 37])
(78474, [2, 14, 33])
(78475, [17, 26, 33])
(78476, [2, 4, 6, 9, 11, 12, 13, 14, 15, 16, 21, 23, 26, 28, 33, 36, 40, 43])
(78477, [33])
(78478, [33])
(78479, [33])
(78480, [1, 3, 12, 19, 33])
(78481, [8, 12, 20, 26, 30, 31, 33])
(78482, [0, 2, 3, 7, 9, 11, 12, 14, 15, 17, 19, 20, 26, 28, 33, 43, 44])
(78483, [1, 2, 3, 8, 9, 10, 12, 15, 19, 31, 33, 41])
(78484, [30, 31, 33])
(78485, [33])
(78486, [0, 4, 15, 33])
(78487, [0, 12, 20, 23])
(78488, [1, 3, 20, 23])
(78489, [0, 1, 2, 12, 19, 20])
(78490, [2, 3, 20, 24, 31])
(78491, [20])
(78492, [20])
(78493, [0, 3, 20, 39])
(78494, [0, 9, 11, 16, 20, 23, 41])
(78495, [3, 6, 9, 12, 20, 26])
(78496, [0, 1, 3, 19, 20])
(78497, [20])
(78498, [12, 20])
(78499, [20])
(78500, [12, 20])
(78501, [20])
(78502, [1, 3, 7, 11, 12, 20])
(78503, [20])
(78504, [20])
(78505, [0, 20, 26])
(78506, [20])
(78507, [20])
(78508, [0, 4, 12, 20])
(78509, [0, 1, 2, 11, 20, 23, 26, 28, 30, 41, 43])
(78510, [0, 1, 2, 3, 5, 8, 12, 14, 15, 20, 21, 23, 26, 30, 41])
(78511, [2, 6, 12, 20])
(78512, [20, 28])
(78513, [20])
(78514, [2, 4, 8, 20, 23, 24, 27, 30])
(78515, [0, 2, 11, 14, 17, 20, 24, 26, 28, 31, 36])
(78516, [18])
(78517, [18])
(78518, [1, 3, 4, 6, 8, 9, 11, 12, 15, 16, 18, 19, 21, 23, 27, 36, 39, 44])
(78519, [18])
(78520, [18])
(78521, [18])
(78522, [8, 18, 23])
(78523, [18])
(78524, [18])
(78525, [18])
(78526, [18, 22])
(78527, [8, 18, 23])
(78528, [11, 18, 21, 43])
(78529, [1, 18, 23])
(78530, [18, 23])
(78531, [0, 1, 2, 3, 7, 14, 15, 18, 19, 21, 22, 27])
(78532, [18])
(78533, [18])
(78534, [10, 18])
(78535, [18])
(78536, [6, 18])
(78537, [15, 18, 24])
(78538, [3, 4, 7, 18, 19])
(78539, [18, 23])
(78540, [0, 1, 2, 3, 4, 9, 18, 21])
(78541, [18])
(78542, [0, 2, 7, 17, 18, 25, 41])
(78543, [18])
(78544, [2, 18, 19])
(78545, [0, 1, 5, 12, 15, 18, 19, 44])
(78546, [18])
(78547, [1, 2, 3, 4, 9, 11, 12, 15, 16, 18, 19, 21, 22, 23, 36, 38, 40, 42])
(78548, [18])
(78549, [8, 18, 23])
(78550, [0, 1, 18, 21])
(78551, [18, 29, 31, 44])
(78552, [18])
(78553, [18, 23, 40])
(78554, [18, 19])
(78555, [0, 18, 30])
(78556, [18])
(78557, [1, 2, 3, 11, 12, 17, 18, 19, 43, 44])
(78558, [18])
(78559, [18])
(78560, [3, 18])
(78561, [18])
(78562, [18])
(78563, [1, 4, 11, 18, 19])
(78564, [18])
(78565, [18])
(78566, [18])
(78567, [18, 19, 23])
(78568, [0, 18, 23])
(78569, [18])
(78570, [3, 8, 11, 15, 18, 23])
(78571, [18, 19, 23, 30, 36, 43])
(78572, [2, 18, 43])
(78573, [18])
(78574, [0, 1, 3, 12, 18, 21])
(78575, [18])
(78576, [18])
(78577, [1, 2, 3, 4, 7, 8, 18, 19, 21, 22, 23, 40, 41])
(78578, [0, 18, 40, 42])
(78579, [18])
(78580, [0, 18, 41])
(78581, [18, 23, 37])
(78582, [18])
(78583, [1, 2, 15, 18, 26])
(78584, [18, 23])
(78585, [18, 36])
(78586, [18])
(78587, [18])
(78588, [18])
(78589, [18])
(78590, [18])
(78591, [18])
(78592, [18])
(78593, [18])
(78594, [18, 23])
(78595, [18])
(78596, [18])
(78597, [6, 18])
(78598, [18])
(78599, [9, 12, 17, 18, 19])
(78600, [18, 24, 27])
(78601, [2, 18, 37, 44])
(78602, [18])
(78603, [18])
(78604, [18])
(78605, [18])
(78606, [18])
(78607, [18])
(78608, [18])
(78609, [19, 23, 27])
(78610, [24, 27])
(78611, [27])
(78612, [27])
(78613, [27])
(78614, [3, 7, 9, 15, 16, 17, 19, 22, 23, 26, 27, 41, 43])
(78615, [0, 2, 12, 17, 27, 40, 43, 44])
(78616, [27])
(78617, [27])
(78618, [27])
(78619, [27])
(78620, [0, 1, 6, 9, 23, 27])
(78621, [0, 27])
(78622, [26, 27, 37, 44])
(78623, [27])
(78624, [9])
(78625, [9, 17, 41])
(78626, [9])
(78627, [2, 9])
(78628, [9])
(78629, [9])
(78630, [9])
(78631, [9])
(78632, [2, 9, 10])
(78633, [9])
(78634, [1, 3, 7, 9, 12])
(78635, [0, 1, 2, 3, 9, 11, 12, 21, 41, 42, 44])
(78636, [0, 3, 8, 9, 16, 23, 28])
(78637, [1, 3, 4, 9, 17, 19, 24, 39, 43])
(78638, [9])
(78639, [9])
(78640, [1, 9])
(78641, [3, 9, 19])
(78642, [9])
(78643, [9])
(78644, [9])
(78645, [9])
(78646, [9])
(78647, [9])
(78648, [2, 9, 10, 12, 39])
(78649, [9, 16, 17, 19, 31, 37, 41])
(78650, [7, 9])
(78651, [4, 6, 9, 11, 43])
(78652, [9])
(78653, [6, 9, 23])
(78654, [0, 2, 9])
(78655, [9, 16, 17, 23, 26, 41])
(78656, [9])
(78657, [1, 3, 9, 11, 12, 15, 21, 22])
(78658, [9])
(78659, [9, 31])
(78660, [9])
(78661, [9])
(78662, [9])
(78663, [2, 9, 43])
(78664, [9])
(78665, [9])
(78666, [9])
(78667, [1, 3, 9, 11, 12, 19, 23])
(78668, [9])
(78669, [9])
(78670, [1, 9])
(78671, [9])
(78672, [9])
(78673, [9])
(78674, [9])
(78675, [9])
(78676, [9])
(78677, [9])
(78678, [9])
(78679, [9])
(78680, [2, 9, 12, 41, 44])
(78681, [3, 4, 9, 40])
(78682, [2, 7, 9, 11, 15, 19])
(78683, [9])
(78684, [9])
(78685, [1, 2, 3, 7, 9, 19, 31])
(78686, [9])
(78687, [9])
(78688, [2, 9])
(78689, [0])
(78690, [0])
(78691, [0, 3])
(78692, [0])
(78693, [0])
(78694, [0])
(78695, [0])
(78696, [0])
(78697, [0])
(78698, [0, 12, 31, 44])
(78699, [0, 4])
(78700, [0, 1, 3, 4, 6, 12, 15, 23, 30, 31, 43, 44])
(78701, [0])
(78702, [0])
(78703, [0])
(78704, [0])
(78705, [0])
(78706, [0])
(78707, [0])
(78708, [0])
(78709, [0])
(78710, [0])
(78711, [0])
(78712, [0, 10, 12])
(78713, [0])
(78714, [0, 39])
(78715, [0])
(78716, [0])
(78717, [0, 1, 3, 12, 19, 26])
(78718, [0])
(78719, [0, 2, 14, 15, 16, 42])
(78720, [0])
(78721, [0, 30])
(78722, [0])
(78723, [0, 12])
(78724, [0])
(78725, [0, 2])
(78726, [0])
(78727, [0])
(78728, [0])
(78729, [0])
(78730, [0, 26])
(78731, [0])
(78732, [0])
(78733, [0, 12, 17])
(78734, [0, 12])
(78735, [0])
(78736, [0])
(78737, [0])
(78738, [0])
(78739, [0])
(78740, [0])
(78741, [0])
(78742, [0])
(78743, [0])
(78744, [0])
(78745, [0])
(78746, [0])
(78747, [0])
(78748, [0])
(78749, [0])
(78750, [0])
(78751, [0])
(78752, [0, 2])
(78753, [0])
(78754, [0])
(78755, [0, 1, 11, 12])
(78756, [0, 12])
(78757, [0])
(78758, [0])
(78759, [0])
(78760, [0])
(78761, [0])
(78762, [0])
(78763, [0])
(78764, [0, 1, 2, 3, 26])
(78765, [0, 11])
(78766, [0, 43])
(78767, [0])
(78768, [0])
(78769, [0])
(78770, [0])
(78771, [0])
(78772, [0, 12])
(78773, [0])
(78774, [0])
(78775, [0])
(78776, [0])
(78777, [0, 2, 3, 11, 26, 42, 44])
(78778, [0])
(78779, [0])
(78780, [0])
(78781, [0])
(78782, [0])
(78783, [0])
(78784, [0])
(78785, [0])
(78786, [0])
(78787, [0])
(78788, [0])
(78789, [0])
(78790, [0, 10])
(78791, [0])
(78792, [0])
(78793, [0])
(78794, [0, 12])
(78795, [0, 11])
(78796, [0])
(78797, [0, 2, 17, 44])
(78798, [0])
(78799, [0])
(78800, [0])
(78801, [0])
(78802, [0])
(78803, [0, 3, 7, 26])
(78804, [0])
(78805, [0])
(78806, [0])
(78807, [0])
(78808, [0])
(78809, [0])
(78810, [0, 3, 12])
(78811, [0])
(78812, [0])
(78813, [0])
(78814, [0])
(78815, [0])
(78816, [0])
(78817, [0])
(78818, [0, 10])
(78819, [0])
(78820, [0])
(78821, [0, 3])
(78822, [0])
(78823, [0, 4])
(78824, [0])
(78825, [0, 12])
(78826, [0])
(78827, [0])
(78828, [0])
(78829, [0])
(78830, [0])
(78831, [0, 23])
(78832, [0, 1, 12, 16, 44])
(78833, [0])
(78834, [0])
(78835, [0])
(78836, [0])
(78837, [0])
(78838, [0])
(78839, [0])
(78840, [0])
(78841, [0])
(78842, [0])
(78843, [0])
(78844, [0])
(78845, [0])
(78846, [0])
(78847, [0, 12])
(78848, [0, 3])
(78849, [0])
(78850, [0])
(78851, [0, 12])
(78852, [0])
(78853, [0])
(78854, [0])
(78855, [0])
(78856, [0])
(78857, [0])
(78858, [0])
(78859, [0])
(78860, [0])
(78861, [0])
(78862, [0])
(78863, [0])
(78864, [0])
(78865, [0])
(78866, [0])
(78867, [0])
(78868, [0])
(78869, [0])
(78870, [0])
(78871, [0])
(78872, [0])
(78873, [0])
(78874, [0])
(78875, [0])
(78876, [0, 3, 12, 21, 29])
(78877, [0])
(78878, [0, 3, 7, 11, 41, 42, 44])
(78879, [0])
(78880, [0, 41])
(78881, [0])
(78882, [0])
(78883, [0])
(78884, [0, 3])
(78885, [0])
(78886, [0])
(78887, [0])
(78888, [11])
(78889, [1, 11])
(78890, [11])
(78891, [11])
(78892, [3, 11, 26])
(78893, [11, 19])
(78894, [11])
(78895, [2, 11])
(78896, [1, 2, 11, 23, 41])
(78897, [2, 8, 11, 12, 14, 16, 17, 24, 25, 26, 28, 39, 40, 41, 44])
(78898, [11])
(78899, [2, 3, 11, 12, 17, 19, 21, 26, 36, 38, 42, 44])
(78900, [11])
(78901, [11, 15])
(78902, [11])
(78903, [2, 11, 17, 19, 41, 44])
(78904, [2, 3, 11])
(78905, [11])
(78906, [11])
(78907, [1, 2, 3, 4, 6, 8, 11, 15, 17, 21, 24, 26, 30, 31, 43, 44])
(78908, [2, 6, 11, 14, 17, 26])
(78909, [11])
(78910, [3, 6, 8, 11, 15, 31])
(78911, [2, 7, 11, 30, 31])
(78912, [1, 11])
(78913, [11])
(78914, [3, 4, 11, 43])
(78915, [7])
(78916, [7])
(78917, [7])
(78918, [7])
(78919, [2, 7])
(78920, [1, 3, 7])
(78921, [7])
(78922, [1, 7, 12])
(78923, [7, 8, 22])
(78924, [7])
(78925, [7, 21])
(78926, [7])
(78927, [7])
(78928, [7])
(78929, [7])
(78930, [7, 21])
(78931, [7])
(78932, [3, 6, 7, 14, 15])
(78933, [7, 44])
(78934, [1, 3, 29])
(78935, [29])
(78936, [16, 23])
(78937, [16])
(78938, [16])
(78939, [16])
(78940, [1, 2, 6, 15, 16, 21, 23])
(78941, [16])
(78942, [12, 13, 16])
(78943, [16])
(78944, [3, 16])
(78945, [16])
(78946, [8, 16, 23])
(78947, [16])
(78948, [8, 10, 16, 28, 41])
(78949, [16])
(78950, [1, 3, 4, 16, 19, 21, 44])
(78951, [16])
(78952, [16])
(78953, [42])
(78954, [6])
(78955, [6, 8, 21])
(78956, [6])
(78957, [1, 4, 6, 8, 24, 31])
(78958, [6])
(78959, [2, 6])
(78960, [6])
(78961, [6, 15])
(78962, [6])
(78963, [6, 12, 19])
(78964, [6])
(78965, [6, 43])
(78966, [6])
(78967, [6, 26])
(78968, [3, 6, 24])
(78969, [28])
(78970, [28])
(78971, [28])
(78972, [2, 26, 28, 43])
(78973, [1, 3, 28])
(78974, [28])
(78975, [8, 23, 28])
(78976, [2, 26, 28])
(78977, [1, 17, 22, 25, 31, 40])
(78978, [17])
(78979, [3, 8, 17, 21, 41])
(78980, [17])
(78981, [17])
(78982, [8, 17, 43])
(78983, [17])
(78984, [1, 3, 17, 30])
(78985, [4, 17, 36, 40, 41])
(78986, [17])
(78987, [17, 43])
(78988, [17])
(78989, [17])
(78990, [17])
(78991, [14, 17])
(78992, [17, 19])
(78993, [17])
(78994, [2, 17, 41, 43])
(78995, [2, 14, 17])
(78996, [17])
(78997, [2, 17])
(78998, [17])
(78999, [17])
(79000, [1, 41])
(79001, [1, 3, 21, 37])
(79002, [1, 21, 22, 31])
(79003, [1, 3, 19, 22])
(79004, [1, 2, 44])
(79005, [1])
(79006, [1])
(79007, [1, 2, 3, 19, 40])
(79008, [1, 21])
(79009, [1, 3])
(79010, [1])
(79011, [1])
(79012, [1])
(79013, [1, 3, 19])
(79014, [1])
(79015, [1])
(79016, [1])
(79017, [1])
(79018, [1])
(79019, [1])
(79020, [1, 19])
(79021, [1])
(79022, [1, 3, 26, 41])
(79023, [1])
(79024, [1, 2, 31])
(79025, [1, 19])
(79026, [1, 21, 23, 26, 30])
(79027, [1, 3, 12, 21])
(79028, [1, 3, 21])
(79029, [1, 3, 21])
(79030, [1])
(79031, [10, 12])
(79032, [10])
(79033, [10])
(79034, [10])
(79035, [10])
(79036, [10])
(79037, [10])
(79038, [10])
(79039, [10])
(79040, [10, 24, 44])
(79041, [10, 30, 41])
(79042, [10])
(79043, [10])
(79044, [19])
(79045, [2, 3, 19, 26])
(79046, [19])
(79047, [19])
(79048, [2, 19, 23, 26])
(79049, [19])
(79050, [19])
(79051, [19])
(79052, [19, 41])
(79053, [19])
(79054, [19])
(79055, [19])
(79056, [19])
(79057, [19])
(79058, [2, 4, 12, 15, 19, 26, 39])
(79059, [3, 19])
(79060, [19])
(79061, [8, 12, 15, 19, 21, 26])
(79062, [14, 19, 40, 41])
(79063, [19])
(79064, [19, 43])
(79065, [19])
(79066, [19])
(79067, [4, 19, 24])
(79068, [19])
(79069, [19, 26])
(79070, [19])
(79071, [19])
(79072, [19])
(79073, [19])
(79074, [19])
(79075, [19])
(79076, [2, 26, 44])
(79077, [26, 40])
(79078, [2, 12, 26])
(79079, [26])
(79080, [26])
(79081, [26])
(79082, [26])
(79083, [26])
(79084, [26])
(79085, [26])
(79086, [21, 26])
(79087, [26])
(79088, [26])
(79089, [26])
(79090, [24, 26, 43])
(79091, [26])
(79092, [26])
(79093, [26])
(79094, [5, 8])
(79095, [8])
(79096, [8])
(79097, [3, 5, 8, 23, 30, 44])
(79098, [3, 8])
(79099, [8])
(79100, [8, 23, 30])
(79101, [8])
(79102, [3, 8, 13])
(79103, [8])
(79104, [8])
(79105, [8, 30])
(79106, [8])
(79107, [8, 44])
(79108, [8])
(79109, [8])
(79110, [8])
(79111, [3, 8])
(79112, [8])
(79113, [8])
(79114, [8])
(79115, [8, 23, 44])
(79116, [21])
(79117, [21, 44])
(79118, [21])
(79119, [21])
(79120, [21])
(79121, [21])
(79122, [21])
(79123, [12, 21])
(79124, [21])
(79125, [21])
(79126, [21])
(79127, [21])
(79128, [21])
(79129, [21])
(79130, [21])
(79131, [21])
(79132, [21])
(79133, [21])
(79134, [21])
(79135, [21])
(79136, [21])
(79137, [21])
(79138, [21])
(79139, [21])
(79140, [21])
(79141, [21])
(79142, [3, 21])
(79143, [21])
(79144, [21])
(79145, [21])
(79146, [21])
(79147, [21])
(79148, [21])
(79149, [21])
(79150, [21])
(79151, [21])
(79152, [44])
(79153, [44])
(79154, [44])
(79155, [3, 44])
(79156, [44])
(79157, [44])
(79158, [44])
(79159, [13, 44])
(79160, [44])
(79161, [44])
(79162, [2, 12, 23, 31, 44])
(79163, [44])
(79164, [44])
(79165, [2, 43])
(79166, [43])
(79167, [43])
(79168, [43])
(79169, [43])
(79170, [43])
(79171, [43])
(79172, [43])
(79173, [43])
(79174, [43])
(79175, [43])
(79176, [4, 43])
(79177, [43])
(79178, [43])
(79179, [43])
(79180, [43])
(79181, [43])
(79182, [43])
(79183, [43])
(79184, [43])
(79185, [41, 43])
(79186, [3, 43])
(79187, [43])
(79188, [43])
(79189, [23, 38])
(79190, [5, 22, 38])
(79191, [36])
(79192, [36])
(79193, [36])
(79194, [36])
(79195, [36])
(79196, [14, 36])
(79197, [36])
(79198, [36])
(79199, [36])
(79200, [36])
(79201, [36])
(79202, [36])
(79203, [36])
(79204, [36])
(79205, [36])
(79206, [36])
(79207, [36])
(79208, [36])
(79209, [2, 12, 36])
(79210, [36])
(79211, [36])
(79212, [36])
(79213, [36])
(79214, [36])
(79215, [36])
(79216, [36])
(79217, [36])
(79218, [36])
(79219, [31])
(79220, [31])
(79221, [31])
(79222, [31])
(79223, [31])
(79224, [31])
(79225, [15, 24, 30, 31])
(79226, [31])
(79227, [31])
(79228, [31])
(79229, [31])
(79230, [31])
(79231, [31])
(79232, [31])
(79233, [31])
(79234, [31])
(79235, [31])
(79236, [30])
(79237, [2, 30])
(79238, [30])
(79239, [30])
(79240, [2, 24, 30, 41])
(79241, [30])
(79242, [30])
(79243, [30])
(79244, [30])
(79245, [30])
(79246, [37])
(79247, [37])
(79248, [37])
(79249, [5, 37])
(79250, [37])
(79251, [39])
(79252, [39])
(79253, [39])
(79254, [39])
(79255, [4, 39])
(79256, [24, 39])
(79257, [39])
(79258, [41])
(79259, [41])
(79260, [3, 41])
(79261, [41])
(79262, [41])
(79263, [41])
(79264, [41])
(79265, [41])
(79266, [41])
(79267, [41])
(79268, [41])
(79269, [2, 41])
(79270, [41])
(79271, [41])
(79272, [12, 41])
(79273, [41])
(79274, [2, 14, 15, 40, 41])
(79275, [41])
(79276, [41])
(79277, [41])
(79278, [41])
(79279, [41])
(79280, [41])
(79281, [41])
(79282, [41])
(79283, [41])
(79284, [24])
(79285, [24])
(79286, [24])
(79287, [24])
(79288, [24])
(79289, [24])
(79290, [24])
(79291, [24])
(79292, [24])
(79293, [24])
(79294, [24])
(79295, [3, 23])
(79296, [23])
(79297, [23])
(79298, [23])
(79299, [23])
(79300, [23])
(79301, [23])
(79302, [23])
(79303, [2, 23])
(79304, [23])
(79305, [23])
(79306, [23])
(79307, [23])
(79308, [23])
(79309, [23])
(79310, [23])
(79311, [23])
(79312, [23])
(79313, [23])
(79314, [23])
(79315, [23])
(79316, [23])
(79317, [23])
(79318, [23])
(79319, [23])
(79320, [23])
(79321, [23])
(79322, [23])
(79323, [23])
(79324, [23])
(79325, [23])
(79326, [23])
(79327, [23])
(79328, [23])
(79329, [23])
(79330, [23])
(79331, [23])
(79332, [23])
(79333, [23])
(79334, [23])
(79335, [23])
(79336, [23])
(79337, [23])
(79338, [23])
(79339, [23])
(79340, [23])
(79341, [23])
(79342, [3, 12, 23])
(79343, [23])
(79344, [23])
(79345, [15, 23])
(79346, [23])
(79347, [23])
(79348, [23])
(79349, [23])
(79350, [4])
(79351, [4])
(79352, [4])
(79353, [4])
(79354, [4])
(79355, [4])
(79356, [4])
(79357, [4])
(79358, [4])
(79359, [2, 4, 25])
(79360, [4])
(79361, [4])
(79362, [3, 4])
(79363, [4])
(79364, [4])
(79365, [15])
(79366, [15])
(79367, [15])
(79368, [15])
(79369, [15])
(79370, [15])
(79371, [15])
(79372, [15])
(79373, [15])
(79374, [15])
(79375, [15])
(79376, [15, 22])
(79377, [15])
(79378, [15])
(79379, [15])
(79380, [15])
(79381, [15])
(79382, [2, 15])
(79383, [15])
(79384, [15])
(79385, [15])
(79386, [3])
(79387, [3])
(79388, [3])
(79389, [3])
(79390, [3])
(79391, [3])
(79392, [3])
(79393, [3])
(79394, [3])
(79395, [3])
(79396, [3])
(79397, [3])
(79398, [3])
(79399, [3])
(79400, [3])
(79401, [3])
(79402, [3])
(79403, [3])
(79404, [3])
(79405, [3])
(79406, [3])
(79407, [3])
(79408, [3, 12])
(79409, [3])
(79410, [3])
(79411, [3])
(79412, [3])
(79413, [3])
(79414, [3])
(79415, [3])
(79416, [3])
(79417, [3])
(79418, [3])
(79419, [3])
(79420, [3])
(79421, [12])
(79422, [12])
(79423, [12])
(79424, [12])
(79425, [12])
(79426, [12])
(79427, [12])
(79428, [12])
(79429, [12])
(79430, [12])
(79431, [12])
(79432, [12])
(79433, [12])
(79434, [12])
(79435, [12])
(79436, [12])
(79437, [12])
(79438, [12])
(79439, [12])
(79440, [12])
(79441, [12])
(79442, [12])
(79443, [12])
(79444, [12])
(79445, [12])
(79446, [12])
(79447, [12])
(79448, [12])
(79449, [12])
(79450, [12])
(79451, [2, 12])
(79452, [12])
(79453, [12])
(79454, [12])
(79455, [12])
(79456, [12])
(79457, [12])
(79458, [12])
(79459, [12])
(79460, [12])
(79461, [12])
(79462, [12])
(79463, [12])
(79464, [12])
(79465, [12])
(79466, [12])
(79467, [12])
(79468, [12])
(79469, [12])
(79470, [12])
(79471, [12])
(79472, [12])
(79473, [12])
(79474, [12])
(79475, [12])
(79476, [12])
(79477, [12])
(79478, [12])
(79479, [12])
(79480, [12])
(79481, [12])
(79482, [40])
(79483, [40])
(79484, [40])
(79485, [40])
(79486, [2])
(79487, [2])
(79488, [2])
(79489, [2])
(79490, [2])
(79491, [2])
(79492, [2])
(79493, [2])
(79494, [2])
(79495, [2])
(79496, [2])
(79497, [2])
(79498, [2])
(79499, [2])
(79500, [2])
(79501, [2])
(79502, [2])
(79503, [2])
(79504, [2])
(79505, [2])
(79506, [2])
(79507, [2])
(79508, [2])
(79509, [2])
(79510, [2])
(79511, [2])
(79512, [2])
(79513, [2])
(79514, [2])
(79515, [2])
(79516, [2])
(79517, [2])
(79518, [2])
(79519, [2])
(79520, [2])
(79521, [2])
(79522, [2])
(79523, [2])
(79524, [2])
(79525, [2])
(79526, [2])
(79527, [2])
(79528, [2])
(79529, [2])
(79530, [2])
(79531, [2])
(79532, [2])
(79533, [2])
(79534, [2])
(79535, [2])
(79536, [2])
(79537, [2])
(79538, [2])
(79539, [2])
(79540, [2])
(79541, [2])
(79542, [2])
(79543, [2])
(79544, [2])
(79545, [2])
(79546, [2])
(79547, [2])
(79548, [13])
(79549, [13])
(79550, [13])
(79551, [13])
(79552, [5])
(79553, [5])
(79554, [5])
(79555, [5])
(79556, [5])
(79557, [5])
(79558, [5])
(79559, [5])
(79560, [5])
(79561, [5])
(79562, [5])
(79563, [5])
(79564, [5])
(79565, [14])
(79566, [14])
(79567, [14])
(79568, [14])
(79569, [14])
(79570, [14])
(79571, [14])
(79572, [14])
(79573, [14])
(79574, [14])
(79575, [22])
(79576, [22])
(79577, [22])
(79578, [22])
(79579, [22])
(79580, [22])
(79581, [22])
(79582, [22])
(79583, [22])
(79584, [22])
(79585, [22])
(79586, [22])
