(69879, [32, 35, 34, 33, 20, 18, 27, 9, 0, 11, 7, 42, 6, 28, 17, 1, 19, 26, 8, 21, 44, 43, 31, 30, 37, 39, 41, 24, 23, 4, 15, 3, 12, 40, 2, 5, 14, 22])
(69880, [32, 17])
(69881, [32, 35, 34, 33, 20, 18, 27, 9, 0, 11, 7, 29, 16, 42, 6, 28, 17, 1, 10, 19, 26, 8, 21, 44, 43, 38, 36, 31, 30, 37, 39, 41, 24, 23, 4, 15, 3, 12, 40, 2, 13, 5, 14, 22, 25])
(69882, [32, 35, 34, 33, 20, 18, 27, 9, 0, 11, 7, 29, 16, 42, 6, 28, 17, 1, 10, 19, 26, 8, 21, 44, 43, 38, 36, 31, 30, 37, 39, 41, 24, 23, 4, 15, 3, 12, 40, 2, 13, 5, 14, 22, 25])
(69883, [32, 35, 34, 33, 20, 18, 27, 9, 0, 11, 7, 29, 16, 42, 6, 28, 17, 1, 10, 19, 26, 8, 21, 44, 43, 38, 36, 31, 30, 37, 39, 41, 24, 23, 4, 15, 3, 12, 40, 2, 13, 5, 14, 22, 25])
(69884, [32, 35, 34, 33, 18, 9, 11, 29, 16, 6, 1, 19, 8, 21, 44, 43, 38, 31, 30, 39, 41, 24, 23, 4, 3, 12, 5, 22])
(69885, [32, 35, 34, 33, 18, 9, 11, 7, 29, 6, 17, 1, 19, 8, 21, 44, 43, 31, 30, 23, 4, 15, 3, 12, 2, 13])
(69886, [32, 3])
(69887, [32, 35, 34, 18, 9, 11, 1, 26, 44, 43, 37, 41, 15, 3])
(69888, [32, 34, 33, 9, 0, 16, 17, 10, 19, 21, 43, 31, 39, 41, 4, 15, 12, 40, 2, 14])
(69889, [32])
(69890, [32, 34, 33, 20, 18, 9, 11, 7, 16, 42, 6, 17, 1, 19, 26, 21, 44, 43, 31, 30, 39, 41, 24, 23, 4, 15, 3, 12, 40, 2, 14])
(69891, [32, 34, 33, 20, 18, 9, 0, 11, 7, 16, 6, 28, 17, 1, 10, 19, 26, 8, 21, 44, 43, 36, 31, 30, 39, 41, 24, 23, 4, 15, 3, 12, 40, 2, 13, 14, 22])
(69892, [32, 34, 33, 20, 18, 27, 9, 0, 11, 7, 29, 16, 42, 6, 28, 17, 1, 10, 19, 26, 8, 21, 44, 43, 38, 36, 31, 30, 37, 39, 41, 24, 23, 4, 15, 3, 12, 40, 2, 13, 5, 14, 22, 25])
(69893, [32, 34, 33, 9, 0, 16, 6, 19, 26, 44, 43, 31, 30, 41, 24, 4, 2, 14])
(69894, [32, 35, 34, 9, 0, 30, 24, 23, 4, 40, 14])
(69895, [32, 33, 4])
(69896, [32, 35, 34, 20, 18, 27, 9, 0, 11, 7, 16, 42, 6, 28, 17, 1, 19, 26, 8, 21, 44, 43, 38, 31, 30, 37, 39, 41, 24, 23, 4, 15, 3, 12, 40, 2, 5, 14, 22, 25])
(69897, [32, 35, 34, 33, 18, 27, 9, 11, 16, 6, 17, 1, 26, 44, 43, 38, 31, 30, 41, 24, 23, 4, 15, 3, 12, 2, 13, 14, 22])
(69898, [32, 34, 33, 18, 9, 11, 16, 42, 17, 1, 19, 26, 21, 44, 43, 38, 31, 30, 37, 41, 23, 4, 15, 3, 12, 40, 2, 13, 22])
(69899, [32, 34, 33, 20, 18, 27, 9, 11, 7, 29, 42, 6, 17, 1, 19, 21, 43, 38, 31, 30, 41, 15, 3, 12, 2, 25])
(69900, [32, 35, 34, 33, 20, 18, 27, 9, 0, 11, 29, 16, 42, 6, 17, 1, 10, 19, 26, 8, 21, 44, 43, 31, 30, 39, 41, 24, 23, 4, 15, 3, 12, 40, 2, 13, 14, 22])
(69901, [32, 1, 44, 43, 30, 39, 3])
(69902, [32, 34, 33, 20, 18, 9, 11, 7, 16, 42, 6, 17, 1, 10, 19, 26, 21, 44, 43, 36, 31, 30, 39, 41, 24, 23, 4, 15, 12, 40, 2, 13, 14])
(69903, [32, 35, 34, 33, 20, 18, 27, 9, 0, 11, 7, 29, 16, 42, 6, 28, 17, 1, 10, 19, 26, 8, 21, 44, 43, 38, 31, 30, 37, 39, 41, 24, 23, 4, 15, 3, 12, 40, 2, 13, 5, 14, 22])
(69904, [32, 34, 18, 9, 6, 17, 19, 26, 31, 24, 23, 15, 3, 2])
(69905, [32, 18, 9, 0, 7, 6, 17, 1, 26, 43, 31, 30, 41, 24, 15, 3, 12, 2, 13])
(69906, [32, 34, 9, 11, 17, 26, 44, 31, 30, 41, 24, 23, 15, 2, 13])
(69907, [32, 35, 6, 43, 41, 24, 15, 2, 14])
(69908, [32, 34, 33, 18, 0, 11, 7, 16, 6, 17, 1, 8, 43, 36, 31, 30, 3, 12, 22])
(69909, [32, 34, 33, 18, 27, 9, 16, 6, 1, 19, 8, 21, 44, 43, 31, 30, 37, 41, 24, 23, 4, 15, 3, 12, 2, 22])
(69910, [32, 35, 33, 18, 27, 9, 11, 7, 6, 28, 17, 1, 19, 26, 21, 44, 43, 30, 39, 24, 23, 4, 15, 3, 12, 2, 13, 14])
(69911, [32, 34, 20, 18, 9, 0, 11, 7, 16, 42, 6, 17, 1, 10, 19, 26, 21, 44, 43, 31, 30, 24, 4, 15, 3, 12, 2, 13, 14, 22])
(69912, [32, 35, 33, 18, 1, 39, 23, 15, 3, 22])
(69913, [32, 34, 33, 11, 1, 19, 21, 44, 31, 30, 24, 3, 22])
(69914, [32, 20])
(69915, [32, 34, 33, 9, 11, 16, 6, 17, 1, 26, 21, 43, 31, 30, 41, 24, 23, 15, 2])
(69916, [32, 9, 11, 7, 17, 1, 26, 41, 15, 3, 12, 2])
(69917, [32, 34, 9, 6, 19, 44, 31, 30, 41, 40, 14])
(69918, [32, 33, 18, 9, 0, 11, 7, 16, 42, 6, 1, 19, 26, 21, 44, 41, 24, 23, 4, 15, 3, 12, 2, 13, 14, 22])
(69919, [32, 34, 33, 27, 9, 0, 16, 42, 1, 10, 26, 31, 30, 41, 24, 23, 4, 3, 12, 2, 5, 14, 22])
(69920, [32, 33, 20, 18, 9, 11, 7, 42, 6, 17, 1, 10, 19, 8, 43, 36, 31, 41, 23, 4, 15, 3, 40, 2, 14])
(69921, [32, 35, 34, 20, 18, 9, 0, 11, 16, 19, 26, 43, 31, 30, 23, 4])
(69922, [32, 43, 4, 3])
(69923, [32, 34, 33, 18, 11, 7, 16, 42, 17, 1, 19, 44, 43, 31, 30, 37, 4, 15, 3, 12, 2, 14, 22])
(69924, [32, 35, 34, 33, 18, 27, 9, 0, 11, 7, 16, 42, 6, 17, 1, 19, 26, 8, 21, 44, 43, 38, 36, 30, 37, 41, 24, 23, 4, 15, 3, 12, 40, 2, 13, 5, 14, 22])
(69925, [32, 35, 34, 33, 18, 9, 0, 11, 7, 16, 6, 1, 19, 26, 8, 43, 30, 41, 24, 23, 4, 15, 12, 2, 22])
(69926, [32, 33, 9, 0, 6, 21, 44, 36, 31, 41, 24, 3, 22])
(69927, [32, 20, 18, 0, 1, 19, 31, 30, 3, 12])
(69928, [32, 35, 33, 20, 18, 0, 7, 16, 42, 6, 1, 19, 21, 44, 31, 23, 4, 15, 3, 12, 40, 2, 14, 22])
(69929, [32, 35, 34, 33, 20, 18, 9, 0, 11, 16, 42, 6, 17, 1, 10, 19, 26, 8, 21, 44, 43, 31, 30, 39, 41, 23, 4, 15, 3, 12, 40, 2, 13, 5, 14, 22, 25])
(69930, [32, 0, 30, 23, 40])
(69931, [32, 11, 16, 6, 28, 1, 38, 31, 41, 24, 4, 15, 3, 2])
(69932, [32, 35, 33, 20, 18, 27, 9, 0, 11, 16, 6, 28, 17, 1, 19, 26, 8, 21, 44, 43, 36, 31, 30, 41, 24, 23, 4, 15, 3, 12, 40, 2, 13, 14])
(69933, [32, 0, 6, 26, 41, 2])
(69934, [32, 35, 34, 1, 19, 21, 31, 30, 37, 24, 23, 3, 12, 14])
(69935, [32, 17, 23, 4, 15, 2])
(69936, [32, 34, 33, 18, 11, 6, 17, 1, 23, 3, 22])
(69937, [32, 34, 33, 20, 27, 9, 11, 42, 6, 1, 43, 23, 3, 12])
(69938, [32, 34, 27, 9, 0, 16, 42, 1, 31, 4, 15, 3, 2])
(69939, [32, 34, 33, 20, 18, 11, 44, 43, 41, 3, 40])
(69940, [32, 18, 0, 6, 21, 31, 23])
(69941, [32, 18, 27, 0, 11, 6, 1, 8, 4, 12, 5])
(69942, [32, 9, 31])
(69943, [32, 33, 20, 18, 27, 11, 16, 6, 1, 19, 26, 21, 44, 23, 15, 3, 2, 22])
(69944, [32, 33, 20, 27, 0, 6, 36, 4, 3])
(69945, [32, 34, 18, 16, 6, 1, 19, 26, 43, 31, 39, 24, 23, 4, 15])
(69946, [32, 22])
(69947, [32, 35, 18, 8, 23])
(69948, [32, 34, 18, 9, 0, 16, 6, 17, 19, 26, 8, 44, 43, 41, 4, 15, 2, 5, 14])
(69949, [32, 33, 27, 9, 16, 6, 43, 31, 30, 23, 4, 15, 2])
(69950, [32, 19, 43, 24, 23])
(69951, [32])
(69952, [32, 35, 33, 18, 9, 0, 11, 7, 6, 1, 19, 8, 44, 43, 31, 30, 37, 39, 24, 23, 4, 3, 2])
(69953, [32, 35, 34, 33, 18, 27, 9, 0, 11, 6, 28, 17, 1, 19, 26, 8, 44, 43, 38, 31, 30, 37, 39, 41, 24, 23, 4, 15, 3, 12, 2, 13, 25])
(69954, [32])
(69955, [32, 11])
(69956, [32, 11, 1, 21, 43, 15, 3, 2])
(69957, [32, 35, 34, 33, 20, 18, 27, 9, 0, 11, 7, 29, 16, 42, 6, 28, 17, 1, 19, 26, 8, 21, 44, 43, 31, 30, 37, 41, 24, 23, 4, 15, 3, 12, 40, 2, 5, 22])
(69958, [32, 34, 20, 27, 9, 0, 6, 17, 26, 43, 36, 23, 12])
(69959, [32, 34, 20, 18, 9, 11, 6, 28, 17, 1, 19, 26, 44, 31, 24, 23, 4, 15, 3, 12, 2, 13])
(69960, [32, 15])
(69961, [32, 33, 11, 1, 26, 21, 30, 41, 24, 23, 3])
(69962, [32, 44])
(69963, [32, 35, 34, 33, 20, 18, 27, 9, 0, 11, 7, 42, 17, 1, 10, 8, 21, 44, 43, 31, 30, 39, 41, 24, 23, 15, 3, 12, 2, 13, 5, 22])
(69964, [32, 35, 33, 18, 9, 11, 29, 19, 26, 8, 21, 44, 43, 38, 37, 39, 3, 12, 2])
(69965, [32, 34, 33, 9, 0, 11, 16, 6, 17, 1, 10, 19, 21, 44, 43, 30, 41, 24, 23, 4, 15, 3, 12, 2, 13, 14, 22])
(69966, [32, 34, 0, 17, 19, 26, 8, 23, 15, 12, 2, 5])
(69967, [32, 34, 20, 18, 0, 11, 16, 31, 30, 12, 2])
(69968, [32, 34, 33, 20, 18, 9, 0, 11, 42, 6, 28, 17, 1, 10, 19, 26, 21, 44, 43, 38, 36, 30, 41, 24, 23, 4, 15, 3, 12, 2, 25])
(69969, [32, 33, 9, 0, 11, 7, 16, 28, 17, 1, 10, 26, 43, 31, 41, 3, 12, 2, 14])
(69970, [32, 33, 26, 43, 31, 30, 15, 2])
(69971, [32, 9, 7, 19, 44, 41, 2, 13])
(69972, [32, 33, 19, 31, 15])
(69973, [32, 18, 9, 30])
(69974, [32, 30])
(69975, [32, 6, 19, 43, 23, 4, 15, 3])
(69976, [32])
(69977, [32, 18, 9, 0, 11, 16, 17, 1, 26, 44, 43, 15, 3, 2, 14])
(69978, [32, 34, 33, 9, 11, 28, 17, 1, 19, 26, 44, 36, 31, 41, 24, 4, 15, 3, 40, 2, 13, 14])
(69979, [32, 34, 33, 0, 36, 31, 30, 15])
(69980, [32, 17, 19, 3])
(69981, [32, 33, 18, 9, 11, 16, 17, 1, 19, 26, 31, 30, 37, 39, 24, 3, 40, 2, 25])
(69982, [32, 33, 20, 18, 9, 0, 11, 7, 42, 6, 28, 17, 1, 19, 26, 21, 31, 30, 4, 15, 3, 40, 2])
(69983, [32, 9, 43, 31, 30])
(69984, [32, 33, 20, 18, 27, 9, 11, 16, 17, 1, 19, 26, 43, 31, 24, 23, 4, 15, 3, 12, 2, 14])
(69985, [32, 35, 34, 33, 20, 18, 9, 0, 11, 29, 16, 42, 6, 17, 1, 10, 19, 26, 8, 21, 44, 43, 38, 30, 37, 39, 41, 23, 15, 3, 12, 2, 5])
(69986, [32, 34, 33, 0, 29, 17, 1, 19, 15, 3, 2])
(69987, [32, 35, 34, 33, 20, 18, 27, 9, 0, 11, 7, 16, 17, 1, 19, 26, 8, 21, 44, 43, 38, 36, 31, 30, 39, 41, 23, 4, 15, 3, 12, 40, 2, 13, 22])
(69988, [32, 34, 33, 20, 18, 9, 0, 11, 7, 16, 28, 17, 1, 10, 26, 43, 38, 36, 31, 30, 39, 41, 24, 23, 4, 15, 3, 12, 2, 14, 25])
(69989, [32, 9, 43, 24])
(69990, [32])
(69991, [32, 34, 33, 0, 11, 7, 43, 36, 31, 30, 4, 12, 40, 13])
(69992, [35, 18, 19, 23, 25])
(69993, [35])
(69994, [35, 34, 9, 0, 19, 39, 41, 4, 3, 12])
(69995, [35, 34, 20, 18, 27, 9, 0, 11, 7, 29, 16, 42, 6, 28, 17, 1, 10, 19, 26, 21, 44, 43, 38, 39, 41, 4, 15, 3, 12, 40, 2, 13, 5, 14])
(69996, [35, 18, 8])
(69997, [35])
(69998, [35])
(69999, [35, 34, 33, 20, 9, 0, 11, 7, 16, 6, 28, 17, 1, 19, 26, 21, 44, 43, 36, 31, 30, 41, 24, 23, 4, 15, 3, 12, 40, 2, 13, 14, 22, 25])
(70000, [35])
(70001, [35])
(70002, [35, 43])
(70003, [35, 18, 6, 1, 19])
(70004, [35, 34, 18, 0, 16, 1, 8, 21, 38, 31, 39, 23, 3, 12, 5])
(70005, [35, 9, 0, 16, 42, 1, 8, 21, 43, 37, 23, 3, 12, 2, 5])
(70006, [35, 18, 9, 11, 16, 42, 6, 1, 30, 41, 23, 15, 5, 22])
(70007, [35])
(70008, [35, 8, 43, 15, 5])
(70009, [35])
(70010, [35])
(70011, [35, 36])
(70012, [35, 34, 20, 9, 0, 6, 28, 44, 30, 41, 24, 23, 4, 15, 12, 2, 14])
(70013, [35])
(70014, [35])
(70015, [35])
(70016, [35])
(70017, [35, 10, 3])
(70018, [35])
(70019, [35, 18, 8, 23])
(70020, [35, 0, 3])
(70021, [35, 18, 23])
(70022, [35, 9, 11, 1, 19, 21, 23, 15, 3, 2])
(70023, [35])
(70024, [35])
(70025, [35])
(70026, [35])
(70027, [35, 9, 0, 42, 1, 26, 43, 30, 24, 4, 15, 3, 12, 2, 14])
(70028, [35, 0, 6, 1, 26, 8, 21, 43, 39, 41, 23, 15, 3, 2, 5])
(70029, [35, 21])
(70030, [35, 33, 9, 11, 21])
(70031, [35, 27, 0, 11, 17, 1, 19, 26, 44, 36, 30, 39, 3, 12, 2, 13, 14])
(70032, [35])
(70033, [35, 33, 9, 0, 16, 6, 17, 1, 26, 43, 36, 41, 4, 3, 14])
(70034, [35])
(70035, [35])
(70036, [35, 18, 8, 43, 23])
(70037, [35])
(70038, [35])
(70039, [35, 18, 23])
(70040, [35])
(70041, [35])
(70042, [34, 20, 11, 1, 44, 38, 3])
(70043, [34, 9, 6, 17, 1, 26, 21, 44, 43, 30, 41, 40, 25])
(70044, [34, 33, 18, 9, 0, 11, 16, 6, 1, 19, 8, 21, 43, 31, 30, 23, 4, 3, 12, 40, 2, 5])
(70045, [34, 9, 0, 11, 19, 26, 44, 30, 2])
(70046, [34, 19, 26])
(70047, [34, 9, 26, 8, 43, 2])
(70048, [34, 18, 27, 9, 0, 11, 29, 16, 42, 1, 19, 26, 21, 44, 31, 30, 41, 24, 23, 4, 15, 3, 12, 2, 22])
(70049, [34, 18, 31, 41])
(70050, [34, 33, 18, 7, 36, 31, 3, 40])
(70051, [34, 30, 4, 3, 14])
(70052, [34, 40])
(70053, [34, 11, 36, 15, 3, 2, 13])
(70054, [34])
(70055, [34, 2])
(70056, [34])
(70057, [34])
(70058, [34])
(70059, [34, 20, 18, 9, 0, 11, 7, 6, 17, 1, 19, 26, 44, 43, 36, 31, 41, 24, 23, 15, 3, 12, 40, 2, 22, 25])
(70060, [34, 33, 0, 11, 17, 1, 44, 31, 30, 15, 3, 2])
(70061, [34, 43])
(70062, [34, 33, 18, 9, 0, 11, 7, 16, 42, 17, 1, 19, 26, 21, 44, 31, 30, 37, 41, 24, 23, 4, 15, 3, 12, 2])
(70063, [34, 20, 9, 7, 6, 26, 31, 15, 2, 14])
(70064, [34, 18, 9])
(70065, [34])
(70066, [34, 18, 40])
(70067, [34, 19])
(70068, [34, 20, 0, 11, 28, 17, 26, 44, 36, 41, 24, 4, 40, 2, 14])
(70069, [34, 20, 18, 0, 11, 16, 42, 1, 10, 19, 21, 44, 38, 30, 15, 3])
(70070, [34, 1, 10, 23])
(70071, [34, 20, 9, 7, 31, 2])
(70072, [34])
(70073, [34, 20, 23, 12])
(70074, [34, 33, 20, 18, 17, 10, 26, 30, 24, 3])
(70075, [34, 28, 26, 12])
(70076, [34, 0, 7, 16, 12])
(70077, [34])
(70078, [34, 9, 0, 11, 28, 26, 43, 30, 41, 3, 2])
(70079, [34])
(70080, [34])
(70081, [34, 9, 11, 43, 41, 4, 14])
(70082, [34, 0, 19, 36, 4])
(70083, [34, 20, 9, 21, 3])
(70084, [34, 31, 23, 15, 2, 5])
(70085, [34, 2])
(70086, [34])
(70087, [34])
(70088, [34, 0])
(70089, [34, 20, 7, 2])
(70090, [34, 21, 23])
(70091, [33])
(70092, [33, 1, 26, 12])
(70093, [33, 17])
(70094, [33])
(70095, [33])
(70096, [33, 9, 0, 28, 17, 36, 4, 15, 2])
(70097, [33])
(70098, [33])
(70099, [33, 11, 41, 40, 2, 13])
(70100, [33])
(70101, [33, 1, 19, 31])
(70102, [33, 18, 11, 7, 1, 3])
(70103, [33])
(70104, [33, 9, 1, 3])
(70105, [33, 20, 9, 7, 17, 1, 10, 41, 15, 3, 12, 13])
(70106, [33])
(70107, [33, 18, 9, 16, 42, 19, 26, 31, 41, 23])
(70108, [33, 9, 0, 11, 7, 16, 42, 17, 1, 19, 26, 21, 43, 39, 4, 3, 2])
(70109, [33, 9, 0, 1, 19, 41, 12, 2])
(70110, [33, 31])
(70111, [33, 9, 0, 7, 28, 1, 8, 30, 4, 15, 3, 12])
(70112, [33, 3])
(70113, [33])
(70114, [33, 18, 41, 23, 13])
(70115, [33])
(70116, [33, 6, 31, 41, 23, 15])
(70117, [33, 28, 17, 1, 36, 31, 41, 40, 2])
(70118, [33])
(70119, [33, 18, 9, 31, 24])
(70120, [33, 12])
(70121, [33])
(70122, [33, 9, 7, 26, 31, 30, 24, 15])
(70123, [33])
(70124, [33, 18, 11, 8, 43, 31, 30, 24, 12, 40])
(70125, [33])
(70126, [33, 11, 19, 26, 36, 31])
(70127, [33, 26])
(70128, [33, 9, 0])
(70129, [33])
(70130, [33, 1, 44])
(70131, [33, 18, 9, 11, 6, 17, 19, 26, 21, 44, 43, 31, 30, 41, 24, 4, 15, 12, 40, 2, 13, 22])
(70132, [33, 0])
(70133, [33, 31])
(70134, [33, 20, 18, 9, 0, 11, 16, 42, 17, 26, 21, 44, 31, 39, 41, 4, 15, 12, 2, 14, 22])
(70135, [33])
(70136, [33])
(70137, [33, 20, 18, 7, 42, 19, 30, 5])
(70138, [33])
(70139, [33])
(70140, [33, 19, 30])
(70141, [33, 19])
(70142, [33, 18, 11, 21, 44, 2])
(70143, [20, 0, 7, 3])
(70144, [20, 1, 21, 3])
(70145, [20, 0, 7, 16, 42, 1, 19, 26, 21, 36, 37, 41, 4, 3, 2, 13, 22])
(70146, [20])
(70147, [20, 9, 11, 16, 42, 1, 44, 30, 15, 3, 2])
(70148, [20])
(70149, [20, 9, 11, 44, 12])
(70150, [20])
(70151, [20, 9, 0, 7, 6, 28, 1, 26, 24, 23, 3, 12, 2, 5])
(70152, [20])
(70153, [20, 18, 7, 16, 6, 1, 10, 26, 8, 44, 36, 37, 39, 41, 23, 4, 3, 12, 2, 14])
(70154, [20])
(70155, [20, 18, 9, 0, 16, 17, 1, 26, 43, 36, 31, 41, 23, 15, 40, 2, 14])
(70156, [20])
(70157, [20])
(70158, [20, 18, 11, 6, 19, 43, 31, 23, 15, 3])
(70159, [20, 26, 44, 4, 3, 5])
(70160, [20])
(70161, [20, 18, 0, 7, 16, 6, 1, 19, 8, 21, 43, 23, 4, 15])
(70162, [20, 0, 11, 44, 12, 40, 2, 22])
(70163, [20, 9, 0, 6, 23, 3, 12])
(70164, [20])
(70165, [20])
(70166, [20, 0])
(70167, [20, 0, 26, 41, 5])
(70168, [20])
(70169, [18])
(70170, [18, 19, 8, 21, 23])
(70171, [18])
(70172, [18])
(70173, [18, 1, 44, 24])
(70174, [18])
(70175, [18, 29, 17, 19, 8, 21, 44, 43, 31, 15, 40, 2])
(70176, [18, 21])
(70177, [18])
(70178, [18])
(70179, [18, 1])
(70180, [18])
(70181, [18])
(70182, [18])
(70183, [18])
(70184, [18, 17, 1, 23])
(70185, [18, 7, 26, 8])
(70186, [18, 16, 15, 40, 2])
(70187, [18])
(70188, [18, 23, 12])
(70189, [18, 30])
(70190, [18, 19, 2])
(70191, [18, 3])
(70192, [18])
(70193, [18])
(70194, [18, 0, 8, 44, 43, 12])
(70195, [18, 9, 6, 1, 31, 30, 15, 12, 40])
(70196, [18, 19, 26, 44, 23, 4, 3, 12, 2])
(70197, [18, 0, 42, 1, 43, 41, 23, 12])
(70198, [18])
(70199, [18])
(70200, [18, 1])
(70201, [18])
(70202, [18])
(70203, [18])
(70204, [18, 30])
(70205, [18, 6, 19, 41, 23])
(70206, [18])
(70207, [18, 0, 41, 3, 2])
(70208, [18, 26])
(70209, [18, 9, 0, 11, 7, 16, 42, 17, 1, 10, 19, 8, 43, 38, 36, 31, 41, 23, 15, 3, 12, 40, 2, 5, 22])
(70210, [18])
(70211, [18])
(70212, [18, 9, 26, 12])
(70213, [18])
(70214, [18, 8, 44, 3, 12])
(70215, [18])
(70216, [18])
(70217, [18])
(70218, [18, 15, 12])
(70219, [18])
(70220, [18])
(70221, [18])
(70222, [18])
(70223, [18])
(70224, [18])
(70225, [18])
(70226, [18, 0, 19])
(70227, [18, 29, 23])
(70228, [18])
(70229, [18])
(70230, [18])
(70231, [18])
(70232, [18])
(70233, [18])
(70234, [18])
(70235, [18])
(70236, [18])
(70237, [18])
(70238, [18])
(70239, [18])
(70240, [18])
(70241, [18, 6, 17, 44])
(70242, [18])
(70243, [18])
(70244, [18])
(70245, [18, 41])
(70246, [18])
(70247, [18])
(70248, [18])
(70249, [18])
(70250, [18])
(70251, [18, 2])
(70252, [18, 19, 43, 36, 30, 4, 15, 2, 14])
(70253, [18, 9, 16, 17, 44, 43, 23, 2, 22])
(70254, [18])
(70255, [18, 17, 26, 44, 43, 36, 41, 24])
(70256, [18])
(70257, [18])
(70258, [18])
(70259, [18])
(70260, [18, 1, 12])
(70261, [18])
(70262, [18])
(70263, [18, 21])
(70264, [18, 1, 19, 31, 41, 12])
(70265, [18])
(70266, [27, 19, 43, 23, 5])
(70267, [27])
(70268, [27, 9, 29, 19, 21, 44, 3, 22])
(70269, [27])
(70270, [9])
(70271, [9, 0, 1, 8, 21, 31, 41, 23, 3, 12, 5])
(70272, [9])
(70273, [9])
(70274, [9, 0, 43, 41, 3, 2])
(70275, [9])
(70276, [9])
(70277, [9, 43, 23, 2])
(70278, [9, 11, 1, 21, 39, 3, 2, 13])
(70279, [9, 8])
(70280, [9])
(70281, [9])
(70282, [9])
(70283, [9, 16, 6, 1, 4, 15, 40, 2])
(70284, [9, 0, 11, 16, 1, 19, 26, 23, 3, 12])
(70285, [9, 16, 1, 23])
(70286, [9])
(70287, [9, 23])
(70288, [9])
(70289, [9])
(70290, [9])
(70291, [9])
(70292, [9])
(70293, [9])
(70294, [9])
(70295, [9])
(70296, [9, 11, 17, 1, 19, 26, 2, 13, 5])
(70297, [9])
(70298, [9])
(70299, [9, 0, 1, 3])
(70300, [9, 43])
(70301, [9])
(70302, [9, 41, 12, 2, 14])
(70303, [9])
(70304, [9, 44])
(70305, [9, 0, 6, 1, 31, 3])
(70306, [9])
(70307, [9])
(70308, [9, 6, 12])
(70309, [9])
(70310, [9])
(70311, [9, 11, 16, 1, 26])
(70312, [9, 5])
(70313, [9])
(70314, [9, 19, 26, 43, 41, 13, 25])
(70315, [9])
(70316, [9, 16, 28, 41, 4, 12, 13])
(70317, [9])
(70318, [9, 16, 44])
(70319, [9, 2])
(70320, [0, 11, 1, 26, 24, 12])
(70321, [0, 1, 31])
(70322, [0])
(70323, [0])
(70324, [0])
(70325, [0])
(70326, [0])
(70327, [0])
(70328, [0])
(70329, [0])
(70330, [0])
(70331, [0])
(70332, [0])
(70333, [0])
(70334, [0])
(70335, [0])
(70336, [0])
(70337, [0, 16, 23, 12, 2])
(70338, [0])
(70339, [0])
(70340, [0, 1, 44, 36, 23, 12])
(70341, [0])
(70342, [0])
(70343, [0, 12])
(70344, [0])
(70345, [0])
(70346, [0])
(70347, [0])
(70348, [0])
(70349, [0])
(70350, [0, 12])
(70351, [0])
(70352, [0])
(70353, [0])
(70354, [0])
(70355, [0])
(70356, [0])
(70357, [0, 1, 26, 3, 2])
(70358, [0])
(70359, [0])
(70360, [0])
(70361, [0])
(70362, [0])
(70363, [0])
(70364, [0])
(70365, [0, 17, 31, 30, 39, 4, 3, 2])
(70366, [0, 6, 10, 43, 2])
(70367, [0])
(70368, [0])
(70369, [0])
(70370, [0])
(70371, [0])
(70372, [0])
(70373, [0])
(70374, [0])
(70375, [0])
(70376, [0])
(70377, [0])
(70378, [0])
(70379, [0])
(70380, [0])
(70381, [0])
(70382, [0])
(70383, [0])
(70384, [0])
(70385, [0, 7, 16, 12, 2, 25])
(70386, [0])
(70387, [0])
(70388, [0])
(70389, [0])
(70390, [0, 19])
(70391, [0])
(70392, [0])
(70393, [0])
(70394, [0])
(70395, [0])
(70396, [0])
(70397, [0])
(70398, [0])
(70399, [0])
(70400, [0])
(70401, [0])
(70402, [0])
(70403, [0])
(70404, [0])
(70405, [0])
(70406, [0])
(70407, [0])
(70408, [0])
(70409, [0])
(70410, [0])
(70411, [0])
(70412, [0])
(70413, [0])
(70414, [0])
(70415, [0])
(70416, [0, 12])
(70417, [0])
(70418, [0])
(70419, [0])
(70420, [0])
(70421, [0])
(70422, [0])
(70423, [0])
(70424, [0, 16, 43, 23, 3])
(70425, [0])
(70426, [0, 12])
(70427, [0])
(70428, [0])
(70429, [0, 1, 21, 3, 12])
(70430, [0])
(70431, [0])
(70432, [0])
(70433, [0])
(70434, [0])
(70435, [0, 21, 3])
(70436, [0])
(70437, [0, 12])
(70438, [0])
(70439, [0])
(70440, [0])
(70441, [0])
(70442, [0])
(70443, [0])
(70444, [0])
(70445, [0])
(70446, [0])
(70447, [0])
(70448, [0])
(70449, [0])
(70450, [0, 17, 21])
(70451, [0])
(70452, [0])
(70453, [0])
(70454, [0])
(70455, [0])
(70456, [0, 42, 17, 26, 44, 41, 4, 3, 12, 2])
(70457, [0])
(70458, [0])
(70459, [0])
(70460, [0])
(70461, [0])
(70462, [0])
(70463, [0])
(70464, [0])
(70465, [0])
(70466, [0])
(70467, [0])
(70468, [0])
(70469, [0])
(70470, [0])
(70471, [0])
(70472, [0])
(70473, [0])
(70474, [0])
(70475, [0])
(70476, [0])
(70477, [0])
(70478, [0])
(70479, [0])
(70480, [0])
(70481, [0])
(70482, [0])
(70483, [0])
(70484, [0])
(70485, [0, 12])
(70486, [0, 17, 1])
(70487, [0])
(70488, [0])
(70489, [0])
(70490, [0])
(70491, [0])
(70492, [0])
(70493, [0])
(70494, [0])
(70495, [0])
(70496, [0])
(70497, [0])
(70498, [0])
(70499, [0])
(70500, [0])
(70501, [0])
(70502, [0])
(70503, [0])
(70504, [0])
(70505, [0])
(70506, [0])
(70507, [0])
(70508, [0])
(70509, [0])
(70510, [0])
(70511, [0])
(70512, [0])
(70513, [0])
(70514, [0])
(70515, [0, 43])
(70516, [0])
(70517, [0])
(70518, [0])
(70519, [0])
(70520, [0])
(70521, [0])
(70522, [0, 44, 15])
(70523, [0])
(70524, [0])
(70525, [0])
(70526, [0])
(70527, [0])
(70528, [0])
(70529, [0])
(70530, [0, 26, 41])
(70531, [0])
(70532, [0])
(70533, [0])
(70534, [0])
(70535, [0])
(70536, [0])
(70537, [0])
(70538, [0])
(70539, [0])
(70540, [0])
(70541, [0])
(70542, [0])
(70543, [0])
(70544, [0])
(70545, [0])
(70546, [0])
(70547, [0])
(70548, [0, 3])
(70549, [0])
(70550, [0, 23])
(70551, [0])
(70552, [0])
(70553, [0])
(70554, [0])
(70555, [0, 23])
(70556, [0])
(70557, [0])
(70558, [0])
(70559, [0])
(70560, [0])
(70561, [0])
(70562, [0])
(70563, [0])
(70564, [0])
(70565, [0])
(70566, [0])
(70567, [0])
(70568, [0])
(70569, [0])
(70570, [0])
(70571, [0])
(70572, [0])
(70573, [0])
(70574, [0])
(70575, [0, 11, 6, 19, 26, 23])
(70576, [0])
(70577, [0, 21, 30])
(70578, [0])
(70579, [0])
(70580, [0])
(70581, [0])
(70582, [0])
(70583, [0])
(70584, [0])
(70585, [0])
(70586, [0])
(70587, [0])
(70588, [0])
(70589, [0])
(70590, [0])
(70591, [11, 10, 23, 2])
(70592, [11])
(70593, [11])
(70594, [11, 1, 3, 40])
(70595, [11, 1])
(70596, [11])
(70597, [11])
(70598, [11, 21])
(70599, [11])
(70600, [11])
(70601, [11])
(70602, [11])
(70603, [11])
(70604, [11, 29, 16, 6, 19, 3])
(70605, [11, 17])
(70606, [11])
(70607, [11, 7, 19, 26, 43, 31, 15, 3])
(70608, [11, 17, 15, 2])
(70609, [11, 19, 39, 13])
(70610, [11])
(70611, [11, 1, 30, 4, 3])
(70612, [11, 7, 6, 17, 41])
(70613, [11, 2])
(70614, [11, 1, 12])
(70615, [11, 12])
(70616, [11])
(70617, [11, 3])
(70618, [11, 1, 3])
(70619, [11])
(70620, [11, 16, 1, 44])
(70621, [11, 17, 26, 15])
(70622, [11, 7, 1, 26, 31, 15, 3])
(70623, [11])
(70624, [11])
(70625, [11])
(70626, [11])
(70627, [11])
(70628, [11])
(70629, [11, 26])
(70630, [7])
(70631, [7])
(70632, [7, 19, 39, 3])
(70633, [7, 1, 3])
(70634, [7, 44])
(70635, [7])
(70636, [7, 15, 13])
(70637, [7, 1, 3, 2, 14])
(70638, [7, 6, 28, 1, 44, 43, 3, 12, 2])
(70639, [29])
(70640, [29, 19, 14])
(70641, [29])
(70642, [29, 1, 26, 8, 44, 30, 3, 12, 2])
(70643, [29, 1, 38, 3, 14])
(70644, [16, 14])
(70645, [16])
(70646, [16, 8, 43, 23])
(70647, [16, 2])
(70648, [16])
(70649, [16])
(70650, [16])
(70651, [16, 39])
(70652, [16])
(70653, [16])
(70654, [16])
(70655, [16])
(70656, [16])
(70657, [16])
(70658, [16])
(70659, [16])
(70660, [16])
(70661, [16])
(70662, [16])
(70663, [42])
(70664, [42, 6, 17, 1, 19, 8, 21, 44, 23, 15, 3, 40])
(70665, [42, 1, 3])
(70666, [42, 28, 1])
(70667, [42, 6, 23])
(70668, [42])
(70669, [6, 8, 3, 12])
(70670, [6, 43, 41, 2])
(70671, [6, 3, 2])
(70672, [6])
(70673, [6])
(70674, [6])
(70675, [6, 1, 19, 21, 4, 3])
(70676, [6, 44, 4, 3, 2, 14, 22])
(70677, [6])
(70678, [6])
(70679, [6])
(70680, [6, 41])
(70681, [6, 21, 43, 41, 23])
(70682, [6, 1])
(70683, [6])
(70684, [6])
(70685, [6, 28])
(70686, [6, 30, 2])
(70687, [6])
(70688, [6])
(70689, [6])
(70690, [28])
(70691, [28])
(70692, [28])
(70693, [28])
(70694, [28])
(70695, [28])
(70696, [28, 1, 43, 37])
(70697, [17])
(70698, [17])
(70699, [17, 2, 14])
(70700, [17, 24])
(70701, [17])
(70702, [17, 26, 14])
(70703, [17])
(70704, [17])
(70705, [17])
(70706, [17, 1, 8, 2])
(70707, [17])
(70708, [17, 31, 40])
(70709, [17, 44, 41, 4, 2])
(70710, [17])
(70711, [17, 3])
(70712, [17])
(70713, [17, 36, 4])
(70714, [17])
(70715, [17])
(70716, [1, 21, 44, 3])
(70717, [1, 26])
(70718, [1, 10, 44, 13])
(70719, [1, 21])
(70720, [1, 2, 22])
(70721, [1])
(70722, [1])
(70723, [1, 19, 24, 12])
(70724, [1])
(70725, [1, 8, 44, 12])
(70726, [1, 3])
(70727, [1])
(70728, [1, 10, 21, 5])
(70729, [1, 19])
(70730, [1])
(70731, [1])
(70732, [1])
(70733, [1, 31])
(70734, [1])
(70735, [1])
(70736, [1, 44])
(70737, [1, 15, 5])
(70738, [1, 30])
(70739, [1])
(70740, [1])
(70741, [1])
(70742, [1])
(70743, [1, 3])
(70744, [1, 3])
(70745, [1])
(70746, [1])
(70747, [1])
(70748, [1])
(70749, [1])
(70750, [1])
(70751, [1, 43, 24])
(70752, [1])
(70753, [1, 3])
(70754, [1])
(70755, [1])
(70756, [10])
(70757, [10, 21, 3, 12, 14])
(70758, [10])
(70759, [10])
(70760, [10])
(70761, [10])
(70762, [10])
(70763, [10])
(70764, [10])
(70765, [10])
(70766, [10])
(70767, [10])
(70768, [10])
(70769, [10])
(70770, [10])
(70771, [19, 2])
(70772, [19, 44, 39, 41, 2])
(70773, [19])
(70774, [19])
(70775, [19, 21, 43, 38, 39, 15, 2])
(70776, [19, 15])
(70777, [19])
(70778, [19, 24, 22])
(70779, [19])
(70780, [19])
(70781, [19, 3])
(70782, [19])
(70783, [19, 2])
(70784, [19, 15])
(70785, [19])
(70786, [19])
(70787, [19, 26, 23, 3])
(70788, [19])
(70789, [19, 21])
(70790, [19])
(70791, [19])
(70792, [19])
(70793, [19])
(70794, [19])
(70795, [19])
(70796, [19])
(70797, [19, 8])
(70798, [19, 31])
(70799, [19, 21])
(70800, [19])
(70801, [19])
(70802, [26, 21])
(70803, [26])
(70804, [26, 43, 41, 23, 12])
(70805, [26])
(70806, [26])
(70807, [26])
(70808, [26])
(70809, [26, 4])
(70810, [26])
(70811, [26, 12])
(70812, [26])
(70813, [26])
(70814, [26, 21, 23, 3])
(70815, [26, 41, 12])
(70816, [26])
(70817, [26])
(70818, [26])
(70819, [26])
(70820, [26])
(70821, [26])
(70822, [26])
(70823, [26, 43, 3])
(70824, [26])
(70825, [8])
(70826, [8])
(70827, [8])
(70828, [8])
(70829, [8])
(70830, [8])
(70831, [8])
(70832, [8])
(70833, [8])
(70834, [8])
(70835, [8])
(70836, [8, 3])
(70837, [8])
(70838, [8])
(70839, [8])
(70840, [8])
(70841, [8])
(70842, [8])
(70843, [8])
(70844, [8])
(70845, [8])
(70846, [8])
(70847, [8])
(70848, [8])
(70849, [8])
(70850, [8])
(70851, [8])
(70852, [21])
(70853, [21])
(70854, [21])
(70855, [21])
(70856, [21])
(70857, [21])
(70858, [21, 23])
(70859, [21, 3])
(70860, [21])
(70861, [21])
(70862, [21])
(70863, [21])
(70864, [21, 31, 24, 15])
(70865, [21, 37, 15])
(70866, [21])
(70867, [21])
(70868, [21])
(70869, [21])
(70870, [21])
(70871, [21])
(70872, [21])
(70873, [21])
(70874, [21])
(70875, [21])
(70876, [21])
(70877, [21])
(70878, [21])
(70879, [21])
(70880, [21])
(70881, [21, 3, 2, 13])
(70882, [21, 2])
(70883, [21])
(70884, [21])
(70885, [21])
(70886, [21])
(70887, [21, 12])
(70888, [21])
(70889, [21])
(70890, [21])
(70891, [21])
(70892, [44])
(70893, [44])
(70894, [44])
(70895, [44])
(70896, [44, 4])
(70897, [44])
(70898, [44])
(70899, [44])
(70900, [44])
(70901, [44])
(70902, [43])
(70903, [43])
(70904, [43])
(70905, [43, 23])
(70906, [43])
(70907, [43])
(70908, [43])
(70909, [43])
(70910, [43])
(70911, [43, 41, 2])
(70912, [43])
(70913, [43])
(70914, [43])
(70915, [43])
(70916, [43])
(70917, [43])
(70918, [43])
(70919, [43])
(70920, [43])
(70921, [43])
(70922, [43, 24])
(70923, [43])
(70924, [43])
(70925, [43])
(70926, [43])
(70927, [43])
(70928, [43, 15])
(70929, [43])
(70930, [38])
(70931, [36, 3])
(70932, [36])
(70933, [36])
(70934, [36])
(70935, [36])
(70936, [36])
(70937, [36, 30, 14])
(70938, [36, 2, 14])
(70939, [36])
(70940, [36])
(70941, [36])
(70942, [36])
(70943, [36])
(70944, [36])
(70945, [36])
(70946, [36])
(70947, [36])
(70948, [36])
(70949, [36])
(70950, [36])
(70951, [36])
(70952, [36])
(70953, [36])
(70954, [36])
(70955, [36])
(70956, [36])
(70957, [36])
(70958, [31, 30])
(70959, [31])
(70960, [31])
(70961, [31])
(70962, [31])
(70963, [31])
(70964, [31])
(70965, [31])
(70966, [31, 2])
(70967, [31, 2, 14])
(70968, [31])
(70969, [31])
(70970, [31])
(70971, [31])
(70972, [31])
(70973, [31])
(70974, [31])
(70975, [31, 3, 12])
(70976, [30])
(70977, [30, 2])
(70978, [30])
(70979, [30])
(70980, [30, 15, 3])
(70981, [30])
(70982, [30])
(70983, [30])
(70984, [30])
(70985, [37])
(70986, [37])
(70987, [39])
(70988, [39])
(70989, [39])
(70990, [39])
(70991, [39])
(70992, [41, 15, 2, 13])
(70993, [41, 24, 4, 2])
(70994, [41])
(70995, [41])
(70996, [41])
(70997, [41])
(70998, [41])
(70999, [41, 14])
(71000, [41])
(71001, [41])
(71002, [41])
(71003, [41])
(71004, [41])
(71005, [41])
(71006, [41, 24])
(71007, [41, 14])
(71008, [41, 12])
(71009, [41])
(71010, [41])
(71011, [41])
(71012, [24, 12])
(71013, [24, 2])
(71014, [24])
(71015, [24])
(71016, [24])
(71017, [24])
(71018, [24])
(71019, [24])
(71020, [23])
(71021, [23, 4])
(71022, [23])
(71023, [23])
(71024, [23])
(71025, [23])
(71026, [23])
(71027, [23])
(71028, [23])
(71029, [23])
(71030, [23])
(71031, [23])
(71032, [23])
(71033, [23, 4, 12])
(71034, [23])
(71035, [23])
(71036, [23])
(71037, [23])
(71038, [23])
(71039, [23])
(71040, [23])
(71041, [23])
(71042, [23])
(71043, [23])
(71044, [23])
(71045, [23])
(71046, [23])
(71047, [23])
(71048, [23])
(71049, [23])
(71050, [23])
(71051, [23])
(71052, [23])
(71053, [23])
(71054, [23])
(71055, [23])
(71056, [23])
(71057, [23])
(71058, [23])
(71059, [23])
(71060, [23])
(71061, [23])
(71062, [23])
(71063, [23])
(71064, [23])
(71065, [23])
(71066, [23])
(71067, [23])
(71068, [23])
(71069, [23])
(71070, [23])
(71071, [23])
(71072, [23])
(71073, [23])
(71074, [23])
(71075, [23])
(71076, [23])
(71077, [23])
(71078, [23])
(71079, [23])
(71080, [23])
(71081, [23])
(71082, [23])
(71083, [23, 12])
(71084, [23])
(71085, [23])
(71086, [4])
(71087, [4])
(71088, [4, 40])
(71089, [4])
(71090, [4])
(71091, [4])
(71092, [4, 2])
(71093, [4])
(71094, [4, 14])
(71095, [4])
(71096, [4])
(71097, [4])
(71098, [4])
(71099, [4])
(71100, [4])
(71101, [15])
(71102, [15])
(71103, [15])
(71104, [15])
(71105, [15])
(71106, [15])
(71107, [15])
(71108, [15])
(71109, [15])
(71110, [15])
(71111, [15])
(71112, [15])
(71113, [15])
(71114, [15])
(71115, [15])
(71116, [15])
(71117, [15, 3])
(71118, [15])
(71119, [15])
(71120, [15])
(71121, [15])
(71122, [3])
(71123, [3])
(71124, [3])
(71125, [3])
(71126, [3])
(71127, [3])
(71128, [3])
(71129, [3])
(71130, [3])
(71131, [3])
(71132, [3])
(71133, [3])
(71134, [3])
(71135, [3])
(71136, [3])
(71137, [3])
(71138, [3])
(71139, [3])
(71140, [3])
(71141, [3])
(71142, [3])
(71143, [3])
(71144, [3])
(71145, [3])
(71146, [12])
(71147, [12])
(71148, [12, 40])
(71149, [12])
(71150, [12])
(71151, [12])
(71152, [12])
(71153, [12])
(71154, [12])
(71155, [12])
(71156, [12])
(71157, [12])
(71158, [12])
(71159, [12])
(71160, [12])
(71161, [12])
(71162, [12])
(71163, [12])
(71164, [12])
(71165, [12])
(71166, [12])
(71167, [12])
(71168, [12])
(71169, [12])
(71170, [12])
(71171, [12])
(71172, [12])
(71173, [12])
(71174, [12])
(71175, [12])
(71176, [12])
(71177, [12])
(71178, [12])
(71179, [12])
(71180, [12])
(71181, [12])
(71182, [12])
(71183, [12])
(71184, [12])
(71185, [12])
(71186, [12])
(71187, [12])
(71188, [12])
(71189, [12])
(71190, [12])
(71191, [12])
(71192, [12])
(71193, [12])
(71194, [12])
(71195, [12])
(71196, [12])
(71197, [12])
(71198, [12])
(71199, [12])
(71200, [12])
(71201, [12])
(71202, [12])
(71203, [40])
(71204, [40])
(71205, [40])
(71206, [40])
(71207, [2])
(71208, [2])
(71209, [2])
(71210, [2])
(71211, [2])
(71212, [2])
(71213, [2])
(71214, [2])
(71215, [2])
(71216, [2])
(71217, [2])
(71218, [2])
(71219, [2])
(71220, [2])
(71221, [2])
(71222, [2])
(71223, [2])
(71224, [2])
(71225, [2])
(71226, [2])
(71227, [2])
(71228, [2])
(71229, [2])
(71230, [2])
(71231, [2])
(71232, [2])
(71233, [2])
(71234, [2])
(71235, [2])
(71236, [2])
(71237, [2])
(71238, [2])
(71239, [2])
(71240, [2])
(71241, [2])
(71242, [2])
(71243, [2])
(71244, [2])
(71245, [2])
(71246, [2])
(71247, [2])
(71248, [2])
(71249, [2])
(71250, [2])
(71251, [2])
(71252, [2, 14])
(71253, [2])
(71254, [2])
(71255, [2])
(71256, [2])
(71257, [2])
(71258, [2])
(71259, [2])
(71260, [2])
(71261, [2])
(71262, [2])
(71263, [2])
(71264, [2])
(71265, [2])
(71266, [2])
(71267, [2])
(71268, [2])
(71269, [2])
(71270, [2])
(71271, [2])
(71272, [2])
(71273, [2])
(71274, [2])
(71275, [2])
(71276, [2])
(71277, [2])
(71278, [2])
(71279, [2])
(71280, [2])
(71281, [2])
(71282, [2])
(71283, [2])
(71284, [13])
(71285, [13])
(71286, [13])
(71287, [13])
(71288, [13])
(71289, [5])
(71290, [5])
(71291, [5])
(71292, [5])
(71293, [5])
(71294, [5])
(71295, [5])
(71296, [5])
(71297, [5])
(71298, [14])
(71299, [14])
(71300, [14])
(71301, [14])
(71302, [14])
(71303, [14])
(71304, [14])
(71305, [14])
(71306, [14])
(71307, [14])
(71308, [14])
(71309, [14])
(71310, [14])
(71311, [14])
(71312, [14])
(71313, [22])
(71314, [22])
