(113792, [32, 35, 34, 33, 20, 18, 27, 9, 0, 11, 7, 29, 16, 42, 6, 28, 17, 1, 10, 19, 26, 8, 21, 44, 43, 38, 36, 31, 30, 37, 39, 41, 24, 23, 4, 15, 3, 12, 40, 2, 13, 5, 14, 22, 25])
(113793, [32, 35, 34, 33, 20, 18, 27, 9, 0, 11, 7, 29, 16, 42, 6, 28, 17, 1, 10, 19, 26, 8, 21, 44, 43, 38, 36, 31, 30, 37, 39, 41, 24, 23, 4, 15, 3, 12, 40, 2, 13, 5, 14, 22, 25])
(113794, [32, 17])
(113795, [32, 18, 16, 6, 17, 1, 26, 44, 30, 41, 15, 12, 22])
(113796, [32, 35, 34, 33, 20, 18, 27, 9, 0, 11, 7, 29, 16, 42, 6, 28, 17, 1, 10, 19, 26, 8, 21, 44, 43, 38, 36, 31, 30, 37, 39, 41, 24, 23, 4, 15, 3, 12, 40, 2, 13, 5, 14, 22, 25])
(113797, [32, 35, 34, 33, 20, 18, 27, 9, 0, 11, 7, 29, 16, 42, 6, 28, 17, 1, 10, 19, 26, 8, 21, 44, 43, 38, 36, 31, 30, 37, 39, 41, 24, 23, 4, 15, 3, 12, 40, 2, 13, 5, 14, 22, 25])
(113798, [32, 18, 9, 0, 11, 16, 42, 6, 17, 19, 26, 8, 44, 36, 31, 24, 23, 15, 3, 12, 2, 14])
(113799, [32, 35, 34, 33, 20, 18, 27, 9, 0, 11, 7, 29, 16, 42, 6, 28, 17, 1, 10, 19, 26, 8, 21, 44, 43, 38, 36, 31, 30, 37, 39, 41, 24, 23, 4, 15, 3, 12, 40, 2, 13, 5, 14, 22, 25])
(113800, [32, 35, 34, 33, 20, 18, 27, 9, 0, 11, 7, 29, 16, 42, 6, 28, 17, 1, 10, 19, 26, 8, 21, 44, 43, 38, 36, 31, 30, 37, 39, 41, 24, 23, 4, 15, 3, 12, 40, 2, 13, 5, 14, 22, 25])
(113801, [32, 35, 34, 33, 20, 18, 27, 9, 0, 11, 7, 29, 16, 42, 6, 28, 17, 1, 10, 19, 26, 8, 21, 44, 43, 38, 36, 31, 30, 37, 39, 41, 24, 23, 4, 15, 3, 12, 40, 2, 13, 5, 14, 22, 25])
(113802, [32, 35, 34, 33, 20, 18, 27, 9, 0, 11, 7, 29, 16, 42, 6, 28, 17, 1, 10, 19, 26, 8, 21, 44, 43, 38, 36, 31, 30, 37, 39, 41, 24, 23, 4, 15, 3, 12, 40, 2, 13, 5, 14, 22, 25])
(113803, [32, 35, 34, 33, 20, 18, 9, 11, 6, 17, 1, 10, 26, 8, 21, 43, 31, 30, 39, 41, 23, 15, 3, 12, 13, 5, 22])
(113804, [32, 35, 33, 18, 16, 17, 1, 19, 8, 21, 44, 43, 31, 30, 39, 23, 15, 12, 2, 5, 14, 22])
(113805, [32, 34, 30])
(113806, [32, 35, 34, 33, 20, 18, 27, 9, 0, 11, 7, 29, 16, 42, 6, 28, 17, 1, 10, 19, 26, 8, 21, 44, 43, 36, 31, 30, 37, 39, 41, 24, 23, 4, 15, 3, 12, 40, 2, 13, 5, 14, 22, 25])
(113807, [32, 35, 34, 33, 20, 18, 27, 9, 0, 11, 7, 29, 16, 42, 6, 28, 17, 1, 10, 19, 26, 8, 21, 44, 43, 38, 36, 31, 30, 37, 39, 41, 24, 23, 4, 15, 3, 12, 40, 2, 13, 5, 14, 22, 25])
(113808, [32, 35, 34, 33, 20, 18, 27, 9, 0, 11, 7, 29, 16, 42, 6, 28, 17, 1, 19, 26, 8, 21, 44, 43, 36, 31, 30, 37, 39, 41, 24, 23, 4, 15, 3, 12, 40, 2, 13, 5, 14, 22, 25])
(113809, [32, 35, 34, 33, 20, 18, 27, 9, 0, 11, 7, 29, 16, 42, 6, 17, 1, 19, 8, 21, 44, 43, 38, 31, 30, 37, 39, 41, 24, 23, 4, 15, 3, 12, 2, 13, 5, 14, 22])
(113810, [32, 35, 34, 33, 20, 18, 27, 9, 0, 11, 7, 29, 16, 42, 6, 28, 17, 1, 10, 19, 26, 8, 21, 44, 43, 38, 36, 31, 30, 37, 39, 41, 24, 23, 4, 15, 3, 12, 40, 2, 13, 5, 14, 22, 25])
(113811, [32, 33, 18, 9, 0, 11, 29, 6, 17, 1, 10, 26, 44, 43, 31, 30, 41, 24, 4, 15, 3, 12, 40, 2, 14])
(113812, [32, 35, 34, 33, 20, 18, 27, 9, 0, 11, 7, 29, 16, 42, 6, 28, 17, 1, 10, 19, 26, 8, 44, 43, 31, 30, 37, 39, 41, 24, 23, 4, 15, 3, 12, 40, 2, 13, 5, 14, 25])
(113813, [32, 9, 11, 17, 1, 26, 44, 43, 24, 40, 2, 13, 14])
(113814, [32, 35, 34, 33, 20, 18, 9, 11, 7, 16, 42, 6, 17, 1, 10, 19, 26, 21, 44, 43, 31, 30, 39, 41, 23, 4, 15, 3, 12, 40, 2, 13, 14, 22])
(113815, [32, 34, 33, 20, 18, 27, 9, 0, 11, 7, 16, 42, 6, 28, 17, 1, 10, 19, 26, 8, 21, 44, 43, 38, 36, 31, 30, 39, 41, 24, 23, 4, 15, 3, 12, 40, 2, 13, 5, 14, 22])
(113816, [32])
(113817, [32, 35, 34, 33, 20, 18, 27, 9, 0, 11, 7, 16, 42, 6, 28, 17, 1, 10, 19, 26, 8, 21, 44, 43, 38, 36, 31, 39, 41, 24, 23, 4, 15, 3, 12, 40, 2, 13, 5, 14, 22, 25])
(113818, [32, 15, 14])
(113819, [32, 34, 33, 20, 18, 27, 9, 0, 11, 7, 29, 16, 6, 17, 1, 19, 26, 8, 44, 43, 31, 30, 37, 39, 41, 23, 4, 15, 3, 12, 40, 2, 13, 14])
(113820, [32, 33, 9, 0, 16, 6, 31, 30, 41, 4, 15, 2])
(113821, [32, 34, 33, 9, 16, 6, 17, 1, 19, 26, 8, 21, 44, 43, 31, 30, 41, 24, 23, 15, 3, 12, 2, 13, 14])
(113822, [32, 35, 34, 33, 18, 9, 0, 11, 7, 29, 6, 17, 1, 19, 26, 8, 21, 44, 43, 31, 30, 41, 24, 23, 4, 15, 3, 12, 40, 2, 13, 14])
(113823, [32, 34, 18, 9, 0, 11, 6, 26, 31, 30, 41, 23, 4, 15, 3, 2])
(113824, [32, 18, 19, 30, 4, 15, 14])
(113825, [32, 35, 34, 33, 20, 18, 27, 9, 0, 11, 29, 16, 6, 28, 17, 1, 10, 19, 26, 8, 44, 43, 36, 31, 30, 41, 24, 23, 4, 15, 3, 12, 40, 2, 13, 14, 25])
(113826, [32, 35, 34, 33, 18, 27, 9, 0, 11, 7, 16, 42, 6, 17, 1, 19, 26, 8, 44, 43, 36, 31, 30, 39, 41, 24, 23, 4, 15, 3, 12, 40, 2, 5, 14, 22])
(113827, [32, 34, 33, 9, 11, 7, 29, 17, 1, 19, 26, 44, 43, 31, 30, 39, 41, 24, 4, 15, 3, 2, 13, 14])
(113828, [32, 35, 34, 33, 18, 9, 0, 11, 7, 16, 6, 17, 1, 10, 19, 26, 8, 21, 44, 43, 38, 31, 30, 39, 41, 23, 4, 15, 3, 12, 40, 2, 13, 5, 22])
(113829, [32, 34, 33, 18, 9, 0, 11, 7, 16, 42, 6, 17, 1, 19, 8, 44, 36, 30, 41, 23, 4, 15, 3, 12, 2, 22])
(113830, [32, 34, 33, 20, 18, 9, 0, 11, 7, 29, 16, 6, 28, 17, 1, 10, 19, 26, 8, 44, 43, 38, 36, 31, 30, 37, 39, 41, 24, 4, 15, 3, 12, 40, 2, 13, 5, 14, 22])
(113831, [32, 34, 9, 11, 16, 10, 19, 21, 31, 30, 41, 15, 40, 2])
(113832, [32, 34, 33, 20, 18, 9, 11, 7, 29, 16, 28, 17, 1, 10, 26, 8, 21, 44, 43, 36, 31, 30, 39, 41, 24, 4, 15, 3, 12, 2, 13, 5, 14])
(113833, [32, 9, 43, 4, 2])
(113834, [32, 34, 33, 0, 11, 1, 10, 19, 38, 31, 30, 41, 3, 12, 2, 22])
(113835, [32, 35, 34, 20, 18, 27, 9, 0, 11, 7, 16, 42, 6, 17, 1, 10, 19, 26, 21, 44, 43, 38, 36, 31, 30, 37, 41, 24, 4, 15, 3, 12, 40, 2, 13, 5, 14])
(113836, [32, 34, 33, 20, 18, 0, 11, 7, 29, 16, 42, 6, 17, 19, 26, 44, 43, 30, 39, 41, 23, 4, 3, 12, 2, 14, 22])
(113837, [32, 35, 33, 20, 18, 27, 9, 0, 11, 7, 16, 6, 17, 1, 19, 26, 21, 44, 43, 38, 36, 31, 30, 37, 23, 4, 15, 3, 12, 2, 13, 22])
(113838, [32, 33, 9, 0, 11, 16, 42, 17, 1, 21, 44, 37, 41, 24, 23, 4, 3, 12, 40, 2, 22])
(113839, [32, 34, 33, 9, 0, 11, 6, 1, 19, 26, 44, 43, 36, 31, 30, 41, 24, 4, 15, 3, 40, 2, 14])
(113840, [32, 34, 20, 18, 9, 0, 16, 28, 1, 26, 8, 44, 43, 31, 41, 24, 23, 3, 12, 2, 13, 5])
(113841, [32, 35, 9, 0, 11, 1, 26, 8, 21, 37, 41, 23, 15, 3, 12, 13])
(113842, [32, 34, 33, 27, 9, 11, 16, 28, 17, 1, 10, 19, 26, 8, 21, 44, 43, 31, 24, 23, 15, 3, 12, 2, 13, 5, 14])
(113843, [32, 34, 20, 9, 0, 11, 7, 16, 10, 26, 8, 44, 41, 24, 15, 3, 12, 2, 13])
(113844, [32, 35, 20, 18, 27, 9, 11, 16, 6, 17, 1, 26, 44, 43, 31, 24, 23, 4, 15, 3, 12, 40, 14, 25])
(113845, [32, 4])
(113846, [32, 18, 0, 19, 43, 36, 41, 24, 4, 15, 12, 2, 14])
(113847, [32, 35, 34, 33, 18, 27, 0, 16, 17, 19, 8, 21, 44, 43, 31, 30, 39, 41, 23, 4, 15, 3, 12, 2, 5, 22])
(113848, [32, 35, 33, 18, 9, 11, 7, 6, 19, 26, 43, 36, 31, 24, 23, 4, 15, 2, 13, 14, 22])
(113849, [32, 34, 7, 17, 44, 31, 30, 24, 3])
(113850, [32, 35, 33, 20, 18, 9, 0, 11, 7, 16, 42, 1, 10, 19, 26, 8, 21, 44, 43, 31, 30, 23, 4, 15, 3, 12, 2, 13, 5, 14])
(113851, [32, 33, 18, 9, 11, 1, 19, 21, 43, 31, 4, 15, 3, 22])
(113852, [32, 35, 34, 33, 18, 27, 9, 0, 11, 7, 29, 16, 42, 6, 28, 17, 1, 10, 19, 26, 8, 21, 44, 43, 38, 36, 31, 30, 37, 39, 41, 24, 23, 4, 15, 3, 12, 40, 2, 13, 5, 22])
(113853, [32, 10])
(113854, [32, 34, 33, 20, 9, 11, 7, 16, 42, 6, 17, 1, 19, 26, 8, 21, 44, 43, 31, 30, 41, 24, 23, 4, 15, 3, 12, 40, 2, 5, 14, 22])
(113855, [32, 20, 1, 3, 40])
(113856, [32, 18, 11, 28, 17, 26, 44, 43, 30, 4, 15, 40, 2, 13, 14])
(113857, [32, 33, 18, 27, 11, 1, 10, 19, 26, 21, 44, 31, 41, 23, 4, 15, 12, 40, 2])
(113858, [32, 40, 2])
(113859, [32, 6, 1, 19, 4, 15, 2, 14])
(113860, [32, 26, 44, 4])
(113861, [32, 33, 18, 0, 6, 17, 1, 19, 23, 4, 15, 12, 2])
(113862, [32, 34, 33, 27, 9, 6, 1, 19, 38, 30, 4, 15, 22])
(113863, [32, 33, 20, 18, 27, 11, 6, 28, 1, 26, 8, 21, 43, 36, 31, 30, 41, 24, 4, 15, 3, 12, 2, 13])
(113864, [32, 18, 27, 9, 0, 28, 17, 26, 43, 31, 30, 41, 15])
(113865, [32, 35, 34, 33, 20, 18, 27, 9, 0, 11, 7, 16, 42, 6, 17, 1, 19, 26, 8, 44, 43, 38, 36, 31, 30, 41, 24, 23, 4, 15, 3, 12, 40, 2, 5, 14])
(113866, [32, 27, 9, 11, 6, 1, 19, 8, 21, 43, 36, 31, 39, 41, 23, 4, 15, 3, 12, 40, 2, 22])
(113867, [32, 34, 6, 1, 23])
(113868, [32, 35, 34, 18, 27, 9, 11, 6, 1, 10, 19, 8, 21, 44, 43, 38, 31, 30, 37, 41, 24, 23, 4, 15, 3, 12, 2, 5, 14, 22])
(113869, [32, 35, 9, 7, 16, 6, 26, 3, 2])
(113870, [32, 34, 18, 0, 1, 19, 8, 21, 31, 30, 3, 2, 22])
(113871, [32, 9, 0, 11, 42, 1, 19, 21, 24, 23, 3, 2])
(113872, [32])
(113873, [32, 18, 9, 42, 17, 19, 26, 21, 44, 36, 30, 24, 15, 12, 22])
(113874, [32, 34, 7, 1, 30, 41, 24, 4, 3, 2])
(113875, [32, 0, 2])
(113876, [32, 20, 18, 27, 9, 0, 11, 7, 16, 42, 6, 17, 1, 10, 19, 21, 44, 43, 36, 31, 30, 41, 24, 23, 4, 15, 3, 12, 2, 14, 22])
(113877, [32, 6, 43, 4, 40, 2])
(113878, [32, 34, 33, 20, 18, 9, 7, 17, 1, 10, 19, 44, 43, 38, 31, 41, 24, 15, 2])
(113879, [32, 35, 34, 33, 9, 11, 16, 17, 1, 10, 8, 44, 38, 37, 41, 23, 3, 12, 2])
(113880, [32, 18, 9, 43, 31, 23, 15, 2])
(113881, [32, 33, 11, 17, 1, 19, 26, 43, 31, 24, 4, 15, 3, 12, 40, 2, 13, 14])
(113882, [32, 34, 20, 9, 0, 11, 7, 16, 42, 6, 17, 1, 10, 19, 26, 44, 43, 31, 30, 41, 4, 15, 3, 12, 2, 13, 14, 22])
(113883, [32, 11, 7, 42, 1, 19, 30, 15, 3])
(113884, [32, 34])
(113885, [32, 9, 2])
(113886, [32, 34, 33, 11, 17, 1, 10, 8, 21, 36, 31, 30, 4, 3, 12, 2])
(113887, [32, 18, 0, 29, 42, 1, 43, 41, 4, 3, 12, 40])
(113888, [32, 9, 6, 17, 19, 44])
(113889, [32, 35, 34, 33, 20, 18, 27, 9, 0, 11, 7, 16, 42, 6, 28, 17, 1, 10, 19, 26, 21, 44, 43, 36, 31, 30, 39, 41, 24, 23, 4, 15, 3, 12, 40, 2, 13, 5, 14, 22])
(113890, [32, 35, 34, 33, 20, 27, 9, 0, 11, 7, 16, 6, 28, 10, 19, 8, 44, 43, 36, 31, 30, 41, 23, 3, 12, 2, 13, 5, 14])
(113891, [32, 23])
(113892, [32, 34, 33, 18, 0, 11, 29, 42, 1, 19, 8, 21, 31, 30, 39, 24, 23, 3, 12, 2, 5])
(113893, [32, 34, 9, 0, 6, 17, 26, 43, 31, 41, 24, 4, 15, 12, 2, 13])
(113894, [32, 35, 34, 33, 27, 9, 0, 7, 16, 28, 17, 1, 10, 19, 26, 21, 44, 43, 31, 30, 41, 24, 4, 15, 3, 12, 40, 2, 14, 22])
(113895, [32, 34, 33, 20, 18, 27, 9, 0, 11, 7, 16, 42, 28, 17, 1, 19, 26, 44, 43, 36, 31, 41, 24, 4, 15, 3, 12, 40, 2, 13, 14, 25])
(113896, [32, 33, 18, 9, 11, 1, 43, 30, 39, 41, 23, 15, 3, 40, 22])
(113897, [32, 35, 34, 20, 18, 27, 9, 0, 11, 7, 42, 6, 28, 1, 10, 19, 26, 21, 44, 43, 38, 36, 31, 30, 37, 39, 24, 23, 4, 15, 3, 12, 2, 13, 5, 14])
(113898, [32, 33, 18, 1, 19, 30, 4, 3, 2, 14, 22])
(113899, [32, 20, 1, 10, 43, 31, 30, 23, 3, 40, 2])
(113900, [32, 35, 20, 18, 0, 37, 23, 3, 12])
(113901, [32, 35, 34, 18, 11, 17, 1, 19, 26, 43, 41, 24, 3, 2])
(113902, [32, 34, 33, 18, 9, 11, 7, 6, 1, 10, 19, 21, 43, 38, 31, 30, 37, 23, 4, 15, 3, 12, 2, 22])
(113903, [32, 0, 23, 4])
(113904, [32, 18, 9, 0, 11, 7, 16, 42, 28, 17, 1, 19, 26, 21, 44, 43, 36, 31, 39, 41, 24, 4, 3, 12, 40, 2, 13])
(113905, [32, 36, 30, 2, 14])
(113906, [32, 9, 16, 17, 19, 41])
(113907, [32])
(113908, [32, 20, 0, 16, 42, 1, 3, 2])
(113909, [32])
(113910, [32])
(113911, [32, 26, 44, 43])
(113912, [32, 9, 0, 11, 16, 1, 44, 3, 12, 2])
(113913, [32, 33, 20, 0, 42, 19, 43, 24, 2])
(113914, [32, 34, 33, 20, 18, 0, 42, 1, 19, 21, 38, 31, 30, 3, 12, 40, 2, 22])
(113915, [32, 34, 0, 7, 1, 19, 43, 31, 39, 3, 12, 40, 2, 14, 22])
(113916, [32, 20, 18, 0, 11, 42, 17, 1, 10, 26, 8, 21, 44, 39, 41, 3, 12, 40, 2, 5])
(113917, [35])
(113918, [35])
(113919, [35, 9, 8, 44, 37, 23, 3])
(113920, [35, 18, 17, 1, 19, 23, 3])
(113921, [35])
(113922, [35, 39, 2])
(113923, [35, 34, 18, 0, 29, 6, 1, 8, 44, 36, 31, 37, 23, 3, 12])
(113924, [35, 20, 27, 9, 7, 16, 42, 1, 26, 21, 43, 38, 30, 15, 3, 2, 14, 22])
(113925, [35])
(113926, [35, 34, 18, 9, 0, 11, 17, 1, 8, 31, 30, 41, 23, 15, 12, 40, 2, 5])
(113927, [35, 0, 41, 3])
(113928, [35])
(113929, [35, 34, 33, 11, 16, 17, 1, 26, 44, 43, 4, 2, 14, 22])
(113930, [35])
(113931, [35])
(113932, [35, 34, 20, 18, 9, 0, 11, 7, 16, 6, 1, 10, 19, 26, 8, 21, 44, 43, 31, 30, 37, 23, 15, 3, 12, 2, 5, 14, 22])
(113933, [35, 18, 23])
(113934, [35, 6, 22])
(113935, [35, 18, 9, 11, 28, 10, 19, 44, 43, 36, 37, 39, 24, 23, 4, 15, 2, 13, 14])
(113936, [35, 33, 20, 18, 9, 0, 11, 7, 16, 42, 6, 17, 1, 19, 26, 21, 44, 43, 38, 30, 37, 41, 24, 4, 15, 3, 12, 40, 2, 13, 14, 22, 25])
(113937, [35])
(113938, [35, 9, 10])
(113939, [35, 34, 33, 20, 18, 9, 11, 16, 28, 17, 1, 19, 26, 21, 43, 31, 41, 24, 23, 15, 12, 40, 2, 13, 22, 25])
(113940, [35, 33, 20, 18, 27, 6, 19, 43, 31, 30, 24, 4, 2])
(113941, [35])
(113942, [35])
(113943, [35])
(113944, [35])
(113945, [35, 18, 9, 0, 1, 26, 43, 15, 3, 12, 2, 14])
(113946, [35])
(113947, [35, 18, 44, 43])
(113948, [35, 18, 9, 6, 19, 8, 21, 31, 3, 2])
(113949, [34])
(113950, [34])
(113951, [34, 10, 19, 21, 44, 31, 12, 2])
(113952, [34, 27, 11, 6, 1, 19, 26, 31, 30, 23, 12])
(113953, [34])
(113954, [34, 0, 11, 29, 16, 42, 1, 21, 43, 30, 24, 23, 4, 15, 3, 2, 22])
(113955, [34, 6, 8, 30])
(113956, [34, 2])
(113957, [34, 9, 0, 11, 7, 42, 1, 19, 26, 43, 38, 31, 30, 39, 41, 23, 4, 15, 3, 12, 2])
(113958, [34, 6, 26, 41, 15, 2])
(113959, [34, 9, 11, 12, 5])
(113960, [34, 33, 28, 17, 26, 30, 41, 13, 14])
(113961, [34, 18, 9, 6, 19, 21, 43, 38, 30, 23, 15, 3])
(113962, [34, 20, 18, 16, 17, 31, 41, 24, 15, 12, 5])
(113963, [34, 6, 10, 31])
(113964, [34])
(113965, [34, 3])
(113966, [34, 0, 1, 43, 41, 24, 12, 2, 22])
(113967, [34])
(113968, [34])
(113969, [34, 33, 20, 18, 9, 0, 11, 7, 16, 42, 17, 1, 19, 26, 21, 44, 41, 15, 3, 12, 40, 2, 14, 22])
(113970, [34, 18, 9, 16, 6, 17, 19, 8, 21, 44, 43, 31, 30, 37, 24, 23, 4, 15, 3, 12])
(113971, [34, 11, 16, 26])
(113972, [34, 33, 18, 0, 11, 1, 26, 38, 31, 30, 41, 24, 4, 15, 12, 40, 2])
(113973, [34, 33, 0, 7, 19, 36, 39, 3, 2])
(113974, [34, 33])
(113975, [34, 33, 7, 6, 17, 1, 26, 44, 43, 30, 24, 23, 2])
(113976, [34, 0])
(113977, [34])
(113978, [34, 33, 26, 36, 24])
(113979, [34, 1, 3])
(113980, [34])
(113981, [34, 20, 11, 6, 1, 26, 44, 24, 23, 15, 3, 22])
(113982, [34])
(113983, [34, 9, 0, 6, 1, 10, 30, 23, 4, 15, 3, 12])
(113984, [34])
(113985, [34, 30, 15, 40])
(113986, [34, 18, 29, 1, 19, 21, 30, 3])
(113987, [34, 33, 18, 0, 6, 10, 26, 43, 39, 23])
(113988, [34, 18, 7, 1, 19, 39, 2])
(113989, [34])
(113990, [34, 9, 11, 10, 26, 44, 41, 12, 13])
(113991, [34])
(113992, [34, 0, 7, 1, 44, 3, 40])
(113993, [34])
(113994, [34])
(113995, [34, 33, 7, 29, 1, 19, 26, 43, 31, 30, 15, 12, 22])
(113996, [34, 18, 27, 9, 0, 11, 7, 29, 16, 1, 19, 21, 44, 31, 30, 39, 24, 23, 4, 3, 2, 25])
(113997, [34, 0])
(113998, [34, 33, 9, 0, 7, 19, 43, 31, 23, 15, 3, 2])
(113999, [34, 18, 7, 16, 1, 26, 41, 24, 23, 15])
(114000, [34])
(114001, [34])
(114002, [34, 20, 18, 0, 11, 16, 1, 19, 26, 21, 38, 3, 12, 2])
(114003, [34])
(114004, [34])
(114005, [34, 12])
(114006, [33, 7, 31, 12])
(114007, [33, 27, 11, 17, 1, 10, 26, 8, 21, 31, 30, 3])
(114008, [33, 12])
(114009, [33, 9, 0, 11, 16, 19, 26, 21, 3, 2, 22])
(114010, [33, 18, 0, 24])
(114011, [33, 20, 0, 11, 7, 16, 6, 43, 41, 4, 15, 12, 2, 13])
(114012, [33, 11, 16, 43, 41, 2])
(114013, [33, 12])
(114014, [33, 0, 3, 2])
(114015, [33, 9, 11, 26, 3])
(114016, [33, 0, 6])
(114017, [33, 6, 28, 19, 26, 8, 2, 14])
(114018, [33, 18, 9, 6, 28, 1, 43, 31, 30, 41, 24, 23, 15, 13])
(114019, [33])
(114020, [33, 11, 1, 21, 44, 43, 23, 4, 15, 3])
(114021, [33, 0, 11, 1, 21, 40])
(114022, [33])
(114023, [33, 18, 44, 3])
(114024, [33, 1, 23])
(114025, [33, 20, 9, 0, 11, 1, 19, 26, 21, 44, 36, 31, 39, 4, 3, 2, 22])
(114026, [33])
(114027, [33, 42, 43, 30, 23, 4, 3])
(114028, [33, 18])
(114029, [33, 11, 1, 31, 15, 3])
(114030, [33, 18, 9, 1, 31, 15])
(114031, [33, 31, 30, 41, 24, 23, 4, 12, 2, 13])
(114032, [33, 18, 11, 44, 43, 30])
(114033, [33, 16])
(114034, [20])
(114035, [20])
(114036, [20])
(114037, [20, 11, 7, 16, 1, 44, 41, 3])
(114038, [20, 18, 9, 0, 11, 7, 28, 1, 43, 30, 41, 23, 4, 12, 2])
(114039, [20, 30, 41, 4, 3, 12])
(114040, [20, 0, 42, 17, 4])
(114041, [20, 3])
(114042, [20, 0])
(114043, [20, 1, 21, 3])
(114044, [20, 18, 27, 11, 42, 1, 8, 21, 44, 23, 4, 15, 3, 12, 2, 14])
(114045, [20, 31, 2])
(114046, [20])
(114047, [20, 9, 0, 11, 7, 16, 26, 44, 30, 41, 15, 3, 12, 40, 2])
(114048, [20, 9, 0, 11, 26, 41, 24, 15, 3, 12, 2])
(114049, [20, 18, 6, 17])
(114050, [20])
(114051, [20, 9, 6, 1, 43, 12, 2, 5])
(114052, [20, 1, 3, 12])
(114053, [20, 3])
(114054, [20, 3])
(114055, [20, 6, 26, 14])
(114056, [20, 0, 1, 21, 44, 41, 24, 12])
(114057, [20, 0, 42])
(114058, [20])
(114059, [20, 18, 9, 19, 43, 24, 40])
(114060, [20, 9, 11, 7, 42, 1, 10, 19, 21, 38, 41, 3, 12, 2, 5, 22])
(114061, [18])
(114062, [18])
(114063, [18, 16])
(114064, [18])
(114065, [18])
(114066, [18])
(114067, [18])
(114068, [18])
(114069, [18])
(114070, [18, 29, 1, 19, 21, 44, 36])
(114071, [18, 9, 19, 26, 8, 44, 43, 23, 15, 2, 5])
(114072, [18, 0, 26, 43, 36, 15, 12, 2])
(114073, [18, 23])
(114074, [18, 3])
(114075, [18])
(114076, [18, 1, 23, 15, 3])
(114077, [18, 1, 19, 8, 21, 4, 22])
(114078, [18])
(114079, [18])
(114080, [18, 16, 1, 8, 30, 23])
(114081, [18])
(114082, [18, 9, 19, 8])
(114083, [18, 9, 26, 41, 24, 3, 12, 13, 5])
(114084, [18, 9, 0, 7, 16, 42, 1, 10, 43, 38, 31, 30, 23, 3, 12, 2, 13])
(114085, [18, 21])
(114086, [18])
(114087, [18, 21])
(114088, [18, 21])
(114089, [18])
(114090, [18, 23])
(114091, [18, 15])
(114092, [18, 9, 16, 6, 19, 26, 24, 23, 4, 15, 13])
(114093, [18])
(114094, [18, 7, 16, 1, 19, 31, 41, 4, 3])
(114095, [18])
(114096, [18, 16, 1, 3])
(114097, [18, 11, 16, 42, 6, 19, 26, 21, 30, 24, 23, 15, 3, 2, 22])
(114098, [18])
(114099, [18])
(114100, [18])
(114101, [18, 9, 19, 30, 2])
(114102, [18])
(114103, [18])
(114104, [18])
(114105, [18])
(114106, [18])
(114107, [18])
(114108, [18, 1, 26, 21, 2, 22])
(114109, [18])
(114110, [18])
(114111, [18])
(114112, [18, 0, 3])
(114113, [18])
(114114, [18])
(114115, [18])
(114116, [18, 14])
(114117, [18])
(114118, [18])
(114119, [18, 30])
(114120, [18])
(114121, [18, 1, 43, 3, 12])
(114122, [18, 23])
(114123, [18])
(114124, [18, 12])
(114125, [18])
(114126, [18])
(114127, [18])
(114128, [18])
(114129, [18])
(114130, [18, 27, 24, 2])
(114131, [18])
(114132, [18])
(114133, [18, 9, 0, 11, 6, 17, 1, 44, 31, 23, 4, 15, 3, 12])
(114134, [18])
(114135, [18])
(114136, [18, 4])
(114137, [18, 8, 37, 23])
(114138, [18, 0, 6, 26, 44, 30, 24, 4, 15, 2])
(114139, [18, 9, 0, 6, 23, 40])
(114140, [18, 28, 23])
(114141, [18, 41])
(114142, [18])
(114143, [18])
(114144, [18])
(114145, [18])
(114146, [18, 26])
(114147, [18, 23])
(114148, [18, 9, 16, 43, 30, 4, 3, 40])
(114149, [18, 9, 44, 4, 12])
(114150, [18])
(114151, [18, 29])
(114152, [18, 15, 12])
(114153, [18])
(114154, [18, 9, 19, 8, 13])
(114155, [18])
(114156, [18, 1, 3])
(114157, [18])
(114158, [18, 0, 41])
(114159, [18, 16, 42, 6, 26, 41, 15, 3, 12])
(114160, [18])
(114161, [18, 19, 3])
(114162, [18, 23])
(114163, [18, 2])
(114164, [18])
(114165, [18])
(114166, [18, 0])
(114167, [18])
(114168, [18])
(114169, [18])
(114170, [18])
(114171, [18])
(114172, [18])
(114173, [18])
(114174, [18])
(114175, [18])
(114176, [18])
(114177, [18, 38])
(114178, [27])
(114179, [27, 43])
(114180, [27])
(114181, [27])
(114182, [27])
(114183, [27])
(114184, [27])
(114185, [27])
(114186, [27, 9, 0, 26, 43, 37, 12])
(114187, [27])
(114188, [27])
(114189, [27])
(114190, [9])
(114191, [9, 26, 41, 23])
(114192, [9])
(114193, [9, 43])
(114194, [9])
(114195, [9, 17, 43, 2])
(114196, [9])
(114197, [9, 0, 11, 44, 43, 31, 41, 4, 12])
(114198, [9, 3])
(114199, [9, 16, 8, 30, 15, 3, 5])
(114200, [9])
(114201, [9, 6, 1, 21, 3, 2, 5, 14, 22])
(114202, [9])
(114203, [9, 11, 7, 17, 1, 19, 21, 44, 30, 39, 3, 2])
(114204, [9])
(114205, [9])
(114206, [9, 11, 23, 3, 22])
(114207, [9])
(114208, [9, 4])
(114209, [9, 4])
(114210, [9])
(114211, [9, 0, 1, 2])
(114212, [9, 2])
(114213, [9])
(114214, [9])
(114215, [9, 0, 11, 42, 1, 21, 36, 3, 12, 2])
(114216, [9, 0, 26, 21, 40, 2, 14])
(114217, [9])
(114218, [9, 0, 11, 19])
(114219, [9, 40])
(114220, [9])
(114221, [9, 23, 2])
(114222, [9])
(114223, [9])
(114224, [9])
(114225, [9, 42, 1, 21, 30, 23, 15, 2])
(114226, [9, 28])
(114227, [9, 0])
(114228, [9, 0, 16, 6])
(114229, [9, 0, 19])
(114230, [9, 0, 3])
(114231, [9, 10, 2])
(114232, [9, 22])
(114233, [9, 17, 44, 4, 22])
(114234, [9])
(114235, [9])
(114236, [9])
(114237, [9])
(114238, [9])
(114239, [9])
(114240, [0])
(114241, [0])
(114242, [0])
(114243, [0, 4])
(114244, [0, 36, 2])
(114245, [0])
(114246, [0])
(114247, [0, 12])
(114248, [0])
(114249, [0])
(114250, [0, 12])
(114251, [0])
(114252, [0, 14])
(114253, [0])
(114254, [0])
(114255, [0])
(114256, [0])
(114257, [0, 12])
(114258, [0])
(114259, [0])
(114260, [0])
(114261, [0])
(114262, [0, 42, 41])
(114263, [0, 10])
(114264, [0])
(114265, [0])
(114266, [0, 11, 16, 6, 1, 21, 15, 3])
(114267, [0])
(114268, [0])
(114269, [0])
(114270, [0])
(114271, [0])
(114272, [0])
(114273, [0])
(114274, [0])
(114275, [0])
(114276, [0])
(114277, [0, 6, 19, 43, 36, 41, 4, 12, 2])
(114278, [0])
(114279, [0])
(114280, [0, 12])
(114281, [0, 43, 31, 2])
(114282, [0])
(114283, [0])
(114284, [0])
(114285, [0])
(114286, [0])
(114287, [0])
(114288, [0])
(114289, [0])
(114290, [0])
(114291, [0])
(114292, [0])
(114293, [0])
(114294, [0])
(114295, [0])
(114296, [0])
(114297, [0, 6, 26, 44, 12, 2])
(114298, [0])
(114299, [0])
(114300, [0])
(114301, [0])
(114302, [0])
(114303, [0])
(114304, [0])
(114305, [0])
(114306, [0])
(114307, [0])
(114308, [0])
(114309, [0])
(114310, [0])
(114311, [0])
(114312, [0, 39, 3])
(114313, [0])
(114314, [0])
(114315, [0])
(114316, [0])
(114317, [0, 44])
(114318, [0, 11, 1])
(114319, [0])
(114320, [0])
(114321, [0])
(114322, [0])
(114323, [0, 17, 44, 36, 30, 41, 24, 40, 2, 14])
(114324, [0])
(114325, [0])
(114326, [0])
(114327, [0])
(114328, [0])
(114329, [0])
(114330, [0])
(114331, [0])
(114332, [0])
(114333, [0])
(114334, [0])
(114335, [0])
(114336, [0])
(114337, [0])
(114338, [0, 11, 7, 6, 21, 43, 4, 15, 3])
(114339, [0, 36, 2, 14])
(114340, [0])
(114341, [0])
(114342, [0, 1, 21, 3])
(114343, [0])
(114344, [0])
(114345, [0])
(114346, [0])
(114347, [0])
(114348, [0])
(114349, [0])
(114350, [0])
(114351, [0])
(114352, [0])
(114353, [0])
(114354, [0])
(114355, [0, 7, 1, 19, 21, 3, 12])
(114356, [0])
(114357, [0])
(114358, [0, 26, 15])
(114359, [0])
(114360, [0])
(114361, [0])
(114362, [0, 42, 1, 37, 3])
(114363, [0])
(114364, [0, 2])
(114365, [0])
(114366, [0])
(114367, [0, 6, 1, 3, 12])
(114368, [0])
(114369, [0])
(114370, [0])
(114371, [0])
(114372, [0])
(114373, [0])
(114374, [0])
(114375, [0, 12])
(114376, [0])
(114377, [0])
(114378, [0])
(114379, [0])
(114380, [0])
(114381, [0, 12])
(114382, [0])
(114383, [0])
(114384, [0])
(114385, [0])
(114386, [0])
(114387, [0])
(114388, [0])
(114389, [0])
(114390, [0])
(114391, [0, 17, 2])
(114392, [0])
(114393, [0])
(114394, [0])
(114395, [0])
(114396, [0])
(114397, [0])
(114398, [0])
(114399, [0])
(114400, [0, 12])
(114401, [0])
(114402, [0])
(114403, [0])
(114404, [0, 30])
(114405, [0])
(114406, [0])
(114407, [0])
(114408, [0, 11, 1])
(114409, [0])
(114410, [0, 17, 1, 4, 3, 2])
(114411, [0, 21])
(114412, [0])
(114413, [0])
(114414, [0])
(114415, [0, 16, 23])
(114416, [0])
(114417, [0, 12])
(114418, [0])
(114419, [0])
(114420, [0])
(114421, [0])
(114422, [0])
(114423, [0])
(114424, [0])
(114425, [0])
(114426, [0])
(114427, [0])
(114428, [0])
(114429, [0])
(114430, [0])
(114431, [0])
(114432, [0])
(114433, [0])
(114434, [0])
(114435, [0])
(114436, [0, 12])
(114437, [0, 12])
(114438, [0])
(114439, [0])
(114440, [0])
(114441, [0])
(114442, [0])
(114443, [0, 12])
(114444, [0])
(114445, [0, 12])
(114446, [0])
(114447, [0])
(114448, [0, 23])
(114449, [0])
(114450, [0])
(114451, [0])
(114452, [0, 42, 6, 1, 44, 30, 41, 23, 15, 3, 2, 22])
(114453, [0, 7, 6, 1, 8, 21, 38, 41, 24, 23, 3, 12])
(114454, [0])
(114455, [0, 15, 40])
(114456, [0])
(114457, [0])
(114458, [0, 30])
(114459, [0])
(114460, [0])
(114461, [0])
(114462, [0])
(114463, [0])
(114464, [0])
(114465, [0])
(114466, [0])
(114467, [0])
(114468, [0])
(114469, [0])
(114470, [0])
(114471, [0])
(114472, [0])
(114473, [0])
(114474, [0])
(114475, [0])
(114476, [0])
(114477, [0])
(114478, [0])
(114479, [0, 30, 15, 3])
(114480, [0])
(114481, [0])
(114482, [0])
(114483, [0])
(114484, [0])
(114485, [0, 12])
(114486, [0])
(114487, [0])
(114488, [0])
(114489, [0])
(114490, [0])
(114491, [0])
(114492, [0])
(114493, [0])
(114494, [0])
(114495, [0])
(114496, [0])
(114497, [11, 1, 8, 21, 43, 41, 3])
(114498, [11, 6])
(114499, [11, 12])
(114500, [11, 1, 21])
(114501, [11])
(114502, [11, 6, 44])
(114503, [11])
(114504, [11])
(114505, [11])
(114506, [11])
(114507, [11, 7, 29, 1, 19, 15, 3, 25])
(114508, [11, 3, 12])
(114509, [11, 42, 6, 1, 26, 43, 12, 2, 13])
(114510, [11, 29, 6, 17, 1, 26, 21, 39, 3, 2])
(114511, [11])
(114512, [11, 1, 10, 12, 2, 22])
(114513, [11])
(114514, [11])
(114515, [11, 30, 15])
(114516, [11, 26, 41])
(114517, [11, 44, 12, 2])
(114518, [11])
(114519, [11])
(114520, [11, 16, 1, 19, 3])
(114521, [11, 1])
(114522, [11])
(114523, [11])
(114524, [11, 1, 19, 44, 3, 14])
(114525, [7, 3])
(114526, [7])
(114527, [7, 23, 3])
(114528, [7])
(114529, [7, 3])
(114530, [7, 15])
(114531, [7])
(114532, [7])
(114533, [7])
(114534, [7])
(114535, [7, 1])
(114536, [7])
(114537, [7, 16, 28, 1, 19, 26, 44, 3, 2])
(114538, [29])
(114539, [29, 30])
(114540, [16, 22])
(114541, [16])
(114542, [16, 1, 3, 12])
(114543, [16, 8, 2])
(114544, [16, 3, 2])
(114545, [16, 13, 14])
(114546, [16])
(114547, [16, 4])
(114548, [16])
(114549, [16, 28, 24, 2])
(114550, [16, 1, 21, 36, 3])
(114551, [16, 19, 21, 24, 15, 3, 2])
(114552, [16, 1, 3, 2])
(114553, [16])
(114554, [16])
(114555, [16, 3])
(114556, [16])
(114557, [16, 10])
(114558, [42])
(114559, [42, 1, 21])
(114560, [6, 26, 36, 2, 14])
(114561, [6])
(114562, [6])
(114563, [6])
(114564, [6])
(114565, [6])
(114566, [6])
(114567, [6, 2])
(114568, [6])
(114569, [6])
(114570, [6])
(114571, [6, 26])
(114572, [6])
(114573, [28, 43])
(114574, [28])
(114575, [28])
(114576, [28, 26, 43, 2])
(114577, [28])
(114578, [28])
(114579, [28])
(114580, [17, 2, 14, 25])
(114581, [17])
(114582, [17, 1, 19, 23, 4, 40, 2])
(114583, [17, 12, 2])
(114584, [17, 14])
(114585, [17])
(114586, [17, 4])
(114587, [17, 19, 44, 31, 30])
(114588, [17])
(114589, [17])
(114590, [17])
(114591, [17])
(114592, [17])
(114593, [17])
(114594, [17, 2])
(114595, [17])
(114596, [17, 8, 21, 41, 24, 23, 5, 22, 25])
(114597, [17])
(114598, [1, 8, 43, 15, 40, 2])
(114599, [1, 26])
(114600, [1, 21, 36, 12])
(114601, [1])
(114602, [1])
(114603, [1, 19])
(114604, [1])
(114605, [1])
(114606, [1, 21, 44, 3])
(114607, [1, 23, 2])
(114608, [1])
(114609, [1])
(114610, [1])
(114611, [1, 19, 41])
(114612, [1])
(114613, [1, 3])
(114614, [1])
(114615, [1])
(114616, [1])
(114617, [1])
(114618, [1, 38, 30, 24, 3, 2])
(114619, [1])
(114620, [1])
(114621, [1])
(114622, [1, 21, 3])
(114623, [1, 44, 3])
(114624, [1, 21])
(114625, [1])
(114626, [1])
(114627, [1, 3])
(114628, [1])
(114629, [10])
(114630, [10])
(114631, [10])
(114632, [10])
(114633, [10])
(114634, [10, 12])
(114635, [10])
(114636, [10])
(114637, [19, 8, 21, 25])
(114638, [19, 43, 2])
(114639, [19])
(114640, [19, 30, 14])
(114641, [19])
(114642, [19])
(114643, [19])
(114644, [19, 44])
(114645, [19, 23, 3])
(114646, [19])
(114647, [19])
(114648, [19])
(114649, [19])
(114650, [19])
(114651, [19, 31])
(114652, [19])
(114653, [19])
(114654, [19, 26, 37, 4])
(114655, [19])
(114656, [19])
(114657, [19])
(114658, [19, 21, 15, 2])
(114659, [19])
(114660, [19])
(114661, [19, 8])
(114662, [19])
(114663, [19, 21])
(114664, [19])
(114665, [19])
(114666, [19])
(114667, [19])
(114668, [19])
(114669, [19, 26, 21, 43, 23, 3, 2])
(114670, [19])
(114671, [26])
(114672, [26])
(114673, [26])
(114674, [26])
(114675, [26])
(114676, [26, 44, 43, 31, 12, 14])
(114677, [26])
(114678, [26, 44, 3, 12, 2])
(114679, [26])
(114680, [26])
(114681, [26])
(114682, [26])
(114683, [26])
(114684, [26, 43, 12])
(114685, [26, 24, 40])
(114686, [26])
(114687, [26])
(114688, [26, 41])
(114689, [26, 41])
(114690, [26])
(114691, [8])
(114692, [8, 23, 12, 5])
(114693, [8, 5])
(114694, [8])
(114695, [8])
(114696, [8, 2])
(114697, [8])
(114698, [8])
(114699, [8, 5])
(114700, [8])
(114701, [8])
(114702, [8])
(114703, [8])
(114704, [8, 36])
(114705, [8])
(114706, [8])
(114707, [8])
(114708, [8])
(114709, [21, 22])
(114710, [21])
(114711, [21])
(114712, [21])
(114713, [21])
(114714, [21, 31])
(114715, [21])
(114716, [21])
(114717, [21])
(114718, [21])
(114719, [21])
(114720, [21])
(114721, [21])
(114722, [21, 15, 3])
(114723, [21])
(114724, [21])
(114725, [21])
(114726, [21])
(114727, [21])
(114728, [21])
(114729, [21])
(114730, [21])
(114731, [21])
(114732, [21])
(114733, [21])
(114734, [21])
(114735, [21])
(114736, [21])
(114737, [21])
(114738, [21])
(114739, [21])
(114740, [21])
(114741, [21])
(114742, [44])
(114743, [44])
(114744, [44])
(114745, [44])
(114746, [44, 39])
(114747, [44])
(114748, [44])
(114749, [44])
(114750, [44])
(114751, [44])
(114752, [44])
(114753, [44])
(114754, [44])
(114755, [44, 31])
(114756, [44, 12])
(114757, [44, 2])
(114758, [44, 30])
(114759, [43, 4, 2])
(114760, [43])
(114761, [43, 36, 2])
(114762, [43])
(114763, [43, 2])
(114764, [43])
(114765, [43])
(114766, [43])
(114767, [43])
(114768, [43])
(114769, [43])
(114770, [43])
(114771, [43])
(114772, [43])
(114773, [43])
(114774, [43])
(114775, [43])
(114776, [43])
(114777, [43, 41, 12, 2])
(114778, [43])
(114779, [43])
(114780, [43, 23])
(114781, [43, 37])
(114782, [43])
(114783, [36])
(114784, [36, 3])
(114785, [36])
(114786, [36])
(114787, [36])
(114788, [36])
(114789, [36])
(114790, [36, 3])
(114791, [36])
(114792, [36])
(114793, [36])
(114794, [36])
(114795, [36])
(114796, [36])
(114797, [36])
(114798, [36])
(114799, [36, 2, 14])
(114800, [36, 14])
(114801, [36])
(114802, [36])
(114803, [36])
(114804, [36])
(114805, [36])
(114806, [36])
(114807, [36])
(114808, [36])
(114809, [36])
(114810, [36])
(114811, [36])
(114812, [36])
(114813, [36])
(114814, [31])
(114815, [31])
(114816, [31])
(114817, [31, 23])
(114818, [31, 41, 24, 23, 22])
(114819, [31])
(114820, [31, 30])
(114821, [31])
(114822, [31, 30])
(114823, [31, 41, 24, 23, 12, 40, 2])
(114824, [31, 3])
(114825, [31])
(114826, [31])
(114827, [31])
(114828, [30])
(114829, [30])
(114830, [30])
(114831, [30])
(114832, [30])
(114833, [30])
(114834, [30])
(114835, [30, 23])
(114836, [30])
(114837, [37])
(114838, [37])
(114839, [37])
(114840, [39])
(114841, [39])
(114842, [39])
(114843, [39])
(114844, [39])
(114845, [39])
(114846, [39])
(114847, [39])
(114848, [39])
(114849, [41])
(114850, [41, 15])
(114851, [41])
(114852, [41, 24])
(114853, [41])
(114854, [41])
(114855, [41])
(114856, [41])
(114857, [41])
(114858, [41])
(114859, [41])
(114860, [41])
(114861, [41])
(114862, [24])
(114863, [24])
(114864, [24])
(114865, [24])
(114866, [24])
(114867, [24, 2])
(114868, [24])
(114869, [24])
(114870, [23])
(114871, [23])
(114872, [23])
(114873, [23])
(114874, [23])
(114875, [23])
(114876, [23])
(114877, [23])
(114878, [23])
(114879, [23])
(114880, [23])
(114881, [23])
(114882, [23])
(114883, [23])
(114884, [23])
(114885, [23])
(114886, [23])
(114887, [23])
(114888, [23])
(114889, [23])
(114890, [23])
(114891, [23])
(114892, [23])
(114893, [23])
(114894, [23])
(114895, [23])
(114896, [23])
(114897, [23])
(114898, [23])
(114899, [23])
(114900, [23])
(114901, [23])
(114902, [23])
(114903, [23])
(114904, [23])
(114905, [23])
(114906, [23])
(114907, [23])
(114908, [23])
(114909, [23])
(114910, [23])
(114911, [4])
(114912, [4])
(114913, [4])
(114914, [4])
(114915, [4])
(114916, [4])
(114917, [4])
(114918, [4, 2])
(114919, [4])
(114920, [4])
(114921, [4])
(114922, [4])
(114923, [4, 15])
(114924, [4])
(114925, [4, 15, 13, 14])
(114926, [4])
(114927, [4])
(114928, [15])
(114929, [15])
(114930, [15, 40, 2])
(114931, [15])
(114932, [15])
(114933, [15])
(114934, [15, 3, 2])
(114935, [15])
(114936, [15])
(114937, [15, 22])
(114938, [15])
(114939, [15])
(114940, [15])
(114941, [3])
(114942, [3])
(114943, [3])
(114944, [3])
(114945, [3])
(114946, [3])
(114947, [3])
(114948, [3])
(114949, [3])
(114950, [3])
(114951, [3])
(114952, [3])
(114953, [3])
(114954, [3])
(114955, [3])
(114956, [3])
(114957, [3])
(114958, [3])
(114959, [3])
(114960, [3])
(114961, [3])
(114962, [3])
(114963, [3])
(114964, [3])
(114965, [3, 2])
(114966, [3])
(114967, [3])
(114968, [3])
(114969, [3])
(114970, [3])
(114971, [3])
(114972, [12])
(114973, [12])
(114974, [12])
(114975, [12])
(114976, [12])
(114977, [12])
(114978, [12])
(114979, [12])
(114980, [12])
(114981, [12])
(114982, [12, 2])
(114983, [12])
(114984, [12])
(114985, [12])
(114986, [12])
(114987, [12])
(114988, [12])
(114989, [12])
(114990, [12])
(114991, [12])
(114992, [12])
(114993, [12])
(114994, [12])
(114995, [12])
(114996, [12])
(114997, [12])
(114998, [12])
(114999, [12])
(115000, [12])
(115001, [12])
(115002, [12])
(115003, [12])
(115004, [12])
(115005, [12])
(115006, [12])
(115007, [12])
(115008, [12])
(115009, [12])
(115010, [12])
(115011, [12])
(115012, [12])
(115013, [12])
(115014, [12])
(115015, [12])
(115016, [12])
(115017, [12])
(115018, [12])
(115019, [12])
(115020, [12])
(115021, [12])
(115022, [12])
(115023, [12])
(115024, [12])
(115025, [12])
(115026, [12])
(115027, [12])
(115028, [12])
(115029, [12])
(115030, [12])
(115031, [12])
(115032, [12])
(115033, [12])
(115034, [12])
(115035, [12])
(115036, [12])
(115037, [12])
(115038, [12, 2])
(115039, [12])
(115040, [12])
(115041, [12])
(115042, [12])
(115043, [40])
(115044, [40])
(115045, [40])
(115046, [40])
(115047, [40])
(115048, [2])
(115049, [2])
(115050, [2])
(115051, [2])
(115052, [2])
(115053, [2])
(115054, [2])
(115055, [2])
(115056, [2])
(115057, [2])
(115058, [2])
(115059, [2])
(115060, [2])
(115061, [2])
(115062, [2])
(115063, [2])
(115064, [2])
(115065, [2])
(115066, [2])
(115067, [2])
(115068, [2])
(115069, [2])
(115070, [2])
(115071, [2])
(115072, [2])
(115073, [2])
(115074, [2])
(115075, [2])
(115076, [2])
(115077, [2])
(115078, [2])
(115079, [2, 14])
(115080, [2])
(115081, [2])
(115082, [2])
(115083, [2])
(115084, [2])
(115085, [2])
(115086, [2])
(115087, [2])
(115088, [2])
(115089, [2])
(115090, [2])
(115091, [2])
(115092, [2])
(115093, [2])
(115094, [2])
(115095, [2])
(115096, [2])
(115097, [2])
(115098, [2])
(115099, [2])
(115100, [2])
(115101, [2])
(115102, [2])
(115103, [2])
(115104, [2])
(115105, [2])
(115106, [2])
(115107, [2])
(115108, [2])
(115109, [2])
(115110, [2])
(115111, [2])
(115112, [2])
(115113, [2])
(115114, [13])
(115115, [13])
(115116, [13])
(115117, [5])
(115118, [5])
(115119, [5])
(115120, [5])
(115121, [5])
(115122, [5])
(115123, [5])
(115124, [5])
(115125, [5])
(115126, [5])
(115127, [5])
(115128, [14])
(115129, [14])
(115130, [14])
(115131, [14])
(115132, [14])
(115133, [14])
(115134, [14])
(115135, [14])
(115136, [14])
(115137, [14])
(115138, [14])
(115139, [14, 22])
(115140, [14])
(115141, [14])
(115142, [14])
(115143, [14])
(115144, [14])
(115145, [14])
(115146, [14])
(115147, [14])
(115148, [14])
(115149, [14])
(115150, [14])
(115151, [14])
(115152, [22])
(115153, [22])
(115154, [22])
(115155, [22])
(115156, [22])
(115157, [22])
(115158, [22])
(115159, [22])
(115160, [22])
(115161, [22])
(115162, [22])
(115163, [22])
(115164, [22])
(115165, [22])
(115166, [22])
