(83763, [17, 32])
(83764, [1, 2, 8, 9, 15, 17, 18, 19, 22, 26, 30, 31, 32, 33, 38])
(83765, [0, 1, 2, 3, 4, 5, 6, 7, 8, 9, 10, 11, 12, 13, 14, 15, 16, 17, 18, 19, 20, 21, 22, 23, 24, 25, 26, 27, 28, 29, 30, 31, 32, 33, 34, 35, 36, 37, 38, 39, 40, 41, 42, 43, 44])
(83766, [0, 1, 2, 3, 4, 5, 6, 7, 8, 9, 10, 11, 12, 13, 14, 15, 16, 17, 18, 19, 20, 21, 22, 23, 24, 25, 26, 27, 28, 29, 30, 31, 32, 33, 34, 35, 36, 37, 38, 39, 40, 41, 42, 43, 44])
(83767, [17, 32])
(83768, [0, 1, 2, 3, 4, 5, 6, 7, 8, 9, 10, 11, 12, 13, 14, 15, 16, 17, 18, 19, 20, 21, 22, 23, 24, 25, 26, 27, 28, 29, 30, 31, 32, 33, 34, 35, 36, 37, 38, 39, 40, 41, 42, 43, 44])
(83769, [0, 1, 2, 3, 7, 9, 12, 13, 15, 18, 19, 26, 28, 30, 31, 32, 33, 34, 36, 41, 43, 44])
(83770, [0, 1, 2, 3, 4, 6, 7, 8, 9, 11, 12, 13, 14, 15, 17, 18, 19, 20, 21, 22, 23, 24, 26, 27, 30, 31, 32, 33, 34, 36, 39, 40, 41, 42, 43, 44])
(83771, [0, 1, 2, 3, 4, 6, 7, 9, 11, 12, 13, 15, 16, 17, 18, 19, 20, 21, 22, 23, 24, 25, 26, 27, 28, 29, 30, 32, 33, 34, 35, 37, 38, 39, 40, 41, 42, 43, 44])
(83772, [6, 17, 24, 32, 44])
(83773, [3, 5, 8, 32])
(83774, [0, 1, 2, 3, 4, 7, 9, 11, 12, 14, 15, 16, 17, 19, 20, 29, 30, 31, 32, 33, 34, 39, 40, 41, 43, 44])
(83775, [0, 1, 3, 4, 6, 7, 8, 10, 11, 12, 15, 16, 17, 18, 19, 20, 23, 27, 30, 32, 34, 39, 42])
(83776, [0, 1, 2, 3, 5, 6, 9, 11, 12, 13, 15, 16, 17, 18, 19, 23, 24, 26, 29, 30, 31, 32, 33, 34, 41, 43])
(83777, [0, 3, 6, 8, 9, 10, 13, 16, 18, 19, 20, 23, 30, 31, 32, 33, 34, 41, 42])
(83778, [0, 1, 2, 3, 4, 6, 7, 8, 9, 10, 11, 12, 13, 14, 15, 16, 17, 18, 19, 20, 21, 22, 23, 24, 25, 26, 27, 28, 29, 30, 31, 32, 33, 34, 35, 36, 37, 38, 39, 40, 41, 42, 43, 44])
(83779, [0, 1, 2, 3, 4, 5, 6, 7, 8, 9, 11, 12, 13, 14, 15, 16, 19, 23, 26, 31, 32, 33, 34, 36, 40, 43])
(83780, [0, 1, 2, 3, 4, 6, 8, 9, 12, 14, 15, 18, 20, 21, 22, 23, 24, 26, 27, 28, 30, 31, 32, 34, 35, 36, 40, 41, 43, 44])
(83781, [0, 1, 2, 3, 4, 5, 6, 7, 8, 9, 10, 11, 12, 13, 14, 15, 16, 17, 18, 19, 20, 21, 22, 23, 24, 25, 26, 27, 28, 31, 32, 33, 34, 35, 36, 37, 38, 39, 41, 42, 44])
(83782, [0, 2, 3, 4, 5, 7, 9, 11, 12, 13, 14, 15, 17, 24, 26, 31, 32, 40, 41])
(83783, [1, 2, 3, 4, 5, 6, 7, 8, 9, 10, 11, 12, 13, 14, 15, 16, 17, 18, 19, 20, 21, 22, 23, 24, 26, 27, 28, 29, 30, 31, 32, 33, 34, 35, 36, 37, 38, 39, 40, 41, 42, 43, 44])
(83784, [0, 1, 2, 3, 4, 6, 7, 8, 9, 10, 12, 13, 14, 15, 16, 18, 19, 20, 21, 22, 23, 24, 26, 29, 30, 31, 32, 33, 34, 35, 36, 38, 39, 40, 41, 42, 43, 44])
(83785, [0, 1, 2, 3, 4, 5, 6, 7, 8, 9, 11, 13, 15, 16, 17, 18, 19, 20, 21, 22, 23, 24, 26, 30, 31, 32, 33, 34, 35, 37, 38, 39, 40, 41, 42, 43, 44])
(83786, [1, 2, 3, 6, 7, 8, 9, 11, 12, 13, 16, 17, 18, 19, 23, 26, 30, 31, 32, 33, 34, 36, 38, 39, 43, 44])
(83787, [0, 1, 2, 3, 4, 5, 6, 7, 8, 9, 10, 11, 12, 13, 14, 15, 16, 17, 18, 19, 20, 21, 23, 24, 26, 27, 28, 30, 31, 32, 33, 34, 35, 36, 37, 38, 39, 40, 41, 42, 43, 44])
(83788, [0, 1, 2, 3, 8, 9, 11, 12, 19, 21, 22, 32, 33, 34, 35])
(83789, [12, 32, 34])
(83790, [0, 1, 2, 3, 4, 5, 6, 7, 8, 9, 11, 13, 15, 16, 18, 19, 20, 21, 23, 24, 26, 28, 29, 30, 31, 32, 33, 35, 37, 39, 41, 42, 43, 44])
(83791, [0, 1, 2, 3, 9, 11, 12, 13, 14, 15, 16, 17, 20, 23, 24, 26, 27, 30, 32, 33, 34, 36, 37, 39, 40, 42, 44])
(83792, [0, 1, 2, 3, 4, 6, 7, 8, 9, 10, 11, 12, 14, 15, 16, 17, 18, 19, 20, 23, 26, 27, 30, 31, 32, 33, 34, 38, 39, 40, 41, 42, 43, 44])
(83793, [0, 1, 2, 3, 4, 5, 6, 8, 9, 10, 11, 12, 13, 14, 15, 16, 17, 18, 19, 20, 21, 22, 23, 24, 26, 27, 29, 30, 31, 32, 33, 34, 35, 40, 41, 43, 44])
(83794, [1, 3, 6, 7, 8, 9, 11, 13, 20, 21, 22, 30, 31, 32, 33, 34, 35, 37, 42, 44])
(83795, [32, 40])
(83796, [0, 1, 2, 3, 4, 6, 7, 9, 10, 11, 12, 13, 15, 16, 17, 18, 19, 20, 21, 22, 23, 24, 26, 30, 31, 32, 33, 34, 35, 37, 38, 39, 40, 41, 42, 43, 44])
(83797, [0, 1, 3, 4, 5, 6, 7, 9, 11, 12, 13, 14, 15, 18, 20, 23, 24, 26, 27, 30, 31, 32, 33, 34, 35, 39, 41, 42, 44])
(83798, [2, 26, 30, 32, 34])
(83799, [1, 2, 3, 4, 6, 8, 9, 11, 12, 13, 14, 15, 16, 17, 18, 19, 20, 21, 22, 23, 24, 25, 26, 29, 30, 31, 32, 33, 34, 35, 38, 40, 41, 43, 44])
(83800, [4, 6, 9, 15, 19, 27, 30, 31, 32, 33, 34, 36, 40])
(83801, [1, 2, 3, 5, 6, 7, 8, 9, 10, 11, 12, 13, 14, 16, 18, 19, 20, 21, 24, 26, 30, 31, 32, 33, 34, 40, 41, 42, 43, 44])
(83802, [0, 1, 2, 3, 5, 6, 8, 9, 11, 12, 13, 18, 19, 20, 21, 23, 24, 26, 28, 30, 31, 32, 33, 34, 35, 37, 39, 40, 41, 42, 43, 44])
(83803, [0, 2, 3, 7, 11, 32, 33, 41, 43])
(83804, [0, 1, 2, 3, 6, 11, 13, 15, 17, 18, 19, 23, 24, 26, 30, 31, 32, 33, 34, 41, 43])
(83805, [0, 1, 2, 3, 4, 9, 12, 13, 15, 18, 24, 26, 27, 30, 31, 32, 33, 34, 41, 44])
(83806, [1, 3, 9, 11, 12, 15, 16, 18, 19, 21, 22, 23, 26, 27, 30, 31, 32, 33, 44])
(83807, [1, 2, 3, 4, 6, 7, 8, 9, 11, 12, 14, 15, 16, 18, 19, 21, 22, 23, 30, 31, 32, 33, 34, 35, 40, 41, 42, 43, 44])
(83808, [0, 1, 2, 3, 4, 6, 9, 10, 11, 12, 13, 15, 16, 17, 18, 19, 21, 23, 24, 30, 31, 32, 35, 38, 40, 41, 43, 44])
(83809, [1, 2, 3, 4, 5, 6, 8, 9, 11, 12, 14, 15, 16, 17, 18, 19, 21, 23, 30, 32, 34, 36, 40, 43, 44])
(83810, [1, 2, 3, 4, 11, 12, 14, 15, 16, 17, 18, 19, 32, 39, 41, 44])
(83811, [0, 1, 3, 4, 9, 21, 23, 32, 44])
(83812, [2, 4, 6, 9, 13, 14, 15, 16, 17, 19, 21, 22, 24, 31, 32, 33, 35, 36, 39, 40, 41, 43, 44])
(83813, [1, 3, 4, 5, 7, 8, 10, 11, 16, 18, 19, 20, 23, 27, 31, 32, 35, 38, 40, 43, 44])
(83814, [2, 11, 16, 17, 32, 44])
(83815, [1, 2, 3, 4, 6, 9, 11, 12, 13, 15, 16, 19, 22, 26, 32, 40, 41, 43])
(83816, [0, 1, 2, 3, 4, 9, 10, 12, 13, 15, 16, 17, 19, 20, 30, 31, 32, 33, 34, 37, 39, 41, 42])
(83817, [0, 1, 2, 3, 4, 6, 7, 8, 10, 11, 12, 15, 16, 17, 18, 19, 20, 22, 23, 26, 32, 33, 34, 35, 37, 40, 43, 44])
(83818, [1, 3, 4, 5, 7, 11, 12, 18, 19, 21, 23, 24, 30, 31, 32, 34, 42, 43, 44])
(83819, [1, 3, 22, 32])
(83820, [32, 36, 41])
(83821, [0, 1, 3, 4, 9, 12, 22, 26, 31, 32, 38])
(83822, [32])
(83823, [0, 1, 2, 6, 7, 9, 10, 12, 14, 18, 19, 20, 23, 32, 33, 34, 35, 44])
(83824, [0, 1, 2, 4, 5, 6, 7, 8, 9, 12, 15, 16, 17, 18, 19, 20, 23, 24, 26, 27, 28, 29, 30, 31, 32, 33, 34, 36, 37, 39, 41, 42, 43, 44])
(83825, [3, 4, 15, 18, 24, 30, 32, 42, 43])
(83826, [0, 2, 4, 6, 7, 9, 11, 15, 19, 22, 27, 30, 31, 32, 33, 34, 38, 39])
(83827, [32])
(83828, [0, 1, 2, 3, 4, 5, 6, 7, 9, 10, 11, 12, 13, 16, 17, 19, 20, 21, 22, 23, 24, 25, 26, 27, 28, 30, 31, 32, 33, 34, 35, 37, 40, 41, 42, 44])
(83829, [1, 3, 4, 6, 7, 12, 15, 18, 26, 32])
(83830, [0, 1, 2, 3, 4, 6, 7, 9, 11, 12, 13, 15, 16, 18, 19, 22, 24, 26, 31, 32, 33, 34, 35, 36, 37, 40, 41, 42, 43, 44])
(83831, [0, 2, 3, 5, 6, 7, 8, 11, 12, 15, 16, 17, 18, 19, 20, 22, 23, 26, 27, 28, 30, 31, 32, 35, 36, 37, 38, 41, 43, 44])
(83832, [0, 1, 2, 3, 4, 6, 9, 11, 12, 15, 16, 18, 19, 21, 22, 23, 26, 29, 30, 31, 32, 39, 41, 42, 44])
(83833, [0, 2, 3, 4, 6, 8, 12, 14, 15, 18, 19, 23, 24, 27, 31, 32, 35, 41, 43])
(83834, [11, 15, 17, 19, 31, 32, 41, 43])
(83835, [0, 1, 2, 3, 4, 6, 7, 9, 11, 12, 14, 15, 16, 17, 19, 20, 23, 24, 26, 30, 31, 32, 33, 34, 38, 39, 42, 43, 44])
(83836, [11, 26, 31, 32, 33, 34, 40, 41])
(83837, [0, 1, 3, 11, 16, 31, 32, 34, 41, 43, 44])
(83838, [0, 1, 3, 11, 16, 17, 32, 43])
(83839, [0, 1, 2, 3, 4, 6, 9, 11, 12, 14, 15, 16, 17, 18, 19, 20, 24, 26, 27, 31, 32, 36, 40, 42, 44])
(83840, [0, 2, 4, 7, 9, 11, 12, 17, 19, 26, 31, 32, 34, 35, 41])
(83841, [0, 1, 3, 6, 11, 12, 16, 18, 20, 21, 22, 23, 29, 30, 31, 32, 33, 38, 39, 44])
(83842, [1, 2, 3, 4, 8, 10, 14, 15, 18, 21, 23, 26, 30, 32, 33, 36, 39, 41, 43, 44])
(83843, [1, 18, 32, 34])
(83844, [0, 1, 2, 3, 4, 5, 6, 8, 9, 11, 12, 14, 15, 16, 17, 18, 19, 20, 22, 23, 24, 25, 26, 27, 28, 29, 30, 31, 32, 33, 34, 35, 37, 38, 39, 40, 41, 43, 44])
(83845, [1, 3, 31, 32])
(83846, [0, 1, 2, 3, 4, 7, 9, 11, 12, 13, 17, 20, 26, 27, 30, 31, 32, 33, 34, 36, 37, 39, 41, 44])
(83847, [20, 30, 32, 34])
(83848, [1, 2, 3, 4, 6, 7, 9, 11, 12, 14, 15, 16, 17, 18, 19, 21, 24, 26, 30, 31, 32, 33, 36, 42, 44])
(83849, [1, 3, 8, 11, 18, 19, 20, 21, 29, 32, 39, 44])
(83850, [1, 3, 9, 10, 12, 15, 16, 18, 19, 21, 30, 32, 43])
(83851, [1, 3, 8, 9, 11, 12, 17, 21, 30, 31, 32, 33, 37, 41])
(83852, [18, 28, 32, 41, 43, 44])
(83853, [2, 3, 9, 12, 16, 21, 24, 26, 30, 32, 34, 43])
(83854, [1, 2, 3, 4, 6, 9, 10, 11, 12, 13, 17, 18, 19, 21, 24, 30, 31, 32, 33, 34, 35, 40, 41])
(83855, [2, 9, 11, 12, 15, 17, 19, 31, 32, 34, 36, 41, 43])
(83856, [0, 1, 5, 8, 12, 19, 23, 32])
(83857, [0, 32])
(83858, [1, 12, 16, 30, 32, 34])
(83859, [2, 32])
(83860, [0, 14, 26, 30, 31, 32, 33, 36, 41])
(83861, [2, 32])
(83862, [1, 2, 3, 4, 12, 19, 21, 26, 32, 33])
(83863, [0, 1, 3, 8, 11, 15, 20, 22, 32, 36, 43])
(83864, [2, 19, 24, 32])
(83865, [2, 3, 4, 11, 13, 15, 19, 26, 32, 33, 41, 44])
(83866, [1, 2, 7, 11, 13, 14, 15, 21, 26, 32, 33, 36, 40, 44])
(83867, [2, 4, 7, 12, 15, 28, 32, 35])
(83868, [0, 1, 2, 3, 4, 5, 6, 7, 8, 9, 10, 11, 12, 13, 14, 16, 17, 18, 19, 20, 21, 22, 23, 24, 25, 26, 27, 28, 29, 30, 31, 33, 34, 35, 36, 37, 38, 39, 40, 41, 42, 43, 44])
(83869, [0, 1, 2, 3, 4, 5, 6, 7, 8, 9, 10, 11, 12, 13, 14, 15, 16, 18, 19, 20, 21, 22, 23, 24, 25, 26, 27, 28, 29, 30, 31, 33, 34, 35, 36, 37, 38, 39, 40, 41, 42, 43, 44])
(83870, [35])
(83871, [0, 1, 2, 3, 5, 6, 7, 10, 11, 12, 14, 15, 16, 19, 20, 21, 23, 30, 31, 33, 34, 35, 40, 42, 44])
(83872, [1, 3, 16, 18, 20, 21, 22, 35, 43, 44])
(83873, [0, 1, 2, 3, 5, 7, 8, 11, 14, 15, 17, 18, 19, 21, 23, 26, 35, 42, 44])
(83874, [35])
(83875, [35])
(83876, [2, 3, 5, 6, 8, 12, 18, 20, 23, 31, 33, 34, 35, 42])
(83877, [35])
(83878, [1, 2, 3, 6, 7, 11, 14, 19, 20, 21, 23, 29, 35, 43, 44])
(83879, [35])
(83880, [4, 19, 35, 39])
(83881, [2, 3, 4, 17, 20, 21, 22, 24, 33, 35, 38, 40, 41, 43, 44])
(83882, [0, 1, 8, 9, 16, 18, 19, 23, 35, 44])
(83883, [35])
(83884, [0, 1, 2, 3, 4, 9, 11, 12, 15, 23, 24, 26, 28, 30, 31, 34, 35, 41, 43])
(83885, [35])
(83886, [0, 1, 3, 4, 7, 14, 18, 20, 22, 31, 33, 35, 40])
(83887, [0, 1, 2, 3, 4, 5, 6, 8, 11, 12, 14, 15, 17, 18, 19, 21, 22, 23, 30, 31, 33, 34, 35, 39, 43, 44])
(83888, [12, 18, 23, 35])
(83889, [35])
(83890, [17, 35, 43])
(83891, [14, 15, 18, 23, 35, 43])
(83892, [1, 3, 9, 11, 35, 44])
(83893, [35])
(83894, [35, 37])
(83895, [31, 35])
(83896, [9, 11, 15, 16, 18, 24, 35, 41])
(83897, [35])
(83898, [3, 8, 31, 35])
(83899, [1, 2, 3, 4, 6, 7, 9, 11, 12, 16, 18, 19, 21, 22, 23, 24, 26, 29, 30, 31, 33, 34, 35, 38, 40, 43, 44])
(83900, [0, 1, 2, 3, 4, 7, 11, 12, 15, 17, 18, 19, 20, 23, 26, 33, 34, 35, 38, 43, 44])
(83901, [35])
(83902, [35])
(83903, [0, 3, 8, 11, 12, 16, 18, 20, 30, 33, 35, 42])
(83904, [35])
(83905, [35])
(83906, [35])
(83907, [35])
(83908, [0, 1, 2, 3, 7, 10, 11, 12, 16, 20, 21, 24, 26, 34, 35, 41, 42, 44])
(83909, [35])
(83910, [35])
(83911, [35])
(83912, [4, 35])
(83913, [10, 35])
(83914, [0, 3, 12, 28, 34, 35])
(83915, [0, 4, 6, 14, 18, 35])
(83916, [0, 2, 3, 6, 7, 10, 11, 18, 20, 23, 35, 43])
(83917, [1, 3, 8, 9, 19, 21, 22, 29, 30, 35])
(83918, [35])
(83919, [35])
(83920, [35])
(83921, [35])
(83922, [35])
(83923, [0, 1, 3, 7, 12, 19, 28, 31, 33, 35])
(83924, [35])
(83925, [24, 34])
(83926, [34])
(83927, [34])
(83928, [11, 34])
(83929, [0, 8, 22, 30, 33, 34, 44])
(83930, [34, 40, 41])
(83931, [0, 9, 11, 23, 24, 34, 36, 40, 41])
(83932, [0, 34])
(83933, [34])
(83934, [0, 9, 18, 34])
(83935, [1, 3, 34])
(83936, [3, 7, 11, 12, 20, 26, 34, 42])
(83937, [3, 31, 34])
(83938, [1, 2, 3, 6, 7, 9, 11, 12, 15, 19, 22, 33, 34, 43, 44])
(83939, [1, 7, 10, 11, 12, 17, 19, 34])
(83940, [1, 15, 18, 22, 23, 27, 34, 44])
(83941, [0, 1, 2, 3, 9, 11, 13, 18, 20, 24, 34, 41, 44])
(83942, [34])
(83943, [0, 1, 2, 5, 8, 9, 10, 12, 15, 20, 23, 34, 44])
(83944, [3, 6, 17, 22, 31, 33, 34, 38, 39])
(83945, [0, 1, 3, 4, 7, 10, 11, 13, 14, 15, 16, 18, 19, 20, 21, 23, 26, 34, 41, 43, 44])
(83946, [1, 3, 11, 34])
(83947, [12, 20, 34])
(83948, [1, 3, 19, 34, 44])
(83949, [34])
(83950, [0, 2, 4, 5, 9, 11, 16, 17, 19, 26, 30, 34, 43, 44])
(83951, [33, 34])
(83952, [26, 34])
(83953, [2, 33, 34, 41, 44])
(83954, [1, 3, 7, 9, 12, 30, 31, 33, 34, 41, 43])
(83955, [0, 6, 34])
(83956, [0, 2, 3, 5, 9, 11, 14, 15, 19, 26, 34, 41, 44])
(83957, [0, 2, 6, 9, 13, 14, 17, 18, 19, 24, 29, 34])
(83958, [2, 15, 17, 28, 34])
(83959, [0, 6, 11, 13, 26, 30, 31, 33, 34, 41])
(83960, [0, 1, 3, 7, 9, 10, 12, 15, 17, 18, 20, 23, 26, 30, 34, 41])
(83961, [0, 2, 16, 17, 22, 25, 34, 37, 41])
(83962, [0, 9, 12, 34])
(83963, [12, 34])
(83964, [1, 3, 7, 19, 33, 34])
(83965, [4, 11, 19, 34, 36])
(83966, [34])
(83967, [19, 34])
(83968, [34])
(83969, [34])
(83970, [0, 2, 12, 15, 16, 21, 22, 23, 24, 26, 30, 31, 34, 43])
(83971, [11, 15, 26, 28, 33, 44])
(83972, [33])
(83973, [33])
(83974, [33])
(83975, [18, 19, 33])
(83976, [2, 6, 14, 17, 18, 20, 30, 31, 33, 41])
(83977, [1, 3, 24, 31, 33, 43])
(83978, [2, 3, 12, 33])
(83979, [0, 4, 18, 20, 22, 23, 33, 41, 42])
(83980, [1, 2, 3, 7, 12, 14, 18, 20, 21, 23, 27, 33, 37])
(83981, [0, 1, 2, 3, 6, 11, 12, 14, 17, 19, 23, 26, 27, 29, 31, 33, 39, 40, 43])
(83982, [2, 26, 33, 44])
(83983, [1, 12, 33])
(83984, [3, 5, 23, 25, 33])
(83985, [33, 36])
(83986, [33])
(83987, [33])
(83988, [33])
(83989, [33])
(83990, [15, 33])
(83991, [33])
(83992, [33])
(83993, [0, 3, 33])
(83994, [2, 17, 31, 33])
(83995, [33])
(83996, [0, 30, 33])
(83997, [3, 33])
(83998, [33])
(83999, [33])
(84000, [0, 1, 2, 3, 6, 9, 12, 14, 19, 20, 21, 23, 24, 26, 31, 33, 36, 38, 43, 44])
(84001, [31, 33, 36])
(84002, [6, 9, 15, 19, 20, 23, 31, 33, 43])
(84003, [1, 2, 3, 4, 9, 11, 12, 14, 16, 21, 31, 33, 43, 44])
(84004, [0, 31, 33, 43])
(84005, [30, 33])
(84006, [15, 20])
(84007, [1, 3, 20])
(84008, [1, 3, 6, 9, 14, 15, 16, 18, 19, 20, 21, 24, 30, 38, 41, 42])
(84009, [19, 20])
(84010, [20])
(84011, [0, 2, 4, 6, 11, 12, 13, 16, 20, 31, 40])
(84012, [1, 3, 8, 18, 20, 30, 41, 43])
(84013, [20])
(84014, [1, 2, 3, 5, 10, 11, 12, 16, 19, 20, 21, 27, 36, 42, 44])
(84015, [0, 1, 2, 3, 6, 11, 17, 20, 26, 39, 44])
(84016, [20])
(84017, [20])
(84018, [19, 20])
(84019, [1, 2, 3, 20, 21, 23])
(84020, [0, 20])
(84021, [20])
(84022, [0, 2, 3, 6, 10, 15, 18, 20, 26, 31, 36, 41, 44])
(84023, [2, 12, 20])
(84024, [17, 18, 20])
(84025, [20])
(84026, [20])
(84027, [1, 3, 4, 6, 8, 11, 12, 14, 15, 19, 20, 25, 26, 31, 39, 43])
(84028, [3, 20])
(84029, [3, 20, 31])
(84030, [20])
(84031, [20, 26])
(84032, [4, 20, 36])
(84033, [20])
(84034, [2, 18, 20, 28])
(84035, [1, 3, 20, 30])
(84036, [20])
(84037, [0, 2, 4, 7, 9, 13, 16, 17, 18, 19, 20, 24, 27, 44])
(84038, [18, 20])
(84039, [20])
(84040, [20])
(84041, [4, 19, 20, 42])
(84042, [0, 1, 2, 3, 4, 6, 8, 9, 12, 15, 20, 22, 23, 30, 38, 44])
(84043, [9, 20, 23, 42])
(84044, [18])
(84045, [18])
(84046, [18])
(84047, [1, 3, 6, 8, 9, 11, 15, 18, 23, 31])
(84048, [18, 24])
(84049, [18])
(84050, [3, 18, 23, 43])
(84051, [18, 31])
(84052, [18])
(84053, [18])
(84054, [18])
(84055, [9, 18])
(84056, [0, 1, 3, 9, 11, 16, 18, 19, 21, 23, 26, 38, 44])
(84057, [2, 4, 13, 14, 15, 18, 21, 23, 26, 29, 30, 31, 37, 43])
(84058, [2, 4, 6, 18, 41, 43])
(84059, [18])
(84060, [1, 2, 3, 9, 11, 15, 18, 21, 22, 23, 29, 41, 44])
(84061, [17, 18])
(84062, [11, 17, 18, 19, 21, 37])
(84063, [1, 2, 3, 4, 18])
(84064, [14, 18])
(84065, [18])
(84066, [2, 11, 13, 16, 18, 21, 41, 43, 44])
(84067, [18])
(84068, [18])
(84069, [18])
(84070, [1, 3, 18, 43])
(84071, [18])
(84072, [18])
(84073, [2, 6, 7, 13, 15, 18, 26, 28])
(84074, [0, 4, 7, 15, 18, 22, 36])
(84075, [4, 15, 18])
(84076, [1, 3, 15, 16, 18, 21, 22, 26, 42])
(84077, [18])
(84078, [18])
(84079, [18])
(84080, [18])
(84081, [18])
(84082, [18])
(84083, [18])
(84084, [18])
(84085, [18])
(84086, [18])
(84087, [18])
(84088, [18])
(84089, [18])
(84090, [18, 21])
(84091, [18, 23])
(84092, [18])
(84093, [18])
(84094, [18])
(84095, [18])
(84096, [18])
(84097, [18])
(84098, [0, 2, 4, 9, 11, 13, 14, 18, 23, 24, 26, 31, 41, 43])
(84099, [18])
(84100, [18])
(84101, [18])
(84102, [18])
(84103, [18])
(84104, [18, 22])
(84105, [6, 18])
(84106, [2, 12, 18, 24])
(84107, [2, 4, 11, 16, 18, 26, 31, 41])
(84108, [2, 3, 4, 6, 9, 15, 17, 18, 19, 41])
(84109, [18])
(84110, [18])
(84111, [15, 18, 23])
(84112, [18])
(84113, [18])
(84114, [18])
(84115, [18])
(84116, [18])
(84117, [18])
(84118, [18])
(84119, [18, 43])
(84120, [18])
(84121, [18, 26])
(84122, [18])
(84123, [18])
(84124, [18])
(84125, [1, 3, 6, 17, 18, 19, 21, 23, 42, 44])
(84126, [18])
(84127, [17, 18])
(84128, [18, 27])
(84129, [9, 23, 27, 43])
(84130, [3, 8, 27])
(84131, [2, 11, 12, 27, 43])
(84132, [0, 1, 3, 5, 9, 12, 21, 27, 44])
(84133, [27])
(84134, [27])
(84135, [0, 1, 2, 3, 12, 21, 23, 27, 31, 42, 43])
(84136, [2, 14, 27, 36, 44])
(84137, [27])
(84138, [9, 31, 41, 43])
(84139, [0, 4, 9, 11])
(84140, [9, 23])
(84141, [0, 1, 3, 9, 30, 31])
(84142, [1, 9, 11, 16, 23, 31, 38, 44])
(84143, [3, 9, 26])
(84144, [3, 7, 9, 11, 19])
(84145, [8, 9, 11, 12, 17, 23, 44])
(84146, [1, 3, 9, 12, 17, 40, 42])
(84147, [9, 23])
(84148, [1, 2, 3, 9, 19, 23])
(84149, [7, 9])
(84150, [9, 30])
(84151, [0, 2, 9, 11, 14, 26, 30, 31, 41])
(84152, [9, 44])
(84153, [0, 9, 23, 24, 42])
(84154, [9])
(84155, [1, 3, 9])
(84156, [1, 3, 4, 9])
(84157, [9])
(84158, [9])
(84159, [0, 2, 8, 9, 22, 23, 30, 44])
(84160, [3, 6, 9, 13, 15, 17, 23, 40, 44])
(84161, [1, 9, 19, 30])
(84162, [9])
(84163, [0, 1, 3, 4, 7, 9, 15, 24, 42])
(84164, [9])
(84165, [2, 9, 16, 23, 26])
(84166, [9])
(84167, [9])
(84168, [9, 16])
(84169, [0, 9, 15, 17, 23])
(84170, [9])
(84171, [9])
(84172, [2, 6, 9, 13, 14, 15, 24, 31])
(84173, [9, 12])
(84174, [9])
(84175, [0, 9, 19, 41])
(84176, [1, 3, 7, 9, 11, 16, 19, 21, 23, 30, 42, 44])
(84177, [4, 6, 9, 14, 15, 16, 19])
(84178, [1, 2, 4, 6, 9, 12, 14, 15, 19, 23, 26, 28, 36, 40, 43, 44])
(84179, [9])
(84180, [9, 12, 15])
(84181, [9])
(84182, [9])
(84183, [9])
(84184, [9])
(84185, [9])
(84186, [9, 31, 39, 43])
(84187, [9])
(84188, [9])
(84189, [9, 11])
(84190, [9, 15, 17])
(84191, [9])
(84192, [9])
(84193, [9])
(84194, [9])
(84195, [0, 7])
(84196, [0])
(84197, [0])
(84198, [0, 19])
(84199, [0])
(84200, [0])
(84201, [0])
(84202, [0])
(84203, [0])
(84204, [0])
(84205, [0, 1, 3, 7, 12])
(84206, [0, 17])
(84207, [0])
(84208, [0])
(84209, [0, 12])
(84210, [0])
(84211, [0])
(84212, [0, 12])
(84213, [0])
(84214, [0, 3, 12, 42])
(84215, [0])
(84216, [0])
(84217, [0])
(84218, [0])
(84219, [0, 3, 4, 19])
(84220, [0])
(84221, [0])
(84222, [0])
(84223, [0])
(84224, [0])
(84225, [0])
(84226, [0])
(84227, [0])
(84228, [0])
(84229, [0])
(84230, [0])
(84231, [0])
(84232, [0])
(84233, [0])
(84234, [0])
(84235, [0, 12])
(84236, [0, 12])
(84237, [0, 12])
(84238, [0])
(84239, [0])
(84240, [0, 16])
(84241, [0, 41])
(84242, [0])
(84243, [0])
(84244, [0])
(84245, [0, 6, 22])
(84246, [0, 2, 12])
(84247, [0, 3, 15, 19, 23, 24, 41, 43, 44])
(84248, [0])
(84249, [0])
(84250, [0])
(84251, [0])
(84252, [0, 17, 26, 43])
(84253, [0, 1, 3])
(84254, [0])
(84255, [0])
(84256, [0])
(84257, [0, 12])
(84258, [0])
(84259, [0])
(84260, [0])
(84261, [0])
(84262, [0])
(84263, [0])
(84264, [0, 1, 3])
(84265, [0])
(84266, [0])
(84267, [0, 2, 13, 24, 26, 41, 43])
(84268, [0, 23, 25])
(84269, [0])
(84270, [0])
(84271, [0])
(84272, [0, 23])
(84273, [0, 11, 21])
(84274, [0])
(84275, [0])
(84276, [0, 12])
(84277, [0])
(84278, [0])
(84279, [0])
(84280, [0])
(84281, [0])
(84282, [0])
(84283, [0, 7, 12])
(84284, [0])
(84285, [0])
(84286, [0])
(84287, [0])
(84288, [0])
(84289, [0])
(84290, [0])
(84291, [0])
(84292, [0])
(84293, [0])
(84294, [0, 12])
(84295, [0])
(84296, [0, 3, 11, 30, 31])
(84297, [0])
(84298, [0])
(84299, [0])
(84300, [0])
(84301, [0])
(84302, [0])
(84303, [0])
(84304, [0])
(84305, [0, 15, 26])
(84306, [0])
(84307, [0])
(84308, [0, 23])
(84309, [0])
(84310, [0])
(84311, [0])
(84312, [0])
(84313, [0])
(84314, [0])
(84315, [0])
(84316, [0])
(84317, [0])
(84318, [0])
(84319, [0])
(84320, [0])
(84321, [0])
(84322, [0])
(84323, [0])
(84324, [0, 2, 25])
(84325, [0])
(84326, [0])
(84327, [0])
(84328, [0, 12])
(84329, [0])
(84330, [0])
(84331, [0])
(84332, [0])
(84333, [0])
(84334, [0])
(84335, [0])
(84336, [0])
(84337, [0])
(84338, [0])
(84339, [0])
(84340, [0])
(84341, [0])
(84342, [0])
(84343, [0])
(84344, [0])
(84345, [0])
(84346, [0, 12])
(84347, [0])
(84348, [0])
(84349, [0])
(84350, [0])
(84351, [0])
(84352, [0])
(84353, [0])
(84354, [0])
(84355, [0])
(84356, [0])
(84357, [0])
(84358, [0, 2])
(84359, [0])
(84360, [0])
(84361, [0])
(84362, [0])
(84363, [0])
(84364, [0])
(84365, [0])
(84366, [0, 1, 2, 19])
(84367, [0, 2, 19])
(84368, [0])
(84369, [0])
(84370, [0, 1, 12, 23, 28])
(84371, [0])
(84372, [0, 12])
(84373, [0])
(84374, [0])
(84375, [0])
(84376, [0])
(84377, [0])
(84378, [0, 12, 41])
(84379, [0])
(84380, [0])
(84381, [0])
(84382, [0, 1])
(84383, [0])
(84384, [0])
(84385, [0])
(84386, [0, 1, 3, 11, 26, 43, 44])
(84387, [0])
(84388, [0, 21])
(84389, [0])
(84390, [0, 43])
(84391, [0])
(84392, [0])
(84393, [0])
(84394, [0])
(84395, [0])
(84396, [0])
(84397, [0])
(84398, [0])
(84399, [0])
(84400, [0])
(84401, [0])
(84402, [0])
(84403, [0, 2, 43, 44])
(84404, [0, 19, 22])
(84405, [0])
(84406, [0])
(84407, [0])
(84408, [0])
(84409, [0])
(84410, [0])
(84411, [0])
(84412, [0])
(84413, [0])
(84414, [0])
(84415, [0])
(84416, [0, 4, 12])
(84417, [0])
(84418, [0])
(84419, [0])
(84420, [0])
(84421, [0])
(84422, [0, 42])
(84423, [0])
(84424, [0])
(84425, [0])
(84426, [0])
(84427, [0])
(84428, [0, 23])
(84429, [0])
(84430, [0])
(84431, [0])
(84432, [0])
(84433, [0])
(84434, [0, 2, 11, 26, 43])
(84435, [0])
(84436, [0])
(84437, [0])
(84438, [0])
(84439, [0, 12])
(84440, [0])
(84441, [0])
(84442, [11])
(84443, [11])
(84444, [2, 3, 4, 7, 11, 12, 21, 26, 38])
(84445, [11])
(84446, [11, 26])
(84447, [11])
(84448, [11])
(84449, [1, 3, 7, 11, 12, 14, 15, 19, 30, 31, 42])
(84450, [1, 11, 17, 26])
(84451, [1, 2, 11, 12, 21, 44])
(84452, [1, 11, 26, 43, 44])
(84453, [11])
(84454, [11])
(84455, [1, 2, 3, 11, 15, 16, 19, 21, 23, 26])
(84456, [2, 11, 17, 26])
(84457, [11, 26])
(84458, [11])
(84459, [11])
(84460, [2, 11, 44])
(84461, [11])
(84462, [11])
(84463, [11])
(84464, [11])
(84465, [11])
(84466, [2, 11, 41, 43])
(84467, [11])
(84468, [2, 11, 14, 30, 31, 44])
(84469, [7])
(84470, [7, 21, 23, 29])
(84471, [7])
(84472, [2, 7])
(84473, [7])
(84474, [7])
(84475, [7])
(84476, [7])
(84477, [7, 12])
(84478, [3, 7, 39])
(84479, [3, 7])
(84480, [7])
(84481, [4, 7, 41, 44])
(84482, [16])
(84483, [16])
(84484, [16])
(84485, [16])
(84486, [16])
(84487, [16, 17, 36, 37])
(84488, [16])
(84489, [16])
(84490, [16])
(84491, [16])
(84492, [2, 16])
(84493, [16])
(84494, [42])
(84495, [1, 22, 42])
(84496, [2, 6, 15, 36, 41])
(84497, [1, 4, 6, 15, 19, 43])
(84498, [6])
(84499, [6])
(84500, [6])
(84501, [6, 43])
(84502, [6])
(84503, [6, 15, 30])
(84504, [6])
(84505, [2, 6, 12, 17, 43, 44])
(84506, [6])
(84507, [24, 26, 28, 39])
(84508, [28])
(84509, [28])
(84510, [28])
(84511, [17, 28])
(84512, [28])
(84513, [28])
(84514, [17])
(84515, [17])
(84516, [17])
(84517, [17])
(84518, [2, 12, 17])
(84519, [17])
(84520, [17])
(84521, [17])
(84522, [2, 15, 17, 43, 44])
(84523, [4, 17, 26, 36, 44])
(84524, [17])
(84525, [17])
(84526, [2, 14, 15, 17, 41])
(84527, [17])
(84528, [17])
(84529, [17])
(84530, [12, 17, 41])
(84531, [17])
(84532, [17])
(84533, [1])
(84534, [1])
(84535, [1])
(84536, [1, 12, 21])
(84537, [1])
(84538, [1])
(84539, [1])
(84540, [1])
(84541, [1, 21])
(84542, [1, 3, 15, 22, 23, 30])
(84543, [1])
(84544, [1, 43])
(84545, [1, 2, 15, 43])
(84546, [1])
(84547, [1])
(84548, [1, 15, 19])
(84549, [1])
(84550, [1, 2, 19])
(84551, [1])
(84552, [1, 3, 21, 30, 39])
(84553, [1, 2, 3])
(84554, [1, 3])
(84555, [1])
(84556, [1, 19, 21, 23, 44])
(84557, [1, 8, 15])
(84558, [1])
(84559, [1])
(84560, [1, 19, 44])
(84561, [1, 12, 22])
(84562, [1])
(84563, [1])
(84564, [1])
(84565, [1])
(84566, [1])
(84567, [1, 3])
(84568, [1])
(84569, [1])
(84570, [1, 3])
(84571, [1, 3])
(84572, [1, 4, 19])
(84573, [1, 21])
(84574, [1])
(84575, [10])
(84576, [10])
(84577, [10])
(84578, [10])
(84579, [10])
(84580, [10])
(84581, [10])
(84582, [10])
(84583, [15, 19, 24])
(84584, [19])
(84585, [19])
(84586, [19])
(84587, [19])
(84588, [19])
(84589, [19])
(84590, [19])
(84591, [19])
(84592, [19])
(84593, [2, 8, 19, 21, 22, 24, 36, 44])
(84594, [19, 44])
(84595, [19, 22])
(84596, [19])
(84597, [19])
(84598, [2, 3, 12, 19, 22, 23, 43])
(84599, [19])
(84600, [26])
(84601, [26])
(84602, [26])
(84603, [2, 21, 26, 44])
(84604, [2, 26])
(84605, [26])
(84606, [26])
(84607, [26])
(84608, [26])
(84609, [26])
(84610, [26])
(84611, [26])
(84612, [4, 8, 15, 26])
(84613, [26])
(84614, [26])
(84615, [26])
(84616, [26, 36])
(84617, [8, 21])
(84618, [8])
(84619, [8])
(84620, [8])
(84621, [8])
(84622, [8, 23])
(84623, [8])
(84624, [8])
(84625, [8])
(84626, [8])
(84627, [8])
(84628, [8, 12, 23])
(84629, [8, 23])
(84630, [8, 39])
(84631, [8])
(84632, [8])
(84633, [8])
(84634, [8, 40])
(84635, [8])
(84636, [8])
(84637, [8])
(84638, [8])
(84639, [8, 12])
(84640, [8])
(84641, [21])
(84642, [21])
(84643, [21])
(84644, [21])
(84645, [21])
(84646, [21])
(84647, [21])
(84648, [21])
(84649, [21])
(84650, [21])
(84651, [21])
(84652, [21])
(84653, [21])
(84654, [3, 21])
(84655, [21])
(84656, [21])
(84657, [21])
(84658, [21])
(84659, [21])
(84660, [21, 23])
(84661, [21])
(84662, [21])
(84663, [2, 21])
(84664, [21, 23])
(84665, [21])
(84666, [21])
(84667, [21])
(84668, [21])
(84669, [21])
(84670, [21])
(84671, [21])
(84672, [21, 22])
(84673, [21])
(84674, [21])
(84675, [21])
(84676, [21])
(84677, [21])
(84678, [21])
(84679, [2, 44])
(84680, [44])
(84681, [44])
(84682, [44])
(84683, [12, 44])
(84684, [44])
(84685, [44])
(84686, [44])
(84687, [44])
(84688, [44])
(84689, [44])
(84690, [44])
(84691, [44])
(84692, [44])
(84693, [44])
(84694, [43])
(84695, [14, 43])
(84696, [37, 43])
(84697, [23, 43])
(84698, [43])
(84699, [43])
(84700, [43])
(84701, [43])
(84702, [43])
(84703, [43])
(84704, [43])
(84705, [2, 41, 43])
(84706, [43])
(84707, [2, 43])
(84708, [43])
(84709, [15, 43])
(84710, [43])
(84711, [43])
(84712, [43])
(84713, [43])
(84714, [43])
(84715, [43])
(84716, [43])
(84717, [43])
(84718, [43])
(84719, [2, 43])
(84720, [41, 43])
(84721, [43])
(84722, [43])
(84723, [43])
(84724, [43])
(84725, [43])
(84726, [43])
(84727, [36])
(84728, [36])
(84729, [36])
(84730, [36])
(84731, [36])
(84732, [36])
(84733, [36])
(84734, [36])
(84735, [36])
(84736, [36])
(84737, [36])
(84738, [36])
(84739, [36])
(84740, [36])
(84741, [36])
(84742, [36])
(84743, [2, 4, 31, 36, 41])
(84744, [36])
(84745, [36])
(84746, [30, 31])
(84747, [2, 3, 31])
(84748, [31])
(84749, [31])
(84750, [31])
(84751, [31])
(84752, [2, 24, 31])
(84753, [31])
(84754, [31])
(84755, [31])
(84756, [31])
(84757, [31])
(84758, [30])
(84759, [30])
(84760, [30])
(84761, [30])
(84762, [30])
(84763, [30])
(84764, [30])
(84765, [30])
(84766, [30, 40])
(84767, [37])
(84768, [37])
(84769, [39])
(84770, [39])
(84771, [39])
(84772, [39])
(84773, [39])
(84774, [39])
(84775, [39])
(84776, [39])
(84777, [41])
(84778, [41])
(84779, [41])
(84780, [41])
(84781, [41])
(84782, [41])
(84783, [41])
(84784, [41])
(84785, [23, 41])
(84786, [41])
(84787, [41])
(84788, [41])
(84789, [41])
(84790, [24, 41])
(84791, [41])
(84792, [41])
(84793, [41])
(84794, [2, 41])
(84795, [41])
(84796, [41])
(84797, [41])
(84798, [41])
(84799, [41])
(84800, [24])
(84801, [24])
(84802, [24])
(84803, [24])
(84804, [23])
(84805, [23])
(84806, [23])
(84807, [23])
(84808, [5, 23])
(84809, [23])
(84810, [23])
(84811, [23])
(84812, [23])
(84813, [23])
(84814, [23])
(84815, [23])
(84816, [23])
(84817, [23])
(84818, [23])
(84819, [23])
(84820, [23])
(84821, [23])
(84822, [23])
(84823, [23])
(84824, [23])
(84825, [23])
(84826, [23])
(84827, [23])
(84828, [23])
(84829, [23])
(84830, [23])
(84831, [23])
(84832, [23])
(84833, [12, 23])
(84834, [23])
(84835, [23])
(84836, [23])
(84837, [23])
(84838, [23])
(84839, [23])
(84840, [23])
(84841, [23])
(84842, [23])
(84843, [23])
(84844, [23])
(84845, [23])
(84846, [23])
(84847, [23])
(84848, [4])
(84849, [4])
(84850, [4])
(84851, [4])
(84852, [4])
(84853, [4])
(84854, [4])
(84855, [4, 14])
(84856, [4])
(84857, [4])
(84858, [4])
(84859, [4])
(84860, [4])
(84861, [4])
(84862, [4])
(84863, [4])
(84864, [15])
(84865, [15])
(84866, [15])
(84867, [15])
(84868, [15])
(84869, [15])
(84870, [15])
(84871, [15])
(84872, [15])
(84873, [15])
(84874, [15])
(84875, [15])
(84876, [15])
(84877, [3])
(84878, [3])
(84879, [2, 3])
(84880, [3])
(84881, [3])
(84882, [3])
(84883, [3])
(84884, [3])
(84885, [3])
(84886, [3])
(84887, [3])
(84888, [3])
(84889, [3])
(84890, [3])
(84891, [3])
(84892, [3])
(84893, [3])
(84894, [3])
(84895, [2, 3])
(84896, [3])
(84897, [3])
(84898, [3])
(84899, [3])
(84900, [3])
(84901, [3])
(84902, [3])
(84903, [3])
(84904, [3])
(84905, [3])
(84906, [3])
(84907, [3])
(84908, [12])
(84909, [12])
(84910, [12])
(84911, [12])
(84912, [12])
(84913, [12])
(84914, [12])
(84915, [12])
(84916, [12])
(84917, [12])
(84918, [12])
(84919, [12])
(84920, [12])
(84921, [12])
(84922, [12])
(84923, [12])
(84924, [12])
(84925, [12])
(84926, [12])
(84927, [12])
(84928, [12])
(84929, [12])
(84930, [12])
(84931, [12])
(84932, [12])
(84933, [12])
(84934, [12])
(84935, [12])
(84936, [12])
(84937, [12])
(84938, [12])
(84939, [12])
(84940, [12])
(84941, [12])
(84942, [12])
(84943, [12])
(84944, [12])
(84945, [12])
(84946, [12])
(84947, [12])
(84948, [12])
(84949, [12])
(84950, [12])
(84951, [12])
(84952, [12])
(84953, [12])
(84954, [12])
(84955, [12])
(84956, [12])
(84957, [12])
(84958, [12])
(84959, [12])
(84960, [12])
(84961, [12])
(84962, [12])
(84963, [12])
(84964, [12])
(84965, [12])
(84966, [2, 12])
(84967, [12])
(84968, [12])
(84969, [12])
(84970, [12])
(84971, [12])
(84972, [12])
(84973, [12])
(84974, [12])
(84975, [12])
(84976, [40])
(84977, [40])
(84978, [40])
(84979, [40])
(84980, [40])
(84981, [2])
(84982, [2])
(84983, [2])
(84984, [2])
(84985, [2])
(84986, [2])
(84987, [2])
(84988, [2])
(84989, [2])
(84990, [2])
(84991, [2])
(84992, [2])
(84993, [2])
(84994, [2])
(84995, [2])
(84996, [2])
(84997, [2])
(84998, [2])
(84999, [2])
(85000, [2])
(85001, [2])
(85002, [2])
(85003, [2])
(85004, [2])
(85005, [2])
(85006, [2])
(85007, [2])
(85008, [2])
(85009, [2])
(85010, [2])
(85011, [2])
(85012, [2])
(85013, [2])
(85014, [2])
(85015, [2])
(85016, [2])
(85017, [2])
(85018, [2])
(85019, [2])
(85020, [2])
(85021, [2, 14])
(85022, [2])
(85023, [2])
(85024, [2])
(85025, [2])
(85026, [2])
(85027, [2])
(85028, [2])
(85029, [2])
(85030, [2])
(85031, [2])
(85032, [2])
(85033, [2])
(85034, [2])
(85035, [2])
(85036, [2])
(85037, [2])
(85038, [2])
(85039, [2])
(85040, [2])
(85041, [2])
(85042, [2])
(85043, [2])
(85044, [2])
(85045, [2])
(85046, [2])
(85047, [2])
(85048, [2])
(85049, [2])
(85050, [2])
(85051, [2])
(85052, [2])
(85053, [2])
(85054, [13])
(85055, [13])
(85056, [13])
(85057, [13])
(85058, [13])
(85059, [13])
(85060, [13])
(85061, [5])
(85062, [5])
(85063, [5])
(85064, [5])
(85065, [5])
(85066, [5])
(85067, [5])
(85068, [5])
(85069, [5])
(85070, [5])
(85071, [5])
(85072, [14])
(85073, [14])
(85074, [14])
(85075, [14])
(85076, [14])
(85077, [14])
(85078, [14])
(85079, [14])
(85080, [14])
(85081, [14])
(85082, [14])
(85083, [14])
(85084, [14])
(85085, [14])
(85086, [14])
(85087, [14])
(85088, [14])
(85089, [14])
(85090, [22])
(85091, [22])
(85092, [22])
(85093, [22])
(85094, [22])
(85095, [22])
(85096, [22])
