(65847, [32])
(65848, [32, 33, 20, 18, 9, 11, 7, 16, 6, 17, 1, 19, 26, 8, 21, 44, 43, 23, 15, 3, 12, 2, 13])
(65849, [32, 35, 34, 33, 20, 18, 27, 9, 0, 11, 7, 29, 16, 42, 6, 28, 17, 1, 10, 19, 26, 8, 21, 44, 43, 38, 36, 31, 30, 37, 39, 41, 24, 23, 4, 15, 3, 12, 40, 2, 13, 5, 14, 22, 25])
(65850, [32, 35, 34, 33, 20, 18, 27, 9, 0, 11, 7, 29, 16, 42, 6, 28, 17, 1, 10, 19, 26, 8, 21, 44, 43, 38, 36, 31, 30, 37, 39, 41, 24, 23, 4, 15, 3, 12, 40, 2, 13, 5, 14, 22, 25])
(65851, [32, 34, 11, 6, 17, 1, 19, 26, 43, 36, 31, 30, 24, 23, 4, 15, 3, 12, 13])
(65852, [32, 17])
(65853, [32, 35, 34, 33, 20, 18, 27, 9, 0, 11, 7, 29, 16, 42, 6, 28, 17, 1, 10, 19, 26, 8, 21, 44, 43, 38, 36, 31, 30, 37, 39, 41, 24, 23, 4, 15, 3, 12, 40, 2, 13, 5, 14, 22, 25])
(65854, [32, 35, 34, 33, 20, 18, 27, 9, 0, 11, 7, 29, 16, 42, 6, 28, 17, 1, 10, 19, 26, 8, 21, 44, 43, 38, 36, 31, 30, 37, 39, 41, 24, 23, 4, 15, 3, 12, 40, 2, 13, 5, 14, 22, 25])
(65855, [32, 18, 0, 11, 7, 42, 1, 19, 26, 21, 44, 36, 31, 37, 41, 24, 23, 4, 15, 3, 12, 40, 2, 13, 14, 22])
(65856, [32, 35, 34, 33, 18, 27, 9, 0, 11, 29, 16, 6, 17, 1, 19, 8, 21, 44, 43, 31, 30, 37, 39, 41, 23, 4, 15, 3, 12, 2, 5, 14, 22])
(65857, [32, 35, 34, 33, 18, 9, 0, 11, 7, 16, 6, 17, 1, 19, 26, 8, 21, 44, 31, 30, 39, 41, 24, 23, 15, 3, 12, 2, 13, 14, 25])
(65858, [32, 35, 34, 33, 20, 18, 27, 9, 0, 11, 7, 16, 42, 6, 28, 17, 1, 10, 19, 26, 8, 21, 44, 43, 38, 36, 31, 30, 37, 39, 41, 24, 23, 4, 15, 3, 12, 40, 2, 13, 5, 14])
(65859, [32, 34, 33, 20, 27, 0, 16, 6, 28, 17, 19, 26, 21, 38, 31, 30, 39, 41, 24, 23, 4, 15, 12, 2, 22])
(65860, [32, 35, 34, 33, 18, 27, 9, 11, 7, 29, 16, 6, 17, 1, 19, 8, 21, 44, 43, 36, 31, 30, 39, 41, 24, 23, 15, 3, 12, 40, 2, 13, 5, 22])
(65861, [32, 0, 1, 44, 30, 24, 23, 40])
(65862, [32, 35, 34, 33, 20, 18, 27, 9, 0, 11, 7, 16, 17, 1, 10, 19, 26, 21, 44, 43, 36, 31, 30, 39, 41, 24, 23, 4, 15, 3, 12, 2, 13, 14])
(65863, [32, 35, 34, 33, 18, 27, 9, 0, 11, 7, 16, 42, 6, 17, 1, 19, 26, 8, 21, 44, 43, 31, 30, 39, 41, 23, 4, 15, 3, 12, 40, 2, 5, 22])
(65864, [32, 33, 11])
(65865, [32, 35, 34, 33, 20, 18, 9, 0, 11, 7, 16, 42, 6, 17, 1, 10, 19, 26, 8, 21, 44, 43, 38, 36, 31, 30, 37, 39, 41, 24, 23, 4, 15, 3, 12, 40, 2, 5, 22])
(65866, [32, 35, 34, 33, 20, 18, 11, 7, 16, 17, 1, 19, 26, 8, 21, 44, 43, 38, 31, 30, 37, 39, 41, 23, 4, 15, 3, 12, 2, 13, 5, 22])
(65867, [32, 18, 11, 16, 6, 1, 10, 26, 21, 44, 38, 31, 41, 23])
(65868, [32, 35, 34, 33, 18, 9, 0, 11, 16, 42, 6, 17, 1, 19, 26, 8, 21, 44, 43, 31, 30, 39, 41, 23, 4, 15, 3, 12, 40, 2, 13, 22])
(65869, [32, 18, 9, 16, 1, 26, 30, 40])
(65870, [32, 35, 34, 33, 20, 18, 27, 9, 0, 11, 7, 29, 16, 42, 6, 28, 17, 1, 10, 19, 26, 8, 21, 44, 43, 38, 36, 31, 30, 37, 39, 41, 24, 23, 4, 15, 3, 12, 40, 2, 13, 5, 14, 22, 25])
(65871, [32, 34, 33, 11, 26, 31, 30, 41, 4, 2, 14])
(65872, [32, 34, 33, 11, 16, 1, 26, 15, 40, 2, 13])
(65873, [32, 33, 20, 18, 27, 9, 11, 7, 42, 6, 17, 1, 19, 26, 44, 43, 31, 41, 23, 4, 15, 3, 12, 13, 14, 22])
(65874, [32, 34, 33, 20, 9, 0, 11, 7, 16, 42, 6, 28, 17, 1, 10, 19, 26, 8, 21, 44, 43, 38, 31, 41, 24, 23, 4, 3, 12, 40, 2, 5, 25])
(65875, [32, 33, 20, 18, 0, 11, 7, 28, 17, 26, 44, 43, 30, 23, 4, 3, 40, 2, 14])
(65876, [32, 35, 34, 33, 20, 18, 9, 0, 11, 16, 6, 17, 1, 19, 8, 21, 44, 43, 31, 30, 39, 41, 24, 23, 4, 15, 3, 12, 40, 2])
(65877, [32, 34, 33, 20, 18, 9, 0, 11, 7, 16, 42, 6, 28, 17, 1, 10, 19, 26, 44, 43, 38, 31, 30, 41, 24, 23, 4, 15, 3, 12, 40, 2, 14])
(65878, [32, 35, 34, 33, 20, 18, 9, 0, 11, 7, 16, 6, 17, 1, 19, 8, 21, 44, 43, 36, 31, 30, 39, 41, 23, 4, 15, 3, 12, 40, 2, 5, 14, 22])
(65879, [32, 34, 33, 20, 18, 27, 9, 0, 11, 7, 42, 6, 28, 1, 19, 26, 8, 44, 43, 31, 30, 37, 41, 23, 4, 15, 3, 12, 40, 2, 13, 5, 14])
(65880, [32, 35, 34, 33, 20, 18, 9, 0, 11, 7, 16, 6, 28, 17, 1, 19, 26, 8, 44, 43, 36, 31, 30, 37, 41, 24, 4, 15, 3, 12, 40, 2, 13, 5])
(65881, [32, 35, 34, 33, 18, 9, 0, 11, 16, 6, 1, 26, 8, 44, 43, 31, 30, 37, 41, 23, 15, 3, 12, 14])
(65882, [32, 34, 33, 20, 18, 9, 0, 11, 7, 42, 6, 28, 17, 1, 10, 26, 21, 44, 31, 30, 24, 23, 4, 15, 3, 12, 40, 2, 13, 5, 14, 25])
(65883, [32, 0, 11, 17, 19, 31, 24, 12, 2])
(65884, [32, 35, 34, 33, 20, 18, 27, 9, 0, 11, 16, 42, 6, 28, 17, 1, 10, 26, 21, 44, 43, 38, 31, 30, 37, 39, 41, 24, 23, 4, 15, 3, 12, 40, 2, 13, 22])
(65885, [32, 34, 9, 11, 7, 6, 17, 26, 44, 43, 31, 30, 41, 24, 23, 4, 15, 3, 2, 14, 22])
(65886, [32, 17, 30])
(65887, [32, 34, 9, 0, 11, 7, 6, 17, 1, 26, 44, 38, 31, 41, 24, 23, 4, 15, 3, 12, 40, 2, 13, 22])
(65888, [32, 34, 33, 18, 9, 29, 16, 42, 6, 17, 1, 19, 26, 8, 21, 44, 43, 38, 31, 30, 41, 23, 4, 15, 3, 12, 40, 2, 13])
(65889, [32, 35, 34, 18, 9, 11, 42, 6, 17, 1, 10, 19, 26, 8, 21, 44, 43, 38, 36, 31, 30, 41, 23, 4, 15, 3, 2, 5, 14, 22])
(65890, [32, 33, 18, 28, 17, 26, 31, 30, 4, 15, 40, 2, 14])
(65891, [32, 34, 18, 11, 29, 16, 6, 19, 21, 44, 43, 30, 23, 15, 3, 12, 2, 13, 25])
(65892, [32, 41, 4, 40])
(65893, [32, 18, 21, 44, 31, 15, 12, 22])
(65894, [32, 16, 17, 19, 44, 39, 41, 23])
(65895, [32, 18, 26, 30, 15, 14])
(65896, [32, 34, 33, 18, 9, 0, 11, 7, 16, 6, 17, 1, 19, 26, 8, 44, 43, 31, 30, 39, 24, 23, 4, 15, 3, 12, 40, 2, 5])
(65897, [32, 27, 0, 1, 26, 30, 4, 40, 14])
(65898, [32])
(65899, [32, 33, 18, 9, 0, 11, 6, 1, 19, 21, 44, 43, 24, 23, 3, 12, 40, 2, 5])
(65900, [32, 35, 34, 33, 20, 9, 0, 11, 7, 16, 42, 28, 17, 1, 10, 19, 21, 44, 43, 38, 36, 31, 30, 39, 41, 24, 23, 4, 15, 3, 12, 40, 2, 13, 22])
(65901, [32, 34, 33, 18, 27, 9, 0, 11, 16, 42, 6, 17, 1, 19, 26, 21, 44, 43, 30, 39, 41, 24, 4, 15, 3, 12, 40, 2, 13])
(65902, [32, 34, 33, 9, 11, 6, 17, 1, 10, 19, 26, 8, 21, 31, 30, 4, 15, 3, 12, 40, 2, 13])
(65903, [32, 34, 9, 0, 7, 42, 17, 26, 43, 30, 24, 4, 15, 3, 12, 2])
(65904, [32, 1, 41, 3, 14])
(65905, [32, 34, 33, 27, 0, 16, 26, 30, 23, 4, 3, 12])
(65906, [32, 34, 33, 27, 9, 0, 11, 28, 1, 19, 21, 43, 31, 22])
(65907, [32, 33, 18, 11, 17, 1, 26, 31, 41, 15, 3, 13])
(65908, [32, 18, 0, 1, 21, 44, 12])
(65909, [32, 34, 18, 16, 6, 19, 21, 43, 30, 24, 23, 4, 15, 12, 40, 2, 13, 22])
(65910, [32, 6, 15])
(65911, [32, 0, 16, 42, 17, 1, 26, 43, 24, 23, 3, 2, 14])
(65912, [32, 35, 20, 18, 9, 0, 11, 7, 42, 6, 28, 17, 1, 19, 26, 44, 43, 38, 31, 37, 41, 24, 23, 4, 15, 3, 12, 40, 2])
(65913, [32, 35, 34, 20, 18, 27, 9, 0, 11, 16, 6, 17, 10, 19, 26, 8, 21, 44, 43, 36, 23, 15, 3, 12, 2, 5, 14])
(65914, [32, 35, 18, 9, 11, 6, 43, 30, 23, 15, 3, 22])
(65915, [32, 35, 34, 33, 18, 9, 11, 7, 29, 16, 6, 17, 1, 10, 19, 26, 21, 44, 43, 38, 31, 30, 39, 41, 24, 23, 4, 15, 3, 12, 2, 13, 22])
(65916, [32, 18, 27, 0, 42, 6, 19, 26, 8, 43, 36, 30, 23, 4, 15, 3, 12, 2])
(65917, [32])
(65918, [32, 7, 1, 19, 3, 2])
(65919, [32, 34, 18, 7, 1, 19, 23])
(65920, [32, 35, 18, 27, 16, 8, 23, 12])
(65921, [32, 34, 18, 9, 0, 11, 42, 10, 26, 44, 31, 41, 4, 15, 3, 12, 40, 2, 14])
(65922, [32])
(65923, [32, 33, 18, 27, 6, 1, 43, 24, 23, 4, 15, 3])
(65924, [32, 35, 34, 33, 20, 18, 27, 9, 0, 11, 7, 29, 16, 42, 6, 28, 1, 10, 19, 26, 8, 21, 44, 43, 38, 36, 31, 30, 37, 39, 41, 24, 23, 4, 3, 12, 40, 2, 13, 5, 14, 22, 25])
(65925, [32, 35, 34, 33, 20, 18, 9, 0, 11, 16, 42, 6, 28, 17, 1, 19, 26, 8, 21, 44, 43, 31, 30, 37, 41, 24, 23, 4, 15, 3, 12, 40, 2, 13])
(65926, [32, 6])
(65927, [32, 34, 33, 20, 18, 0, 28, 1, 19, 26, 8, 21, 44, 43, 36, 31, 30, 37, 23, 4, 15, 3, 12, 40, 2, 14, 22])
(65928, [32, 33, 9, 11, 7, 42, 6, 1, 19, 26, 43, 24, 4, 15, 3, 2, 13, 14])
(65929, [32, 7, 3, 22])
(65930, [32, 20, 1, 2])
(65931, [32, 20, 0, 11, 17, 1, 44, 4, 15, 3, 2, 14])
(65932, [32, 34, 0, 6, 17, 1, 19, 26, 44, 43, 31, 41, 24, 4, 15, 40, 2, 14])
(65933, [32, 23])
(65934, [32, 34, 33, 20, 11, 31, 30])
(65935, [32, 34, 33, 20, 18, 9, 0, 11, 7, 28, 17, 1, 19, 26, 8, 44, 38, 31, 30, 39, 41, 24, 23, 4, 15, 3, 12, 40, 2, 13])
(65936, [32, 35, 0, 11, 7, 1, 19, 26, 21, 44, 31, 3, 12])
(65937, [32, 0, 1, 43, 38, 36, 2])
(65938, [32, 31])
(65939, [32, 34, 9, 0, 11, 17, 1, 19, 26, 21, 44, 43, 24, 23, 3, 12, 2])
(65940, [32, 33, 20, 9, 17, 19, 24, 4, 3, 40])
(65941, [32, 35, 34, 33, 18, 9, 0, 11, 7, 16, 17, 1, 19, 26, 8, 21, 44, 43, 31, 37, 41, 24, 23, 4, 15, 3, 12, 2, 13, 5])
(65942, [32, 35, 34, 33, 20, 18, 0, 11, 7, 42, 17, 1, 19, 26, 8, 21, 44, 38, 31, 30, 39, 41, 24, 23, 4, 15, 3, 12, 40, 2, 5])
(65943, [32, 33, 18, 0, 7, 29, 6, 1, 19, 44, 43, 31, 30, 3, 12, 2])
(65944, [32, 33, 18, 11, 19, 44, 43, 31, 30, 41, 23, 2])
(65945, [32, 35, 34, 33, 20, 18, 9, 0, 11, 7, 29, 16, 17, 1, 19, 8, 21, 44, 43, 38, 31, 30, 37, 39, 41, 24, 23, 4, 3, 12, 40, 2, 5, 14, 22, 25])
(65946, [32, 34, 20, 18, 27, 9, 0, 11, 42, 6, 28, 1, 19, 26, 8, 21, 31, 41, 24, 23, 15, 3, 12, 2, 14])
(65947, [32, 1, 23])
(65948, [32, 34, 33, 18, 11, 6, 26, 31])
(65949, [32, 35, 20, 18, 9, 11, 7, 6, 28, 17, 1, 26, 21, 44, 24, 23, 4, 15, 3, 12, 14])
(65950, [32, 35, 11, 7, 1, 4, 2, 14])
(65951, [32, 18, 17, 44, 31, 15])
(65952, [32, 9, 0, 7, 42, 6, 26, 21, 41, 12, 2, 13])
(65953, [32, 19, 44])
(65954, [32, 35, 34, 20, 9, 0, 16, 19, 8, 23])
(65955, [32, 33, 27, 0, 11, 7, 16, 1, 23, 15, 12])
(65956, [32])
(65957, [32, 4, 15, 14])
(65958, [32, 34, 33, 18, 9, 11, 29, 17, 1, 21, 31, 30, 3, 2, 22])
(65959, [32, 33, 0, 17, 1, 19, 26, 44, 43, 36, 31, 30, 41, 15, 12, 2, 14])
(65960, [32, 34, 18, 0, 11, 7, 17, 26, 44, 30, 23, 4, 2, 13, 14])
(65961, [32])
(65962, [32, 0, 26, 24, 15])
(65963, [32, 33, 18, 9, 0, 11, 16, 42, 6, 28, 1, 21, 44, 31, 30, 37, 23, 4, 3, 12, 2])
(65964, [32, 26, 15])
(65965, [32, 35, 34, 20, 0, 7, 1, 19, 44, 37, 4, 15, 3, 12, 2, 22])
(65966, [32, 20, 9, 16, 6, 28, 17, 1, 19, 8, 44, 36, 41, 23, 4, 15, 3, 12, 40, 2, 14, 25])
(65967, [35, 34, 33, 20, 18, 27, 9, 0, 11, 7, 29, 16, 42, 6, 28, 1, 10, 19, 26, 8, 21, 44, 43, 38, 36, 31, 30, 37, 39, 41, 24, 23, 4, 15, 3, 12, 40, 2, 13, 5, 14, 22, 25])
(65968, [35, 34, 18, 28, 19, 21, 44, 43, 37, 23, 15, 3])
(65969, [35, 34, 33, 44, 24, 12, 40])
(65970, [35, 18])
(65971, [35, 34, 20, 0, 12])
(65972, [35, 21])
(65973, [35, 34, 20, 18, 0, 11, 16, 37, 2, 13])
(65974, [35, 18])
(65975, [35, 34, 20, 9, 11, 7, 1, 19, 26, 21, 44, 31, 30, 41, 24, 4, 15, 3, 12, 2, 13])
(65976, [35, 20, 9, 0, 11, 42, 6, 1, 19, 26, 44, 43, 39, 41, 23, 4, 15, 3, 12, 2, 13])
(65977, [35])
(65978, [35, 7, 16, 42, 3])
(65979, [35, 9, 0, 16, 6, 28, 17, 1, 19, 26, 8, 21, 43, 39, 41, 24, 23, 4, 15, 3, 12, 40, 2, 14])
(65980, [35, 14])
(65981, [35])
(65982, [35])
(65983, [35])
(65984, [35, 18, 11, 8, 44, 23])
(65985, [35, 0, 3])
(65986, [35])
(65987, [35])
(65988, [35, 34, 33, 18, 27, 9, 0, 11, 7, 16, 28, 17, 1, 19, 26, 8, 21, 43, 38, 31, 30, 39, 41, 24, 23, 4, 15, 3, 12, 2, 13, 5, 14, 22])
(65989, [35])
(65990, [35])
(65991, [35, 18, 9, 11, 1, 8, 44, 43, 41, 23, 12, 40, 2])
(65992, [35, 34, 20, 18, 0, 11, 7, 16, 42, 17, 1, 26, 8, 44, 43, 41, 24, 23, 3, 12, 2, 13, 14])
(65993, [35])
(65994, [35])
(65995, [35, 33, 9, 0, 11, 16, 1, 19, 26, 8, 21, 36, 31, 30, 41, 24, 15, 12, 13, 5, 22])
(65996, [35])
(65997, [35])
(65998, [35, 18, 9, 11, 42, 6, 28, 19, 44, 41, 24, 4, 15, 3, 12, 40, 2, 13, 14])
(65999, [35])
(66000, [35, 34, 33, 20, 18, 9, 0, 11, 7, 16, 42, 28, 1, 26, 44, 43, 31, 41, 24, 23, 4, 3, 12, 2, 13, 5])
(66001, [35])
(66002, [35, 34, 20, 18, 27, 9, 0, 11, 7, 16, 42, 17, 1, 10, 19, 26, 44, 43, 31, 30, 39, 41, 24, 23, 4, 15, 3, 12, 40, 2, 13, 14])
(66003, [35])
(66004, [35])
(66005, [35])
(66006, [35, 34, 33, 18, 9, 0, 11, 7, 29, 16, 42, 6, 28, 17, 1, 10, 19, 21, 44, 43, 38, 36, 31, 30, 39, 41, 24, 23, 4, 15, 3, 12, 40, 2, 13, 5, 14, 25])
(66007, [35, 20, 18, 9, 0, 16, 1, 10, 19, 21, 43, 4, 3, 2])
(66008, [35, 19])
(66009, [35])
(66010, [35])
(66011, [35, 34, 33, 20, 9, 0, 11, 29, 16, 42, 17, 1, 10, 19, 26, 44, 38, 31, 23, 4, 15, 3, 12, 2])
(66012, [34, 15, 12])
(66013, [34, 1, 31, 30, 39])
(66014, [34, 33, 18, 9, 0, 7, 36, 41, 24, 3, 12, 40, 2])
(66015, [34, 33, 0, 6, 44, 30, 39, 41, 23, 3, 2])
(66016, [34, 18, 30])
(66017, [34, 18, 0, 11, 29, 21, 43, 31, 3])
(66018, [34, 19, 3])
(66019, [34, 33, 18, 9, 19, 26, 31])
(66020, [34, 9, 44, 31, 30, 15, 2])
(66021, [34, 33, 6, 43, 31, 30, 2])
(66022, [34, 33, 20, 27, 9, 17, 1, 19, 21, 43, 31, 30, 41, 3, 12, 2, 14])
(66023, [34, 20])
(66024, [34, 31])
(66025, [34, 33, 20, 18, 27, 9, 0, 11, 7, 29, 16, 42, 6, 28, 17, 1, 10, 19, 26, 21, 44, 43, 36, 31, 30, 39, 41, 23, 4, 15, 3, 12, 40, 2, 13, 14])
(66026, [34, 33, 0, 11, 28, 17, 1, 19, 21, 44, 36, 4, 3, 12, 40, 2, 14])
(66027, [34])
(66028, [34, 0])
(66029, [34, 44, 36, 30, 2, 14])
(66030, [34, 33, 19, 31, 30])
(66031, [34, 33, 20, 18, 9, 0, 11, 29, 1, 19, 26, 30, 37, 39, 23, 3, 12])
(66032, [34, 18, 29, 42, 1, 8, 21, 38, 41, 23, 3, 22])
(66033, [34, 8])
(66034, [34, 0, 11, 26, 31, 30, 23, 2, 14])
(66035, [34, 18])
(66036, [34, 2])
(66037, [34])
(66038, [34, 33, 0, 11, 1, 26, 21, 43, 38, 31, 4, 3, 2])
(66039, [34, 7, 6, 1, 37, 3])
(66040, [34])
(66041, [34, 9, 19, 23, 12])
(66042, [34, 43, 4, 2])
(66043, [34, 33, 9, 0, 16, 42, 31, 30, 15, 12, 2, 14])
(66044, [34, 9, 0, 7, 16, 1, 10, 26, 21, 43, 36, 31, 41, 24, 23, 4, 3, 12, 40, 2])
(66045, [34, 9, 6, 28, 26, 8, 21, 43, 41, 24, 40])
(66046, [34, 0, 7, 29, 16, 1, 19, 26, 3, 12])
(66047, [34, 33, 18, 1, 26, 31, 40])
(66048, [34, 11, 31])
(66049, [34])
(66050, [34, 33, 31, 22])
(66051, [34])
(66052, [34])
(66053, [34, 20, 18, 9, 16, 42, 6, 1, 10, 19, 44, 31, 30, 41, 3, 12, 40, 2, 13, 14])
(66054, [34, 6])
(66055, [34, 0])
(66056, [34])
(66057, [34, 0])
(66058, [34])
(66059, [34, 20, 0, 1, 41, 2])
(66060, [34, 20, 18, 9, 7, 16, 42, 28, 1, 10, 19, 26, 21, 43, 36, 39, 23, 4, 15, 3, 2, 22])
(66061, [34])
(66062, [33])
(66063, [33])
(66064, [33])
(66065, [33])
(66066, [33])
(66067, [33])
(66068, [33, 31])
(66069, [33, 17, 30, 12, 2])
(66070, [33, 20, 18, 9, 11, 16, 17, 1, 19, 26, 8, 44, 39, 15, 3, 12, 2])
(66071, [33, 0, 6, 26, 41, 12, 2])
(66072, [33])
(66073, [33, 20, 0, 44, 38, 30])
(66074, [33, 20, 0, 11, 7, 16, 42, 17, 1, 19, 26, 44, 43, 41, 24, 4, 15, 3, 12, 2])
(66075, [33, 18, 1, 19, 26, 41, 23, 15, 3, 13])
(66076, [33, 0, 2, 14])
(66077, [33, 0, 6])
(66078, [33])
(66079, [33])
(66080, [33, 18, 0, 21, 41, 4])
(66081, [33, 11, 26, 2])
(66082, [33])
(66083, [33, 7])
(66084, [33, 20, 9, 19, 3, 2, 22])
(66085, [33, 18, 1, 8, 22])
(66086, [33, 11, 17, 3, 40])
(66087, [33])
(66088, [33, 4, 2])
(66089, [33, 11, 1, 26, 8, 43, 23, 4])
(66090, [33, 11, 4])
(66091, [33, 20, 1, 21, 44, 38, 31, 37, 3, 2])
(66092, [33, 6])
(66093, [33, 18, 0, 29, 1, 15])
(66094, [33, 44, 30])
(66095, [33])
(66096, [33, 20, 0, 17, 1, 26, 43, 31, 15, 3, 12, 2, 14])
(66097, [33, 26])
(66098, [33])
(66099, [33])
(66100, [33, 18, 9, 0, 1, 26, 43, 36, 30, 2])
(66101, [33, 26, 41, 13])
(66102, [33, 9, 0, 41])
(66103, [33, 3, 12])
(66104, [33, 17, 19, 26, 44, 30])
(66105, [33, 6, 31, 37])
(66106, [33, 18, 31, 24, 3, 13])
(66107, [33, 9])
(66108, [33, 9])
(66109, [20])
(66110, [20])
(66111, [20])
(66112, [20, 0, 11, 15])
(66113, [20, 9, 0, 12])
(66114, [20])
(66115, [20, 26])
(66116, [20, 0, 11, 6, 17, 1, 19, 26, 21, 44, 30, 23, 4, 3, 12])
(66117, [20, 9, 0, 6, 31, 30, 41, 24, 12, 2, 13, 14])
(66118, [20, 0])
(66119, [20, 3])
(66120, [20, 1])
(66121, [20, 43])
(66122, [20])
(66123, [20])
(66124, [20, 9, 0, 11, 28, 1, 10, 21, 44, 37, 3, 12, 13])
(66125, [20, 0, 21, 38, 39, 4, 12])
(66126, [20])
(66127, [20, 9, 0, 11, 10, 19, 44, 31, 23, 3, 12])
(66128, [20])
(66129, [20, 1, 14])
(66130, [20, 1, 3])
(66131, [20])
(66132, [18])
(66133, [18])
(66134, [18, 0, 11, 21, 3, 12])
(66135, [18, 16, 19, 31, 23])
(66136, [18, 9, 1, 30, 15])
(66137, [18])
(66138, [18])
(66139, [18, 11, 29, 6, 1, 44, 30])
(66140, [18, 7])
(66141, [18])
(66142, [18, 43, 12])
(66143, [18])
(66144, [18, 19])
(66145, [18])
(66146, [18, 15])
(66147, [18])
(66148, [18, 16, 10, 8, 24, 23, 12])
(66149, [18, 6])
(66150, [18])
(66151, [18, 1, 26, 3])
(66152, [18, 0, 1, 19, 37, 23, 4])
(66153, [18, 9, 0, 1, 44, 43, 30, 23, 3, 2])
(66154, [18, 27, 9, 0, 42, 19, 43, 23, 12, 2, 22])
(66155, [18])
(66156, [18, 11, 1, 19, 15])
(66157, [18])
(66158, [18, 19, 12])
(66159, [18, 9, 17, 26, 21, 44, 43, 30, 4, 12, 13])
(66160, [18, 0, 11, 10, 8, 41, 4, 15, 2, 13])
(66161, [18, 15])
(66162, [18])
(66163, [18, 28, 21])
(66164, [18])
(66165, [18, 30])
(66166, [18, 19, 2])
(66167, [18, 19, 21, 3, 25])
(66168, [18, 0, 7, 17, 1, 10, 19, 26, 44, 31, 24, 15, 3, 2])
(66169, [18, 23])
(66170, [18, 8, 21])
(66171, [18, 17, 1, 8, 21, 30, 39, 41, 15, 3, 12, 2, 22])
(66172, [18, 0, 11, 29, 16, 1, 19, 26, 44, 31, 23, 3])
(66173, [18])
(66174, [18])
(66175, [18, 23])
(66176, [18])
(66177, [18])
(66178, [18])
(66179, [18])
(66180, [18, 10, 31, 41])
(66181, [18])
(66182, [18, 43, 3])
(66183, [18])
(66184, [18])
(66185, [18])
(66186, [18, 7, 6, 1, 15, 12])
(66187, [18])
(66188, [18, 23])
(66189, [18, 11, 42, 6, 1, 44, 43, 24, 23, 4, 12])
(66190, [18])
(66191, [18])
(66192, [18, 9, 6, 41, 23, 2])
(66193, [18, 40])
(66194, [18])
(66195, [18])
(66196, [18, 44, 30])
(66197, [18, 31, 23, 3])
(66198, [18])
(66199, [18])
(66200, [18, 9, 0, 11, 1, 3, 12, 2])
(66201, [18])
(66202, [18])
(66203, [18])
(66204, [18])
(66205, [18])
(66206, [27])
(66207, [27, 9, 36, 41, 4, 3, 13])
(66208, [27, 41, 12])
(66209, [27])
(66210, [27])
(66211, [27, 16, 19, 23, 15, 2])
(66212, [9])
(66213, [9, 8, 21, 30, 23, 3])
(66214, [9])
(66215, [9])
(66216, [9, 6])
(66217, [9])
(66218, [9])
(66219, [9, 7, 16, 10, 43, 30, 4, 12, 2])
(66220, [9])
(66221, [9, 19, 41, 2, 22])
(66222, [9])
(66223, [9])
(66224, [9])
(66225, [9, 0, 28, 19, 26, 31, 23, 4, 40])
(66226, [9])
(66227, [9])
(66228, [9])
(66229, [9])
(66230, [9, 11, 1, 44, 24, 2, 22])
(66231, [9, 6, 36, 3, 12])
(66232, [9, 41, 12])
(66233, [9, 28, 19, 26])
(66234, [9, 0, 16, 1, 30, 3])
(66235, [9, 29, 19, 44, 3])
(66236, [9, 43])
(66237, [9])
(66238, [9, 1, 3, 22])
(66239, [9])
(66240, [9])
(66241, [9])
(66242, [9, 0, 16, 10, 8, 24, 23, 12, 40, 2])
(66243, [9, 11, 16, 1, 21, 44, 39, 3, 2, 22])
(66244, [9])
(66245, [9])
(66246, [9])
(66247, [9, 12])
(66248, [9, 10])
(66249, [9])
(66250, [9])
(66251, [9, 8, 23, 5])
(66252, [9, 11, 17, 43, 2, 22])
(66253, [9, 44, 3])
(66254, [9, 30, 23])
(66255, [9])
(66256, [9])
(66257, [9])
(66258, [9])
(66259, [9])
(66260, [9])
(66261, [9, 30])
(66262, [9])
(66263, [0])
(66264, [0])
(66265, [0])
(66266, [0])
(66267, [0])
(66268, [0])
(66269, [0, 12])
(66270, [0, 44, 12])
(66271, [0])
(66272, [0])
(66273, [0])
(66274, [0])
(66275, [0, 12])
(66276, [0])
(66277, [0, 11, 16, 1, 19, 44, 3, 2, 22, 25])
(66278, [0, 12])
(66279, [0, 11, 3, 22])
(66280, [0])
(66281, [0])
(66282, [0])
(66283, [0])
(66284, [0])
(66285, [0])
(66286, [0, 12])
(66287, [0])
(66288, [0])
(66289, [0])
(66290, [0])
(66291, [0])
(66292, [0, 12])
(66293, [0])
(66294, [0, 12])
(66295, [0])
(66296, [0, 12])
(66297, [0])
(66298, [0, 12])
(66299, [0, 7])
(66300, [0])
(66301, [0])
(66302, [0, 2])
(66303, [0, 12])
(66304, [0])
(66305, [0])
(66306, [0])
(66307, [0])
(66308, [0])
(66309, [0])
(66310, [0])
(66311, [0, 12])
(66312, [0])
(66313, [0])
(66314, [0])
(66315, [0])
(66316, [0])
(66317, [0])
(66318, [0])
(66319, [0])
(66320, [0, 6, 30])
(66321, [0])
(66322, [0])
(66323, [0])
(66324, [0])
(66325, [0, 26])
(66326, [0, 12])
(66327, [0, 6, 1, 21, 3])
(66328, [0])
(66329, [0])
(66330, [0, 7, 44, 12])
(66331, [0])
(66332, [0])
(66333, [0, 11])
(66334, [0])
(66335, [0, 2])
(66336, [0])
(66337, [0])
(66338, [0])
(66339, [0])
(66340, [0])
(66341, [0])
(66342, [0])
(66343, [0])
(66344, [0, 1, 24, 12])
(66345, [0])
(66346, [0])
(66347, [0])
(66348, [0])
(66349, [0])
(66350, [0])
(66351, [0])
(66352, [0, 2])
(66353, [0])
(66354, [0, 12])
(66355, [0])
(66356, [0])
(66357, [0])
(66358, [0])
(66359, [0])
(66360, [0])
(66361, [0])
(66362, [0])
(66363, [0])
(66364, [0])
(66365, [0, 6])
(66366, [0, 23])
(66367, [0])
(66368, [0])
(66369, [0])
(66370, [0, 3])
(66371, [0])
(66372, [0, 17, 19, 44, 30, 3])
(66373, [0, 3])
(66374, [0])
(66375, [0])
(66376, [0])
(66377, [0])
(66378, [0])
(66379, [0, 16, 3, 12, 2])
(66380, [0])
(66381, [0, 11])
(66382, [0])
(66383, [0])
(66384, [0])
(66385, [0])
(66386, [0])
(66387, [0])
(66388, [0])
(66389, [0, 12])
(66390, [0])
(66391, [0, 36])
(66392, [0])
(66393, [0])
(66394, [0])
(66395, [0])
(66396, [0])
(66397, [0])
(66398, [0])
(66399, [0])
(66400, [0])
(66401, [0])
(66402, [0])
(66403, [0, 12])
(66404, [0])
(66405, [0])
(66406, [0])
(66407, [0])
(66408, [0])
(66409, [0])
(66410, [0, 19, 31, 12])
(66411, [0])
(66412, [0, 1, 19, 3, 12])
(66413, [0])
(66414, [0])
(66415, [0])
(66416, [0, 43, 3])
(66417, [0, 17])
(66418, [0, 12, 2, 22])
(66419, [0])
(66420, [0])
(66421, [0])
(66422, [0])
(66423, [0])
(66424, [0])
(66425, [0])
(66426, [0])
(66427, [0])
(66428, [0])
(66429, [0])
(66430, [0, 24])
(66431, [0])
(66432, [0])
(66433, [0])
(66434, [0, 12])
(66435, [0])
(66436, [0])
(66437, [0])
(66438, [0])
(66439, [0])
(66440, [0])
(66441, [0, 1])
(66442, [0])
(66443, [0])
(66444, [0])
(66445, [0])
(66446, [0, 3])
(66447, [0])
(66448, [0])
(66449, [0])
(66450, [0])
(66451, [0, 3])
(66452, [0, 3])
(66453, [0])
(66454, [0])
(66455, [0])
(66456, [0])
(66457, [0])
(66458, [0, 4])
(66459, [0])
(66460, [0])
(66461, [0])
(66462, [0])
(66463, [0])
(66464, [0])
(66465, [0])
(66466, [0])
(66467, [0, 12])
(66468, [0])
(66469, [0])
(66470, [0])
(66471, [0])
(66472, [0])
(66473, [0])
(66474, [0])
(66475, [0, 10, 31])
(66476, [0])
(66477, [0])
(66478, [0])
(66479, [0])
(66480, [0])
(66481, [0])
(66482, [0])
(66483, [0, 19, 2])
(66484, [0])
(66485, [0])
(66486, [0])
(66487, [0])
(66488, [0])
(66489, [0])
(66490, [0])
(66491, [0])
(66492, [0])
(66493, [0])
(66494, [0])
(66495, [0])
(66496, [0])
(66497, [0])
(66498, [0])
(66499, [0])
(66500, [0])
(66501, [0])
(66502, [0])
(66503, [0])
(66504, [0])
(66505, [0])
(66506, [11, 42])
(66507, [11, 6])
(66508, [11])
(66509, [11, 41])
(66510, [11])
(66511, [11, 16, 1, 23, 3])
(66512, [11])
(66513, [11])
(66514, [11])
(66515, [11, 29, 1, 19, 26, 21, 30, 24, 2])
(66516, [11, 19, 22])
(66517, [11, 7, 6, 1, 21, 38, 31, 3, 2])
(66518, [11, 6, 43, 4, 3])
(66519, [11])
(66520, [11, 1, 3])
(66521, [11])
(66522, [11])
(66523, [11, 17, 44])
(66524, [11])
(66525, [11])
(66526, [11, 1, 19, 26])
(66527, [11])
(66528, [11])
(66529, [11, 15])
(66530, [7, 41])
(66531, [7])
(66532, [7, 1, 3])
(66533, [7])
(66534, [7])
(66535, [7, 3])
(66536, [7])
(66537, [7])
(66538, [7])
(66539, [7])
(66540, [7, 1, 3])
(66541, [7, 31, 3])
(66542, [29])
(66543, [29, 39])
(66544, [29, 43])
(66545, [16, 1, 38, 3])
(66546, [16])
(66547, [16])
(66548, [16])
(66549, [16])
(66550, [16, 1, 19, 41, 3, 14])
(66551, [16])
(66552, [16, 19, 43])
(66553, [16])
(66554, [16, 1, 19, 39, 3, 12])
(66555, [16])
(66556, [16, 19, 21])
(66557, [16])
(66558, [16])
(66559, [16])
(66560, [42, 21])
(66561, [42, 3])
(66562, [42])
(66563, [42, 6, 1, 23, 15])
(66564, [42, 1])
(66565, [6])
(66566, [6, 1, 43, 4, 15, 3])
(66567, [6])
(66568, [6, 43, 40, 2])
(66569, [6, 1, 19, 44, 3, 2])
(66570, [6])
(66571, [6])
(66572, [6])
(66573, [6, 26, 43])
(66574, [6])
(66575, [6, 28, 43, 23, 15])
(66576, [6, 17, 12])
(66577, [6])
(66578, [6])
(66579, [6])
(66580, [6, 41, 2])
(66581, [28])
(66582, [28, 3])
(66583, [28, 2])
(66584, [28, 26, 12])
(66585, [28])
(66586, [28])
(66587, [28])
(66588, [28, 31, 15])
(66589, [28])
(66590, [28])
(66591, [28])
(66592, [17, 1, 3])
(66593, [17])
(66594, [17, 31, 3, 2])
(66595, [17, 40, 2, 14])
(66596, [17, 3])
(66597, [17, 26])
(66598, [17, 19, 26, 8, 41, 22])
(66599, [17, 1, 26, 43, 15, 2])
(66600, [17])
(66601, [17, 12])
(66602, [17, 2])
(66603, [17])
(66604, [17, 26])
(66605, [17])
(66606, [17])
(66607, [17, 40])
(66608, [17])
(66609, [17])
(66610, [17])
(66611, [17, 41, 40, 2, 13])
(66612, [17])
(66613, [1, 41, 3, 13])
(66614, [1])
(66615, [1])
(66616, [1, 3])
(66617, [1, 23, 3, 12, 22])
(66618, [1, 3, 2, 14])
(66619, [1, 3])
(66620, [1])
(66621, [1, 26, 3])
(66622, [1])
(66623, [1])
(66624, [1, 21, 3])
(66625, [1])
(66626, [1, 19, 26, 8, 21, 41, 23, 3, 12, 2, 13])
(66627, [1])
(66628, [1])
(66629, [1])
(66630, [1])
(66631, [1, 26, 4, 22])
(66632, [1, 19, 21, 3])
(66633, [1, 19, 2])
(66634, [1, 19, 23, 15, 3, 12])
(66635, [1, 44, 39, 3, 2])
(66636, [1, 12])
(66637, [1, 8, 12, 13])
(66638, [1, 3, 12])
(66639, [1])
(66640, [1])
(66641, [1])
(66642, [1])
(66643, [1])
(66644, [1])
(66645, [1])
(66646, [1])
(66647, [10])
(66648, [10])
(66649, [10])
(66650, [10])
(66651, [10, 23])
(66652, [10])
(66653, [10])
(66654, [10])
(66655, [10])
(66656, [10])
(66657, [10])
(66658, [10, 26, 43])
(66659, [10, 31, 3])
(66660, [19])
(66661, [19])
(66662, [19])
(66663, [19])
(66664, [19, 26, 43, 2])
(66665, [19])
(66666, [19, 22])
(66667, [19])
(66668, [19, 41, 24])
(66669, [19, 4])
(66670, [19])
(66671, [19])
(66672, [19, 3])
(66673, [19, 4, 2])
(66674, [19])
(66675, [19])
(66676, [19, 3])
(66677, [19])
(66678, [19])
(66679, [19])
(66680, [19])
(66681, [19])
(66682, [19, 26, 2])
(66683, [19, 2])
(66684, [19])
(66685, [19, 22])
(66686, [19])
(66687, [19, 21, 3, 2])
(66688, [19])
(66689, [19, 3])
(66690, [19])
(66691, [19])
(66692, [19])
(66693, [26, 23])
(66694, [26])
(66695, [26])
(66696, [26])
(66697, [26, 3])
(66698, [26, 15])
(66699, [26])
(66700, [26, 4])
(66701, [26, 15, 2, 14])
(66702, [26])
(66703, [26])
(66704, [26])
(66705, [26])
(66706, [26])
(66707, [26, 2])
(66708, [8, 43, 41])
(66709, [8])
(66710, [8])
(66711, [8, 5])
(66712, [8])
(66713, [8])
(66714, [8])
(66715, [8, 2])
(66716, [8])
(66717, [8])
(66718, [8, 43, 12, 2, 22])
(66719, [8])
(66720, [21])
(66721, [21])
(66722, [21])
(66723, [21])
(66724, [21])
(66725, [21])
(66726, [21])
(66727, [21])
(66728, [21])
(66729, [21])
(66730, [21])
(66731, [21, 3])
(66732, [21])
(66733, [21, 2])
(66734, [21])
(66735, [21, 3])
(66736, [21])
(66737, [21])
(66738, [21])
(66739, [21])
(66740, [21])
(66741, [21])
(66742, [21])
(66743, [21])
(66744, [21])
(66745, [21])
(66746, [21])
(66747, [21])
(66748, [21])
(66749, [21])
(66750, [21])
(66751, [21])
(66752, [21])
(66753, [21])
(66754, [21])
(66755, [21])
(66756, [21])
(66757, [21])
(66758, [44])
(66759, [44, 31, 4])
(66760, [44])
(66761, [44, 2])
(66762, [44])
(66763, [44])
(66764, [44])
(66765, [44, 2])
(66766, [44])
(66767, [44, 23, 12])
(66768, [44])
(66769, [44])
(66770, [44])
(66771, [44, 3])
(66772, [44])
(66773, [43])
(66774, [43])
(66775, [43])
(66776, [43])
(66777, [43])
(66778, [43, 5])
(66779, [43])
(66780, [43])
(66781, [43])
(66782, [43])
(66783, [43])
(66784, [43])
(66785, [43])
(66786, [43])
(66787, [43, 15, 2])
(66788, [43])
(66789, [43, 41])
(66790, [43])
(66791, [43])
(66792, [43])
(66793, [43])
(66794, [43])
(66795, [43])
(66796, [43, 4])
(66797, [43])
(66798, [38])
(66799, [38])
(66800, [36])
(66801, [36])
(66802, [36])
(66803, [36])
(66804, [36])
(66805, [36, 31])
(66806, [36])
(66807, [36])
(66808, [36])
(66809, [36])
(66810, [36])
(66811, [36])
(66812, [36])
(66813, [36])
(66814, [36])
(66815, [36])
(66816, [36])
(66817, [36])
(66818, [36])
(66819, [36])
(66820, [36])
(66821, [36, 41])
(66822, [36])
(66823, [36])
(66824, [36])
(66825, [36])
(66826, [31])
(66827, [31, 30])
(66828, [31, 12, 2])
(66829, [31, 14])
(66830, [31, 41, 2])
(66831, [31])
(66832, [31, 3])
(66833, [31])
(66834, [31])
(66835, [31])
(66836, [31])
(66837, [31, 14])
(66838, [31, 30, 12, 40, 2, 13])
(66839, [31])
(66840, [31, 2])
(66841, [30])
(66842, [30])
(66843, [30])
(66844, [30])
(66845, [30, 3, 22])
(66846, [30])
(66847, [30])
(66848, [37])
(66849, [37])
(66850, [37])
(66851, [37])
(66852, [37])
(66853, [37])
(66854, [37])
(66855, [37])
(66856, [39])
(66857, [39])
(66858, [39])
(66859, [39])
(66860, [39])
(66861, [39])
(66862, [39, 2])
(66863, [39, 2])
(66864, [39])
(66865, [39])
(66866, [39, 3])
(66867, [39])
(66868, [41, 14])
(66869, [41, 15, 2])
(66870, [41])
(66871, [41])
(66872, [41])
(66873, [41])
(66874, [41])
(66875, [41, 40, 2])
(66876, [41])
(66877, [41])
(66878, [41])
(66879, [41])
(66880, [41])
(66881, [41])
(66882, [41])
(66883, [41])
(66884, [41])
(66885, [41, 2])
(66886, [41])
(66887, [41])
(66888, [41])
(66889, [24])
(66890, [24])
(66891, [24])
(66892, [24])
(66893, [24])
(66894, [24])
(66895, [24])
(66896, [23])
(66897, [23, 3])
(66898, [23, 15])
(66899, [23])
(66900, [23])
(66901, [23])
(66902, [23])
(66903, [23])
(66904, [23])
(66905, [23])
(66906, [23])
(66907, [23])
(66908, [23])
(66909, [23])
(66910, [23])
(66911, [23])
(66912, [23, 3])
(66913, [23])
(66914, [23])
(66915, [23])
(66916, [23])
(66917, [23])
(66918, [23])
(66919, [23])
(66920, [23])
(66921, [23])
(66922, [23])
(66923, [23])
(66924, [23])
(66925, [23])
(66926, [23])
(66927, [23])
(66928, [23])
(66929, [23])
(66930, [23])
(66931, [23])
(66932, [23])
(66933, [23])
(66934, [23])
(66935, [23])
(66936, [23])
(66937, [23])
(66938, [23])
(66939, [23, 2, 14])
(66940, [23])
(66941, [23])
(66942, [23])
(66943, [23])
(66944, [23])
(66945, [23])
(66946, [23])
(66947, [23])
(66948, [23])
(66949, [23])
(66950, [23])
(66951, [23])
(66952, [23])
(66953, [23, 12])
(66954, [23])
(66955, [23])
(66956, [23])
(66957, [23])
(66958, [23])
(66959, [4])
(66960, [4, 15, 14])
(66961, [4])
(66962, [4])
(66963, [4])
(66964, [4])
(66965, [4, 12])
(66966, [4])
(66967, [4])
(66968, [4])
(66969, [4])
(66970, [4])
(66971, [4])
(66972, [4])
(66973, [4])
(66974, [4])
(66975, [4])
(66976, [4])
(66977, [4])
(66978, [4])
(66979, [4])
(66980, [4])
(66981, [15])
(66982, [15])
(66983, [15])
(66984, [15])
(66985, [15])
(66986, [15])
(66987, [15])
(66988, [15])
(66989, [15])
(66990, [15])
(66991, [3])
(66992, [3])
(66993, [3])
(66994, [3])
(66995, [3])
(66996, [3, 12])
(66997, [3])
(66998, [3])
(66999, [3])
(67000, [3, 2])
(67001, [3])
(67002, [3])
(67003, [3])
(67004, [3, 2])
(67005, [3])
(67006, [3])
(67007, [3])
(67008, [3])
(67009, [3])
(67010, [3, 5])
(67011, [3])
(67012, [3])
(67013, [3])
(67014, [3])
(67015, [3])
(67016, [3])
(67017, [3])
(67018, [3])
(67019, [3])
(67020, [3])
(67021, [12])
(67022, [12])
(67023, [12])
(67024, [12])
(67025, [12])
(67026, [12])
(67027, [12])
(67028, [12])
(67029, [12])
(67030, [12])
(67031, [12])
(67032, [12])
(67033, [12])
(67034, [12])
(67035, [12])
(67036, [12])
(67037, [12])
(67038, [12])
(67039, [12])
(67040, [12])
(67041, [12])
(67042, [12])
(67043, [12])
(67044, [12])
(67045, [12])
(67046, [12])
(67047, [12])
(67048, [12])
(67049, [12])
(67050, [12])
(67051, [12])
(67052, [12])
(67053, [12])
(67054, [12])
(67055, [12])
(67056, [12])
(67057, [12])
(67058, [12])
(67059, [12])
(67060, [12])
(67061, [12])
(67062, [12])
(67063, [12])
(67064, [12])
(67065, [12])
(67066, [12])
(67067, [12])
(67068, [12])
(67069, [12])
(67070, [12])
(67071, [12])
(67072, [12])
(67073, [12])
(67074, [12])
(67075, [40])
(67076, [40])
(67077, [40])
(67078, [40])
(67079, [40])
(67080, [40])
(67081, [40, 14])
(67082, [40, 2])
(67083, [40])
(67084, [40])
(67085, [40])
(67086, [40])
(67087, [2])
(67088, [2])
(67089, [2])
(67090, [2])
(67091, [2])
(67092, [2])
(67093, [2])
(67094, [2])
(67095, [2])
(67096, [2])
(67097, [2])
(67098, [2])
(67099, [2])
(67100, [2, 14])
(67101, [2])
(67102, [2])
(67103, [2])
(67104, [2])
(67105, [2])
(67106, [2])
(67107, [2])
(67108, [2])
(67109, [2])
(67110, [2])
(67111, [2])
(67112, [2])
(67113, [2])
(67114, [2])
(67115, [2])
(67116, [2])
(67117, [2])
(67118, [2])
(67119, [2])
(67120, [2])
(67121, [2])
(67122, [2])
(67123, [2])
(67124, [2])
(67125, [2])
(67126, [2])
(67127, [2])
(67128, [2])
(67129, [2])
(67130, [2])
(67131, [2])
(67132, [2])
(67133, [2])
(67134, [2])
(67135, [2])
(67136, [2])
(67137, [2])
(67138, [2])
(67139, [2])
(67140, [2])
(67141, [2])
(67142, [2])
(67143, [2])
(67144, [2])
(67145, [2])
(67146, [2])
(67147, [2])
(67148, [2])
(67149, [2])
(67150, [2])
(67151, [2])
(67152, [2])
(67153, [2])
(67154, [2])
(67155, [13])
(67156, [13])
(67157, [5])
(67158, [5])
(67159, [5])
(67160, [5])
(67161, [5])
(67162, [5])
(67163, [14])
(67164, [14])
(67165, [14])
(67166, [14])
(67167, [14])
(67168, [14])
(67169, [14])
(67170, [14])
(67171, [14])
(67172, [14])
(67173, [14])
(67174, [14])
(67175, [14])
(67176, [14])
(67177, [14])
(67178, [14])
(67179, [14])
(67180, [14])
(67181, [14])
(67182, [14])
(67183, [14])
(67184, [14])
(67185, [14])
(67186, [14])
(67187, [14])
(67188, [14])
(67189, [22])
(67190, [22])
(67191, [22])
(67192, [22])
(67193, [22])
(67194, [22])
(67195, [22])
(67196, [22])
(67197, [22])
(67198, [22])
(67199, [25])
