(82412, [32, 35, 34, 33, 20, 18, 27, 9, 0, 11, 7, 29, 16, 42, 6, 28, 17, 1, 10, 19, 26, 8, 21, 44, 43, 38, 36, 31, 30, 37, 39, 41, 24, 23, 4, 15, 3, 12, 40, 2, 13, 5, 14, 22, 25])
(82413, [32, 35, 34, 33, 20, 18, 27, 9, 0, 11, 7, 29, 16, 42, 6, 28, 17, 1, 10, 19, 26, 8, 21, 44, 43, 38, 36, 31, 30, 37, 39, 41, 24, 23, 4, 15, 3, 12, 40, 2, 13, 5, 14, 22, 25])
(82414, [32, 35, 34, 33, 20, 18, 27, 9, 0, 11, 7, 29, 16, 42, 6, 28, 17, 1, 10, 19, 26, 8, 21, 44, 43, 38, 36, 31, 30, 37, 39, 41, 24, 23, 4, 15, 3, 12, 40, 2, 13, 5, 14, 22, 25])
(82415, [32, 35, 34, 33, 20, 18, 27, 9, 0, 11, 7, 29, 16, 42, 6, 28, 17, 1, 10, 19, 26, 8, 21, 44, 43, 38, 36, 31, 30, 37, 39, 41, 24, 23, 4, 15, 3, 12, 40, 2, 13, 5, 14, 22, 25])
(82416, [32, 35, 34, 33, 20, 18, 27, 9, 0, 11, 7, 29, 16, 42, 6, 28, 17, 1, 10, 19, 26, 8, 21, 44, 43, 38, 36, 31, 30, 37, 39, 41, 24, 23, 4, 15, 3, 12, 40, 2, 13, 5, 14, 22, 25])
(82417, [32, 35, 34, 33, 20, 18, 27, 9, 0, 11, 7, 29, 16, 42, 6, 28, 17, 1, 10, 19, 26, 8, 21, 44, 43, 38, 36, 31, 30, 37, 39, 41, 24, 23, 4, 15, 3, 12, 40, 2, 13, 5, 14, 22, 25])
(82418, [32, 35, 34, 33, 20, 18, 27, 9, 0, 11, 7, 29, 16, 42, 6, 28, 17, 1, 10, 19, 26, 8, 21, 44, 43, 38, 36, 31, 30, 37, 39, 41, 24, 23, 4, 15, 3, 12, 40, 2, 13, 5, 14, 22, 25])
(82419, [32, 35, 34, 33, 20, 18, 9, 0, 11, 29, 16, 42, 6, 17, 1, 10, 19, 26, 21, 44, 43, 31, 30, 41, 24, 23, 4, 15, 3, 12, 40, 2, 13, 14, 22])
(82420, [32, 35, 34, 33, 20, 18, 27, 9, 0, 11, 7, 29, 16, 42, 6, 17, 1, 10, 19, 26, 8, 21, 44, 43, 38, 36, 31, 30, 37, 39, 41, 24, 23, 4, 15, 3, 12, 40, 2, 13, 5, 14, 22, 25])
(82421, [32, 35, 34, 33, 20, 18, 27, 9, 0, 11, 7, 16, 42, 6, 17, 1, 10, 19, 26, 8, 21, 44, 43, 38, 36, 31, 30, 37, 39, 41, 24, 23, 4, 15, 3, 12, 40, 2, 13, 5, 14, 22, 25])
(82422, [32, 35, 34, 33, 20, 18, 27, 9, 0, 11, 7, 29, 16, 42, 6, 28, 17, 1, 10, 19, 26, 8, 21, 44, 43, 38, 36, 31, 30, 37, 39, 41, 24, 23, 4, 15, 3, 12, 40, 2, 13, 5, 14, 22, 25])
(82423, [32, 34, 20, 0, 17, 1, 19, 26, 31, 30, 24, 15, 40, 2, 14])
(82424, [32, 18, 9, 0, 42, 6, 1, 19, 21, 43, 30, 41, 4, 15, 3, 12, 2, 14])
(82425, [32, 35, 34, 33, 20, 18, 9, 11, 7, 29, 16, 42, 6, 28, 17, 1, 19, 26, 8, 21, 44, 43, 38, 31, 30, 41, 4, 15, 3, 12, 40, 2, 14])
(82426, [32, 34, 33, 20, 18, 9, 0, 16, 28, 1, 10, 19, 26, 44, 31, 30, 37, 39, 41, 24, 23, 4, 15, 12, 40, 2, 13, 14, 22])
(82427, [32, 35, 34, 33, 20, 18, 27, 9, 0, 11, 7, 16, 42, 6, 17, 1, 19, 26, 21, 44, 43, 38, 31, 30, 37, 39, 41, 24, 23, 4, 15, 3, 12, 2, 14, 22])
(82428, [32, 34, 33, 20, 18, 9, 7, 16, 17, 1, 19, 26, 21, 43, 31, 30, 37, 15, 3, 40, 2])
(82429, [32, 34, 33, 20, 18, 9, 0, 11, 7, 16, 1, 19, 26, 8, 44, 43, 31, 30, 41, 23, 4, 15, 3, 12, 40, 2])
(82430, [32, 34, 0, 1, 43, 30, 41, 23, 2, 22])
(82431, [32, 34, 33, 20, 18, 0, 11, 7, 1, 19, 21, 44, 39, 4, 15, 3, 2, 14, 22])
(82432, [32, 35, 34, 33, 20, 18, 11, 7, 42, 6, 1, 26, 8, 44, 43, 38, 36, 31, 30, 39, 41, 23, 4, 15, 3, 12, 40, 2, 13, 14])
(82433, [32, 35, 34, 33, 20, 18, 27, 9, 0, 11, 16, 6, 28, 17, 1, 19, 26, 8, 21, 44, 43, 38, 31, 30, 37, 41, 24, 23, 4, 15, 3, 12, 40, 2, 13, 5, 14, 22, 25])
(82434, [32, 34, 33, 20, 18, 27, 9, 0, 11, 7, 29, 16, 6, 28, 17, 1, 10, 19, 26, 8, 44, 43, 38, 31, 30, 37, 39, 41, 24, 4, 15, 3, 12, 40, 2, 13, 14, 22, 25])
(82435, [32, 26, 43, 31, 39, 2])
(82436, [32, 33, 9, 1, 19, 26, 44, 15, 3, 40, 2])
(82437, [32, 35, 18, 9, 6, 19, 41, 2, 13])
(82438, [32])
(82439, [32, 35, 34, 33, 20, 18, 9, 0, 11, 7, 29, 16, 42, 6, 17, 1, 10, 19, 26, 8, 21, 44, 43, 38, 37, 39, 24, 23, 4, 15, 3, 12, 40, 2, 14])
(82440, [32, 35, 34, 33, 20, 18, 9, 0, 11, 7, 42, 6, 17, 1, 19, 26, 8, 21, 44, 43, 38, 31, 30, 41, 24, 23, 4, 15, 3, 12, 40, 2, 13, 14, 22])
(82441, [32, 35, 34, 33, 20, 18, 27, 11, 7, 16, 42, 6, 1, 10, 19, 26, 8, 21, 44, 43, 38, 31, 30, 37, 41, 23, 4, 15, 3, 12, 40, 2, 5, 22])
(82442, [32, 35, 34, 33, 20, 18, 27, 9, 0, 11, 7, 29, 16, 42, 6, 28, 17, 1, 10, 19, 26, 8, 21, 44, 43, 38, 36, 31, 30, 37, 41, 24, 23, 4, 15, 3, 12, 40, 2, 13, 5, 14, 22])
(82443, [32, 27, 16, 6, 26, 43, 31, 41, 24, 23, 15, 40])
(82444, [32, 11, 7, 1, 43, 3, 2])
(82445, [32, 0, 11, 23, 15, 22])
(82446, [32, 34, 27, 9, 0, 11, 6, 28, 17, 1, 19, 26, 44, 43, 31, 30, 37, 41, 23, 4, 15, 3, 2, 5])
(82447, [32, 35, 37, 23, 4, 15, 14])
(82448, [32, 35, 34, 33, 20, 0, 11, 7, 29, 16, 28, 17, 1, 19, 26, 8, 43, 31, 30, 37, 39, 41, 24, 23, 4, 15, 3, 12, 40, 2, 5, 22, 25])
(82449, [32, 33, 0, 42, 6, 19, 26, 44, 36, 30, 24, 15, 12, 2, 13])
(82450, [32, 35, 34, 18, 9, 11, 16, 42, 6, 1, 21, 44, 38, 30, 41, 24, 23, 3, 12, 2, 14, 22])
(82451, [32, 34, 33, 18, 27, 9, 11, 7, 16, 42, 6, 17, 1, 19, 8, 21, 44, 43, 31, 30, 37, 39, 41, 23, 4, 15, 3, 2, 13, 5, 22])
(82452, [32, 18, 27, 0, 16, 1, 10, 30, 23, 15, 3])
(82453, [32, 35, 34, 33, 18, 9, 0, 11, 7, 29, 42, 6, 17, 1, 19, 26, 8, 21, 44, 43, 38, 31, 30, 23, 4, 3, 2, 22])
(82454, [32, 35, 34, 33, 20, 18, 27, 9, 0, 11, 7, 29, 16, 42, 6, 28, 17, 1, 10, 19, 26, 8, 21, 44, 43, 38, 36, 31, 30, 37, 39, 41, 24, 23, 4, 15, 3, 12, 40, 2, 13, 5, 14, 22])
(82455, [32, 35, 34, 11, 17, 1, 26, 44, 43, 39, 41, 23, 4, 15, 2, 13])
(82456, [32, 35, 34, 33, 18, 27, 9, 11, 42, 6, 17, 1, 26, 21, 44, 43, 31, 30, 41, 24, 23, 4, 15, 3, 12, 40, 2, 5, 22])
(82457, [32, 34, 33, 18, 9, 0, 11, 16, 42, 6, 17, 1, 19, 21, 44, 36, 31, 30, 37, 39, 41, 24, 23, 4, 15, 3, 12, 40, 2, 5, 22])
(82458, [32, 35, 34, 33, 20, 18, 9, 29, 16, 6, 28, 17, 1, 10, 19, 26, 44, 43, 31, 30, 41, 24, 23, 4, 15, 3, 12, 40, 2, 14])
(82459, [32, 34, 33, 20, 9, 0, 42, 17, 1, 43, 31, 3, 12, 2])
(82460, [32, 35, 34, 33, 18, 9, 0, 11, 7, 6, 1, 19, 26, 21, 44, 43, 31, 30, 24, 23, 4, 15, 3, 12, 40, 2, 13, 5, 22])
(82461, [32, 33, 18, 29, 43, 38, 31, 30, 15])
(82462, [32, 34, 33, 18, 9, 0, 6, 17, 1, 19, 26, 21, 44, 43, 31, 30, 41, 24, 23, 4, 15, 3, 12, 40, 2])
(82463, [32, 34, 33, 9, 28, 17, 19, 26, 36, 31, 30, 41, 24, 23, 15, 3, 2])
(82464, [32, 20, 18, 6, 19, 26, 31, 15, 3, 12])
(82465, [32, 35, 34, 33, 20, 18, 9, 0, 11, 7, 29, 16, 42, 6, 17, 1, 10, 19, 26, 21, 44, 43, 36, 31, 30, 39, 41, 24, 23, 4, 15, 3, 12, 40, 2, 13, 5, 14, 22])
(82466, [32, 2])
(82467, [32, 34, 33, 18, 9, 0, 42, 6, 17, 1, 19, 26, 44, 43, 31, 30, 39, 23, 4, 15, 3, 13])
(82468, [32, 30])
(82469, [32, 34, 6, 19, 21, 43, 39, 41, 24, 15])
(82470, [32, 35, 19, 30, 22])
(82471, [32, 35, 9, 19, 44, 31, 41, 15, 3, 12, 2])
(82472, [32, 18, 16, 1, 8, 23, 3, 12])
(82473, [32, 35, 33, 20, 18, 9, 11, 6, 28, 1, 26, 44, 43, 36, 30, 41, 24, 23, 4, 15, 3, 2, 13, 5])
(82474, [32, 18, 27, 9, 0, 6, 1, 8, 43, 23, 4, 2, 14])
(82475, [32, 34, 27, 0, 11, 7, 16, 28, 17, 1, 21, 44, 43, 30, 37, 41, 4, 3, 12, 2, 14])
(82476, [32, 44, 30, 3])
(82477, [32])
(82478, [32, 33, 18, 0, 26, 31, 30, 41, 4, 12])
(82479, [32, 35, 27, 9, 0, 6, 1, 19, 43, 31, 24, 23, 4, 15, 40, 2])
(82480, [32, 4])
(82481, [32])
(82482, [32, 35, 9, 16, 6, 17, 1, 44, 43, 41, 24, 15, 3, 2, 13])
(82483, [32, 18, 0, 42, 10, 43, 23, 4, 3, 12])
(82484, [32, 15])
(82485, [32, 33, 11, 17, 1, 21, 30, 41, 3, 12, 22])
(82486, [32, 35, 34, 20, 18, 9, 0, 11, 7, 16, 42, 6, 1, 19, 8, 21, 43, 38, 31, 30, 37, 39, 41, 23, 4, 15, 3, 12, 2, 5, 22])
(82487, [32, 3])
(82488, [32, 33, 18, 27, 7, 1, 21, 44, 31, 30, 41, 3, 12, 40, 2, 5, 22, 25])
(82489, [32])
(82490, [32, 35, 34, 33, 18, 9, 7, 29, 42, 17, 1, 8, 44, 43, 31, 30, 41, 23, 15, 3, 12, 22])
(82491, [32, 33, 18, 9, 11, 6, 28, 10, 26, 44, 43, 41, 3, 12, 2])
(82492, [32, 35, 34, 33, 20, 18, 9, 0, 11, 7, 29, 16, 42, 6, 28, 17, 1, 10, 19, 26, 44, 43, 38, 31, 30, 41, 24, 23, 4, 15, 3, 12, 40, 2, 13, 14, 25])
(82493, [32, 34, 33, 20, 18, 9, 0, 11, 7, 16, 42, 6, 17, 10, 19, 26, 8, 21, 44, 43, 38, 36, 30, 39, 41, 24, 23, 4, 15, 3, 12, 40, 2, 13])
(82494, [32, 18, 0, 7, 42, 17, 1, 19, 21, 44, 43, 24, 3, 12, 2])
(82495, [32, 34, 0, 11, 7, 16, 28, 1, 8, 21, 44, 31, 30, 37, 41, 23, 3, 12, 2])
(82496, [32, 34, 33, 20, 1, 30, 41, 24, 15, 12])
(82497, [32, 33, 11, 1, 19, 43, 31, 30, 23, 3, 12, 13])
(82498, [32, 35, 34, 33, 20, 18, 9, 0, 11, 7, 16, 42, 6, 1, 10, 19, 26, 8, 21, 44, 43, 38, 31, 30, 23, 4, 15, 3, 2, 5])
(82499, [32])
(82500, [32, 34, 33, 20, 18, 9, 0, 11, 7, 16, 6, 17, 1, 19, 26, 44, 43, 31, 30, 37, 39, 24, 23, 4, 15, 3, 12, 2, 14])
(82501, [32, 34, 9, 0, 1, 41, 24, 3, 12, 2, 14])
(82502, [32, 34, 18, 9, 0, 6, 43, 36, 31, 30, 41, 12, 40, 2, 14])
(82503, [32, 34, 33, 16, 6, 17, 1, 19, 26, 31, 39, 15, 3, 2])
(82504, [32, 34, 33, 9, 11, 28, 26, 44, 31, 30, 41, 24, 40, 14])
(82505, [32, 35, 34, 33, 9, 0, 11, 16, 6, 1, 19, 26, 21, 43, 31, 30, 37, 41, 24, 23, 4, 15, 12, 2])
(82506, [32, 35, 34, 18, 19, 37, 4, 15, 2])
(82507, [32, 33, 6, 38, 31, 24, 23, 2])
(82508, [32])
(82509, [32, 35, 34, 33, 20, 18, 27, 9, 0, 11, 7, 29, 16, 42, 6, 28, 1, 10, 19, 26, 8, 21, 44, 43, 38, 36, 31, 30, 37, 39, 41, 24, 23, 4, 15, 3, 12, 40, 2, 13, 5, 14, 22, 25])
(82510, [32, 9, 7, 1, 26, 30, 24, 12, 40, 2])
(82511, [32, 18, 1, 10, 31, 4, 15, 3, 40, 2])
(82512, [32, 35, 34, 20, 9, 0, 11, 7, 29, 16, 17, 1, 19, 26, 21, 44, 36, 31, 30, 41, 24, 15, 3, 12, 40, 2, 13])
(82513, [32, 35, 34, 33, 20, 9, 0, 11, 16, 42, 28, 1, 10, 26, 8, 44, 43, 30, 41, 23, 4, 15, 3, 12, 13, 5, 14, 22])
(82514, [32, 34, 9, 11, 19, 26, 43, 31, 41, 15, 2])
(82515, [32, 33, 20, 18, 9, 0, 11, 7, 16, 42, 6, 1, 19, 43, 36, 30, 41, 23, 4, 15, 3, 12, 40, 2, 13, 14, 22])
(82516, [32, 0, 14])
(82517, [32, 34, 33, 20, 9, 0, 11, 7, 16, 42, 17, 1, 10, 19, 26, 44, 43, 36, 31, 30, 37, 41, 4, 15, 3, 12, 40, 2, 13, 14])
(82518, [32, 34, 18, 11, 7, 17, 1, 19, 44, 4, 15, 3, 2])
(82519, [32, 35, 9, 42, 6, 1, 21, 23, 3, 12, 14])
(82520, [32, 35, 9, 0, 3, 12])
(82521, [32, 20, 9, 6, 1, 19, 26, 44, 43, 36, 15, 3, 40, 2, 14])
(82522, [32, 35, 34, 33, 20, 18, 27, 9, 11, 29, 16, 42, 6, 28, 17, 1, 10, 19, 26, 21, 44, 43, 31, 30, 39, 41, 24, 23, 4, 15, 3, 12, 40, 2, 13, 5, 14, 22])
(82523, [32, 35, 16, 1, 3, 22])
(82524, [32, 34, 33, 9, 0, 11, 17, 1, 19, 26, 31, 30, 41, 4, 15, 40, 2, 13, 14, 25])
(82525, [32, 12])
(82526, [32, 33, 20, 0, 11, 28, 17, 26, 44, 37, 39, 41, 24, 4, 15, 12, 40, 2, 14, 25])
(82527, [35])
(82528, [35, 33, 18, 9, 0, 16, 1, 8, 21, 43, 36, 31, 23, 4, 15, 3, 2, 22])
(82529, [35, 42, 6, 1, 21, 4, 3, 2, 22])
(82530, [35])
(82531, [35, 18, 9, 0, 11, 16, 6, 1, 19, 26, 8, 21, 38, 37, 23, 3, 2, 13, 5, 22])
(82532, [35, 0])
(82533, [35, 1, 26, 15])
(82534, [35, 3])
(82535, [35, 33, 6, 1, 8, 31, 3])
(82536, [35, 9, 26, 43, 24, 23, 4])
(82537, [35, 34, 33, 20, 9, 0, 11, 7, 1, 10, 19, 21, 44, 43, 30, 41, 23, 4, 3, 12, 2, 13, 22])
(82538, [35])
(82539, [35, 18, 28, 1, 40, 2])
(82540, [35, 34, 33, 11, 7, 1, 21, 31, 30, 39, 41, 3])
(82541, [35, 11, 28, 1, 26, 21, 44, 43, 41, 23, 3, 12])
(82542, [35, 9, 11, 16, 6, 1, 21, 43, 23, 3, 2, 5])
(82543, [35, 18, 9, 0, 17, 19, 44, 30, 41, 3, 40])
(82544, [35, 18, 9, 11, 8, 21, 40, 22])
(82545, [35])
(82546, [35])
(82547, [35])
(82548, [35, 0, 16, 42])
(82549, [35])
(82550, [35, 33, 20, 18, 9, 0, 11, 7, 16, 42, 6, 17, 1, 19, 26, 8, 21, 44, 43, 31, 30, 37, 41, 23, 4, 15, 3, 12, 2, 5, 22])
(82551, [35])
(82552, [35])
(82553, [35])
(82554, [35, 34, 9, 0, 11, 16, 42, 6, 1, 19, 26, 44, 31, 30, 41, 23, 4, 15, 3, 12])
(82555, [35, 44, 43, 15, 12])
(82556, [35, 33, 11, 1, 44, 31, 3, 2, 22])
(82557, [35])
(82558, [35])
(82559, [35])
(82560, [35, 10])
(82561, [35])
(82562, [35])
(82563, [35, 33, 18, 9, 29, 6, 1, 19, 26, 21, 23, 4, 5, 22])
(82564, [35, 34, 33, 20, 9, 0, 16, 17, 1, 19, 26, 43, 38, 31, 30, 15, 3, 12, 2])
(82565, [35, 33, 1, 43, 31, 3, 12, 2])
(82566, [35])
(82567, [35])
(82568, [34, 11, 16, 44, 41])
(82569, [34, 33, 20, 18, 9, 0, 11, 7, 16, 42, 17, 1, 19, 26, 8, 44, 38, 31, 30, 41, 24, 23, 4, 15, 3, 12, 13, 22])
(82570, [34, 18, 1, 21, 3, 13])
(82571, [34, 2])
(82572, [34, 18, 11, 1, 19, 21, 30, 39, 23, 3, 12])
(82573, [34, 9, 0, 11, 42, 1, 21, 44, 30, 24, 23, 4, 15, 3])
(82574, [34])
(82575, [34, 2])
(82576, [34])
(82577, [34, 20, 18, 27, 9, 0, 11, 7, 16, 42, 6, 1, 19, 26, 21, 38, 31, 23, 15, 3, 12, 2, 22])
(82578, [34, 20, 9, 6, 31, 4, 2, 14])
(82579, [34, 33, 18, 27, 29, 1, 19, 26, 8, 43, 31, 30, 23, 4, 15, 3])
(82580, [34, 33])
(82581, [34])
(82582, [34, 33, 20, 27, 9, 0, 11, 16, 28, 17, 26, 44, 43, 36, 30, 41, 24, 4, 15, 3, 12, 40, 2, 13, 14])
(82583, [34, 2])
(82584, [34, 9, 17, 19, 26, 31, 24, 15, 40, 2, 14, 25])
(82585, [34])
(82586, [34])
(82587, [34])
(82588, [34])
(82589, [34])
(82590, [34])
(82591, [34, 0, 16, 42, 44, 3])
(82592, [34, 33, 11])
(82593, [34, 18, 0, 7, 19, 44, 14])
(82594, [34, 33, 9, 26, 8])
(82595, [34])
(82596, [34, 6])
(82597, [34, 26])
(82598, [34, 33])
(82599, [34])
(82600, [34, 19, 31])
(82601, [34, 0, 12])
(82602, [34])
(82603, [34, 18, 16, 19, 44, 12])
(82604, [34, 18, 10, 31, 41, 24, 3, 12])
(82605, [34, 9, 8, 36, 31, 30, 41, 40, 2, 22])
(82606, [34, 9, 26, 3])
(82607, [34])
(82608, [34, 0, 6, 17, 19, 44, 43, 31, 30, 4, 15, 12, 2, 14, 22])
(82609, [34])
(82610, [34, 33, 20, 9, 17, 26, 36, 39, 24, 23, 15, 3, 2, 14])
(82611, [34, 20, 0, 1, 10, 26, 30, 4, 15, 12, 2, 14])
(82612, [34, 27, 9, 19, 26, 36, 30, 41, 24, 23, 4, 3, 2, 13])
(82613, [34, 9, 6, 21, 43, 4, 2, 22])
(82614, [34])
(82615, [34, 21, 44, 3, 12])
(82616, [34, 18, 9, 0, 6, 19, 31, 30, 3])
(82617, [34, 9, 11, 2])
(82618, [34, 20, 9, 0, 11, 7, 1, 19, 8, 21, 44, 43, 38, 39, 15, 3, 12, 40, 2, 14, 22])
(82619, [34])
(82620, [34])
(82621, [34, 3])
(82622, [34])
(82623, [34])
(82624, [34, 31])
(82625, [34, 11, 26, 44, 3, 12])
(82626, [34, 3, 12])
(82627, [34, 20, 0, 11, 7, 6, 1, 19, 26, 21, 44, 43, 30, 39, 41, 24, 23, 4, 15, 3, 12, 2, 14])
(82628, [33, 20, 1, 19, 26, 44, 43, 31, 3, 12])
(82629, [33, 2])
(82630, [33, 20, 18, 27, 0, 6, 28, 1, 26, 21, 43, 31, 41, 23, 15, 3, 2, 14])
(82631, [33])
(82632, [33])
(82633, [33, 26, 8, 41, 15])
(82634, [33, 0, 28, 19])
(82635, [33, 20, 11, 16, 17, 19, 24, 12, 2])
(82636, [33, 7, 1, 19, 26, 36, 31, 23, 3, 40, 2])
(82637, [33, 1, 43, 31, 22])
(82638, [33, 20, 9, 0, 31, 30, 24])
(82639, [33])
(82640, [33])
(82641, [33])
(82642, [33, 9, 11, 16, 44, 12])
(82643, [33, 18, 0, 6, 1, 43, 23, 4, 15, 3, 12, 2, 13, 25])
(82644, [33, 31, 30, 15])
(82645, [33])
(82646, [33])
(82647, [33])
(82648, [33])
(82649, [33])
(82650, [33])
(82651, [33])
(82652, [33, 9, 0, 10, 12])
(82653, [33])
(82654, [33, 16, 31, 30, 3])
(82655, [33, 20, 6, 43, 31, 23, 15, 3, 2])
(82656, [33, 20, 9, 19, 12, 2])
(82657, [33])
(82658, [33, 18])
(82659, [33, 2])
(82660, [33, 11, 1, 19, 44, 31, 30, 37, 2])
(82661, [33, 0, 44, 3, 2])
(82662, [33, 10, 31])
(82663, [33, 17, 1, 21, 31, 24])
(82664, [33, 11, 1, 21, 43, 31, 37, 12, 2, 14, 22])
(82665, [33, 9, 0, 17, 1, 8, 21, 31, 30, 39, 41, 15, 3, 12, 2])
(82666, [33])
(82667, [33])
(82668, [20, 15])
(82669, [20, 18, 36])
(82670, [20, 9, 0, 42, 6, 1, 41, 4, 2])
(82671, [20, 0, 10, 41, 24])
(82672, [20])
(82673, [20])
(82674, [20, 0, 11, 28, 1, 19, 26, 21, 44, 41, 4, 3, 2])
(82675, [20, 0, 6, 19, 26, 44, 41, 15, 3])
(82676, [20])
(82677, [20, 0, 1, 39, 3])
(82678, [20, 26, 43])
(82679, [20])
(82680, [20, 0, 23])
(82681, [20, 6, 43, 3])
(82682, [20])
(82683, [20])
(82684, [20, 18, 0, 16, 1, 19, 44, 38, 3, 2, 14])
(82685, [20, 0, 7, 42, 1, 30, 41, 23, 3, 12, 22])
(82686, [20, 27, 9, 1, 44, 43, 30, 39, 3, 12, 2])
(82687, [20, 0, 6, 19, 44, 43, 12, 2, 14])
(82688, [20])
(82689, [20, 9, 11, 41])
(82690, [20, 0, 7, 3, 12])
(82691, [20])
(82692, [20, 0, 7, 2])
(82693, [20, 0, 11, 7, 16, 6, 17, 1, 19, 44, 39, 3, 40, 2, 22])
(82694, [20, 27, 9, 11, 7, 6, 1, 19, 44, 43, 41, 4, 3, 2, 22])
(82695, [20, 19, 44])
(82696, [18])
(82697, [18])
(82698, [18])
(82699, [18])
(82700, [18, 12])
(82701, [18])
(82702, [18, 8, 3, 22])
(82703, [18, 8, 21, 30, 23, 15, 40])
(82704, [18])
(82705, [18])
(82706, [18])
(82707, [18])
(82708, [18, 19, 8, 43, 31, 23, 3])
(82709, [18, 9, 6, 41, 3])
(82710, [18])
(82711, [18, 23])
(82712, [18])
(82713, [18, 26])
(82714, [18, 8, 41, 24])
(82715, [18])
(82716, [18, 9])
(82717, [18])
(82718, [18, 1, 3])
(82719, [18, 23])
(82720, [18])
(82721, [18, 0, 44])
(82722, [18, 9, 11, 6, 17, 1, 19, 26, 21, 44, 43, 30, 23, 3, 2])
(82723, [18, 0, 1, 8, 21, 4, 22])
(82724, [18])
(82725, [18, 9, 21, 15])
(82726, [18, 1, 21, 43])
(82727, [18, 8])
(82728, [18, 9, 0, 11, 16, 28, 17, 19, 26, 38, 36, 31, 24, 4, 15, 2])
(82729, [18, 9, 23, 4, 12])
(82730, [18])
(82731, [18])
(82732, [18])
(82733, [18])
(82734, [18])
(82735, [18])
(82736, [18])
(82737, [18])
(82738, [18])
(82739, [18, 0, 7, 16, 19, 26, 43, 4, 12])
(82740, [18])
(82741, [18])
(82742, [18])
(82743, [18, 23])
(82744, [18, 0, 1, 31])
(82745, [18, 37, 23])
(82746, [18])
(82747, [18])
(82748, [18])
(82749, [18])
(82750, [18])
(82751, [18])
(82752, [18, 39, 41])
(82753, [18])
(82754, [18])
(82755, [18])
(82756, [18, 44])
(82757, [18, 6, 43, 15])
(82758, [18, 44])
(82759, [18])
(82760, [18])
(82761, [18])
(82762, [18])
(82763, [18, 17, 8, 43, 41, 23, 15, 2])
(82764, [18, 12])
(82765, [18])
(82766, [18])
(82767, [18, 27, 23])
(82768, [18])
(82769, [18])
(82770, [18])
(82771, [18])
(82772, [18, 1, 31])
(82773, [18, 23])
(82774, [18])
(82775, [18])
(82776, [18])
(82777, [18])
(82778, [18, 0, 11, 16, 17, 1, 21, 44, 43, 3, 12])
(82779, [18, 0, 6, 26, 3, 12, 2])
(82780, [18])
(82781, [18])
(82782, [18])
(82783, [18])
(82784, [18, 27, 0, 1, 10, 21, 44, 30, 39, 23, 12, 2, 5, 22])
(82785, [18, 0, 1, 23])
(82786, [18])
(82787, [18])
(82788, [18])
(82789, [18])
(82790, [18, 27, 0])
(82791, [18])
(82792, [18, 27, 0, 28, 26, 44])
(82793, [18])
(82794, [27])
(82795, [27, 0, 8, 14])
(82796, [27])
(82797, [27])
(82798, [27, 0, 11, 6, 1, 26, 44, 43, 30, 23, 4, 15, 3, 12, 2])
(82799, [27])
(82800, [27])
(82801, [27])
(82802, [27])
(82803, [27])
(82804, [27])
(82805, [27, 5])
(82806, [27, 0, 17, 43, 4, 15, 2])
(82807, [27, 1, 3])
(82808, [27])
(82809, [27, 3])
(82810, [27, 3, 12])
(82811, [9, 0, 7, 6, 1, 21, 43, 39, 3, 12, 5])
(82812, [9, 23])
(82813, [9])
(82814, [9])
(82815, [9])
(82816, [9, 1])
(82817, [9, 16, 1, 8, 31, 37, 23, 3, 12])
(82818, [9, 19, 22])
(82819, [9, 19, 22])
(82820, [9, 0, 11, 3, 12])
(82821, [9])
(82822, [9])
(82823, [9])
(82824, [9, 10])
(82825, [9])
(82826, [9])
(82827, [9, 17, 12, 40, 2, 22])
(82828, [9, 26, 31, 15, 3, 40, 2])
(82829, [9, 19, 21, 30])
(82830, [9, 0, 19, 4, 15])
(82831, [9, 2])
(82832, [9])
(82833, [9, 7, 6, 1, 19, 21, 4])
(82834, [9])
(82835, [9])
(82836, [9])
(82837, [9, 6, 10, 44])
(82838, [9, 43])
(82839, [9, 13])
(82840, [9])
(82841, [9, 12])
(82842, [9, 0, 11, 12, 40, 13, 22])
(82843, [9, 7, 17, 19, 26, 21, 39, 23, 15, 3, 12])
(82844, [9, 21, 23, 3])
(82845, [9])
(82846, [9])
(82847, [9])
(82848, [9])
(82849, [9])
(82850, [9, 0, 42, 44])
(82851, [9, 23, 14])
(82852, [9])
(82853, [9])
(82854, [9, 12])
(82855, [9])
(82856, [9])
(82857, [9])
(82858, [9])
(82859, [9])
(82860, [9])
(82861, [9])
(82862, [9])
(82863, [9, 0, 42, 1, 26, 44, 30, 2])
(82864, [9])
(82865, [9])
(82866, [9, 12])
(82867, [9])
(82868, [9])
(82869, [9, 37])
(82870, [9])
(82871, [9, 44])
(82872, [0])
(82873, [0])
(82874, [0])
(82875, [0])
(82876, [0])
(82877, [0])
(82878, [0])
(82879, [0])
(82880, [0])
(82881, [0])
(82882, [0])
(82883, [0])
(82884, [0, 12])
(82885, [0, 12])
(82886, [0])
(82887, [0])
(82888, [0])
(82889, [0])
(82890, [0, 12])
(82891, [0, 12])
(82892, [0])
(82893, [0])
(82894, [0])
(82895, [0, 12])
(82896, [0])
(82897, [0])
(82898, [0, 10])
(82899, [0])
(82900, [0])
(82901, [0])
(82902, [0])
(82903, [0])
(82904, [0, 12])
(82905, [0])
(82906, [0, 6, 8, 44, 37, 3, 12])
(82907, [0])
(82908, [0])
(82909, [0])
(82910, [0])
(82911, [0])
(82912, [0])
(82913, [0, 36, 14])
(82914, [0])
(82915, [0])
(82916, [0])
(82917, [0])
(82918, [0])
(82919, [0])
(82920, [0, 12])
(82921, [0])
(82922, [0])
(82923, [0, 36])
(82924, [0, 6, 17, 2])
(82925, [0, 7, 42, 1, 3])
(82926, [0])
(82927, [0])
(82928, [0])
(82929, [0])
(82930, [0])
(82931, [0])
(82932, [0, 26, 12])
(82933, [0])
(82934, [0])
(82935, [0])
(82936, [0])
(82937, [0])
(82938, [0])
(82939, [0])
(82940, [0])
(82941, [0])
(82942, [0])
(82943, [0])
(82944, [0])
(82945, [0])
(82946, [0])
(82947, [0])
(82948, [0])
(82949, [0])
(82950, [0, 36])
(82951, [0])
(82952, [0])
(82953, [0])
(82954, [0, 12])
(82955, [0])
(82956, [0])
(82957, [0])
(82958, [0, 44, 15, 12])
(82959, [0])
(82960, [0])
(82961, [0])
(82962, [0, 7, 1, 19, 21, 43, 31, 41, 24, 3, 12, 22])
(82963, [0])
(82964, [0])
(82965, [0])
(82966, [0])
(82967, [0])
(82968, [0])
(82969, [0])
(82970, [0])
(82971, [0])
(82972, [0])
(82973, [0])
(82974, [0])
(82975, [0])
(82976, [0])
(82977, [0, 12])
(82978, [0])
(82979, [0])
(82980, [0, 14])
(82981, [0])
(82982, [0])
(82983, [0, 11, 44, 24])
(82984, [0])
(82985, [0])
(82986, [0])
(82987, [0])
(82988, [0])
(82989, [0])
(82990, [0])
(82991, [0, 16, 44, 41, 15, 2])
(82992, [0])
(82993, [0])
(82994, [0])
(82995, [0])
(82996, [0])
(82997, [0])
(82998, [0])
(82999, [0])
(83000, [0])
(83001, [0])
(83002, [0])
(83003, [0])
(83004, [0, 3])
(83005, [0])
(83006, [0])
(83007, [0])
(83008, [0])
(83009, [0, 1, 3])
(83010, [0])
(83011, [0])
(83012, [0])
(83013, [0])
(83014, [0])
(83015, [0, 12])
(83016, [0, 1, 3])
(83017, [0, 1])
(83018, [0])
(83019, [0])
(83020, [0])
(83021, [0])
(83022, [0])
(83023, [0])
(83024, [0])
(83025, [0, 42, 1, 3])
(83026, [0])
(83027, [0])
(83028, [0])
(83029, [0, 10])
(83030, [0, 1])
(83031, [0])
(83032, [0])
(83033, [0])
(83034, [0])
(83035, [0])
(83036, [0])
(83037, [0])
(83038, [0])
(83039, [0, 4, 12])
(83040, [0])
(83041, [0, 1, 3])
(83042, [0])
(83043, [0])
(83044, [0])
(83045, [0])
(83046, [0, 3, 2])
(83047, [0])
(83048, [0])
(83049, [0])
(83050, [0, 26, 2])
(83051, [0])
(83052, [0])
(83053, [0])
(83054, [0])
(83055, [0, 12])
(83056, [0])
(83057, [0])
(83058, [0, 42, 1, 21, 2])
(83059, [0])
(83060, [0])
(83061, [0])
(83062, [0, 42, 1, 3])
(83063, [0])
(83064, [0])
(83065, [0])
(83066, [0])
(83067, [0])
(83068, [0])
(83069, [0, 42, 1, 12])
(83070, [0])
(83071, [0])
(83072, [0])
(83073, [0])
(83074, [0])
(83075, [0])
(83076, [0])
(83077, [0])
(83078, [0])
(83079, [0])
(83080, [0, 11, 1, 19, 3, 12])
(83081, [0])
(83082, [0])
(83083, [0])
(83084, [0])
(83085, [0])
(83086, [0])
(83087, [0])
(83088, [0])
(83089, [0])
(83090, [0])
(83091, [0])
(83092, [0])
(83093, [0, 26, 43, 24, 2, 14])
(83094, [0])
(83095, [0])
(83096, [0])
(83097, [0])
(83098, [0])
(83099, [0])
(83100, [0])
(83101, [0])
(83102, [11])
(83103, [11])
(83104, [11, 16])
(83105, [11, 16, 17, 19, 23, 15, 12])
(83106, [11])
(83107, [11, 1, 19, 3])
(83108, [11, 29, 19, 44, 31, 30, 3, 12, 2])
(83109, [11, 1, 8])
(83110, [11, 2])
(83111, [11, 1, 26, 43, 3])
(83112, [11, 19])
(83113, [11])
(83114, [11, 16, 17, 19, 44, 41, 4, 2])
(83115, [11])
(83116, [11, 44])
(83117, [11, 40])
(83118, [11])
(83119, [11])
(83120, [11])
(83121, [11, 19, 8, 44, 24, 25])
(83122, [11])
(83123, [11])
(83124, [11])
(83125, [11])
(83126, [11, 19, 26, 2, 13])
(83127, [11])
(83128, [11, 21])
(83129, [11, 7, 16, 23, 2])
(83130, [11])
(83131, [7, 4, 3])
(83132, [7, 21, 41, 23, 3, 12, 13])
(83133, [7, 12])
(83134, [7, 1, 21, 3])
(83135, [7, 6, 1, 26, 3, 13])
(83136, [7])
(83137, [7])
(83138, [7, 1])
(83139, [7])
(83140, [7, 3])
(83141, [7])
(83142, [7])
(83143, [29, 43])
(83144, [29, 6, 1, 22])
(83145, [29])
(83146, [16])
(83147, [16])
(83148, [16, 42, 1, 37, 41, 23])
(83149, [16])
(83150, [16])
(83151, [16, 43, 23, 15, 13])
(83152, [16, 17, 1, 23, 12, 22])
(83153, [16, 15, 2])
(83154, [16])
(83155, [16])
(83156, [16, 15])
(83157, [16])
(83158, [16])
(83159, [42])
(83160, [42, 6, 43, 3])
(83161, [42, 1])
(83162, [6])
(83163, [6])
(83164, [6])
(83165, [6, 28, 26, 15, 2])
(83166, [6, 1, 21, 38, 37, 23, 2])
(83167, [6])
(83168, [6])
(83169, [6, 5])
(83170, [6, 31])
(83171, [6, 26, 43])
(83172, [6])
(83173, [6, 43])
(83174, [6, 1, 41, 23, 3, 2])
(83175, [6, 1, 41])
(83176, [28])
(83177, [28])
(83178, [28])
(83179, [28, 36])
(83180, [28, 17, 10, 15, 12, 13])
(83181, [28])
(83182, [28, 2])
(83183, [28, 39])
(83184, [17])
(83185, [17])
(83186, [17, 44])
(83187, [17, 41, 14])
(83188, [17])
(83189, [17, 1, 12])
(83190, [17])
(83191, [17])
(83192, [17, 30, 2, 14])
(83193, [17])
(83194, [17, 26, 44, 2])
(83195, [17])
(83196, [17, 15])
(83197, [17])
(83198, [17])
(83199, [17])
(83200, [17, 19, 44, 31, 2])
(83201, [17])
(83202, [17, 15])
(83203, [1])
(83204, [1])
(83205, [1, 3])
(83206, [1, 26, 21, 41, 2])
(83207, [1, 3])
(83208, [1, 3, 12])
(83209, [1, 21, 3, 12, 2, 22])
(83210, [1])
(83211, [1])
(83212, [1, 3])
(83213, [1])
(83214, [1, 21])
(83215, [1, 30, 41, 13])
(83216, [1])
(83217, [1, 8])
(83218, [1, 21])
(83219, [1, 36, 30, 3, 12])
(83220, [1, 12])
(83221, [1, 39])
(83222, [1, 3])
(83223, [1, 3])
(83224, [1])
(83225, [1, 2])
(83226, [1])
(83227, [1, 15, 3, 12])
(83228, [1, 21, 3])
(83229, [1, 26, 23, 3])
(83230, [1, 21, 44, 31, 3])
(83231, [1, 41, 23, 2])
(83232, [1])
(83233, [1])
(83234, [1])
(83235, [1, 21, 3])
(83236, [1, 3])
(83237, [1])
(83238, [1])
(83239, [1])
(83240, [1])
(83241, [1])
(83242, [1, 30, 4, 3, 40])
(83243, [1, 21, 44, 3, 13])
(83244, [1, 19, 2])
(83245, [1])
(83246, [1])
(83247, [1])
(83248, [1, 21, 31])
(83249, [1, 23, 3])
(83250, [1])
(83251, [1])
(83252, [1, 44, 3])
(83253, [10])
(83254, [10])
(83255, [10])
(83256, [10])
(83257, [10])
(83258, [10])
(83259, [10])
(83260, [10])
(83261, [10])
(83262, [19])
(83263, [19, 41])
(83264, [19])
(83265, [19])
(83266, [19, 3, 12])
(83267, [19])
(83268, [19])
(83269, [19, 43, 24])
(83270, [19, 23, 22])
(83271, [19])
(83272, [19, 3, 2])
(83273, [19, 12])
(83274, [19, 2])
(83275, [19])
(83276, [19, 41])
(83277, [19])
(83278, [19])
(83279, [19])
(83280, [19, 8, 2, 25])
(83281, [19])
(83282, [26])
(83283, [26, 21, 44, 3])
(83284, [26])
(83285, [26])
(83286, [26])
(83287, [26])
(83288, [26, 44, 43, 24])
(83289, [26])
(83290, [26, 15])
(83291, [26])
(83292, [26])
(83293, [26])
(83294, [26])
(83295, [26, 2])
(83296, [26])
(83297, [26])
(83298, [26])
(83299, [26, 3])
(83300, [26])
(83301, [8])
(83302, [8])
(83303, [8])
(83304, [8, 23])
(83305, [8])
(83306, [8])
(83307, [8])
(83308, [8])
(83309, [8])
(83310, [8])
(83311, [8])
(83312, [8, 12])
(83313, [8, 30])
(83314, [8])
(83315, [8])
(83316, [8])
(83317, [8])
(83318, [8])
(83319, [21])
(83320, [21])
(83321, [21])
(83322, [21])
(83323, [21, 41])
(83324, [21])
(83325, [21])
(83326, [21])
(83327, [21])
(83328, [21])
(83329, [21])
(83330, [21])
(83331, [21])
(83332, [21])
(83333, [21])
(83334, [21])
(83335, [21])
(83336, [21])
(83337, [21])
(83338, [21])
(83339, [21])
(83340, [21])
(83341, [21])
(83342, [21, 3])
(83343, [21])
(83344, [21])
(83345, [21])
(83346, [21])
(83347, [21])
(83348, [21])
(83349, [21, 14])
(83350, [21])
(83351, [21])
(83352, [21])
(83353, [44, 12])
(83354, [44])
(83355, [44])
(83356, [44])
(83357, [44])
(83358, [44])
(83359, [44])
(83360, [44])
(83361, [44])
(83362, [44])
(83363, [44])
(83364, [44])
(83365, [44])
(83366, [44, 2])
(83367, [43])
(83368, [43])
(83369, [43])
(83370, [43])
(83371, [43])
(83372, [43])
(83373, [43])
(83374, [43])
(83375, [43, 31])
(83376, [43])
(83377, [43])
(83378, [43])
(83379, [43])
(83380, [43])
(83381, [43, 22])
(83382, [43])
(83383, [43])
(83384, [43])
(83385, [43])
(83386, [43, 3])
(83387, [43])
(83388, [43])
(83389, [43])
(83390, [43])
(83391, [43])
(83392, [43])
(83393, [43])
(83394, [36])
(83395, [36])
(83396, [36])
(83397, [36])
(83398, [36])
(83399, [36])
(83400, [36, 12])
(83401, [36])
(83402, [36])
(83403, [36])
(83404, [36])
(83405, [36])
(83406, [36])
(83407, [36])
(83408, [36])
(83409, [36])
(83410, [36])
(83411, [36])
(83412, [31])
(83413, [31])
(83414, [31, 37, 23])
(83415, [31, 30, 23])
(83416, [31])
(83417, [31, 23])
(83418, [31])
(83419, [31, 39, 4, 2])
(83420, [31, 12])
(83421, [31])
(83422, [31])
(83423, [30])
(83424, [30])
(83425, [30])
(83426, [30])
(83427, [30])
(83428, [30])
(83429, [30])
(83430, [30])
(83431, [30])
(83432, [37])
(83433, [37, 3, 5])
(83434, [39])
(83435, [39])
(83436, [39])
(83437, [39])
(83438, [41, 2])
(83439, [41])
(83440, [41])
(83441, [41])
(83442, [41])
(83443, [41])
(83444, [41])
(83445, [41])
(83446, [41])
(83447, [41])
(83448, [41])
(83449, [41])
(83450, [41, 23])
(83451, [41])
(83452, [41])
(83453, [41])
(83454, [41])
(83455, [41])
(83456, [41])
(83457, [41])
(83458, [41])
(83459, [24])
(83460, [24, 4])
(83461, [24])
(83462, [24, 3, 12, 2])
(83463, [24])
(83464, [24])
(83465, [24])
(83466, [24, 23])
(83467, [24])
(83468, [24])
(83469, [24])
(83470, [23])
(83471, [23])
(83472, [23])
(83473, [23])
(83474, [23])
(83475, [23])
(83476, [23])
(83477, [23])
(83478, [23])
(83479, [23])
(83480, [23])
(83481, [23])
(83482, [23])
(83483, [23])
(83484, [23])
(83485, [23])
(83486, [23])
(83487, [23, 4])
(83488, [23])
(83489, [23])
(83490, [23])
(83491, [23])
(83492, [23])
(83493, [23])
(83494, [23])
(83495, [23])
(83496, [23])
(83497, [23])
(83498, [23])
(83499, [23])
(83500, [23])
(83501, [23])
(83502, [23])
(83503, [23])
(83504, [23, 3])
(83505, [23])
(83506, [23])
(83507, [23])
(83508, [23])
(83509, [23])
(83510, [23])
(83511, [23])
(83512, [23])
(83513, [23])
(83514, [23])
(83515, [23])
(83516, [23])
(83517, [23])
(83518, [23])
(83519, [23])
(83520, [23, 12])
(83521, [23])
(83522, [23])
(83523, [4])
(83524, [4, 14])
(83525, [4])
(83526, [4])
(83527, [4])
(83528, [4, 2])
(83529, [4])
(83530, [4])
(83531, [4, 14])
(83532, [4])
(83533, [4])
(83534, [4])
(83535, [4])
(83536, [4])
(83537, [4])
(83538, [4])
(83539, [4])
(83540, [4])
(83541, [4])
(83542, [4])
(83543, [4])
(83544, [4])
(83545, [4])
(83546, [15])
(83547, [15])
(83548, [15])
(83549, [15])
(83550, [15])
(83551, [15, 14])
(83552, [15])
(83553, [15, 2])
(83554, [15])
(83555, [15])
(83556, [15])
(83557, [15])
(83558, [15])
(83559, [15])
(83560, [15])
(83561, [3])
(83562, [3])
(83563, [3])
(83564, [3])
(83565, [3])
(83566, [3])
(83567, [3])
(83568, [3])
(83569, [3])
(83570, [3])
(83571, [3])
(83572, [3, 22])
(83573, [3, 12])
(83574, [3])
(83575, [3])
(83576, [3])
(83577, [3])
(83578, [3])
(83579, [3])
(83580, [3])
(83581, [3])
(83582, [3])
(83583, [3, 12])
(83584, [3])
(83585, [3])
(83586, [3])
(83587, [3])
(83588, [3])
(83589, [3])
(83590, [12])
(83591, [12])
(83592, [12])
(83593, [12])
(83594, [12, 2])
(83595, [12])
(83596, [12])
(83597, [12])
(83598, [12])
(83599, [12])
(83600, [12])
(83601, [12])
(83602, [12])
(83603, [12])
(83604, [12])
(83605, [12])
(83606, [12])
(83607, [12])
(83608, [12])
(83609, [12])
(83610, [12])
(83611, [12])
(83612, [12])
(83613, [12])
(83614, [12])
(83615, [12])
(83616, [12])
(83617, [12])
(83618, [12])
(83619, [12])
(83620, [12])
(83621, [12])
(83622, [12])
(83623, [12])
(83624, [12])
(83625, [12])
(83626, [12])
(83627, [12])
(83628, [12])
(83629, [12])
(83630, [12])
(83631, [12])
(83632, [12])
(83633, [12])
(83634, [12])
(83635, [12])
(83636, [12])
(83637, [12])
(83638, [12])
(83639, [12])
(83640, [12])
(83641, [12])
(83642, [12])
(83643, [40])
(83644, [40])
(83645, [40])
(83646, [40])
(83647, [40])
(83648, [40])
(83649, [40])
(83650, [2])
(83651, [2])
(83652, [2])
(83653, [2])
(83654, [2])
(83655, [2])
(83656, [2])
(83657, [2])
(83658, [2])
(83659, [2])
(83660, [2])
(83661, [2])
(83662, [2])
(83663, [2])
(83664, [2])
(83665, [2])
(83666, [2])
(83667, [2])
(83668, [2])
(83669, [2])
(83670, [2])
(83671, [2])
(83672, [2])
(83673, [2])
(83674, [2])
(83675, [2])
(83676, [2])
(83677, [2])
(83678, [2])
(83679, [2])
(83680, [2])
(83681, [2])
(83682, [2])
(83683, [2])
(83684, [2])
(83685, [2])
(83686, [2])
(83687, [2])
(83688, [2])
(83689, [2])
(83690, [2])
(83691, [2])
(83692, [2])
(83693, [2])
(83694, [2])
(83695, [2])
(83696, [2])
(83697, [2])
(83698, [2])
(83699, [2])
(83700, [2])
(83701, [2])
(83702, [2])
(83703, [2])
(83704, [2])
(83705, [2])
(83706, [2])
(83707, [2])
(83708, [2])
(83709, [2])
(83710, [2])
(83711, [2])
(83712, [2])
(83713, [2])
(83714, [2])
(83715, [2])
(83716, [2])
(83717, [2])
(83718, [2])
(83719, [2])
(83720, [2])
(83721, [2])
(83722, [2])
(83723, [2])
(83724, [2])
(83725, [13])
(83726, [13])
(83727, [13])
(83728, [13])
(83729, [5])
(83730, [5])
(83731, [5])
(83732, [5])
(83733, [5])
(83734, [5])
(83735, [5])
(83736, [14])
(83737, [14])
(83738, [14])
(83739, [14])
(83740, [14])
(83741, [14])
(83742, [14])
(83743, [14])
(83744, [14])
(83745, [14])
(83746, [14])
(83747, [14])
(83748, [14])
(83749, [14])
(83750, [14])
(83751, [14])
(83752, [14])
(83753, [14])
(83754, [14])
(83755, [22])
(83756, [22])
(83757, [22])
(83758, [22])
(83759, [22])
(83760, [22])
(83761, [22])
(83762, [25])
