(98832, [0, 1, 2, 3, 4, 5, 6, 7, 8, 9, 10, 11, 12, 13, 14, 15, 16, 17, 18, 19, 20, 21, 22, 23, 24, 25, 26, 27, 28, 29, 30, 31, 32, 33, 34, 35, 36, 37, 38, 39, 40, 41, 42, 43, 44])
(98833, [0, 1, 2, 3, 4, 5, 6, 7, 8, 9, 10, 11, 12, 13, 14, 15, 16, 17, 18, 19, 20, 21, 22, 23, 24, 26, 27, 28, 29, 30, 31, 32, 33, 34, 35, 36, 37, 38, 39, 40, 41, 42, 43, 44])
(98834, [0, 2, 3, 4, 6, 8, 9, 11, 12, 13, 14, 15, 17, 18, 19, 23, 26, 27, 30, 32, 33, 34, 36, 37, 39, 40, 41, 42, 43, 44])
(98835, [0, 1, 2, 3, 4, 5, 6, 7, 8, 9, 10, 11, 12, 13, 14, 15, 16, 17, 18, 19, 20, 21, 22, 23, 24, 25, 26, 27, 28, 29, 30, 31, 32, 33, 34, 35, 36, 37, 38, 39, 40, 41, 42, 43, 44])
(98836, [0, 1, 2, 3, 4, 5, 6, 7, 8, 9, 11, 12, 13, 14, 15, 18, 19, 20, 21, 23, 24, 25, 26, 30, 31, 32, 33, 34, 35, 39, 40, 41, 43])
(98837, [0, 1, 2, 3, 4, 5, 6, 7, 8, 9, 12, 13, 14, 15, 16, 17, 18, 19, 20, 21, 22, 23, 24, 26, 27, 30, 31, 32, 33, 34, 35, 36, 37, 39, 40, 41, 42, 43, 44])
(98838, [0, 1, 2, 3, 4, 5, 6, 7, 8, 9, 10, 11, 12, 13, 14, 15, 16, 17, 18, 19, 20, 21, 22, 23, 24, 26, 27, 28, 29, 30, 31, 32, 33, 34, 35, 36, 37, 39, 40, 41, 42, 43, 44])
(98839, [0, 1, 2, 3, 4, 5, 6, 7, 8, 9, 11, 12, 13, 14, 15, 16, 17, 18, 19, 20, 21, 22, 23, 26, 29, 30, 31, 32, 33, 34, 35, 37, 38, 40, 41, 42, 43, 44])
(98840, [0, 1, 2, 3, 4, 5, 6, 7, 8, 9, 10, 11, 12, 15, 16, 17, 18, 19, 20, 21, 22, 23, 24, 25, 26, 29, 30, 31, 32, 33, 34, 35, 37, 38, 39, 40, 42, 43, 44])
(98841, [1, 7, 18, 20, 32])
(98842, [0, 1, 2, 3, 4, 5, 6, 7, 8, 9, 10, 11, 12, 13, 14, 15, 16, 17, 18, 19, 21, 22, 23, 24, 25, 26, 28, 30, 31, 32, 33, 34, 35, 36, 38, 40, 41, 43, 44])
(98843, [0, 1, 2, 3, 4, 5, 6, 7, 8, 9, 11, 12, 14, 15, 16, 17, 18, 19, 21, 22, 23, 24, 26, 30, 31, 32, 33, 34, 35, 39, 43, 44])
(98844, [1, 2, 3, 4, 5, 6, 7, 8, 9, 10, 11, 12, 13, 14, 15, 17, 18, 19, 20, 23, 24, 25, 26, 27, 28, 30, 31, 32, 33, 34, 35, 36, 37, 40, 41, 42, 43, 44])
(98845, [0, 1, 2, 3, 12, 14, 15, 16, 20, 22, 23, 32, 33, 40, 41, 42, 43, 44])
(98846, [0, 1, 2, 3, 4, 6, 9, 11, 13, 15, 16, 17, 19, 21, 23, 24, 26, 30, 31, 32, 33, 35, 41, 43, 44])
(98847, [0, 2, 3, 4, 5, 6, 7, 8, 9, 10, 11, 12, 13, 14, 15, 16, 17, 18, 20, 23, 24, 25, 26, 28, 30, 31, 32, 33, 34, 35, 40, 41, 43, 44])
(98848, [0, 1, 2, 3, 4, 5, 6, 7, 8, 9, 11, 12, 13, 14, 15, 16, 17, 18, 19, 20, 21, 22, 23, 24, 26, 29, 30, 31, 32, 33, 34, 35, 36, 37, 38, 40, 41, 42, 43, 44])
(98849, [0, 2, 4, 14, 19, 23, 24, 30, 32])
(98850, [0, 1, 2, 3, 4, 5, 6, 7, 8, 9, 10, 11, 12, 13, 14, 15, 16, 17, 18, 19, 20, 21, 22, 23, 24, 25, 26, 27, 28, 29, 30, 31, 32, 33, 34, 35, 36, 37, 38, 39, 40, 41, 42, 43, 44])
(98851, [0, 1, 6, 9, 11, 12, 14, 16, 17, 19, 21, 22, 30, 31, 32, 33, 34, 43, 44])
(98852, [0, 1, 2, 3, 4, 5, 6, 7, 8, 9, 11, 12, 13, 14, 15, 16, 17, 18, 19, 21, 22, 23, 24, 25, 27, 28, 30, 31, 32, 33, 34, 38, 39, 40, 41, 43, 44])
(98853, [0, 2, 3, 11, 12, 13, 14, 15, 16, 17, 24, 30, 31, 32, 33, 34, 41])
(98854, [0, 1, 2, 3, 4, 6, 12, 14, 16, 26, 32, 34, 39, 40, 41, 43, 44])
(98855, [1, 3, 4, 7, 16, 18, 19, 20, 24, 32, 34, 36, 38])
(98856, [0, 1, 2, 3, 5, 6, 8, 9, 10, 11, 12, 13, 15, 16, 18, 19, 20, 22, 23, 24, 26, 30, 32, 33, 34, 35, 37, 39, 41, 42, 43, 44])
(98857, [1, 2, 3, 6, 7, 9, 11, 12, 13, 14, 15, 16, 18, 19, 20, 21, 22, 23, 24, 28, 29, 30, 31, 32, 33, 34, 38, 40, 41, 43, 44])
(98858, [0, 1, 2, 3, 4, 5, 7, 8, 9, 10, 11, 12, 13, 14, 15, 16, 17, 18, 19, 20, 21, 22, 23, 24, 25, 26, 29, 30, 31, 32, 33, 34, 35, 37, 38, 39, 41, 42, 43, 44])
(98859, [1, 2, 3, 4, 5, 6, 7, 8, 9, 10, 11, 12, 13, 14, 15, 16, 17, 18, 19, 20, 21, 22, 23, 24, 25, 26, 27, 28, 29, 30, 31, 32, 33, 34, 35, 36, 38, 39, 40, 41, 42, 43, 44])
(98860, [1, 3, 4, 11, 21, 22, 26, 31, 32, 33, 34, 44])
(98861, [0, 1, 2, 3, 4, 6, 9, 11, 12, 13, 14, 15, 16, 17, 18, 21, 22, 24, 26, 28, 30, 31, 32, 33, 34, 36, 37, 40, 41, 42, 43, 44])
(98862, [15, 32, 34, 43])
(98863, [0, 1, 2, 3, 4, 6, 8, 9, 10, 11, 12, 13, 14, 15, 16, 17, 18, 19, 20, 21, 22, 23, 24, 26, 28, 29, 30, 31, 32, 33, 34, 35, 36, 37, 39, 40, 41, 43, 44])
(98864, [3, 6, 15, 32, 43])
(98865, [0, 1, 2, 3, 4, 6, 7, 8, 9, 11, 15, 18, 19, 21, 23, 26, 30, 31, 32, 33, 34, 35, 36, 40, 41, 42, 43])
(98866, [0, 1, 2, 3, 4, 8, 12, 15, 17, 19, 21, 22, 32, 33, 35, 37, 44])
(98867, [0, 1, 2, 3, 4, 6, 7, 9, 11, 12, 13, 15, 17, 18, 19, 20, 23, 24, 25, 26, 28, 30, 31, 32, 33, 34, 36, 40, 41, 42, 43, 44])
(98868, [0, 1, 2, 3, 4, 5, 6, 7, 8, 9, 10, 11, 12, 14, 16, 17, 18, 19, 20, 21, 22, 23, 24, 26, 30, 31, 32, 33, 34, 35, 37, 38, 41, 42, 43, 44])
(98869, [1, 2, 3, 9, 13, 15, 16, 17, 19, 23, 24, 32, 34, 39, 41])
(98870, [1, 2, 3, 4, 5, 6, 7, 8, 9, 11, 12, 13, 14, 15, 16, 17, 18, 19, 20, 21, 22, 23, 24, 26, 27, 28, 30, 31, 32, 33, 34, 35, 36, 37, 38, 39, 40, 41, 42, 43, 44])
(98871, [2, 3, 32])
(98872, [0, 1, 2, 7, 9, 14, 15, 19, 26, 31, 32, 34, 40, 41, 43])
(98873, [0, 2, 4, 6, 9, 12, 14, 15, 18, 24, 26, 27, 30, 31, 32, 40, 41, 42, 44])
(98874, [0, 2, 3, 4, 7, 15, 16, 17, 18, 20, 23, 32, 36, 39])
(98875, [0, 1, 2, 3, 4, 5, 6, 7, 8, 9, 10, 11, 12, 13, 14, 16, 18, 19, 20, 21, 22, 23, 24, 25, 26, 27, 28, 29, 30, 31, 32, 33, 34, 35, 36, 37, 38, 39, 40, 41, 42, 43, 44])
(98876, [1, 2, 3, 4, 5, 6, 7, 11, 12, 14, 16, 17, 18, 19, 26, 30, 31, 32, 33, 34, 40, 41, 43, 44])
(98877, [1, 2, 3, 4, 5, 6, 8, 9, 10, 11, 12, 14, 15, 17, 18, 19, 21, 22, 23, 24, 26, 30, 31, 32, 33, 34, 35, 37, 38, 40, 41, 42, 43, 44])
(98878, [0, 1, 2, 3, 4, 8, 9, 11, 12, 13, 14, 15, 16, 17, 18, 19, 20, 21, 22, 23, 24, 26, 27, 29, 30, 32, 33, 34, 35, 36, 37, 42, 43, 44])
(98879, [1, 2, 3, 11, 12, 14, 18, 19, 21, 30, 31, 32, 34, 38, 41, 43])
(98880, [0, 1, 2, 3, 5, 8, 9, 10, 11, 12, 15, 19, 20, 23, 26, 28, 31, 32, 37, 39, 41, 42, 43, 44])
(98881, [1, 3, 9, 12, 15, 16, 32, 36, 44])
(98882, [2, 3, 4, 6, 15, 31, 32, 44])
(98883, [5, 8, 12, 15, 16, 18, 23, 31, 32, 37, 43])
(98884, [1, 3, 4, 5, 6, 8, 9, 15, 18, 19, 23, 26, 30, 31, 32, 33, 35, 40, 41, 43])
(98885, [1, 3, 19, 32])
(98886, [15, 32])
(98887, [0, 15, 23, 31, 32])
(98888, [2, 3, 7, 10, 11, 12, 13, 14, 16, 17, 20, 21, 23, 30, 31, 32, 33, 34, 38, 41, 42])
(98889, [6, 12, 24, 26, 32])
(98890, [0, 1, 2, 3, 4, 5, 8, 9, 10, 11, 12, 13, 14, 15, 16, 19, 20, 21, 22, 23, 26, 31, 32, 33, 34, 41, 42, 43, 44])
(98891, [1, 32, 41])
(98892, [0, 2, 4, 6, 8, 9, 12, 13, 14, 15, 17, 18, 26, 27, 32, 35, 40, 41, 43, 44])
(98893, [0, 1, 2, 4, 6, 9, 11, 20, 21, 32, 42])
(98894, [0, 1, 2, 3, 9, 10, 11, 15, 16, 19, 20, 21, 23, 26, 32, 35, 37])
(98895, [1, 15, 32, 43])
(98896, [0, 1, 2, 3, 4, 5, 6, 7, 8, 9, 10, 11, 12, 13, 14, 15, 16, 17, 18, 19, 20, 21, 22, 23, 24, 25, 26, 27, 28, 29, 30, 31, 32, 33, 34, 35, 36, 37, 38, 39, 40, 41, 42, 43, 44])
(98897, [0, 1, 2, 3, 4, 6, 7, 9, 11, 12, 14, 17, 19, 20, 23, 26, 29, 30, 31, 32, 33, 35, 36, 40, 41])
(98898, [1, 3, 9, 12, 15, 31, 32, 33, 41])
(98899, [0, 1, 2, 3, 4, 5, 6, 8, 9, 11, 12, 13, 15, 16, 17, 18, 19, 20, 22, 23, 26, 29, 30, 31, 32, 33, 34, 35, 36, 38, 41, 43, 44])
(98900, [0, 1, 3, 6, 7, 8, 9, 12, 17, 19, 20, 21, 22, 27, 32, 34, 35, 44])
(98901, [1, 32])
(98902, [0, 1, 2, 3, 4, 9, 30, 32, 33, 34, 40, 41, 44])
(98903, [0, 1, 2, 3, 4, 6, 7, 8, 14, 15, 17, 18, 19, 21, 22, 23, 24, 27, 30, 31, 32, 33, 34, 36, 38, 40, 43, 44])
(98904, [2, 11, 15, 17, 19, 21, 22, 30, 31, 32])
(98905, [32])
(98906, [1, 2, 3, 11, 12, 15, 16, 19, 24, 26, 30, 31, 32, 34, 35, 40, 41])
(98907, [0, 32])
(98908, [1, 3, 9, 11, 21, 23, 32, 44])
(98909, [0, 1, 2, 3, 6, 7, 8, 9, 11, 12, 15, 16, 17, 19, 21, 22, 25, 26, 30, 31, 32, 33, 34, 40, 44])
(98910, [9, 17, 32])
(98911, [1, 12, 15, 20, 26, 31, 32, 40])
(98912, [2, 14, 26, 32, 33, 41, 43])
(98913, [32])
(98914, [0, 2, 4, 6, 7, 11, 13, 14, 15, 17, 18, 20, 21, 23, 24, 25, 26, 28, 30, 32, 33, 34, 36, 37, 40, 41, 43, 44])
(98915, [0, 32])
(98916, [0, 2, 11, 14, 15, 17, 24, 26, 28, 32, 33, 34, 36, 39, 40, 41, 44])
(98917, [35])
(98918, [9, 35, 43])
(98919, [19, 21, 35, 43])
(98920, [35, 40])
(98921, [0, 1, 3, 4, 8, 9, 13, 14, 16, 17, 19, 21, 30, 33, 34, 35, 42, 43, 44])
(98922, [2, 4, 6, 9, 11, 23, 31, 33, 35])
(98923, [35])
(98924, [35])
(98925, [35])
(98926, [3, 12, 18, 35])
(98927, [1, 2, 3, 4, 11, 21, 22, 23, 26, 34, 35, 44])
(98928, [3, 20, 35, 40])
(98929, [7, 11, 12, 17, 18, 23, 33, 35])
(98930, [10, 15, 18, 31, 35, 37])
(98931, [0, 1, 2, 3, 11, 12, 16, 18, 19, 20, 22, 23, 30, 31, 35, 42, 43])
(98932, [1, 3, 9, 10, 16, 17, 33, 35])
(98933, [12, 35])
(98934, [1, 4, 11, 18, 19, 23, 33, 35, 36, 43, 44])
(98935, [4, 11, 18, 19, 23, 35, 36, 43, 44])
(98936, [0, 1, 3, 12, 15, 16, 35])
(98937, [35])
(98938, [35])
(98939, [0, 1, 2, 3, 4, 5, 6, 9, 12, 17, 20, 26, 27, 35, 41, 43, 44])
(98940, [35])
(98941, [1, 3, 4, 9, 11, 15, 18, 21, 22, 23, 33, 35])
(98942, [0, 9, 20, 24, 28, 35, 42])
(98943, [2, 35, 37])
(98944, [35])
(98945, [33, 34])
(98946, [1, 9, 19, 31, 33, 34, 41])
(98947, [34])
(98948, [0, 9, 20, 23, 24, 26, 28, 30, 34])
(98949, [0, 1, 2, 3, 4, 5, 8, 9, 11, 12, 15, 16, 18, 19, 21, 23, 25, 26, 27, 34, 37, 42, 43])
(98950, [34])
(98951, [34])
(98952, [0, 1, 2, 3, 4, 6, 7, 9, 11, 12, 13, 14, 18, 19, 21, 22, 23, 26, 28, 30, 31, 33, 34, 41, 43])
(98953, [1, 2, 3, 4, 14, 18, 26, 30, 34])
(98954, [0, 13, 34, 41])
(98955, [1, 2, 3, 4, 9, 11, 12, 15, 16, 19, 21, 23, 26, 34, 39])
(98956, [1, 21, 34])
(98957, [1, 3, 34])
(98958, [0, 6, 11, 17, 18, 24, 31, 34, 41, 43])
(98959, [1, 2, 3, 6, 7, 9, 10, 12, 13, 16, 18, 19, 20, 22, 26, 27, 33, 34, 42, 43, 44])
(98960, [0, 1, 2, 3, 5, 6, 8, 9, 10, 11, 12, 15, 16, 20, 31, 34, 41, 42])
(98961, [2, 11, 13, 14, 24, 25, 34, 41])
(98962, [0, 2, 10, 12, 34, 41, 44])
(98963, [2, 9, 12, 15, 17, 34])
(98964, [34])
(98965, [26, 34])
(98966, [1, 3, 6, 12, 18, 19, 34, 41, 42])
(98967, [2, 22, 34])
(98968, [3, 34])
(98969, [31, 34, 41])
(98970, [7, 34])
(98971, [33, 34, 44])
(98972, [0, 11, 15, 22, 34, 43])
(98973, [2, 3, 19, 33, 34])
(98974, [1, 3, 30, 31, 34, 40, 44])
(98975, [0, 1, 2, 3, 4, 7, 11, 18, 20, 26, 30, 31, 34, 40, 43, 44])
(98976, [9, 34, 36, 44])
(98977, [0, 1, 2, 10, 12, 15, 23, 33, 34, 44])
(98978, [0, 34])
(98979, [12, 18, 19, 34])
(98980, [0, 1, 2, 3, 4, 7, 9, 11, 16, 19, 20, 26, 28, 30, 31, 33, 34, 39, 42, 43, 44])
(98981, [2, 11, 15, 18, 34])
(98982, [2, 26, 33, 34, 40, 43])
(98983, [9, 17, 24, 30, 31, 34, 40, 43])
(98984, [1, 3, 12, 34])
(98985, [0, 1, 6, 11, 34, 44])
(98986, [0, 13, 34])
(98987, [0, 2, 3, 7, 9, 10, 12, 28, 31, 33, 34, 37, 40])
(98988, [0, 12, 34])
(98989, [0, 9, 34])
(98990, [34])
(98991, [0, 34])
(98992, [1, 2, 3, 5, 9, 10, 14, 19, 21, 23, 24, 33, 34, 41, 42, 44])
(98993, [1, 3, 7, 9, 11, 16, 23, 28, 30, 31, 33, 34, 43])
(98994, [34])
(98995, [0, 2, 3, 4, 10, 11, 12, 15, 20, 21, 23, 34, 38, 44])
(98996, [34])
(98997, [34])
(98998, [0, 34])
(98999, [0, 1, 4, 7, 11, 15, 17, 33, 40, 44])
(99000, [1, 3, 12, 19, 20, 21, 33, 44])
(99001, [33])
(99002, [9, 31, 33])
(99003, [33])
(99004, [1, 4, 33])
(99005, [1, 2, 3, 15, 18, 20, 30, 33, 44])
(99006, [2, 33])
(99007, [0, 33])
(99008, [33])
(99009, [33])
(99010, [0, 1, 3, 7, 11, 15, 16, 18, 19, 21, 27, 28, 33, 41, 42])
(99011, [2, 9, 13, 15, 17, 19, 20, 24, 30, 31, 33, 44])
(99012, [1, 2, 3, 4, 6, 15, 18, 19, 21, 30, 33, 44])
(99013, [1, 17, 19, 26, 33])
(99014, [33])
(99015, [1, 3, 4, 12, 15, 18, 19, 21, 33, 36, 40, 44])
(99016, [3, 33])
(99017, [33])
(99018, [0, 1, 2, 3, 7, 9, 11, 12, 15, 16, 19, 24, 31, 33, 41, 43])
(99019, [33])
(99020, [0, 1, 2, 3, 4, 11, 12, 16, 19, 21, 27, 33, 36, 40, 41, 42, 43])
(99021, [33])
(99022, [11, 33])
(99023, [21, 33])
(99024, [2, 9, 28, 33])
(99025, [0, 2, 12, 14, 18, 20, 26, 29, 30, 31, 33, 41, 42, 43, 44])
(99026, [0, 2, 4, 11, 12, 15, 18, 19, 26, 27, 30, 31, 33, 43])
(99027, [33])
(99028, [33])
(99029, [18, 19, 33])
(99030, [12, 33])
(99031, [33])
(99032, [33])
(99033, [1, 2, 3, 16, 23, 33])
(99034, [1, 11, 15, 26, 31, 33, 44])
(99035, [18, 33])
(99036, [1, 3, 31, 33, 39])
(99037, [1, 3, 4, 7, 11, 12, 18, 19, 23, 31, 33])
(99038, [12, 23, 30, 31, 33])
(99039, [0, 1, 2, 3, 6, 9, 10, 11, 12, 14, 16, 18, 21, 22, 23, 27, 30, 33, 39, 41, 43])
(99040, [11, 13, 22, 33, 39])
(99041, [33])
(99042, [33])
(99043, [33])
(99044, [0, 1, 3, 7, 33, 42, 44])
(99045, [26, 30, 33])
(99046, [1, 3, 20])
(99047, [1, 2, 3, 4, 7, 9, 10, 12, 16, 18, 20, 22, 28, 37, 38, 42])
(99048, [6, 10, 20, 23, 30, 41, 42])
(99049, [0, 1, 3, 6, 15, 17, 20, 23, 41, 42])
(99050, [1, 3, 15, 20, 43])
(99051, [0, 1, 3, 16, 18, 20, 22, 26, 36])
(99052, [20])
(99053, [0, 2, 14, 15, 17, 20, 24, 26, 28, 41, 43, 44])
(99054, [2, 4, 6, 11, 13, 14, 20, 23, 26, 30, 39, 41, 44])
(99055, [1, 15, 19, 20, 39])
(99056, [1, 3, 11, 12, 20, 21, 31])
(99057, [3, 20])
(99058, [2, 16, 20, 22])
(99059, [1, 2, 3, 9, 12, 16, 20, 22, 30])
(99060, [0, 4, 20, 41, 43])
(99061, [1, 3, 11, 15, 20, 31])
(99062, [1, 2, 12, 13, 20, 21, 31, 44])
(99063, [20])
(99064, [20])
(99065, [20])
(99066, [20])
(99067, [18, 20])
(99068, [0, 1, 2, 3, 14, 15, 16, 19, 20, 21, 24])
(99069, [2, 11, 19, 20, 41, 42])
(99070, [3, 16, 19, 20, 42, 44])
(99071, [1, 2, 3, 20, 23, 37])
(99072, [1, 20])
(99073, [18, 19])
(99074, [18])
(99075, [18])
(99076, [18])
(99077, [18])
(99078, [15, 18])
(99079, [18])
(99080, [18, 44])
(99081, [18])
(99082, [0, 2, 6, 9, 18, 30, 43])
(99083, [18])
(99084, [18])
(99085, [18])
(99086, [18, 23])
(99087, [4, 8, 18, 40])
(99088, [18, 19])
(99089, [18])
(99090, [18])
(99091, [18, 23, 43])
(99092, [3, 7, 18, 21, 26])
(99093, [18])
(99094, [18])
(99095, [18])
(99096, [0, 6, 10, 15, 18, 19, 24])
(99097, [0, 3, 7, 9, 11, 18, 19, 44])
(99098, [6, 18])
(99099, [1, 3, 18])
(99100, [0, 1, 4, 6, 13, 14, 15, 17, 18, 43])
(99101, [1, 5, 18, 21, 26, 31])
(99102, [18, 23])
(99103, [18])
(99104, [18, 26])
(99105, [18])
(99106, [18])
(99107, [18, 19])
(99108, [18])
(99109, [4, 5, 6, 12, 18, 26])
(99110, [18])
(99111, [11, 18, 21, 22, 30])
(99112, [18])
(99113, [18])
(99114, [1, 3, 4, 11, 12, 16, 18, 19, 21, 23, 28, 36])
(99115, [18])
(99116, [18])
(99117, [18])
(99118, [18])
(99119, [18])
(99120, [8, 18, 23, 31, 43])
(99121, [18, 41])
(99122, [18])
(99123, [18, 23])
(99124, [18])
(99125, [18])
(99126, [7, 17, 18, 24, 26, 31])
(99127, [18])
(99128, [0, 6, 12, 18, 19])
(99129, [18, 23, 24])
(99130, [3, 6, 9, 18, 23, 24, 43, 44])
(99131, [18])
(99132, [18, 43])
(99133, [6, 14, 18, 24, 43])
(99134, [18])
(99135, [18])
(99136, [1, 18])
(99137, [1, 18])
(99138, [1, 3, 9, 18, 23, 30, 44])
(99139, [18])
(99140, [18])
(99141, [18, 23])
(99142, [18])
(99143, [18])
(99144, [18])
(99145, [0, 8, 18])
(99146, [18])
(99147, [18])
(99148, [18])
(99149, [18])
(99150, [18])
(99151, [18])
(99152, [18])
(99153, [18])
(99154, [18])
(99155, [0, 18, 41])
(99156, [18])
(99157, [18])
(99158, [18, 43])
(99159, [13, 18, 19, 21])
(99160, [7, 15, 16, 18, 23])
(99161, [1, 2, 27, 31, 36, 40])
(99162, [1, 4, 9, 14, 15, 16, 23, 27])
(99163, [0, 2, 12, 17, 27, 41])
(99164, [27])
(99165, [27])
(99166, [27])
(99167, [3, 10, 12, 27])
(99168, [27])
(99169, [8, 9, 23])
(99170, [9])
(99171, [9])
(99172, [0, 9, 15, 17, 19, 23, 31, 41, 44])
(99173, [2, 9, 14])
(99174, [0, 9, 10, 12])
(99175, [0, 1, 5, 8, 9, 12, 19, 22, 37, 44])
(99176, [2, 6, 9, 14, 15, 23, 30, 41, 43])
(99177, [6, 9, 11, 12, 23, 37, 40, 41, 43])
(99178, [2, 3, 6, 9, 12, 16, 21, 23, 26, 31, 37, 38, 42, 44])
(99179, [0, 9])
(99180, [1, 8, 9, 23])
(99181, [0, 2, 9, 12, 15, 23, 28, 43])
(99182, [9])
(99183, [0, 4, 9, 19, 22, 40])
(99184, [9])
(99185, [9])
(99186, [9])
(99187, [1, 9, 21, 31])
(99188, [9, 41, 43])
(99189, [2, 3, 4, 6, 9, 14, 15, 23, 26, 43])
(99190, [9])
(99191, [0, 2, 9, 15, 26, 31, 41])
(99192, [5, 8, 9, 15, 21, 23, 41, 42])
(99193, [0, 2, 4, 9, 12, 16, 41, 44])
(99194, [2, 4, 9, 13, 30, 41, 43, 44])
(99195, [9, 19])
(99196, [9])
(99197, [9])
(99198, [9])
(99199, [9, 16, 26, 40, 42])
(99200, [9])
(99201, [9])
(99202, [9])
(99203, [9])
(99204, [9])
(99205, [9])
(99206, [9])
(99207, [9, 16, 39])
(99208, [9, 19, 23, 41])
(99209, [9])
(99210, [3, 9, 23])
(99211, [9])
(99212, [9])
(99213, [9])
(99214, [0, 1, 2, 9, 10, 12, 15, 16, 17, 21, 22, 23])
(99215, [9])
(99216, [9])
(99217, [9])
(99218, [9])
(99219, [9])
(99220, [2, 9, 16])
(99221, [9])
(99222, [9])
(99223, [2, 8, 9, 12, 23, 28])
(99224, [9, 11, 12, 19, 21, 39, 44])
(99225, [0])
(99226, [0, 1, 3, 12, 22, 23, 30, 42])
(99227, [0])
(99228, [0])
(99229, [0])
(99230, [0])
(99231, [0])
(99232, [0])
(99233, [0])
(99234, [0])
(99235, [0, 12])
(99236, [0])
(99237, [0])
(99238, [0])
(99239, [0])
(99240, [0, 12])
(99241, [0])
(99242, [0])
(99243, [0])
(99244, [0])
(99245, [0, 4, 15, 30, 41])
(99246, [0])
(99247, [0])
(99248, [0, 6, 19])
(99249, [0, 3, 11, 19, 21, 22, 23, 38, 42])
(99250, [0])
(99251, [0, 1, 3, 21, 23, 30])
(99252, [0])
(99253, [0])
(99254, [0])
(99255, [0])
(99256, [0])
(99257, [0])
(99258, [0])
(99259, [0])
(99260, [0])
(99261, [0])
(99262, [0])
(99263, [0])
(99264, [0, 44])
(99265, [0])
(99266, [0])
(99267, [0])
(99268, [0])
(99269, [0])
(99270, [0])
(99271, [0])
(99272, [0])
(99273, [0, 2, 4, 14, 41])
(99274, [0])
(99275, [0, 1, 12])
(99276, [0])
(99277, [0])
(99278, [0])
(99279, [0])
(99280, [0])
(99281, [0])
(99282, [0, 1])
(99283, [0])
(99284, [0])
(99285, [0])
(99286, [0])
(99287, [0])
(99288, [0, 39])
(99289, [0])
(99290, [0])
(99291, [0])
(99292, [0])
(99293, [0])
(99294, [0, 1, 3, 12, 13, 21, 23, 42])
(99295, [0])
(99296, [0])
(99297, [0])
(99298, [0, 4, 12, 14, 41])
(99299, [0])
(99300, [0])
(99301, [0, 1, 3, 12])
(99302, [0])
(99303, [0])
(99304, [0])
(99305, [0, 12])
(99306, [0])
(99307, [0, 11, 12])
(99308, [0])
(99309, [0])
(99310, [0, 2, 12, 41])
(99311, [0])
(99312, [0])
(99313, [0])
(99314, [0])
(99315, [0])
(99316, [0])
(99317, [0])
(99318, [0])
(99319, [0, 2, 11, 12, 26, 28, 36])
(99320, [0])
(99321, [0, 6])
(99322, [0, 1])
(99323, [0])
(99324, [0])
(99325, [0])
(99326, [0])
(99327, [0])
(99328, [0, 3, 11, 23])
(99329, [0])
(99330, [0])
(99331, [0])
(99332, [0])
(99333, [0])
(99334, [0])
(99335, [0])
(99336, [0])
(99337, [0])
(99338, [0])
(99339, [0])
(99340, [0])
(99341, [0])
(99342, [0])
(99343, [0, 2, 3, 7, 12, 16, 44])
(99344, [0])
(99345, [0, 2, 43])
(99346, [0])
(99347, [0])
(99348, [0])
(99349, [0])
(99350, [0])
(99351, [0])
(99352, [0])
(99353, [0])
(99354, [0, 12])
(99355, [0])
(99356, [0])
(99357, [0])
(99358, [0])
(99359, [0])
(99360, [0])
(99361, [0])
(99362, [0])
(99363, [0])
(99364, [0])
(99365, [0])
(99366, [0])
(99367, [0])
(99368, [0])
(99369, [0])
(99370, [0])
(99371, [0])
(99372, [0])
(99373, [0, 2, 39])
(99374, [0])
(99375, [0])
(99376, [0, 44])
(99377, [0])
(99378, [0])
(99379, [0])
(99380, [0])
(99381, [0])
(99382, [0, 3, 19, 22])
(99383, [0])
(99384, [0])
(99385, [0])
(99386, [0])
(99387, [0])
(99388, [0])
(99389, [0, 12])
(99390, [0])
(99391, [0])
(99392, [0, 16, 36])
(99393, [0])
(99394, [0])
(99395, [0])
(99396, [0, 11])
(99397, [0, 17])
(99398, [0])
(99399, [0, 3, 15, 44])
(99400, [0])
(99401, [0, 11, 15, 24, 31])
(99402, [0, 8])
(99403, [0, 1, 3, 12, 24])
(99404, [0])
(99405, [0])
(99406, [0, 2, 3, 6, 8, 11, 13, 16])
(99407, [0])
(99408, [0])
(99409, [0])
(99410, [0, 28])
(99411, [0, 12, 19, 21, 23, 26, 31])
(99412, [0])
(99413, [0, 12])
(99414, [0])
(99415, [0])
(99416, [0, 12])
(99417, [0])
(99418, [0])
(99419, [0])
(99420, [0])
(99421, [0])
(99422, [0])
(99423, [0])
(99424, [0])
(99425, [0])
(99426, [0])
(99427, [0, 39])
(99428, [0])
(99429, [0, 1])
(99430, [0])
(99431, [0])
(99432, [0, 3])
(99433, [0])
(99434, [0])
(99435, [0])
(99436, [0, 1, 3, 11, 19, 22])
(99437, [0, 1, 3, 4, 6, 14, 36, 43])
(99438, [0])
(99439, [0, 12, 17, 41, 44])
(99440, [0])
(99441, [0])
(99442, [0, 11, 44])
(99443, [0])
(99444, [0, 6, 15])
(99445, [0])
(99446, [0])
(99447, [0, 23])
(99448, [0])
(99449, [0])
(99450, [0])
(99451, [0, 1, 3, 4, 15, 17, 21, 30, 43])
(99452, [0])
(99453, [0])
(99454, [0])
(99455, [0])
(99456, [0])
(99457, [0])
(99458, [0])
(99459, [0])
(99460, [0])
(99461, [0])
(99462, [0, 2, 26])
(99463, [0])
(99464, [0])
(99465, [0])
(99466, [0, 39])
(99467, [0])
(99468, [0])
(99469, [0])
(99470, [0, 22])
(99471, [0])
(99472, [0])
(99473, [0])
(99474, [0])
(99475, [0])
(99476, [0, 26, 43])
(99477, [0])
(99478, [0])
(99479, [0, 12])
(99480, [0])
(99481, [0, 44])
(99482, [0])
(99483, [0])
(99484, [0])
(99485, [0, 23])
(99486, [0])
(99487, [0])
(99488, [0, 4])
(99489, [0])
(99490, [0])
(99491, [11, 14])
(99492, [11])
(99493, [11])
(99494, [11])
(99495, [1, 4, 11, 12, 15, 23])
(99496, [1, 3, 4, 7, 11, 21, 26, 37, 44])
(99497, [11, 15])
(99498, [11])
(99499, [1, 3, 11, 14, 17, 22])
(99500, [11])
(99501, [11, 21, 23])
(99502, [3, 11, 17])
(99503, [11, 21, 23])
(99504, [11])
(99505, [11, 21, 22])
(99506, [2, 11])
(99507, [1, 2, 3, 11])
(99508, [11])
(99509, [11])
(99510, [2, 3, 11, 26])
(99511, [11])
(99512, [11])
(99513, [11, 12])
(99514, [2, 7, 36])
(99515, [7])
(99516, [7])
(99517, [7])
(99518, [7])
(99519, [7])
(99520, [7])
(99521, [7])
(99522, [7])
(99523, [7])
(99524, [7])
(99525, [7, 12])
(99526, [7])
(99527, [7, 19, 44])
(99528, [2, 3, 7, 12, 16, 19])
(99529, [7, 15])
(99530, [1, 3, 7, 30])
(99531, [7])
(99532, [7])
(99533, [3, 7])
(99534, [15, 29])
(99535, [29])
(99536, [3, 21, 22, 23, 29, 30, 42, 44])
(99537, [2, 29])
(99538, [29])
(99539, [1, 8, 16])
(99540, [16])
(99541, [16])
(99542, [16])
(99543, [16])
(99544, [16])
(99545, [16])
(99546, [16])
(99547, [16])
(99548, [4, 16, 17, 43, 44])
(99549, [16])
(99550, [16, 19, 31, 38, 44])
(99551, [16])
(99552, [2, 4, 6, 12, 14, 16, 22, 24, 39, 41])
(99553, [16])
(99554, [2, 16])
(99555, [2, 42])
(99556, [42])
(99557, [2, 42])
(99558, [42])
(99559, [42])
(99560, [6])
(99561, [6])
(99562, [6])
(99563, [6, 41])
(99564, [4, 6, 15, 40])
(99565, [6])
(99566, [6])
(99567, [6])
(99568, [28])
(99569, [28])
(99570, [28])
(99571, [28])
(99572, [28])
(99573, [17])
(99574, [17])
(99575, [17])
(99576, [2, 17])
(99577, [17])
(99578, [17])
(99579, [17, 19, 31])
(99580, [1, 2, 3, 17, 44])
(99581, [2, 3, 15, 17, 23, 41])
(99582, [17])
(99583, [17])
(99584, [1, 2, 3, 17, 19, 31])
(99585, [2, 17])
(99586, [17])
(99587, [3, 17])
(99588, [2, 17])
(99589, [2, 14, 17])
(99590, [17])
(99591, [2, 17, 44])
(99592, [17])
(99593, [12, 17])
(99594, [2, 17, 24, 41])
(99595, [1, 19, 21, 22, 30, 40, 43])
(99596, [1, 2, 22])
(99597, [1, 2, 19, 22, 24])
(99598, [1, 3])
(99599, [1])
(99600, [1, 41])
(99601, [1])
(99602, [1, 2, 3, 21, 31, 41, 43])
(99603, [1])
(99604, [1, 3])
(99605, [1, 3, 12, 21, 23, 24, 44])
(99606, [1])
(99607, [1, 3, 44])
(99608, [1])
(99609, [1, 3])
(99610, [1])
(99611, [1, 19, 22])
(99612, [1, 3])
(99613, [1])
(99614, [1, 23, 43])
(99615, [1, 2, 21])
(99616, [1])
(99617, [1, 19, 37])
(99618, [1, 2, 43])
(99619, [1, 4, 41])
(99620, [1, 2, 40])
(99621, [1])
(99622, [1])
(99623, [1, 3, 12])
(99624, [1, 3, 26])
(99625, [1, 3, 12, 44])
(99626, [1])
(99627, [1])
(99628, [1])
(99629, [1])
(99630, [1])
(99631, [1])
(99632, [1])
(99633, [1, 3, 21])
(99634, [1, 21])
(99635, [1])
(99636, [10])
(99637, [10])
(99638, [10])
(99639, [10])
(99640, [10])
(99641, [10])
(99642, [10])
(99643, [10])
(99644, [10])
(99645, [10])
(99646, [10])
(99647, [10])
(99648, [4, 10])
(99649, [19])
(99650, [19])
(99651, [19])
(99652, [19])
(99653, [19])
(99654, [19])
(99655, [4, 19, 21, 43])
(99656, [19])
(99657, [3, 4, 19, 23, 30, 43])
(99658, [19])
(99659, [19])
(99660, [19])
(99661, [3, 19, 21])
(99662, [19])
(99663, [19])
(99664, [3, 19])
(99665, [19])
(99666, [19])
(99667, [19])
(99668, [19])
(99669, [19])
(99670, [19])
(99671, [3, 19, 23, 31])
(99672, [19])
(99673, [19])
(99674, [19])
(99675, [26])
(99676, [26, 30])
(99677, [26, 43])
(99678, [26])
(99679, [26])
(99680, [2, 4, 13, 26])
(99681, [26])
(99682, [26])
(99683, [26])
(99684, [26])
(99685, [3, 21, 26])
(99686, [24, 26])
(99687, [26])
(99688, [26])
(99689, [26])
(99690, [4, 24, 26])
(99691, [26])
(99692, [14, 26])
(99693, [26])
(99694, [23, 26])
(99695, [26])
(99696, [26])
(99697, [5, 8])
(99698, [2, 8, 12, 15, 23, 36])
(99699, [8])
(99700, [8])
(99701, [8])
(99702, [8])
(99703, [8])
(99704, [8, 23])
(99705, [8])
(99706, [8])
(99707, [8, 23])
(99708, [3, 8])
(99709, [5, 8])
(99710, [8])
(99711, [8])
(99712, [8])
(99713, [8])
(99714, [8])
(99715, [8])
(99716, [8])
(99717, [21])
(99718, [21])
(99719, [3, 21])
(99720, [21])
(99721, [21])
(99722, [21])
(99723, [21])
(99724, [21])
(99725, [21])
(99726, [21])
(99727, [21])
(99728, [21])
(99729, [21])
(99730, [12, 21])
(99731, [21])
(99732, [21])
(99733, [21])
(99734, [21])
(99735, [21])
(99736, [21])
(99737, [21])
(99738, [3, 12, 15, 21, 40, 41])
(99739, [21])
(99740, [21])
(99741, [21])
(99742, [21])
(99743, [21, 31])
(99744, [21])
(99745, [21])
(99746, [21])
(99747, [21])
(99748, [21])
(99749, [44])
(99750, [44])
(99751, [43, 44])
(99752, [2, 3, 38, 44])
(99753, [44])
(99754, [44])
(99755, [15, 40, 43, 44])
(99756, [24, 44])
(99757, [2, 4, 30, 44])
(99758, [44])
(99759, [44])
(99760, [23, 44])
(99761, [44])
(99762, [2, 13, 43, 44])
(99763, [44])
(99764, [43])
(99765, [43])
(99766, [43])
(99767, [43])
(99768, [2, 43])
(99769, [23, 43])
(99770, [43])
(99771, [43])
(99772, [43])
(99773, [43])
(99774, [43])
(99775, [43])
(99776, [43])
(99777, [43])
(99778, [43])
(99779, [43])
(99780, [43])
(99781, [43])
(99782, [43])
(99783, [43])
(99784, [43])
(99785, [43])
(99786, [2, 4, 43])
(99787, [14, 43])
(99788, [43])
(99789, [38])
(99790, [38])
(99791, [36])
(99792, [2, 36])
(99793, [36])
(99794, [2, 36])
(99795, [36])
(99796, [36])
(99797, [36])
(99798, [36])
(99799, [36])
(99800, [36])
(99801, [36])
(99802, [36])
(99803, [36])
(99804, [36])
(99805, [2, 14, 36])
(99806, [36])
(99807, [36])
(99808, [36])
(99809, [36])
(99810, [36])
(99811, [36])
(99812, [36])
(99813, [36])
(99814, [36])
(99815, [36])
(99816, [36])
(99817, [36])
(99818, [31])
(99819, [31])
(99820, [12, 31])
(99821, [31])
(99822, [12, 31])
(99823, [31])
(99824, [31])
(99825, [31])
(99826, [31])
(99827, [23, 31])
(99828, [31])
(99829, [15, 31])
(99830, [2, 15, 31])
(99831, [31])
(99832, [30])
(99833, [30])
(99834, [30])
(99835, [30])
(99836, [30])
(99837, [23, 30])
(99838, [30])
(99839, [30])
(99840, [30])
(99841, [12, 30])
(99842, [30])
(99843, [30])
(99844, [30])
(99845, [30])
(99846, [37])
(99847, [37])
(99848, [37])
(99849, [39])
(99850, [39])
(99851, [2, 39])
(99852, [39])
(99853, [2, 41])
(99854, [41])
(99855, [41])
(99856, [41])
(99857, [41])
(99858, [2, 41])
(99859, [41])
(99860, [41])
(99861, [41])
(99862, [41])
(99863, [40, 41])
(99864, [41])
(99865, [41])
(99866, [41])
(99867, [41])
(99868, [41])
(99869, [41])
(99870, [24])
(99871, [24])
(99872, [24])
(99873, [24])
(99874, [3, 23])
(99875, [23])
(99876, [23])
(99877, [23])
(99878, [23])
(99879, [23])
(99880, [23])
(99881, [23])
(99882, [23])
(99883, [23])
(99884, [23])
(99885, [23])
(99886, [23])
(99887, [23])
(99888, [23])
(99889, [4, 23])
(99890, [23])
(99891, [23])
(99892, [23])
(99893, [23])
(99894, [23])
(99895, [23])
(99896, [23])
(99897, [23])
(99898, [23])
(99899, [23])
(99900, [23])
(99901, [23])
(99902, [23])
(99903, [23])
(99904, [23])
(99905, [23])
(99906, [23])
(99907, [23])
(99908, [23])
(99909, [23])
(99910, [23])
(99911, [23])
(99912, [23])
(99913, [23])
(99914, [23])
(99915, [23])
(99916, [23])
(99917, [23])
(99918, [23])
(99919, [23])
(99920, [23])
(99921, [4])
(99922, [4])
(99923, [4])
(99924, [4])
(99925, [4])
(99926, [4])
(99927, [4])
(99928, [4])
(99929, [4])
(99930, [4])
(99931, [4])
(99932, [4])
(99933, [4])
(99934, [4])
(99935, [4])
(99936, [4])
(99937, [4])
(99938, [15])
(99939, [15])
(99940, [15])
(99941, [15])
(99942, [15])
(99943, [15])
(99944, [15])
(99945, [15])
(99946, [15])
(99947, [15])
(99948, [15])
(99949, [15])
(99950, [15])
(99951, [15])
(99952, [15])
(99953, [3])
(99954, [2, 3])
(99955, [3])
(99956, [3])
(99957, [3])
(99958, [3])
(99959, [3])
(99960, [3])
(99961, [3])
(99962, [3])
(99963, [3])
(99964, [3])
(99965, [3])
(99966, [3, 12])
(99967, [3])
(99968, [3])
(99969, [3])
(99970, [3])
(99971, [3])
(99972, [3])
(99973, [3])
(99974, [3])
(99975, [3])
(99976, [3])
(99977, [3])
(99978, [3])
(99979, [3])
(99980, [3])
(99981, [3])
(99982, [3])
(99983, [12])
(99984, [12])
(99985, [12])
(99986, [12])
(99987, [12])
(99988, [12])
(99989, [12])
(99990, [12])
(99991, [12])
(99992, [12])
(99993, [12])
(99994, [12])
(99995, [12])
(99996, [12])
(99997, [12])
(99998, [12])
(99999, [12])
(100000, [12])
(100001, [12])
(100002, [12])
(100003, [12])
(100004, [12])
(100005, [12])
(100006, [12])
(100007, [12])
(100008, [12])
(100009, [12])
(100010, [12])
(100011, [12])
(100012, [12])
(100013, [12])
(100014, [2, 12])
(100015, [12])
(100016, [12])
(100017, [12])
(100018, [12])
(100019, [12])
(100020, [12])
(100021, [12])
(100022, [12])
(100023, [12])
(100024, [12])
(100025, [12])
(100026, [12])
(100027, [12])
(100028, [12])
(100029, [12])
(100030, [12])
(100031, [12])
(100032, [12])
(100033, [12])
(100034, [12])
(100035, [12])
(100036, [40])
(100037, [2])
(100038, [2])
(100039, [2])
(100040, [2])
(100041, [2])
(100042, [2])
(100043, [2])
(100044, [2])
(100045, [2])
(100046, [2])
(100047, [2])
(100048, [2])
(100049, [2])
(100050, [2])
(100051, [2])
(100052, [2])
(100053, [2])
(100054, [2])
(100055, [2])
(100056, [2])
(100057, [2, 14])
(100058, [2, 14])
(100059, [2])
(100060, [2])
(100061, [2])
(100062, [2])
(100063, [2])
(100064, [2])
(100065, [2])
(100066, [2])
(100067, [2])
(100068, [2])
(100069, [2])
(100070, [2])
(100071, [2])
(100072, [2])
(100073, [2])
(100074, [2])
(100075, [2])
(100076, [2])
(100077, [2])
(100078, [2])
(100079, [2])
(100080, [2])
(100081, [2])
(100082, [2])
(100083, [2])
(100084, [2])
(100085, [2])
(100086, [2])
(100087, [2])
(100088, [2])
(100089, [2])
(100090, [2])
(100091, [2])
(100092, [2])
(100093, [2])
(100094, [2])
(100095, [2])
(100096, [2])
(100097, [2])
(100098, [2])
(100099, [2])
(100100, [2])
(100101, [2])
(100102, [2])
(100103, [2])
(100104, [2])
(100105, [13])
(100106, [13])
(100107, [13])
(100108, [5])
(100109, [5])
(100110, [5])
(100111, [5])
(100112, [5])
(100113, [5])
(100114, [5])
(100115, [5])
(100116, [5])
(100117, [14])
(100118, [14])
(100119, [14])
(100120, [14])
(100121, [14])
(100122, [14])
(100123, [14])
(100124, [14])
(100125, [14])
(100126, [14])
(100127, [14])
(100128, [14])
(100129, [14])
(100130, [14])
(100131, [14])
(100132, [14])
(100133, [14])
(100134, [14])
(100135, [14])
(100136, [14])
(100137, [14])
(100138, [14])
(100139, [22])
(100140, [22])
(100141, [22])
(100142, [22])
(100143, [22])
(100144, [22])
