(110989, [32, 35, 34, 33, 20, 18, 27, 9, 0, 11, 7, 29, 16, 42, 6, 28, 1, 10, 19, 26, 8, 21, 44, 43, 38, 36, 31, 30, 37, 39, 41, 24, 23, 4, 15, 3, 12, 40, 2, 13, 5, 14, 22, 25])
(110990, [32, 35, 34, 33, 20, 18, 27, 9, 0, 11, 7, 29, 16, 42, 6, 28, 17, 1, 10, 19, 26, 8, 21, 44, 43, 38, 36, 31, 30, 37, 39, 41, 24, 23, 4, 15, 3, 12, 40, 2, 13, 5, 14, 22, 25])
(110991, [32, 35, 34, 33, 20, 18, 27, 9, 0, 11, 7, 29, 16, 42, 6, 28, 17, 1, 10, 19, 26, 8, 21, 44, 43, 38, 36, 31, 30, 37, 39, 41, 24, 23, 4, 15, 3, 12, 40, 2, 13, 5, 14, 22, 25])
(110992, [32, 34, 33, 18, 9, 6, 28, 1, 19, 43, 31, 30, 41, 24, 23, 4, 15, 14])
(110993, [32, 17])
(110994, [32, 18, 28, 17, 1, 19, 21, 36, 14, 22])
(110995, [32, 17])
(110996, [32, 35, 34, 33, 20, 18, 27, 9, 0, 11, 7, 29, 16, 42, 6, 28, 17, 1, 10, 19, 26, 8, 21, 44, 43, 38, 36, 31, 30, 37, 39, 41, 24, 23, 4, 15, 3, 12, 40, 2, 13, 5, 14, 22, 25])
(110997, [32, 33, 18, 9, 11, 7, 29, 16, 42, 1, 19, 26, 21, 44, 38, 31, 30, 39, 41, 4, 15, 3, 12, 2, 13, 14, 22])
(110998, [32, 35, 34, 33, 20, 18, 27, 9, 0, 11, 7, 29, 16, 42, 6, 17, 1, 19, 26, 8, 21, 44, 43, 38, 36, 31, 30, 39, 41, 24, 23, 4, 15, 3, 12, 40, 2, 13, 5, 14, 22, 25])
(110999, [32])
(111000, [32, 35, 34, 33, 20, 18, 27, 9, 0, 11, 7, 16, 42, 6, 28, 17, 1, 19, 26, 8, 21, 44, 43, 38, 31, 30, 37, 39, 41, 24, 23, 4, 15, 3, 12, 40, 2, 13, 5, 14, 22])
(111001, [32, 34, 20, 18, 9, 11, 6, 28, 17, 1, 19, 26, 44, 43, 31, 30, 41, 24, 23, 15, 3, 12, 2, 22])
(111002, [32, 35, 34, 33, 20, 18, 27, 9, 0, 11, 6, 17, 1, 26, 8, 36, 31, 30, 39, 41, 23, 4, 15, 3, 12, 40, 22, 25])
(111003, [32, 34, 33, 20, 18, 9, 0, 11, 7, 42, 1, 10, 19, 44, 31, 30, 15, 3, 12, 2, 14, 22])
(111004, [32, 35, 34, 33, 20, 18, 27, 9, 0, 11, 7, 42, 6, 28, 1, 10, 19, 26, 8, 21, 44, 43, 38, 36, 31, 30, 37, 39, 41, 23, 4, 15, 3, 12, 40, 2, 13, 14, 22, 25])
(111005, [32, 34, 33, 18, 27, 9, 11, 16, 6, 17, 1, 19, 26, 8, 21, 44, 43, 31, 30, 41, 24, 23, 4, 15, 3, 12, 40, 2, 13, 14, 22])
(111006, [32, 35, 34, 33, 9, 11, 7, 16, 1, 19, 26, 44, 31, 30, 41, 15, 3, 12, 40, 2])
(111007, [32, 35, 20, 18, 11, 7, 16, 42, 6, 17, 1, 21, 44, 43, 30, 37, 41, 23, 12, 2])
(111008, [32, 35, 33, 18, 9, 0, 11, 16, 6, 1, 19, 8, 21, 38, 31, 37, 39, 41, 4, 15, 3, 12, 40, 2, 5])
(111009, [32])
(111010, [32, 18, 6, 1, 19, 43, 30, 4, 2])
(111011, [32, 33, 9, 17, 1, 19, 26, 43, 31, 41, 24, 4, 15, 2, 14])
(111012, [32, 18, 0, 6, 1, 44, 30, 24, 4, 3, 2, 22, 25])
(111013, [32, 34, 33, 27, 9, 0, 11, 7, 42, 1, 19, 26, 21, 44, 38, 30, 39, 23, 4, 3, 12, 2, 22])
(111014, [32, 34, 33, 20, 18, 7, 16, 6, 17, 1, 19, 43, 30, 24, 15, 3, 2])
(111015, [32, 34, 33, 18, 9, 0, 11, 7, 17, 1, 19, 44, 43, 31, 30, 41, 4, 15, 3, 2])
(111016, [32, 35, 34, 33, 18, 27, 9, 0, 11, 7, 16, 6, 17, 1, 19, 21, 44, 43, 36, 31, 30, 39, 41, 23, 4, 15, 3, 12, 40, 2, 13, 5, 14, 22])
(111017, [32, 35, 34, 33, 20, 18, 9, 0, 11, 7, 29, 16, 42, 6, 1, 10, 19, 26, 8, 21, 44, 43, 38, 30, 37, 39, 41, 24, 23, 4, 15, 3, 12, 40, 2, 13, 14])
(111018, [32, 34, 33, 20, 18, 9, 0, 7, 16, 17, 1, 19, 21, 44, 31, 30, 41, 4, 15, 3, 12, 2, 13])
(111019, [32, 34, 33, 9, 6, 1, 31, 30, 15, 3])
(111020, [32, 33, 18, 0, 11, 7, 16, 21, 31, 23, 4, 3, 12])
(111021, [32, 34, 33, 18, 0, 11, 16, 28, 1, 36, 31, 30, 41, 15, 3, 12, 13])
(111022, [32, 4])
(111023, [32, 20, 9, 7, 1, 19, 26, 43, 31, 23, 4, 15, 3, 12, 2, 14])
(111024, [32, 35, 34, 33, 20, 18, 27, 9, 0, 11, 7, 16, 42, 6, 28, 17, 1, 10, 19, 26, 8, 44, 43, 36, 31, 37, 41, 23, 4, 15, 3, 12, 40, 2, 13, 14])
(111025, [32, 35, 34, 33, 18, 27, 9, 0, 11, 7, 16, 42, 6, 17, 1, 19, 26, 8, 21, 44, 43, 31, 30, 37, 39, 41, 24, 23, 4, 15, 3, 12, 40, 2, 13, 5, 22])
(111026, [32, 9, 0, 1, 26, 30, 4, 2, 14])
(111027, [32, 34, 33, 20, 27, 9, 0, 11, 7, 29, 16, 42, 1, 10, 19, 26, 21, 44, 38, 31, 30, 39, 41, 4, 3, 12, 2, 22])
(111028, [32, 33, 20, 9, 0, 11, 16, 42, 17, 1, 19, 26, 8, 44, 43, 36, 31, 30, 24, 4, 15, 3, 12, 2, 13, 14, 25])
(111029, [32, 35, 34, 33, 20, 18, 9, 0, 11, 7, 16, 42, 6, 17, 1, 10, 19, 26, 8, 21, 44, 43, 38, 31, 30, 37, 39, 41, 24, 23, 4, 15, 3, 12, 40, 2, 5, 14, 22, 25])
(111030, [32, 34, 33, 20, 18, 9, 0, 11, 7, 16, 6, 1, 19, 8, 21, 44, 43, 38, 36, 31, 30, 23, 4, 15, 3, 12, 40, 2, 14])
(111031, [32])
(111032, [32, 35, 34, 20, 18, 27, 9, 0, 11, 7, 16, 42, 6, 1, 19, 26, 21, 44, 43, 38, 36, 30, 24, 23, 4, 15, 3, 12, 2, 13, 14])
(111033, [32, 18, 9, 0, 11, 42, 6, 17, 1, 19, 21, 44, 43, 39, 41, 15, 3, 12, 2, 22])
(111034, [32, 35, 9, 0, 11, 16, 6, 1, 19, 26, 44, 43, 4, 15, 3, 2, 13])
(111035, [32, 34, 9, 0, 1, 26, 31, 41, 3, 12, 40, 2, 14])
(111036, [32, 20, 18, 27, 9, 0, 11, 7, 16, 42, 1, 19, 26, 41, 23, 4, 15, 3, 12, 2, 13, 5])
(111037, [32, 35, 34, 33, 20, 18, 27, 9, 0, 11, 7, 29, 16, 42, 6, 28, 1, 10, 19, 26, 8, 21, 44, 43, 38, 36, 31, 30, 39, 41, 24, 23, 4, 15, 3, 12, 40, 2, 13, 5, 14, 22, 25])
(111038, [32, 11, 16, 1, 19, 36, 30, 2])
(111039, [32, 27, 0, 16, 37, 23, 15, 3, 12])
(111040, [32, 33, 18, 0, 42, 17, 19, 44, 43, 38, 30, 23, 4, 15, 2])
(111041, [32, 18, 27, 9, 0, 7, 6, 17, 43, 36, 4, 12, 40, 2, 14])
(111042, [32, 33, 20, 0, 6, 1, 19, 21, 44, 37, 41, 24, 23, 4, 15, 3, 12, 2, 5, 22])
(111043, [32, 18, 9, 28, 1, 19, 31, 41, 23, 15, 12, 2])
(111044, [32, 34, 33, 18, 9, 11, 16, 6, 1, 19, 26, 21, 44, 38, 31, 30, 41, 24, 23, 4, 3, 12, 40, 2, 13, 5, 22])
(111045, [32, 34, 33, 20, 18, 9, 11, 6, 1, 26, 8, 21, 44, 43, 31, 30, 23, 4, 15, 3, 12, 22])
(111046, [32, 4, 25])
(111047, [32, 34, 33, 20, 18, 27, 9, 0, 11, 7, 6, 17, 1, 10, 19, 26, 8, 21, 44, 43, 38, 36, 31, 30, 37, 41, 24, 23, 4, 15, 3, 12, 40, 2, 13, 22, 25])
(111048, [32, 20, 18, 0, 42, 39, 12, 2])
(111049, [32, 35, 34, 33, 20, 9, 0, 11, 16, 42, 6, 28, 17, 1, 19, 8, 43, 31, 30, 4, 3, 12, 2, 13])
(111050, [32, 33, 9, 44, 3])
(111051, [32, 18, 1])
(111052, [32, 6, 30])
(111053, [32, 18, 4, 15])
(111054, [32, 18, 1, 21, 23])
(111055, [32, 34, 18, 9, 0, 6, 17, 43, 31, 30, 41, 23, 4, 15, 3, 12, 2, 13, 14])
(111056, [32])
(111057, [32, 35, 34, 33, 18, 27, 9, 17, 26, 43, 30, 23, 5, 14])
(111058, [32, 34, 20, 27, 9, 0, 16, 6, 1, 10, 19, 8, 23, 15, 3, 12])
(111059, [32, 35, 34, 33, 20, 18, 27, 9, 0, 11, 7, 16, 42, 6, 28, 17, 1, 10, 19, 26, 8, 21, 44, 43, 31, 30, 37, 39, 41, 24, 23, 4, 15, 3, 12, 40, 2, 14])
(111060, [32, 33, 18, 9, 11, 7, 29, 1, 26, 43, 31, 30, 41, 23, 4, 15, 3, 40])
(111061, [32, 35, 34, 18, 9, 0, 11, 16, 6, 28, 17, 1, 19, 44, 38, 41, 23, 3, 12, 40, 2, 5, 14, 22])
(111062, [32, 34, 20, 9, 0, 7, 17, 1, 26, 44, 31, 41, 24, 3, 12, 2])
(111063, [32, 34, 9, 0, 31, 12])
(111064, [32, 18, 9, 6, 19, 44, 43, 31, 30, 37, 41, 23, 15, 12, 22])
(111065, [32, 34, 33, 20, 18, 0, 7, 42, 1, 19, 43, 31, 30, 41, 23, 15, 3, 12, 40, 13, 22])
(111066, [32, 27, 0, 11, 16, 42, 1, 19, 26, 43, 38, 41, 23, 2])
(111067, [32, 34, 33, 20, 11, 6, 1, 43, 31, 30, 23, 4, 3])
(111068, [32, 34, 33, 18, 11, 17, 1, 8, 44, 31, 30, 3])
(111069, [32, 33])
(111070, [32, 20, 18, 1, 26, 8, 21, 44, 43, 31, 30, 23, 3, 14])
(111071, [32, 34, 33, 20, 18, 27, 9, 11, 29, 16, 42, 6, 17, 1, 10, 19, 26, 8, 21, 38, 31, 30, 37, 39, 41, 24, 23, 15, 3, 12, 2, 5, 22])
(111072, [32, 34, 33, 0, 11, 17, 43, 31, 30, 41, 24, 4, 3, 40, 2, 13])
(111073, [32, 20, 29, 6, 28, 2])
(111074, [32, 34, 9])
(111075, [32, 34, 33, 20, 18, 9, 11, 7, 42, 6, 17, 1, 19, 8, 44, 31, 30, 23, 4, 3, 12])
(111076, [32, 20, 26, 36, 31, 24, 2])
(111077, [32, 30, 12])
(111078, [32, 35, 20, 18, 11, 7, 16, 42, 17, 1, 26, 8, 21, 44, 43, 37, 41, 24, 23, 3, 12, 2, 13, 5])
(111079, [32, 18, 9, 11, 29, 19, 26, 21, 44, 15, 3, 2, 13, 22])
(111080, [32, 24, 23, 3])
(111081, [32, 34, 33, 9, 0, 11, 17, 1, 10, 19, 26, 8, 43, 30, 39, 24, 4, 15, 3, 12, 2, 13, 22])
(111082, [32, 33, 20, 9, 11, 16, 17, 1, 26, 30, 41, 3, 12, 40, 2, 13])
(111083, [32, 34, 33, 18, 9, 16, 6, 1, 26, 21, 44, 31, 30, 41, 23, 4, 3, 40, 2, 13, 14])
(111084, [32, 20, 9, 0, 26, 31, 24, 4, 15, 2])
(111085, [32, 9, 6, 1, 2])
(111086, [32, 9])
(111087, [32, 0])
(111088, [32, 15])
(111089, [32, 34, 30])
(111090, [32])
(111091, [32, 0, 7, 6, 17, 44, 31, 24, 4, 3, 12, 13, 14])
(111092, [32, 20, 11, 7, 17, 19, 26, 43, 23, 15])
(111093, [32, 34, 33, 20, 0, 7, 16, 17, 1, 44, 31, 30, 3, 12, 2, 13, 14])
(111094, [32, 36, 12])
(111095, [32, 9, 23, 4])
(111096, [32, 43])
(111097, [32, 34, 18, 9, 0, 11, 16, 6, 1, 19, 21, 44, 43, 31, 30, 39, 23, 4, 3, 12, 2, 22])
(111098, [32, 43])
(111099, [32, 35, 33, 18, 0, 11, 19, 41, 4])
(111100, [32, 35, 34, 33, 9, 11, 7, 1, 10, 26, 21, 44, 43, 31, 23, 12, 2])
(111101, [32, 21])
(111102, [35])
(111103, [35, 42, 28, 1, 19, 26, 21, 4, 13])
(111104, [35, 30])
(111105, [35])
(111106, [35, 11, 16, 1, 19, 44, 43, 30, 41, 4, 15, 3, 2])
(111107, [35])
(111108, [35, 18, 9, 11, 6, 17, 26, 44, 43, 24, 23, 4, 15, 2])
(111109, [35])
(111110, [35, 6])
(111111, [35, 34, 20, 9, 0, 11, 16, 6, 28, 1, 19, 8, 21, 43, 38, 36, 37, 41, 23, 4, 15, 3, 12, 40, 2, 13, 5, 14])
(111112, [35])
(111113, [35, 9, 0, 8, 30, 23, 5])
(111114, [35, 20, 0, 16, 6, 1, 10, 36, 41, 15, 2, 14])
(111115, [35])
(111116, [35, 20, 18, 9, 0, 11, 7, 29, 16, 42, 6, 17, 1, 10, 19, 26, 21, 44, 30, 37, 4, 15, 3, 2, 13, 22])
(111117, [35])
(111118, [35])
(111119, [35])
(111120, [35])
(111121, [35, 9, 0, 11, 42, 6, 26, 44, 43, 36, 24, 5])
(111122, [35])
(111123, [35])
(111124, [35])
(111125, [35, 18, 9, 0, 7, 16, 17, 26, 8, 21, 24, 4, 3, 12, 2])
(111126, [35, 37])
(111127, [35, 18, 8, 23])
(111128, [35])
(111129, [35, 20, 0, 11, 16, 42, 6, 17, 1, 19, 44, 43, 31, 30, 39, 24, 4, 15, 3, 40, 2, 13, 5, 25])
(111130, [35, 0, 6])
(111131, [35])
(111132, [35, 18, 1, 23, 15, 12])
(111133, [35])
(111134, [35, 18, 29, 23])
(111135, [35, 34, 18, 9, 16, 6, 8, 36, 23, 15, 3, 2])
(111136, [35, 6])
(111137, [34])
(111138, [34, 0, 2])
(111139, [34, 33, 20, 9, 0, 11, 7, 16, 28, 1, 19, 21, 44, 38, 31, 30, 37, 23, 4, 15, 3, 12, 2, 14])
(111140, [34])
(111141, [34, 33, 18, 9, 0, 11, 7, 1, 10, 19, 21, 36, 41, 23, 3, 12, 40])
(111142, [34, 20, 27, 0, 11, 7, 16, 6, 28, 17, 1, 10, 19, 44, 43, 36, 41, 24, 4, 15, 3, 12, 40, 2, 13, 14, 25])
(111143, [34, 18, 28, 21, 30])
(111144, [34])
(111145, [34, 33, 17, 44, 31, 12, 14])
(111146, [34, 33, 11, 19, 26, 44, 3, 2])
(111147, [34])
(111148, [34, 33, 18, 11, 7, 26, 44, 36, 15, 2, 13, 14])
(111149, [34, 33, 31])
(111150, [34, 1])
(111151, [34, 33, 31, 30, 22])
(111152, [34, 18, 29, 1, 21, 30, 4, 3, 2])
(111153, [34, 20, 18, 11, 16, 6, 1, 19, 26, 44, 36, 30, 24, 23, 4, 2, 22])
(111154, [34, 1])
(111155, [34, 18, 9, 11, 7, 17, 1, 19, 21, 44, 43, 38, 23, 4, 15, 3, 12, 40, 2, 22, 25])
(111156, [34, 31])
(111157, [34, 33, 18, 2])
(111158, [34])
(111159, [34, 18, 0, 3, 14])
(111160, [34, 0, 19, 26, 15, 2])
(111161, [34, 1, 31, 30, 3])
(111162, [34])
(111163, [34])
(111164, [34, 20, 9, 0, 10, 19, 26, 8, 44, 31, 4, 15, 3, 14])
(111165, [34])
(111166, [34, 2])
(111167, [34, 18, 27])
(111168, [34])
(111169, [34])
(111170, [34, 33, 19, 43, 3, 14, 22])
(111171, [34, 18, 0, 11, 6, 28, 1, 10, 21, 43, 31, 39, 41, 4, 15, 3, 12, 2])
(111172, [34])
(111173, [34])
(111174, [34])
(111175, [34, 9, 0, 17, 1, 19, 44, 41, 3, 12, 13])
(111176, [34, 1, 12])
(111177, [34, 0, 11, 43, 31, 3, 12, 2])
(111178, [34, 0])
(111179, [34, 33, 20, 0, 31, 3, 12])
(111180, [34, 0])
(111181, [34, 33, 20, 18, 9, 11, 7, 29, 16, 42, 6, 28, 17, 1, 10, 19, 26, 8, 21, 44, 43, 37, 41, 24, 23, 4, 15, 3, 12, 2, 5, 14, 22])
(111182, [34, 10, 19, 30, 12, 5])
(111183, [34, 26, 43, 13])
(111184, [34, 33, 1, 3])
(111185, [34])
(111186, [34])
(111187, [34, 11, 1, 24, 23, 3, 12, 5])
(111188, [34])
(111189, [34, 0])
(111190, [34])
(111191, [34])
(111192, [34, 44])
(111193, [34])
(111194, [33, 9, 0, 19, 31, 30, 39, 24, 12, 13])
(111195, [33, 1, 37, 3])
(111196, [33])
(111197, [33, 18, 7, 17, 1, 26, 21, 44, 31, 30, 4, 15, 3, 40, 13])
(111198, [33, 23])
(111199, [33, 0, 31])
(111200, [33])
(111201, [33])
(111202, [33])
(111203, [33, 0, 1])
(111204, [33, 26])
(111205, [33, 18, 29, 19, 21, 44, 31, 3])
(111206, [33, 18, 9, 0, 11, 7, 16, 42, 28, 17, 1, 10, 19, 44, 43, 36, 30, 41, 4, 3, 12, 2, 14])
(111207, [33, 36])
(111208, [33])
(111209, [33, 20, 18, 6, 1, 43, 31, 30, 23, 3, 22])
(111210, [33, 31])
(111211, [33, 27, 0, 11, 6])
(111212, [33, 0, 26, 8, 12, 5])
(111213, [33, 18, 43, 41])
(111214, [33, 20, 18, 0, 10, 3])
(111215, [33])
(111216, [33, 6, 19, 21, 43, 38, 4, 3, 2, 14, 22])
(111217, [33])
(111218, [33, 3, 2])
(111219, [33, 43, 31, 23, 2])
(111220, [33, 1, 43, 23, 15, 3, 2])
(111221, [33, 9, 26, 31, 30])
(111222, [33, 18, 0, 7, 1, 21, 12])
(111223, [33, 9, 28, 19, 26, 43, 41, 24, 23, 4, 15, 2, 14])
(111224, [33, 11, 1])
(111225, [33, 18, 42, 6, 19, 44, 43, 30, 24, 4, 3, 40, 2, 14])
(111226, [33, 18, 9, 16, 42, 6, 1, 26, 21, 31, 30, 23, 4, 3, 2])
(111227, [33, 3])
(111228, [33, 17, 2])
(111229, [33, 9, 11, 16, 6, 17, 1, 10, 26, 41, 24, 15, 12, 2, 13])
(111230, [33, 20, 18, 9, 0, 11, 7, 16, 42, 1, 19, 44, 43, 38, 31, 30, 41, 23, 3, 12, 2, 13, 25])
(111231, [20, 17, 26, 25])
(111232, [20, 11, 7, 42, 1, 21, 44, 43, 36, 31, 4, 12, 2])
(111233, [20, 18, 11, 7, 17, 1, 8, 44, 43, 4, 15, 3])
(111234, [20, 11, 7, 16, 1, 19, 44, 43, 38, 30, 24, 4, 3, 2, 13])
(111235, [20, 0])
(111236, [20, 17, 1, 3, 2])
(111237, [20, 16, 1])
(111238, [20, 9, 11, 16, 17, 10, 31, 41, 3, 12, 2])
(111239, [20])
(111240, [20])
(111241, [20, 0, 12])
(111242, [20, 0, 11, 6, 1, 19, 26, 21, 44, 43, 31, 41, 23, 4, 15, 3, 40, 22])
(111243, [20, 1, 26])
(111244, [20])
(111245, [20, 29, 41, 4])
(111246, [20, 9, 16, 37, 24, 4, 15])
(111247, [20])
(111248, [20, 0, 30, 39, 15, 3, 12])
(111249, [20, 18, 9, 0, 11, 7, 16, 42, 6, 1, 19, 26, 8, 21, 44, 43, 38, 30, 39, 23, 4, 15, 3, 12, 40, 2, 5])
(111250, [20, 0, 11, 1, 10, 3, 12, 2])
(111251, [20, 0, 3, 12, 2])
(111252, [20])
(111253, [20])
(111254, [20])
(111255, [20, 18])
(111256, [20, 0, 39, 3])
(111257, [20, 18, 0, 24, 12, 2])
(111258, [20, 0])
(111259, [20, 11, 3])
(111260, [18])
(111261, [18, 6, 10, 23, 15, 3])
(111262, [18])
(111263, [18])
(111264, [18, 28, 41, 40, 2, 13, 14])
(111265, [18, 9, 1, 19, 8, 43, 24, 23, 4, 3, 12, 13])
(111266, [18, 17, 19, 44, 43, 24, 2, 14])
(111267, [18, 9, 30, 2])
(111268, [18])
(111269, [18, 23])
(111270, [18])
(111271, [18])
(111272, [18])
(111273, [18, 9, 17, 36, 4, 15, 2, 14])
(111274, [18])
(111275, [18, 0])
(111276, [18])
(111277, [18])
(111278, [18])
(111279, [18])
(111280, [18, 12])
(111281, [18])
(111282, [18, 0, 28, 17, 19, 26, 15, 2, 13])
(111283, [18])
(111284, [18])
(111285, [18, 9, 11, 1, 19, 21, 43, 15, 3, 12, 2])
(111286, [18, 0, 21, 23, 22])
(111287, [18])
(111288, [18])
(111289, [18, 23])
(111290, [18])
(111291, [18, 15])
(111292, [18])
(111293, [18])
(111294, [18])
(111295, [18, 9, 26, 31, 15, 2])
(111296, [18])
(111297, [18])
(111298, [18])
(111299, [18])
(111300, [18])
(111301, [18])
(111302, [18])
(111303, [18, 1, 8, 30, 23, 4, 3, 2])
(111304, [18])
(111305, [18, 19, 41, 2])
(111306, [18])
(111307, [18])
(111308, [18])
(111309, [18, 36, 4, 12])
(111310, [18, 0])
(111311, [18])
(111312, [18])
(111313, [18])
(111314, [18])
(111315, [18, 12])
(111316, [18])
(111317, [18])
(111318, [18])
(111319, [18])
(111320, [18, 9, 0, 24, 12])
(111321, [18])
(111322, [18, 19, 23, 3, 2])
(111323, [18])
(111324, [18])
(111325, [18])
(111326, [18])
(111327, [18])
(111328, [18])
(111329, [18, 9, 17, 44, 2, 14])
(111330, [18])
(111331, [18])
(111332, [18])
(111333, [18])
(111334, [18, 23])
(111335, [18])
(111336, [18])
(111337, [18])
(111338, [18])
(111339, [18, 0, 11, 14])
(111340, [18])
(111341, [18])
(111342, [18])
(111343, [18, 6, 15])
(111344, [18, 23])
(111345, [18, 23])
(111346, [18, 6])
(111347, [18])
(111348, [18])
(111349, [18, 27])
(111350, [18])
(111351, [18])
(111352, [18, 8])
(111353, [18])
(111354, [18, 19])
(111355, [18])
(111356, [18, 9, 1, 19, 8, 39, 23, 3])
(111357, [18, 9, 0, 11, 7, 16, 17, 1, 21, 44, 43, 38, 30, 4, 15, 3, 12, 40, 2])
(111358, [18])
(111359, [18])
(111360, [18, 19, 26])
(111361, [18])
(111362, [18])
(111363, [18])
(111364, [18, 4])
(111365, [18])
(111366, [18])
(111367, [18])
(111368, [27, 1, 4])
(111369, [27, 0, 6, 26, 43, 2, 14])
(111370, [27, 1, 26, 21, 24, 3, 12])
(111371, [27, 11, 16, 28, 26, 21, 43, 30, 4, 12, 2, 13])
(111372, [27, 0, 26, 23, 4])
(111373, [27])
(111374, [27])
(111375, [27, 0])
(111376, [27])
(111377, [27])
(111378, [27])
(111379, [27, 0])
(111380, [27, 6, 26, 43, 41, 24, 4, 2])
(111381, [27])
(111382, [27, 0, 17, 26, 43, 41, 12, 2, 14])
(111383, [9, 23])
(111384, [9, 10, 19, 3, 2])
(111385, [9])
(111386, [9, 8])
(111387, [9, 16, 1, 8, 30, 15, 3, 40])
(111388, [9, 3])
(111389, [9, 11, 6, 41, 15])
(111390, [9])
(111391, [9, 1, 3])
(111392, [9, 0, 3, 12])
(111393, [9, 23, 5])
(111394, [9, 11, 16, 44, 12])
(111395, [9])
(111396, [9, 16, 31, 3])
(111397, [9])
(111398, [9, 19, 15, 12])
(111399, [9, 16, 17, 1, 19, 21, 23, 4, 15, 3, 5])
(111400, [9, 4, 2])
(111401, [9, 22])
(111402, [9])
(111403, [9])
(111404, [9])
(111405, [9])
(111406, [9])
(111407, [9])
(111408, [9])
(111409, [9])
(111410, [9])
(111411, [9])
(111412, [9, 4])
(111413, [9])
(111414, [9])
(111415, [9])
(111416, [9])
(111417, [9, 0, 11, 16, 42, 28, 1, 19, 21, 44, 39, 4, 15, 3, 2, 5, 22])
(111418, [9])
(111419, [9, 16, 1, 23, 3])
(111420, [9])
(111421, [9, 11])
(111422, [9, 16, 28, 1, 19, 30, 3])
(111423, [9, 8, 23, 15, 2])
(111424, [9, 42, 1, 21, 12, 22])
(111425, [9, 0, 16, 10, 19, 21, 36, 31, 3, 2, 5])
(111426, [9, 11, 17, 43])
(111427, [9])
(111428, [9])
(111429, [9, 2])
(111430, [9, 16, 8, 24, 2])
(111431, [9])
(111432, [9, 2])
(111433, [9])
(111434, [0])
(111435, [0, 12])
(111436, [0])
(111437, [0])
(111438, [0, 7, 17, 1, 3])
(111439, [0])
(111440, [0, 1])
(111441, [0])
(111442, [0])
(111443, [0, 23, 3])
(111444, [0, 1, 3])
(111445, [0])
(111446, [0])
(111447, [0])
(111448, [0, 43, 36, 12])
(111449, [0])
(111450, [0, 1])
(111451, [0])
(111452, [0])
(111453, [0, 12])
(111454, [0])
(111455, [0])
(111456, [0])
(111457, [0])
(111458, [0])
(111459, [0])
(111460, [0, 1, 2])
(111461, [0])
(111462, [0, 12])
(111463, [0])
(111464, [0])
(111465, [0, 12])
(111466, [0])
(111467, [0])
(111468, [0])
(111469, [0])
(111470, [0])
(111471, [0])
(111472, [0])
(111473, [0])
(111474, [0])
(111475, [0])
(111476, [0])
(111477, [0])
(111478, [0])
(111479, [0])
(111480, [0])
(111481, [0])
(111482, [0])
(111483, [0])
(111484, [0])
(111485, [0])
(111486, [0])
(111487, [0])
(111488, [0])
(111489, [0])
(111490, [0])
(111491, [0])
(111492, [0, 11, 7, 42, 1, 19, 26, 21, 44, 41, 3, 12, 5])
(111493, [0])
(111494, [0])
(111495, [0])
(111496, [0])
(111497, [0])
(111498, [0])
(111499, [0])
(111500, [0])
(111501, [0])
(111502, [0])
(111503, [0])
(111504, [0])
(111505, [0])
(111506, [0])
(111507, [0])
(111508, [0, 7, 29, 17, 1, 44, 3, 12, 2])
(111509, [0])
(111510, [0, 42, 3])
(111511, [0])
(111512, [0])
(111513, [0])
(111514, [0])
(111515, [0])
(111516, [0])
(111517, [0])
(111518, [0])
(111519, [0])
(111520, [0])
(111521, [0, 12])
(111522, [0])
(111523, [0, 17, 44, 43, 41])
(111524, [0])
(111525, [0])
(111526, [0])
(111527, [0, 30])
(111528, [0])
(111529, [0, 19, 12, 2])
(111530, [0])
(111531, [0, 1, 19, 21, 12, 2])
(111532, [0])
(111533, [0])
(111534, [0])
(111535, [0])
(111536, [0])
(111537, [0])
(111538, [0])
(111539, [0])
(111540, [0])
(111541, [0])
(111542, [0])
(111543, [0])
(111544, [0])
(111545, [0])
(111546, [0])
(111547, [0])
(111548, [0])
(111549, [0])
(111550, [0])
(111551, [0, 7, 12])
(111552, [0])
(111553, [0])
(111554, [0])
(111555, [0])
(111556, [0])
(111557, [0, 12])
(111558, [0, 11, 7, 1, 19, 21, 43, 30, 15, 3, 12, 2])
(111559, [0])
(111560, [0])
(111561, [0])
(111562, [0])
(111563, [0])
(111564, [0, 17, 1, 19, 26, 44, 41, 24, 12, 14])
(111565, [0])
(111566, [0])
(111567, [0])
(111568, [0])
(111569, [0])
(111570, [0])
(111571, [0, 21, 5])
(111572, [0])
(111573, [0])
(111574, [0])
(111575, [0, 19, 23, 3])
(111576, [0])
(111577, [0])
(111578, [0])
(111579, [0])
(111580, [0])
(111581, [0])
(111582, [0])
(111583, [0])
(111584, [0])
(111585, [0, 1])
(111586, [0, 16, 26, 23, 4])
(111587, [0])
(111588, [0])
(111589, [0])
(111590, [0, 40])
(111591, [0])
(111592, [0, 12])
(111593, [0])
(111594, [0])
(111595, [0])
(111596, [0])
(111597, [0])
(111598, [0])
(111599, [0])
(111600, [0])
(111601, [0])
(111602, [0])
(111603, [0])
(111604, [0])
(111605, [0])
(111606, [0])
(111607, [0])
(111608, [0, 23])
(111609, [0])
(111610, [0])
(111611, [0])
(111612, [0])
(111613, [0])
(111614, [0])
(111615, [0])
(111616, [0])
(111617, [0])
(111618, [0])
(111619, [0])
(111620, [0])
(111621, [0])
(111622, [0])
(111623, [0])
(111624, [0, 23])
(111625, [0])
(111626, [0])
(111627, [0])
(111628, [0])
(111629, [0])
(111630, [0])
(111631, [0])
(111632, [0, 21])
(111633, [0])
(111634, [0, 21])
(111635, [0])
(111636, [0])
(111637, [0, 8])
(111638, [0])
(111639, [0, 10, 12])
(111640, [0])
(111641, [0])
(111642, [0])
(111643, [0])
(111644, [0])
(111645, [0])
(111646, [0])
(111647, [0])
(111648, [0])
(111649, [0, 1, 23, 12])
(111650, [0])
(111651, [0])
(111652, [0])
(111653, [0])
(111654, [0])
(111655, [0])
(111656, [0])
(111657, [0])
(111658, [0])
(111659, [0])
(111660, [0])
(111661, [0])
(111662, [0])
(111663, [0])
(111664, [0])
(111665, [0, 42, 1, 23, 3])
(111666, [0])
(111667, [0])
(111668, [0])
(111669, [0, 1, 19, 3])
(111670, [0])
(111671, [0])
(111672, [0])
(111673, [0])
(111674, [0])
(111675, [0])
(111676, [0, 3, 2, 13])
(111677, [0])
(111678, [0])
(111679, [0])
(111680, [11, 23])
(111681, [11])
(111682, [11])
(111683, [11])
(111684, [11, 31, 41])
(111685, [11])
(111686, [11])
(111687, [11, 42, 1, 21, 43, 23, 4, 3, 12, 22])
(111688, [11, 44, 41, 12])
(111689, [11])
(111690, [11, 41, 2])
(111691, [11, 17, 1, 21, 44, 4, 15, 3, 2, 22])
(111692, [11])
(111693, [11])
(111694, [11, 1, 8, 43, 24, 3])
(111695, [11])
(111696, [11, 26, 43, 24])
(111697, [11])
(111698, [11, 2])
(111699, [11, 6, 19, 21, 40])
(111700, [11])
(111701, [11, 1, 21, 12, 40, 13])
(111702, [11])
(111703, [11])
(111704, [7, 41])
(111705, [7, 1])
(111706, [7, 6, 2])
(111707, [7, 1, 3])
(111708, [7])
(111709, [7, 4])
(111710, [7])
(111711, [7, 1])
(111712, [7])
(111713, [7])
(111714, [7, 30, 23])
(111715, [7, 8, 23])
(111716, [7, 28, 24, 4])
(111717, [29, 6, 17, 1, 26, 8, 21, 30, 23, 15])
(111718, [16])
(111719, [16])
(111720, [16])
(111721, [16, 1])
(111722, [16])
(111723, [16, 26, 3, 12, 2])
(111724, [16])
(111725, [16])
(111726, [16, 42, 30, 23])
(111727, [16])
(111728, [16, 6, 10, 19, 30, 2])
(111729, [16])
(111730, [16, 26, 2])
(111731, [16, 39, 40, 2])
(111732, [16])
(111733, [16, 23])
(111734, [6])
(111735, [6, 19])
(111736, [6])
(111737, [6])
(111738, [6, 43, 30, 12])
(111739, [6, 2, 14])
(111740, [6, 3])
(111741, [6, 1, 31, 39, 15, 3])
(111742, [6, 43])
(111743, [6])
(111744, [6])
(111745, [28])
(111746, [28])
(111747, [28])
(111748, [17, 2])
(111749, [17])
(111750, [17, 21, 36, 14])
(111751, [17, 36, 14])
(111752, [17])
(111753, [17, 44, 4, 40, 14])
(111754, [17])
(111755, [17])
(111756, [17])
(111757, [17])
(111758, [17])
(111759, [17])
(111760, [17])
(111761, [17])
(111762, [17])
(111763, [17, 2])
(111764, [17])
(111765, [17])
(111766, [17, 19, 41, 24, 2])
(111767, [17])
(111768, [1])
(111769, [1])
(111770, [1, 44, 3])
(111771, [1, 21, 22])
(111772, [1])
(111773, [1, 21, 3, 12])
(111774, [1, 5])
(111775, [1])
(111776, [1])
(111777, [1])
(111778, [1])
(111779, [1])
(111780, [1, 21, 3])
(111781, [1, 3])
(111782, [1])
(111783, [1, 21])
(111784, [1])
(111785, [1, 3, 22])
(111786, [1, 23, 22])
(111787, [1])
(111788, [1])
(111789, [1])
(111790, [1, 26])
(111791, [1])
(111792, [1, 19, 39])
(111793, [1])
(111794, [1, 19, 44, 23, 3, 22])
(111795, [1])
(111796, [1])
(111797, [1])
(111798, [1, 3])
(111799, [1])
(111800, [1])
(111801, [1])
(111802, [1])
(111803, [1, 3])
(111804, [1])
(111805, [1])
(111806, [10])
(111807, [10])
(111808, [10])
(111809, [10])
(111810, [10])
(111811, [10])
(111812, [10])
(111813, [10, 26])
(111814, [10])
(111815, [19])
(111816, [19])
(111817, [19, 26, 3])
(111818, [19, 12])
(111819, [19])
(111820, [19, 21, 3])
(111821, [19])
(111822, [19])
(111823, [19])
(111824, [19])
(111825, [19, 44, 38, 30, 12, 2])
(111826, [19, 2])
(111827, [19, 21, 39, 3])
(111828, [19, 8, 43, 23])
(111829, [19, 2])
(111830, [19, 21, 3])
(111831, [19])
(111832, [19])
(111833, [19])
(111834, [19, 30])
(111835, [19, 2])
(111836, [19])
(111837, [19, 41])
(111838, [19])
(111839, [19, 2])
(111840, [19, 12])
(111841, [19])
(111842, [19])
(111843, [26])
(111844, [26, 13])
(111845, [26])
(111846, [26])
(111847, [26])
(111848, [26, 8, 43, 41, 24, 4, 5, 22])
(111849, [26])
(111850, [26])
(111851, [26])
(111852, [26])
(111853, [26, 43, 31, 41, 4, 12])
(111854, [26])
(111855, [26])
(111856, [26])
(111857, [26])
(111858, [26])
(111859, [26])
(111860, [26])
(111861, [26, 21, 37])
(111862, [26, 44, 43, 2, 13, 14])
(111863, [26])
(111864, [8])
(111865, [8, 43, 23])
(111866, [8])
(111867, [8])
(111868, [8, 21])
(111869, [8])
(111870, [8, 43, 23])
(111871, [8])
(111872, [8, 37, 2])
(111873, [8])
(111874, [8])
(111875, [8])
(111876, [8])
(111877, [8])
(111878, [8, 23])
(111879, [8])
(111880, [8])
(111881, [21])
(111882, [21])
(111883, [21])
(111884, [21])
(111885, [21])
(111886, [21, 3, 2])
(111887, [21])
(111888, [21, 3])
(111889, [21])
(111890, [21])
(111891, [21])
(111892, [21])
(111893, [21])
(111894, [21])
(111895, [21, 3, 22])
(111896, [21])
(111897, [21])
(111898, [21])
(111899, [21])
(111900, [21])
(111901, [21])
(111902, [21, 13])
(111903, [21])
(111904, [21])
(111905, [21])
(111906, [21])
(111907, [21])
(111908, [21, 44])
(111909, [21])
(111910, [21])
(111911, [21])
(111912, [21])
(111913, [21])
(111914, [21])
(111915, [21])
(111916, [21])
(111917, [21])
(111918, [21])
(111919, [21])
(111920, [21])
(111921, [21, 12])
(111922, [21])
(111923, [21])
(111924, [21])
(111925, [21])
(111926, [21])
(111927, [21])
(111928, [21])
(111929, [21])
(111930, [44, 4])
(111931, [44])
(111932, [44])
(111933, [44])
(111934, [44])
(111935, [44])
(111936, [44, 23])
(111937, [44])
(111938, [44])
(111939, [44])
(111940, [44, 13])
(111941, [43])
(111942, [43])
(111943, [43])
(111944, [43])
(111945, [43])
(111946, [43])
(111947, [43])
(111948, [43])
(111949, [43])
(111950, [43])
(111951, [43])
(111952, [43])
(111953, [43])
(111954, [43])
(111955, [43])
(111956, [43])
(111957, [43, 12])
(111958, [43])
(111959, [43])
(111960, [43])
(111961, [43])
(111962, [43])
(111963, [43])
(111964, [38])
(111965, [38])
(111966, [36])
(111967, [36])
(111968, [36])
(111969, [36, 14])
(111970, [36])
(111971, [36])
(111972, [36, 2])
(111973, [36])
(111974, [36])
(111975, [36])
(111976, [36])
(111977, [36])
(111978, [36])
(111979, [36])
(111980, [36])
(111981, [36])
(111982, [36])
(111983, [36])
(111984, [36])
(111985, [36])
(111986, [36])
(111987, [36])
(111988, [31])
(111989, [31])
(111990, [31])
(111991, [31])
(111992, [31, 30])
(111993, [31])
(111994, [31])
(111995, [31])
(111996, [31, 4, 12])
(111997, [31])
(111998, [31])
(111999, [31])
(112000, [30])
(112001, [30])
(112002, [30])
(112003, [30])
(112004, [30])
(112005, [30])
(112006, [30])
(112007, [30])
(112008, [37])
(112009, [37])
(112010, [37])
(112011, [37])
(112012, [37])
(112013, [37])
(112014, [37])
(112015, [39])
(112016, [39])
(112017, [39, 23])
(112018, [39, 4, 15])
(112019, [41])
(112020, [41])
(112021, [41])
(112022, [41])
(112023, [41])
(112024, [41])
(112025, [41])
(112026, [41])
(112027, [41, 2, 14])
(112028, [41])
(112029, [41])
(112030, [41])
(112031, [41])
(112032, [41])
(112033, [41])
(112034, [41])
(112035, [41])
(112036, [41])
(112037, [41])
(112038, [24])
(112039, [24, 4])
(112040, [24])
(112041, [24])
(112042, [24])
(112043, [24])
(112044, [24])
(112045, [24])
(112046, [24])
(112047, [23])
(112048, [23])
(112049, [23])
(112050, [23])
(112051, [23])
(112052, [23])
(112053, [23])
(112054, [23])
(112055, [23])
(112056, [23])
(112057, [23])
(112058, [23])
(112059, [23])
(112060, [23])
(112061, [23])
(112062, [23])
(112063, [23])
(112064, [23])
(112065, [23])
(112066, [23])
(112067, [23])
(112068, [23])
(112069, [23])
(112070, [23])
(112071, [23])
(112072, [23])
(112073, [23])
(112074, [23])
(112075, [23])
(112076, [23])
(112077, [23])
(112078, [23])
(112079, [23])
(112080, [23])
(112081, [23])
(112082, [23])
(112083, [23])
(112084, [23])
(112085, [23])
(112086, [23])
(112087, [23])
(112088, [23])
(112089, [23])
(112090, [23])
(112091, [23])
(112092, [23])
(112093, [23])
(112094, [23, 3, 12])
(112095, [23])
(112096, [23])
(112097, [23])
(112098, [23])
(112099, [23])
(112100, [23])
(112101, [4, 22])
(112102, [4, 2])
(112103, [4, 2])
(112104, [4])
(112105, [4])
(112106, [4])
(112107, [4])
(112108, [4])
(112109, [4])
(112110, [4, 2])
(112111, [4])
(112112, [4, 22])
(112113, [4])
(112114, [4])
(112115, [4])
(112116, [4, 40, 14])
(112117, [4])
(112118, [4])
(112119, [4])
(112120, [4])
(112121, [4])
(112122, [4, 15])
(112123, [4])
(112124, [4])
(112125, [4])
(112126, [4])
(112127, [4])
(112128, [4])
(112129, [4])
(112130, [4, 15])
(112131, [4])
(112132, [4])
(112133, [15])
(112134, [15])
(112135, [15])
(112136, [15])
(112137, [15])
(112138, [15])
(112139, [15])
(112140, [15])
(112141, [15])
(112142, [15, 3, 2])
(112143, [15])
(112144, [15])
(112145, [15])
(112146, [15])
(112147, [15])
(112148, [15])
(112149, [15])
(112150, [15])
(112151, [15, 12])
(112152, [15])
(112153, [15])
(112154, [3])
(112155, [3])
(112156, [3])
(112157, [3])
(112158, [3])
(112159, [3])
(112160, [3])
(112161, [3])
(112162, [3])
(112163, [3])
(112164, [3])
(112165, [3])
(112166, [3])
(112167, [3])
(112168, [3])
(112169, [3, 2])
(112170, [3, 2, 13])
(112171, [3])
(112172, [3])
(112173, [3])
(112174, [3])
(112175, [3])
(112176, [3])
(112177, [12])
(112178, [12])
(112179, [12])
(112180, [12])
(112181, [12])
(112182, [12])
(112183, [12])
(112184, [12])
(112185, [12])
(112186, [12, 2])
(112187, [12])
(112188, [12])
(112189, [12])
(112190, [12])
(112191, [12])
(112192, [12])
(112193, [12])
(112194, [12])
(112195, [12])
(112196, [12])
(112197, [12])
(112198, [12])
(112199, [12])
(112200, [12])
(112201, [12])
(112202, [12])
(112203, [12])
(112204, [12])
(112205, [12])
(112206, [12])
(112207, [12])
(112208, [12])
(112209, [12])
(112210, [12])
(112211, [12])
(112212, [12])
(112213, [12])
(112214, [12])
(112215, [12])
(112216, [12])
(112217, [12])
(112218, [12])
(112219, [12])
(112220, [12])
(112221, [12])
(112222, [12])
(112223, [12])
(112224, [12])
(112225, [12])
(112226, [12])
(112227, [12])
(112228, [12])
(112229, [12])
(112230, [12])
(112231, [12])
(112232, [12])
(112233, [12])
(112234, [12])
(112235, [12])
(112236, [12])
(112237, [12])
(112238, [12])
(112239, [12])
(112240, [12])
(112241, [12])
(112242, [12])
(112243, [12])
(112244, [12])
(112245, [12])
(112246, [12])
(112247, [12])
(112248, [12])
(112249, [12])
(112250, [12])
(112251, [12])
(112252, [12])
(112253, [12])
(112254, [12])
(112255, [12])
(112256, [12])
(112257, [12])
(112258, [12])
(112259, [12])
(112260, [40])
(112261, [40, 2])
(112262, [40])
(112263, [2])
(112264, [2])
(112265, [2])
(112266, [2])
(112267, [2])
(112268, [2])
(112269, [2])
(112270, [2])
(112271, [2])
(112272, [2, 14])
(112273, [2])
(112274, [2])
(112275, [2])
(112276, [2])
(112277, [2, 25])
(112278, [2])
(112279, [2])
(112280, [2])
(112281, [2])
(112282, [2])
(112283, [2])
(112284, [2])
(112285, [2])
(112286, [2])
(112287, [2])
(112288, [2])
(112289, [2])
(112290, [2])
(112291, [2])
(112292, [2])
(112293, [2])
(112294, [2])
(112295, [2])
(112296, [2])
(112297, [2])
(112298, [2])
(112299, [2])
(112300, [2])
(112301, [2])
(112302, [2])
(112303, [2])
(112304, [2])
(112305, [2])
(112306, [2])
(112307, [2])
(112308, [2])
(112309, [2])
(112310, [2])
(112311, [2])
(112312, [2])
(112313, [2])
(112314, [2])
(112315, [2])
(112316, [2])
(112317, [2])
(112318, [2])
(112319, [2])
(112320, [2])
(112321, [2])
(112322, [2])
(112323, [2])
(112324, [2])
(112325, [2])
(112326, [2])
(112327, [13])
(112328, [13])
(112329, [13])
(112330, [13])
(112331, [13])
(112332, [5])
(112333, [5])
(112334, [5])
(112335, [5])
(112336, [5])
(112337, [5])
(112338, [5])
(112339, [5])
(112340, [5])
(112341, [14])
(112342, [14])
(112343, [14])
(112344, [14])
(112345, [14, 25])
(112346, [14])
(112347, [14])
(112348, [14])
(112349, [14])
(112350, [14])
(112351, [14])
(112352, [14])
(112353, [14])
(112354, [22])
(112355, [22])
(112356, [22])
(112357, [22])
(112358, [22])
(112359, [22])
(112360, [22])
(112361, [22])
(112362, [22])
(112363, [22])
(112364, [22])
(112365, [22])
(112366, [25])
