(28840, [0, 1, 2, 3, 4, 5, 6, 7, 8, 9, 10, 11, 12, 13, 14, 15, 16, 17, 18, 19, 20, 21, 22, 23, 24, 25, 26, 27, 28, 29, 30, 31, 32, 33, 34, 35, 36, 37, 38, 39, 40, 41, 42, 43, 44])
(28841, [0, 1, 2, 3, 4, 5, 6, 7, 8, 9, 10, 11, 12, 13, 14, 15, 16, 17, 18, 19, 20, 21, 22, 23, 24, 25, 26, 27, 28, 29, 30, 31, 32, 33, 34, 35, 36, 37, 38, 39, 40, 41, 42, 43, 44])
(28842, [0, 12, 14, 17, 18, 19, 21, 22, 31, 32])
(28843, [0, 1, 2, 3, 4, 5, 6, 7, 8, 9, 10, 11, 12, 13, 14, 15, 16, 17, 18, 19, 20, 21, 22, 23, 24, 25, 26, 27, 28, 29, 30, 31, 32, 33, 34, 35, 36, 37, 38, 39, 40, 41, 42, 43, 44])
(28844, [0, 1, 2, 3, 4, 6, 7, 9, 10, 11, 12, 13, 14, 15, 16, 17, 18, 19, 20, 21, 22, 23, 24, 25, 26, 27, 28, 29, 30, 31, 32, 33, 34, 35, 36, 37, 40, 41, 42, 43, 44])
(28845, [0, 1, 2, 3, 5, 7, 9, 11, 13, 15, 18, 19, 23, 24, 26, 31, 32, 33, 41, 43, 44])
(28846, [0, 1, 2, 3, 4, 5, 6, 7, 8, 9, 11, 12, 13, 14, 15, 16, 17, 18, 19, 20, 21, 22, 23, 24, 26, 28, 30, 31, 32, 33, 34, 35, 36, 37, 38, 39, 40, 41, 42, 43, 44])
(28847, [0, 1, 2, 3, 4, 5, 6, 7, 8, 9, 10, 11, 12, 13, 14, 15, 16, 17, 18, 19, 20, 21, 22, 23, 24, 25, 26, 27, 28, 30, 31, 32, 33, 34, 35, 36, 37, 39, 40, 41, 42, 43, 44])
(28848, [2, 4, 9, 11, 13, 14, 15, 20, 24, 26, 32, 33, 34, 41, 44])
(28849, [0, 1, 2, 3, 4, 5, 6, 7, 9, 10, 11, 12, 13, 14, 15, 16, 17, 18, 19, 20, 21, 22, 23, 24, 25, 26, 27, 28, 30, 31, 32, 33, 34, 35, 36, 37, 38, 39, 40, 41, 43, 44])
(28850, [0, 1, 2, 3, 4, 5, 6, 7, 8, 9, 10, 11, 12, 13, 14, 15, 16, 17, 18, 19, 20, 21, 22, 23, 24, 25, 26, 27, 29, 30, 31, 32, 33, 34, 35, 36, 37, 38, 39, 40, 41, 42, 43, 44])
(28851, [0, 1, 3, 9, 32])
(28852, [1, 2, 3, 4, 5, 6, 8, 9, 11, 12, 13, 15, 16, 17, 18, 19, 20, 21, 23, 24, 26, 27, 30, 31, 32, 33, 34, 35, 40, 41, 43, 44])
(28853, [0, 1, 2, 3, 7, 9, 11, 15, 16, 18, 19, 20, 21, 22, 24, 25, 26, 30, 31, 32, 33, 40, 42, 43, 44])
(28854, [1, 2, 3, 4, 6, 7, 9, 11, 12, 13, 15, 16, 17, 18, 19, 20, 21, 22, 23, 24, 25, 26, 30, 31, 32, 33, 34, 36, 40, 41, 43, 44])
(28855, [0, 4, 6, 12, 15, 17, 21, 30, 32, 33, 41])
(28856, [0, 1, 2, 3, 4, 6, 7, 8, 9, 11, 12, 13, 14, 15, 17, 18, 19, 20, 22, 23, 24, 25, 26, 30, 31, 32, 33, 34, 35, 36, 38, 40, 41, 43, 44])
(28857, [0, 1, 2, 3, 6, 7, 9, 11, 13, 14, 15, 16, 17, 18, 19, 20, 21, 22, 24, 26, 27, 29, 30, 31, 32, 33, 34, 35, 36, 37, 40, 41, 42, 43, 44])
(28858, [0, 1, 2, 3, 4, 5, 6, 7, 8, 9, 10, 11, 12, 13, 14, 15, 16, 17, 18, 19, 20, 21, 22, 23, 24, 26, 27, 28, 29, 30, 31, 32, 33, 34, 35, 37, 38, 39, 40, 41, 42, 43, 44])
(28859, [0, 1, 2, 3, 4, 6, 8, 9, 10, 11, 12, 14, 15, 16, 17, 18, 19, 20, 21, 22, 23, 24, 27, 30, 31, 32, 33, 34, 35, 36, 37, 38, 40, 41, 42, 43, 44])
(28860, [0, 1, 2, 3, 4, 6, 7, 9, 11, 12, 15, 18, 19, 21, 22, 23, 26, 27, 31, 32, 33, 34, 39, 41, 42, 43, 44])
(28861, [0, 1, 2, 3, 9, 11, 12, 14, 17, 19, 24, 30, 31, 32, 33, 34, 40, 42, 43, 44])
(28862, [1, 3, 9, 10, 12, 15, 19, 32])
(28863, [0, 1, 2, 3, 4, 5, 12, 13, 16, 22, 23, 32, 33, 40, 41, 43])
(28864, [0, 2, 3, 6, 9, 11, 13, 14, 19, 20, 24, 26, 30, 31, 32, 33, 41, 43])
(28865, [0, 1, 2, 3, 4, 6, 7, 8, 9, 12, 13, 15, 16, 17, 18, 19, 20, 22, 26, 29, 30, 31, 32, 33, 34, 39, 40, 44])
(28866, [0, 1, 2, 3, 4, 6, 7, 8, 9, 11, 12, 14, 15, 16, 17, 18, 19, 21, 22, 23, 26, 27, 29, 30, 31, 32, 33, 34, 36, 42, 43, 44])
(28867, [2, 3, 8, 9, 12, 15, 19, 26, 30, 31, 32, 33, 37, 43, 44])
(28868, [0, 2, 3, 7, 11, 32, 33])
(28869, [0, 1, 2, 3, 4, 6, 7, 9, 11, 12, 13, 14, 15, 18, 19, 21, 22, 23, 24, 26, 27, 30, 31, 32, 34, 35, 40, 41, 42, 43, 44])
(28870, [0, 1, 2, 3, 4, 6, 7, 8, 9, 11, 12, 15, 16, 18, 19, 20, 21, 22, 23, 24, 26, 30, 32, 33, 34, 35, 42, 43, 44])
(28871, [1, 3, 4, 9, 11, 18, 19, 22, 23, 32, 38, 40, 44])
(28872, [0, 2, 3, 7, 9, 13, 14, 24, 26, 31, 32, 33, 34, 41, 43, 44])
(28873, [0, 1, 2, 3, 4, 6, 7, 9, 11, 14, 15, 16, 17, 18, 19, 21, 22, 23, 24, 26, 30, 31, 32, 33, 34, 36, 43, 44])
(28874, [2, 5, 8, 9, 11, 17, 31, 32, 34, 43, 44])
(28875, [0, 1, 3, 5, 6, 7, 8, 9, 10, 12, 13, 15, 16, 17, 18, 19, 20, 23, 26, 27, 29, 31, 32, 34, 39, 41, 42, 44])
(28876, [0, 1, 2, 3, 4, 5, 6, 7, 8, 9, 10, 11, 12, 13, 14, 15, 16, 17, 18, 19, 20, 21, 22, 23, 24, 25, 26, 30, 31, 32, 33, 34, 35, 37, 38, 41, 42, 43, 44])
(28877, [0, 1, 2, 3, 4, 8, 9, 10, 11, 12, 15, 16, 17, 19, 20, 21, 22, 23, 25, 27, 30, 31, 32, 33, 34, 36, 40, 41, 42, 43, 44])
(28878, [0, 1, 4, 6, 9, 11, 15, 16, 17, 19, 21, 22, 23, 24, 30, 31, 32, 33, 34, 38, 40, 41, 43])
(28879, [0, 1, 2, 3, 4, 5, 6, 7, 8, 9, 10, 11, 12, 13, 15, 16, 17, 18, 19, 20, 21, 22, 23, 24, 25, 26, 27, 29, 30, 31, 32, 33, 34, 35, 37, 39, 40, 41, 42, 43, 44])
(28880, [2, 3, 4, 6, 9, 12, 14, 27, 31, 32, 44])
(28881, [1, 2, 3, 4, 5, 6, 7, 8, 9, 11, 12, 13, 14, 15, 16, 17, 18, 19, 20, 21, 23, 24, 26, 27, 28, 30, 31, 32, 33, 34, 35, 36, 38, 39, 40, 41, 42, 43, 44])
(28882, [1, 2, 3, 4, 5, 6, 7, 8, 9, 10, 11, 12, 13, 15, 16, 17, 18, 19, 20, 21, 23, 24, 26, 29, 31, 32, 33, 34, 35, 36, 40, 41, 43])
(28883, [1, 2, 3, 4, 6, 7, 8, 9, 11, 12, 13, 15, 17, 18, 19, 21, 23, 25, 26, 30, 31, 32, 33, 40, 41, 43, 44])
(28884, [4, 32, 41])
(28885, [0, 1, 2, 9, 11, 12, 15, 16, 23, 26, 30, 32, 35, 38, 41])
(28886, [1, 3, 6, 7, 8, 11, 12, 15, 18, 20, 22, 23, 30, 31, 32, 33, 34, 35, 37, 41, 43])
(28887, [1, 3, 6, 19, 21, 32, 34, 40, 43, 44])
(28888, [11, 12, 19, 26, 32])
(28889, [0, 1, 2, 3, 4, 7, 9, 11, 12, 13, 14, 15, 16, 17, 18, 19, 20, 24, 26, 31, 32, 33, 34, 36, 40, 41, 43, 44])
(28890, [2, 3, 4, 15, 18, 20, 23, 24, 32, 41, 43, 44])
(28891, [9, 32])
(28892, [0, 9, 12, 13, 32])
(28893, [0, 1, 2, 3, 4, 5, 6, 8, 9, 11, 12, 14, 15, 16, 17, 18, 19, 20, 21, 23, 24, 26, 28, 30, 31, 32, 33, 34, 35, 39, 40, 41, 42, 43, 44])
(28894, [1, 2, 3, 4, 6, 7, 8, 9, 11, 12, 13, 14, 15, 18, 19, 21, 22, 23, 24, 26, 27, 29, 30, 31, 32, 33, 34, 35, 36, 37, 39, 40, 43, 44])
(28895, [4, 5, 8, 12, 15, 16, 17, 18, 19, 21, 22, 23, 27, 30, 31, 32, 33, 35, 43, 44])
(28896, [2, 4, 6, 8, 9, 11, 15, 24, 26, 32, 43, 44])
(28897, [0, 1, 2, 3, 4, 5, 6, 7, 8, 9, 12, 16, 17, 18, 20, 23, 26, 30, 32, 34, 35, 36, 40, 41, 43, 44])
(28898, [1, 3, 4, 9, 14, 15, 16, 19, 24, 31, 32, 33, 34, 44])
(28899, [1, 3, 4, 6, 7, 8, 12, 16, 18, 21, 23, 29, 30, 31, 32, 34, 38, 41, 43])
(28900, [0, 19, 32])
(28901, [0, 1, 2, 3, 6, 9, 10, 11, 15, 21, 26, 28, 30, 31, 32, 33, 34, 42, 43, 44])
(28902, [18, 32, 43])
(28903, [0, 1, 2, 6, 9, 14, 19, 30, 31, 32, 36])
(28904, [2, 4, 6, 13, 26, 32, 44])
(28905, [1, 29, 31, 32, 33, 36, 41])
(28906, [22, 32, 43, 44])
(28907, [0, 1, 4, 6, 9, 14, 15, 17, 18, 19, 23, 24, 27, 31, 32, 35, 43])
(28908, [11, 32])
(28909, [4, 12, 18, 19, 20, 23, 31, 32, 36, 41])
(28910, [1, 2, 3, 5, 6, 8, 9, 10, 11, 12, 13, 15, 16, 17, 18, 19, 21, 22, 23, 26, 30, 31, 32, 33, 34, 35, 38, 41, 43, 44])
(28911, [0, 1, 2, 4, 6, 7, 9, 11, 12, 13, 14, 15, 16, 17, 19, 22, 23, 24, 25, 26, 27, 28, 30, 31, 32, 33, 34, 36, 39, 40, 41, 43, 44])
(28912, [2, 32])
(28913, [1, 2, 3, 4, 5, 6, 7, 8, 9, 10, 11, 12, 13, 14, 15, 16, 17, 18, 19, 20, 21, 22, 23, 25, 26, 27, 29, 30, 31, 32, 33, 34, 35, 37, 38, 40, 41, 43, 44])
(28914, [9, 11, 18, 30, 31, 32, 33, 34])
(28915, [0, 1, 3, 4, 6, 8, 9, 11, 12, 16, 19, 21, 22, 23, 24, 26, 30, 31, 32, 33, 34, 41, 43])
(28916, [0, 3, 32])
(28917, [1, 2, 3, 10, 12, 28, 32])
(28918, [1, 3, 4, 5, 7, 9, 19, 20, 30, 32, 33, 34, 38, 43, 44])
(28919, [1, 2, 30, 31, 32])
(28920, [0, 1, 2, 3, 17, 18, 19, 31, 32, 33])
(28921, [1, 2, 3, 4, 13, 15, 19, 21, 25, 26, 31, 32, 43])
(28922, [9, 11, 15, 18, 19, 32, 34, 41, 44])
(28923, [1, 2, 3, 4, 5, 6, 7, 9, 11, 12, 13, 15, 16, 17, 19, 20, 21, 22, 23, 24, 26, 28, 31, 32, 33, 38, 40, 41, 42, 43, 44])
(28924, [0, 1, 2, 3, 4, 5, 6, 7, 8, 9, 10, 11, 13, 14, 15, 16, 17, 18, 19, 21, 22, 23, 26, 30, 31, 32, 33, 34, 35, 37, 40, 43, 44])
(28925, [12, 19, 32, 35])
(28926, [0, 1, 2, 3, 4, 5, 6, 7, 8, 9, 10, 11, 12, 15, 16, 17, 18, 19, 20, 21, 23, 27, 28, 30, 31, 32, 33, 34, 35, 37, 39, 41, 42, 43, 44])
(28927, [18, 21, 31, 32, 44])
(28928, [11, 23, 30, 31, 32, 34])
(28929, [32])
(28930, [0, 1, 3, 7, 9, 11, 12, 15, 18, 23, 26, 31, 32, 41, 43])
(28931, [3, 32, 33, 36])
(28932, [0, 8, 9, 15, 32])
(28933, [0, 2, 4, 6, 7, 11, 13, 14, 15, 16, 17, 20, 24, 25, 26, 28, 30, 32, 33, 34, 36, 39, 40, 41, 44])
(28934, [3, 26, 32])
(28935, [1, 3, 5, 8, 9, 12, 16, 18, 22, 23, 30, 31, 32, 38, 43])
(28936, [0, 1, 2, 3, 4, 11, 19, 20, 21, 26, 30, 32, 42, 44])
(28937, [10, 11, 12, 17, 20, 23, 25, 28, 32, 33])
(28938, [0, 2, 3, 4, 6, 7, 17, 18, 19, 20, 23, 26, 28, 32, 33, 34, 36, 37, 41, 43, 44])
(28939, [11, 31, 32, 34])
(28940, [0, 1, 15, 16, 20, 27, 32, 33, 34, 41])
(28941, [32])
(28942, [22, 23, 30, 32])
(28943, [0, 2, 4, 6, 9, 13, 14, 18, 23, 26, 30, 32, 33, 36, 41, 43])
(28944, [1, 2, 3, 4, 7, 9, 11, 12, 13, 14, 16, 17, 18, 19, 21, 23, 24, 25, 27, 28, 32, 34, 35, 36, 37, 39, 40, 41, 44])
(28945, [0, 2, 4, 6, 11, 14, 15, 17, 24, 25, 26, 28, 30, 32, 33, 34, 36, 39, 40, 41, 44])
(28946, [0, 1, 2, 3, 4, 5, 6, 7, 8, 9, 10, 11, 12, 13, 14, 15, 16, 18, 19, 20, 21, 22, 23, 24, 25, 26, 27, 28, 29, 30, 31, 33, 34, 35, 36, 37, 38, 39, 40, 41, 42, 43, 44])
(28947, [0, 1, 2, 3, 4, 5, 6, 7, 8, 9, 10, 11, 12, 13, 14, 15, 16, 18, 19, 20, 21, 22, 23, 24, 25, 26, 27, 28, 29, 30, 31, 33, 34, 35, 36, 37, 38, 39, 40, 41, 42, 43, 44])
(28948, [0, 1, 2, 3, 4, 5, 6, 7, 8, 9, 10, 11, 12, 13, 14, 15, 16, 18, 19, 20, 21, 22, 23, 24, 25, 26, 27, 28, 29, 30, 31, 33, 34, 35, 36, 37, 38, 39, 40, 41, 42, 43, 44])
(28949, [1, 2, 3, 4, 7, 9, 11, 12, 15, 17, 18, 19, 21, 22, 23, 26, 35, 37, 40, 42, 44])
(28950, [0, 1, 3, 6, 7, 9, 12, 15, 18, 19, 21, 22, 23, 26, 30, 34, 35, 39])
(28951, [1, 35, 44])
(28952, [4, 7, 11, 23, 26, 35, 44])
(28953, [35])
(28954, [35])
(28955, [4, 9, 12, 13, 15, 21, 22, 26, 30, 35, 44])
(28956, [0, 3, 4, 9, 35])
(28957, [35])
(28958, [2, 8, 11, 18, 19, 21, 22, 26, 30, 31, 35, 36, 41, 44])
(28959, [0, 1, 2, 3, 9, 10, 11, 12, 13, 16, 18, 19, 20, 21, 23, 26, 28, 33, 34, 35, 36, 39, 41, 44])
(28960, [35])
(28961, [35])
(28962, [2, 3, 9, 10, 12, 20, 21, 24, 27, 30, 35, 41])
(28963, [1, 2, 3, 4, 6, 8, 9, 10, 11, 12, 13, 14, 15, 16, 18, 19, 20, 21, 22, 23, 24, 28, 34, 35, 36, 39, 40, 43, 44])
(28964, [35])
(28965, [35])
(28966, [35])
(28967, [1, 3, 9, 11, 12, 15, 18, 19, 24, 35])
(28968, [0, 1, 35])
(28969, [35])
(28970, [0, 1, 2, 3, 4, 5, 6, 7, 8, 9, 11, 12, 14, 15, 16, 18, 19, 21, 23, 26, 30, 33, 35, 37, 38, 41, 42, 43, 44])
(28971, [35])
(28972, [35, 37])
(28973, [35])
(28974, [35])
(28975, [34, 35])
(28976, [35])
(28977, [35])
(28978, [35])
(28979, [35])
(28980, [35])
(28981, [35])
(28982, [0, 1, 2, 3, 4, 12, 16, 18, 24, 31, 35, 43])
(28983, [35])
(28984, [1, 26, 35])
(28985, [0, 1, 3, 6, 11, 12, 16, 19, 21, 22, 23, 33, 35, 37, 38, 42, 43, 44])
(28986, [35])
(28987, [35, 39])
(28988, [1, 2, 3, 7, 9, 11, 12, 15, 16, 18, 19, 21, 22, 30, 31, 35, 38, 40, 42, 43])
(28989, [1, 2, 9, 11, 16, 19, 21, 23, 30, 33, 35, 44])
(28990, [35])
(28991, [35])
(28992, [35])
(28993, [0, 1, 2, 3, 5, 8, 9, 15, 18, 20, 21, 23, 24, 26, 31, 33, 34, 35, 42])
(28994, [0, 1, 2, 3, 4, 5, 6, 7, 8, 9, 10, 11, 12, 13, 14, 15, 16, 17, 18, 19, 20, 21, 22, 23, 26, 30, 31, 33, 34, 35, 36, 39, 41, 42, 43, 44])
(28995, [1, 3, 4, 8, 9, 11, 12, 18, 23, 24, 34, 35, 43])
(28996, [35])
(28997, [1, 3, 11, 12, 18, 21, 23, 33, 34, 35, 44])
(28998, [35])
(28999, [0, 1, 2, 3, 4, 5, 7, 8, 9, 11, 12, 15, 16, 19, 22, 23, 26, 27, 30, 33, 34, 39, 43, 44])
(29000, [0, 1, 6, 9, 11, 12, 14, 18, 31, 34, 41])
(29001, [34])
(29002, [34])
(29003, [1, 3, 9, 12, 23, 26, 34])
(29004, [2, 4, 7, 9, 12, 15, 17, 18, 19, 21, 22, 23, 24, 31, 33, 34, 44])
(29005, [1, 2, 4, 9, 11, 12, 13, 14, 17, 18, 19, 24, 30, 31, 34, 36, 40, 41, 43, 44])
(29006, [18, 23, 24, 31, 34, 44])
(29007, [26, 34, 41])
(29008, [1, 3, 12, 14, 15, 21, 34, 36])
(29009, [34])
(29010, [1, 2, 3, 7, 12, 16, 19, 26, 30, 33, 34, 41, 42, 43, 44])
(29011, [0, 2, 3, 4, 7, 11, 12, 13, 20, 24, 26, 34, 36, 39, 40, 41, 43])
(29012, [0, 1, 2, 3, 9, 11, 12, 15, 18, 23, 24, 26, 31, 33, 34, 43])
(29013, [0, 2, 11, 15, 17, 19, 31, 34, 41])
(29014, [34])
(29015, [34])
(29016, [1, 2, 3, 7, 16, 19, 20, 22, 34, 37])
(29017, [34])
(29018, [0, 1, 2, 3, 7, 11, 12, 15, 17, 19, 21, 26, 34, 38, 44])
(29019, [34])
(29020, [33, 34])
(29021, [0, 1, 2, 3, 11, 12, 15, 16, 19, 26, 34, 44])
(29022, [0, 2, 12, 13, 16, 19, 21, 26, 28, 34, 36, 43, 44])
(29023, [2, 6, 14, 15, 23, 30, 31, 34, 43])
(29024, [34])
(29025, [0, 12, 34])
(29026, [0, 2, 9, 16, 20, 26, 30, 31, 34, 40, 44])
(29027, [0, 5, 12, 34, 41])
(29028, [34])
(29029, [1, 34])
(29030, [1, 12, 20, 34])
(29031, [34, 41])
(29032, [0, 2, 6, 30, 34, 41])
(29033, [1, 3, 9, 11, 19, 31, 33, 34, 41, 43])
(29034, [0, 1, 2, 3, 4, 5, 9, 11, 15, 16, 21, 26, 31, 33, 34])
(29035, [1, 2, 3, 30, 34])
(29036, [34])
(29037, [12, 34])
(29038, [7, 23, 30, 34])
(29039, [13, 17, 34, 44])
(29040, [0, 3, 23, 26, 34])
(29041, [0, 1, 3, 7, 12, 20, 23, 30, 31, 33, 34])
(29042, [0, 12, 27, 34])
(29043, [0, 2, 3, 4, 8, 9, 11, 12, 13, 16, 17, 21, 34, 40, 41])
(29044, [2, 12, 34])
(29045, [34])
(29046, [0, 9, 15, 17, 19, 22, 28, 34, 42])
(29047, [12, 15, 17, 31, 34, 41])
(29048, [3, 20, 34, 44])
(29049, [0, 2, 34])
(29050, [33])
(29051, [33])
(29052, [1, 3, 7, 18, 19, 33])
(29053, [2, 14, 16, 33, 44])
(29054, [1, 2, 3, 12, 20, 33])
(29055, [33])
(29056, [33])
(29057, [1, 3, 7, 9, 11, 12, 17, 18, 19, 21, 22, 23, 28, 30, 31, 33, 39, 42, 44])
(29058, [3, 20, 33])
(29059, [33])
(29060, [1, 2, 3, 4, 9, 11, 17, 19, 26, 31, 33, 40, 41, 44])
(29061, [1, 30, 31, 33])
(29062, [1, 3, 6, 11, 17, 31, 33, 43])
(29063, [3, 5, 8, 9, 11, 15, 23, 31, 33])
(29064, [0, 3, 7, 9, 11, 12, 16, 20, 23, 30, 31, 33, 41, 42, 43])
(29065, [33])
(29066, [33])
(29067, [0, 2, 5, 8, 9, 13, 14, 18, 21, 22, 30, 33, 39, 41])
(29068, [33])
(29069, [5, 8, 9, 11, 12, 13, 15, 23, 30, 33, 37, 43])
(29070, [33])
(29071, [33])
(29072, [1, 3, 7, 15, 33, 44])
(29073, [23, 33])
(29074, [19, 33])
(29075, [0, 2, 4, 6, 9, 14, 15, 17, 22, 23, 24, 26, 31, 33, 36, 40, 41, 43])
(29076, [13, 19, 30, 31, 33, 36, 39])
(29077, [33])
(29078, [7, 9, 17, 19, 28, 33, 44])
(29079, [12, 33])
(29080, [2, 33])
(29081, [1, 3, 9, 10, 11, 15, 18, 33, 40, 43])
(29082, [9, 18, 19, 31, 33])
(29083, [33])
(29084, [33])
(29085, [0, 1, 18, 33])
(29086, [33])
(29087, [0, 1, 2, 3, 11, 12, 15, 16, 18, 19, 20, 26, 29, 30, 33, 38, 42, 44])
(29088, [1, 7, 14, 24, 33, 43])
(29089, [33])
(29090, [17, 18, 33])
(29091, [0, 2, 12, 13, 18, 19, 26, 33])
(29092, [6, 33])
(29093, [2, 9, 12, 13, 15, 17, 33])
(29094, [0, 2, 9, 28, 31, 33, 41])
(29095, [33])
(29096, [31, 33])
(29097, [20])
(29098, [4, 15, 20, 23])
(29099, [11, 20, 22])
(29100, [20, 26, 41])
(29101, [0, 5, 9, 11, 12, 16, 19, 20, 23, 28, 30, 38, 39, 42, 44])
(29102, [5, 8, 20])
(29103, [20])
(29104, [0, 3, 20])
(29105, [0, 3, 20, 21])
(29106, [2, 7, 12, 20])
(29107, [20])
(29108, [20])
(29109, [20])
(29110, [0, 1, 3, 7, 11, 12, 18, 20, 24, 31, 41, 42, 43])
(29111, [1, 2, 3, 9, 18, 20, 41, 44])
(29112, [2, 3, 7, 8, 9, 11, 12, 15, 17, 19, 20, 21, 26, 29, 31, 37, 43, 44])
(29113, [0, 20])
(29114, [20])
(29115, [0, 3, 20])
(29116, [2, 17, 20])
(29117, [1, 2, 3, 19, 20])
(29118, [2, 3, 6, 7, 11, 19, 20, 26, 43, 44])
(29119, [0, 2, 3, 6, 9, 11, 15, 16, 17, 18, 19, 20, 22, 23, 26, 29, 30, 36, 43, 44])
(29120, [0, 1, 2, 3, 4, 7, 10, 11, 13, 14, 19, 20, 24, 25, 26, 36, 41, 43, 44])
(29121, [0, 1, 2, 3, 4, 6, 7, 9, 11, 12, 15, 16, 17, 19, 20, 24, 26, 28, 30, 39, 40, 41, 43, 44])
(29122, [1, 12, 20])
(29123, [0, 20, 41])
(29124, [0, 4, 20])
(29125, [20])
(29126, [3, 18, 19, 20])
(29127, [18])
(29128, [18])
(29129, [18])
(29130, [18])
(29131, [18])
(29132, [18])
(29133, [1, 2, 3, 6, 8, 9, 11, 18, 19, 21, 22, 23, 27, 30, 44])
(29134, [18])
(29135, [18])
(29136, [7, 18, 21])
(29137, [4, 9, 14, 15, 18, 44])
(29138, [18])
(29139, [0, 5, 8, 12, 18, 22, 23])
(29140, [1, 3, 16, 18, 26, 41, 44])
(29141, [18])
(29142, [2, 4, 6, 9, 18, 19, 23, 24, 43])
(29143, [2, 8, 17, 18])
(29144, [17, 18, 19, 24, 37])
(29145, [2, 3, 18, 26, 41, 44])
(29146, [0, 8, 18, 30])
(29147, [18])
(29148, [18])
(29149, [1, 3, 18])
(29150, [15, 18, 23, 31, 43])
(29151, [2, 15, 18])
(29152, [2, 4, 12, 18, 19, 22, 23, 31, 40, 41, 43])
(29153, [18])
(29154, [1, 3, 12, 18, 19])
(29155, [3, 18, 23])
(29156, [18])
(29157, [18])
(29158, [0, 18])
(29159, [18, 21, 23])
(29160, [18])
(29161, [1, 4, 7, 9, 11, 12, 15, 18, 23, 38, 43, 44])
(29162, [18])
(29163, [18])
(29164, [18])
(29165, [18, 31])
(29166, [3, 18, 21])
(29167, [18])
(29168, [2, 11, 18, 44])
(29169, [18, 21, 23, 24, 31, 41])
(29170, [18])
(29171, [18])
(29172, [18])
(29173, [18])
(29174, [8, 18, 29])
(29175, [18, 30])
(29176, [2, 4, 9, 12, 15, 18, 24, 26, 30, 41])
(29177, [15, 18, 41])
(29178, [18])
(29179, [18])
(29180, [1, 3, 7, 18])
(29181, [2, 18, 26])
(29182, [1, 3, 18])
(29183, [13, 18, 23])
(29184, [18])
(29185, [1, 3, 14, 18])
(29186, [3, 9, 15, 18, 26, 41])
(29187, [18])
(29188, [18])
(29189, [18])
(29190, [18, 23])
(29191, [6, 12, 18, 30, 31, 43])
(29192, [3, 6, 15, 18, 22, 23, 31, 40, 43])
(29193, [18])
(29194, [18])
(29195, [18, 19])
(29196, [12, 18])
(29197, [18])
(29198, [18])
(29199, [18])
(29200, [18])
(29201, [1, 2, 3, 18, 19, 43])
(29202, [4, 18])
(29203, [18])
(29204, [18, 19, 44])
(29205, [9, 11, 13, 15, 18, 19, 23, 41, 43, 44])
(29206, [18])
(29207, [18])
(29208, [2, 18, 22, 41])
(29209, [18])
(29210, [18])
(29211, [18, 21, 22, 23])
(29212, [18])
(29213, [18])
(29214, [18])
(29215, [18])
(29216, [18])
(29217, [3, 18, 21])
(29218, [2, 9, 18, 26])
(29219, [18])
(29220, [18])
(29221, [18, 23])
(29222, [18])
(29223, [18])
(29224, [18])
(29225, [18])
(29226, [0, 9, 18, 23, 26, 28])
(29227, [2, 3, 4, 9, 18])
(29228, [18])
(29229, [1, 3, 18, 21, 23, 31, 44])
(29230, [18])
(29231, [18])
(29232, [0, 18])
(29233, [0, 18, 23])
(29234, [18])
(29235, [18])
(29236, [18])
(29237, [27])
(29238, [27])
(29239, [27])
(29240, [1, 12, 13, 15, 24, 26, 27, 43, 44])
(29241, [2, 27])
(29242, [9, 11, 27, 41])
(29243, [0, 2, 17, 26, 27])
(29244, [12, 21, 27, 28])
(29245, [9, 19])
(29246, [9])
(29247, [9])
(29248, [1, 3, 9])
(29249, [6, 9, 23])
(29250, [0, 1, 2, 3, 8, 9, 12, 19, 23, 37, 44])
(29251, [0, 2, 3, 9, 17, 23, 26, 28, 30, 44])
(29252, [0, 9, 23])
(29253, [2, 4, 9])
(29254, [9])
(29255, [9])
(29256, [1, 3, 6, 9, 11, 14, 16, 19, 29])
(29257, [9, 16, 22, 44])
(29258, [2, 3, 9, 14, 31])
(29259, [9])
(29260, [9, 23])
(29261, [0, 3, 9])
(29262, [9])
(29263, [0, 2, 4, 9, 11, 12, 23, 41])
(29264, [9])
(29265, [9])
(29266, [1, 8, 9])
(29267, [9])
(29268, [1, 9, 11, 12, 14, 19, 22, 26])
(29269, [7, 9])
(29270, [0, 1, 2, 9, 21, 41, 42, 44])
(29271, [9])
(29272, [9])
(29273, [9])
(29274, [9])
(29275, [9])
(29276, [0, 2, 6, 9, 14, 31, 43])
(29277, [9])
(29278, [0, 9])
(29279, [9])
(29280, [2, 9, 40])
(29281, [9])
(29282, [2, 9])
(29283, [9])
(29284, [1, 3, 9, 11, 19, 36, 39, 44])
(29285, [9])
(29286, [0, 6, 9, 31])
(29287, [9])
(29288, [9])
(29289, [9])
(29290, [9])
(29291, [9])
(29292, [9])
(29293, [9])
(29294, [0, 1, 3, 6, 9, 13, 15, 40])
(29295, [0])
(29296, [0, 12])
(29297, [0, 3, 11, 21, 25, 44])
(29298, [0])
(29299, [0])
(29300, [0])
(29301, [0])
(29302, [0])
(29303, [0])
(29304, [0])
(29305, [0, 36])
(29306, [0])
(29307, [0, 12])
(29308, [0])
(29309, [0])
(29310, [0, 2, 11, 15, 26])
(29311, [0, 12])
(29312, [0])
(29313, [0])
(29314, [0, 36])
(29315, [0])
(29316, [0])
(29317, [0, 11, 17])
(29318, [0])
(29319, [0])
(29320, [0])
(29321, [0])
(29322, [0])
(29323, [0])
(29324, [0])
(29325, [0])
(29326, [0])
(29327, [0])
(29328, [0, 1, 3, 16, 21, 22, 26, 30, 44])
(29329, [0])
(29330, [0])
(29331, [0])
(29332, [0])
(29333, [0])
(29334, [0])
(29335, [0])
(29336, [0])
(29337, [0, 12])
(29338, [0, 1, 11])
(29339, [0])
(29340, [0])
(29341, [0, 1, 3, 15])
(29342, [0, 1, 3, 7, 13, 44])
(29343, [0, 17, 24, 26, 31])
(29344, [0])
(29345, [0])
(29346, [0])
(29347, [0, 36])
(29348, [0])
(29349, [0])
(29350, [0])
(29351, [0])
(29352, [0, 12])
(29353, [0, 14, 30, 42])
(29354, [0])
(29355, [0, 1, 3])
(29356, [0])
(29357, [0])
(29358, [0])
(29359, [0])
(29360, [0])
(29361, [0, 12, 42])
(29362, [0, 1, 2, 3, 12])
(29363, [0])
(29364, [0])
(29365, [0])
(29366, [0])
(29367, [0])
(29368, [0])
(29369, [0])
(29370, [0])
(29371, [0])
(29372, [0])
(29373, [0])
(29374, [0])
(29375, [0])
(29376, [0])
(29377, [0])
(29378, [0])
(29379, [0])
(29380, [0, 13, 15, 41])
(29381, [0])
(29382, [0])
(29383, [0])
(29384, [0])
(29385, [0])
(29386, [0])
(29387, [0])
(29388, [0])
(29389, [0])
(29390, [0])
(29391, [0])
(29392, [0])
(29393, [0])
(29394, [0])
(29395, [0])
(29396, [0])
(29397, [0])
(29398, [0])
(29399, [0])
(29400, [0])
(29401, [0])
(29402, [0])
(29403, [0])
(29404, [0, 16, 26])
(29405, [0, 24])
(29406, [0])
(29407, [0, 12])
(29408, [0])
(29409, [0, 11, 15, 41])
(29410, [0])
(29411, [0, 1, 3, 10, 12, 19])
(29412, [0])
(29413, [0])
(29414, [0])
(29415, [0])
(29416, [0, 12])
(29417, [0])
(29418, [0])
(29419, [0, 1, 3, 11, 13, 17, 19, 30, 43, 44])
(29420, [0])
(29421, [0])
(29422, [0])
(29423, [0])
(29424, [0])
(29425, [0])
(29426, [0])
(29427, [0, 30])
(29428, [0])
(29429, [0])
(29430, [0])
(29431, [0])
(29432, [0])
(29433, [0])
(29434, [0, 12])
(29435, [0])
(29436, [0])
(29437, [0])
(29438, [0])
(29439, [0])
(29440, [0])
(29441, [0])
(29442, [0])
(29443, [0])
(29444, [0])
(29445, [0, 3, 7])
(29446, [0])
(29447, [0])
(29448, [0])
(29449, [0, 12])
(29450, [0, 1])
(29451, [0])
(29452, [0])
(29453, [0, 26])
(29454, [0])
(29455, [0])
(29456, [0])
(29457, [0])
(29458, [0])
(29459, [0])
(29460, [0, 1, 2, 5, 8, 21, 42])
(29461, [0])
(29462, [0])
(29463, [0])
(29464, [0])
(29465, [0])
(29466, [0])
(29467, [0])
(29468, [0])
(29469, [0])
(29470, [0])
(29471, [0])
(29472, [0])
(29473, [0, 7, 12, 23, 30])
(29474, [0])
(29475, [0])
(29476, [0])
(29477, [0])
(29478, [0])
(29479, [0])
(29480, [0])
(29481, [0])
(29482, [0, 12])
(29483, [0])
(29484, [0])
(29485, [0])
(29486, [0])
(29487, [0])
(29488, [0])
(29489, [0])
(29490, [0])
(29491, [0])
(29492, [0])
(29493, [0])
(29494, [0])
(29495, [0])
(29496, [0, 1, 2, 3, 5, 12, 21, 43])
(29497, [0])
(29498, [0])
(29499, [0])
(29500, [0])
(29501, [0])
(29502, [0])
(29503, [0])
(29504, [0])
(29505, [0])
(29506, [0])
(29507, [0])
(29508, [0])
(29509, [0])
(29510, [0, 2])
(29511, [0])
(29512, [0])
(29513, [0, 12])
(29514, [0, 22])
(29515, [0])
(29516, [0])
(29517, [0, 7])
(29518, [0, 2, 14, 36, 43])
(29519, [0, 3, 5, 8, 12, 23])
(29520, [0])
(29521, [0])
(29522, [0, 2, 12])
(29523, [0])
(29524, [0])
(29525, [0])
(29526, [0])
(29527, [0])
(29528, [0])
(29529, [0, 11, 23, 43])
(29530, [0])
(29531, [0])
(29532, [0])
(29533, [0])
(29534, [0])
(29535, [0])
(29536, [0, 12, 36])
(29537, [0])
(29538, [0])
(29539, [0])
(29540, [0])
(29541, [0])
(29542, [0, 1, 3])
(29543, [0])
(29544, [0])
(29545, [0])
(29546, [0, 12])
(29547, [0])
(29548, [0])
(29549, [0])
(29550, [0])
(29551, [0])
(29552, [0])
(29553, [0])
(29554, [0])
(29555, [0])
(29556, [0])
(29557, [0])
(29558, [0])
(29559, [0])
(29560, [0])
(29561, [0])
(29562, [0])
(29563, [0])
(29564, [0, 12, 15, 26])
(29565, [0])
(29566, [1, 3, 11, 19, 44])
(29567, [2, 4, 11, 14, 15, 17, 24, 26, 28, 30, 36, 39, 44])
(29568, [2, 3, 11, 17, 41])
(29569, [2, 3, 6, 11])
(29570, [11])
(29571, [11])
(29572, [2, 4, 11, 43])
(29573, [1, 3, 7, 11, 12, 19, 29, 30])
(29574, [11, 43])
(29575, [11])
(29576, [11, 24])
(29577, [11, 44])
(29578, [11])
(29579, [1, 2, 11, 44])
(29580, [11, 12])
(29581, [11])
(29582, [2, 11, 12, 44])
(29583, [11])
(29584, [2, 11, 17, 21, 22])
(29585, [2, 11, 40])
(29586, [11, 19, 23, 43])
(29587, [11])
(29588, [11])
(29589, [2, 11])
(29590, [7])
(29591, [1, 3, 7, 12, 21, 39, 44])
(29592, [1, 3, 7, 19])
(29593, [7])
(29594, [7, 43])
(29595, [7])
(29596, [7, 21])
(29597, [7])
(29598, [2, 3, 7, 12, 31])
(29599, [29])
(29600, [19, 29])
(29601, [29])
(29602, [29])
(29603, [2, 3, 4, 12, 15, 29, 30])
(29604, [16])
(29605, [16])
(29606, [2, 3, 6, 16])
(29607, [12, 16])
(29608, [3, 16])
(29609, [16])
(29610, [16])
(29611, [16])
(29612, [16])
(29613, [16])
(29614, [16, 23])
(29615, [2, 4, 13, 16, 31, 43])
(29616, [16])
(29617, [16])
(29618, [2, 16, 19, 22, 26])
(29619, [16])
(29620, [16])
(29621, [16])
(29622, [1, 16, 43])
(29623, [16, 41, 42, 44])
(29624, [16])
(29625, [16])
(29626, [16, 23])
(29627, [3, 8, 16, 23, 30])
(29628, [6, 23])
(29629, [6, 31])
(29630, [6])
(29631, [2, 6, 15, 43])
(29632, [6])
(29633, [6])
(29634, [4, 6])
(29635, [1, 6, 44])
(29636, [6, 31])
(29637, [4, 6, 15, 30, 41, 43])
(29638, [6, 14, 15, 26, 43])
(29639, [6])
(29640, [6, 26, 40])
(29641, [2, 6, 41])
(29642, [6])
(29643, [6])
(29644, [28])
(29645, [28])
(29646, [28])
(29647, [2, 28])
(29648, [28])
(29649, [17])
(29650, [2, 17])
(29651, [1, 17, 25])
(29652, [2, 17, 19, 21, 22, 23, 26, 39, 43])
(29653, [17])
(29654, [17])
(29655, [2, 14, 17])
(29656, [17])
(29657, [17])
(29658, [17])
(29659, [2, 12, 17])
(29660, [2, 17, 30, 31])
(29661, [17])
(29662, [17])
(29663, [1, 3, 5, 8, 17, 19, 23])
(29664, [17])
(29665, [1, 44])
(29666, [1])
(29667, [1, 3, 21])
(29668, [1, 3])
(29669, [1, 2, 3, 26, 30])
(29670, [1, 31])
(29671, [1, 2, 3, 12, 21, 30])
(29672, [1, 2, 8, 40])
(29673, [1])
(29674, [1])
(29675, [1])
(29676, [1])
(29677, [1, 3])
(29678, [1])
(29679, [1, 2, 30, 31])
(29680, [1])
(29681, [1, 3, 21])
(29682, [1])
(29683, [1, 3, 4])
(29684, [1, 3])
(29685, [1])
(29686, [1])
(29687, [1, 30, 31])
(29688, [1, 3])
(29689, [1])
(29690, [1, 3, 23])
(29691, [1, 14])
(29692, [1])
(29693, [1])
(29694, [1])
(29695, [1, 3, 12, 19])
(29696, [1])
(29697, [1, 4])
(29698, [1, 3, 19])
(29699, [1, 40])
(29700, [1])
(29701, [1, 43, 44])
(29702, [1])
(29703, [1, 3])
(29704, [1, 21, 23])
(29705, [1])
(29706, [1, 2, 21, 24])
(29707, [1])
(29708, [1])
(29709, [10])
(29710, [10])
(29711, [10])
(29712, [10])
(29713, [10])
(29714, [10])
(29715, [10])
(29716, [19])
(29717, [14, 19, 24, 30])
(29718, [19])
(29719, [19])
(29720, [19, 40])
(29721, [15, 19])
(29722, [19])
(29723, [19, 43])
(29724, [19, 37])
(29725, [19])
(29726, [2, 15, 19, 41])
(29727, [19, 23, 41])
(29728, [19])
(29729, [19, 36])
(29730, [19, 23, 41, 44])
(29731, [19])
(29732, [19])
(29733, [19])
(29734, [2, 19])
(29735, [19, 30, 31])
(29736, [19])
(29737, [19])
(29738, [2, 19, 39])
(29739, [2, 3, 14, 19, 24, 26])
(29740, [19])
(29741, [26])
(29742, [26])
(29743, [26, 43])
(29744, [26])
(29745, [26])
(29746, [26])
(29747, [26])
(29748, [26])
(29749, [26])
(29750, [26])
(29751, [23, 26])
(29752, [26])
(29753, [26])
(29754, [26])
(29755, [26])
(29756, [26])
(29757, [26])
(29758, [2, 26])
(29759, [24, 26])
(29760, [8, 23])
(29761, [8])
(29762, [8, 23])
(29763, [5, 8, 23])
(29764, [8])
(29765, [8])
(29766, [8])
(29767, [5, 8])
(29768, [2, 8])
(29769, [8])
(29770, [8, 23])
(29771, [2, 5, 8, 23])
(29772, [8])
(29773, [8, 36])
(29774, [8])
(29775, [8])
(29776, [8])
(29777, [21])
(29778, [2, 5, 21, 23, 24])
(29779, [21])
(29780, [3, 21])
(29781, [21])
(29782, [21])
(29783, [21])
(29784, [21])
(29785, [2, 21, 22, 30])
(29786, [12, 21])
(29787, [3, 21])
(29788, [21])
(29789, [21])
(29790, [21])
(29791, [21])
(29792, [21, 36])
(29793, [21])
(29794, [21])
(29795, [21])
(29796, [21, 22])
(29797, [21])
(29798, [21])
(29799, [21])
(29800, [21])
(29801, [21])
(29802, [21])
(29803, [3, 21])
(29804, [21])
(29805, [21])
(29806, [3, 21])
(29807, [21])
(29808, [43, 44])
(29809, [2, 41, 44])
(29810, [44])
(29811, [44])
(29812, [14, 44])
(29813, [2, 44])
(29814, [44])
(29815, [44])
(29816, [44])
(29817, [44])
(29818, [44])
(29819, [44])
(29820, [44])
(29821, [43])
(29822, [2, 43])
(29823, [43])
(29824, [43])
(29825, [2, 43])
(29826, [41, 43])
(29827, [31, 43])
(29828, [43])
(29829, [23, 43])
(29830, [43])
(29831, [43])
(29832, [43])
(29833, [43])
(29834, [2, 43])
(29835, [43])
(29836, [43])
(29837, [43])
(29838, [43])
(29839, [43])
(29840, [38])
(29841, [38])
(29842, [36])
(29843, [36])
(29844, [36])
(29845, [36])
(29846, [36])
(29847, [36])
(29848, [12, 36])
(29849, [36])
(29850, [14, 30, 36])
(29851, [36])
(29852, [36])
(29853, [36])
(29854, [36])
(29855, [36])
(29856, [4, 30, 36])
(29857, [36])
(29858, [36])
(29859, [2, 36])
(29860, [36])
(29861, [36])
(29862, [36])
(29863, [36])
(29864, [36])
(29865, [36])
(29866, [36])
(29867, [36])
(29868, [36])
(29869, [36])
(29870, [36])
(29871, [36])
(29872, [36])
(29873, [36, 39])
(29874, [36])
(29875, [36])
(29876, [2, 36])
(29877, [14, 15, 31, 40])
(29878, [2, 14, 24, 31])
(29879, [23, 31])
(29880, [31])
(29881, [31])
(29882, [31, 41])
(29883, [3, 31])
(29884, [31])
(29885, [3, 31])
(29886, [30])
(29887, [2, 30])
(29888, [30])
(29889, [30])
(29890, [30])
(29891, [12, 30, 40])
(29892, [30])
(29893, [4, 30])
(29894, [37])
(29895, [37])
(29896, [37])
(29897, [37])
(29898, [24, 39, 41])
(29899, [39])
(29900, [39])
(29901, [41])
(29902, [41])
(29903, [2, 14, 41])
(29904, [41])
(29905, [41])
(29906, [41])
(29907, [41])
(29908, [41])
(29909, [41])
(29910, [41])
(29911, [41])
(29912, [41])
(29913, [41])
(29914, [41])
(29915, [41])
(29916, [41])
(29917, [12, 14, 24])
(29918, [24])
(29919, [24])
(29920, [24])
(29921, [24])
(29922, [24])
(29923, [24])
(29924, [24])
(29925, [23])
(29926, [23])
(29927, [23])
(29928, [23])
(29929, [23])
(29930, [23])
(29931, [23])
(29932, [23])
(29933, [23])
(29934, [23])
(29935, [23])
(29936, [23])
(29937, [23])
(29938, [23])
(29939, [23])
(29940, [23])
(29941, [23])
(29942, [23])
(29943, [23])
(29944, [23])
(29945, [23])
(29946, [23])
(29947, [23])
(29948, [3, 23])
(29949, [23])
(29950, [23])
(29951, [23])
(29952, [23])
(29953, [23])
(29954, [23])
(29955, [23])
(29956, [23])
(29957, [23])
(29958, [23])
(29959, [23])
(29960, [23])
(29961, [23])
(29962, [23])
(29963, [23])
(29964, [23])
(29965, [23])
(29966, [23])
(29967, [23])
(29968, [23])
(29969, [23])
(29970, [4])
(29971, [4])
(29972, [4, 12])
(29973, [4])
(29974, [4])
(29975, [4])
(29976, [4])
(29977, [4])
(29978, [4])
(29979, [4])
(29980, [4])
(29981, [4])
(29982, [4, 12])
(29983, [4])
(29984, [15])
(29985, [15])
(29986, [15])
(29987, [15])
(29988, [2, 15])
(29989, [15])
(29990, [15])
(29991, [15])
(29992, [15])
(29993, [15])
(29994, [15])
(29995, [15])
(29996, [15])
(29997, [3])
(29998, [3])
(29999, [3])
(30000, [3])
(30001, [3])
(30002, [3])
(30003, [3, 22])
(30004, [3])
(30005, [3])
(30006, [3])
(30007, [3])
(30008, [3])
(30009, [3])
(30010, [3])
(30011, [3])
(30012, [3])
(30013, [3])
(30014, [3])
(30015, [3])
(30016, [3])
(30017, [3])
(30018, [3])
(30019, [3])
(30020, [12])
(30021, [12])
(30022, [12])
(30023, [12])
(30024, [12])
(30025, [12])
(30026, [12])
(30027, [12])
(30028, [12])
(30029, [12])
(30030, [12])
(30031, [12])
(30032, [12])
(30033, [12])
(30034, [12])
(30035, [12])
(30036, [12])
(30037, [12])
(30038, [12])
(30039, [12])
(30040, [12])
(30041, [12])
(30042, [12])
(30043, [12])
(30044, [12])
(30045, [12])
(30046, [12])
(30047, [12])
(30048, [12])
(30049, [12])
(30050, [12])
(30051, [12])
(30052, [12])
(30053, [12])
(30054, [12])
(30055, [12])
(30056, [12])
(30057, [12])
(30058, [12])
(30059, [12])
(30060, [12])
(30061, [12])
(30062, [12])
(30063, [12])
(30064, [12])
(30065, [12])
(30066, [12])
(30067, [12])
(30068, [12])
(30069, [12])
(30070, [12])
(30071, [12])
(30072, [12])
(30073, [12])
(30074, [12])
(30075, [12])
(30076, [12])
(30077, [12])
(30078, [40])
(30079, [40])
(30080, [40])
(30081, [40])
(30082, [40])
(30083, [2])
(30084, [2])
(30085, [2])
(30086, [2])
(30087, [2])
(30088, [2])
(30089, [2])
(30090, [2])
(30091, [2])
(30092, [2])
(30093, [2])
(30094, [2, 14])
(30095, [2])
(30096, [2])
(30097, [2])
(30098, [2])
(30099, [2])
(30100, [2])
(30101, [2])
(30102, [2])
(30103, [2])
(30104, [2])
(30105, [2])
(30106, [2])
(30107, [2])
(30108, [2])
(30109, [2])
(30110, [2])
(30111, [2])
(30112, [2])
(30113, [2])
(30114, [2])
(30115, [2])
(30116, [2])
(30117, [2])
(30118, [2])
(30119, [2])
(30120, [2])
(30121, [2])
(30122, [2])
(30123, [2])
(30124, [2])
(30125, [2])
(30126, [2])
(30127, [2])
(30128, [2])
(30129, [2])
(30130, [2])
(30131, [2])
(30132, [2])
(30133, [2])
(30134, [2])
(30135, [2])
(30136, [2])
(30137, [2])
(30138, [2])
(30139, [2])
(30140, [2])
(30141, [2])
(30142, [2])
(30143, [2])
(30144, [2])
(30145, [2])
(30146, [2])
(30147, [2])
(30148, [2])
(30149, [2])
(30150, [13])
(30151, [13])
(30152, [13])
(30153, [5])
(30154, [5])
(30155, [5])
(30156, [5])
(30157, [5])
(30158, [5])
(30159, [5])
(30160, [5])
(30161, [5])
(30162, [5])
(30163, [14])
(30164, [14])
(30165, [14])
(30166, [14])
(30167, [14])
(30168, [14])
(30169, [14])
(30170, [14])
(30171, [14])
(30172, [14])
(30173, [14])
(30174, [14])
(30175, [14])
(30176, [14])
(30177, [14])
(30178, [22])
(30179, [22])
(30180, [22])
(30181, [22])
(30182, [22])
(30183, [22])
(30184, [22])
(30185, [22])
(30186, [22])
(30187, [22])
