(30188, [1, 2, 4, 6, 8, 11, 12, 18, 30, 31, 32, 33, 34, 43])
(30189, [0, 1, 2, 3, 4, 5, 6, 7, 8, 9, 10, 11, 12, 13, 14, 15, 16, 17, 18, 19, 20, 21, 22, 23, 24, 25, 26, 27, 28, 29, 30, 31, 32, 33, 34, 35, 36, 37, 38, 39, 40, 41, 42, 43, 44])
(30190, [0, 1, 2, 3, 4, 5, 6, 7, 8, 9, 10, 11, 12, 13, 14, 15, 16, 17, 18, 19, 20, 21, 22, 23, 24, 25, 26, 27, 28, 29, 30, 31, 32, 33, 34, 35, 36, 37, 38, 39, 40, 41, 42, 43, 44])
(30191, [0, 1, 2, 3, 4, 5, 6, 7, 8, 9, 10, 11, 12, 13, 14, 15, 16, 17, 18, 19, 20, 21, 22, 23, 24, 25, 26, 27, 28, 29, 30, 31, 32, 33, 34, 35, 36, 37, 38, 39, 40, 41, 42, 43, 44])
(30192, [0, 1, 2, 3, 4, 5, 6, 7, 8, 9, 10, 11, 12, 13, 14, 15, 16, 17, 18, 19, 20, 21, 22, 23, 24, 25, 26, 27, 28, 29, 30, 31, 32, 33, 34, 35, 36, 37, 38, 39, 40, 41, 42, 43, 44])
(30193, [0, 1, 2, 3, 4, 5, 6, 7, 8, 9, 10, 11, 12, 13, 14, 15, 16, 17, 18, 19, 20, 21, 22, 23, 24, 25, 26, 27, 28, 29, 30, 31, 32, 33, 34, 35, 36, 37, 38, 39, 40, 41, 42, 43, 44])
(30194, [17, 32])
(30195, [0, 1, 2, 3, 4, 5, 6, 7, 8, 9, 10, 11, 12, 13, 14, 16, 18, 19, 20, 21, 22, 23, 24, 25, 26, 27, 28, 29, 30, 31, 32, 33, 34, 35, 36, 37, 38, 39, 40, 41, 42, 43, 44])
(30196, [0, 1, 2, 3, 4, 5, 6, 7, 8, 9, 10, 11, 12, 13, 14, 15, 16, 17, 18, 19, 20, 21, 22, 23, 24, 25, 26, 27, 28, 29, 30, 31, 32, 33, 34, 35, 36, 37, 38, 39, 40, 41, 42, 43, 44])
(30197, [0, 1, 3, 4, 6, 7, 8, 13, 15, 18, 19, 21, 23, 24, 26, 30, 31, 32, 33, 34, 38, 39, 42, 43, 44])
(30198, [1, 2, 3, 4, 5, 6, 8, 10, 11, 12, 13, 15, 16, 17, 18, 19, 20, 21, 22, 23, 25, 29, 30, 31, 32, 33, 34, 35, 39, 40, 41, 42, 44])
(30199, [0, 1, 2, 3, 4, 6, 7, 11, 12, 13, 15, 16, 17, 18, 19, 20, 22, 24, 25, 26, 28, 30, 31, 32, 33, 34, 35, 36, 40, 41, 43, 44])
(30200, [0, 1, 2, 3, 4, 5, 6, 7, 8, 9, 10, 11, 12, 13, 14, 15, 16, 17, 18, 19, 20, 21, 22, 23, 24, 25, 26, 27, 28, 30, 31, 32, 33, 34, 35, 36, 38, 39, 40, 41, 42, 43, 44])
(30201, [4, 32])
(30202, [0, 1, 2, 3, 4, 6, 7, 9, 11, 13, 14, 15, 17, 18, 19, 20, 22, 25, 26, 30, 31, 32, 33, 34, 36, 40, 41, 43, 44])
(30203, [0, 1, 2, 3, 4, 5, 6, 7, 8, 9, 10, 11, 12, 13, 14, 15, 16, 17, 18, 19, 20, 21, 22, 23, 24, 26, 27, 28, 30, 31, 32, 33, 34, 35, 36, 37, 40, 41, 42, 43, 44])
(30204, [0, 1, 2, 3, 4, 5, 6, 7, 8, 9, 11, 12, 13, 15, 16, 17, 18, 20, 21, 22, 23, 24, 25, 26, 27, 28, 29, 30, 31, 32, 33, 34, 35, 36, 37, 39, 40, 41, 42, 43, 44])
(30205, [1, 2, 3, 4, 5, 6, 7, 8, 9, 11, 12, 13, 14, 15, 16, 17, 18, 19, 21, 22, 23, 24, 25, 26, 27, 28, 29, 30, 31, 32, 33, 34, 36, 38, 40, 41, 42, 43, 44])
(30206, [0, 1, 2, 3, 4, 5, 6, 7, 8, 9, 10, 11, 12, 13, 14, 15, 16, 17, 18, 19, 20, 21, 22, 23, 24, 26, 27, 28, 29, 30, 31, 32, 33, 34, 35, 36, 37, 38, 39, 40, 41, 42, 43, 44])
(30207, [2, 11, 12, 15, 17, 23, 26, 31, 32, 43, 44])
(30208, [2, 4, 6, 9, 14, 15, 17, 19, 24, 26, 27, 30, 31, 32, 39, 40, 41, 43, 44])
(30209, [0, 1, 2, 3, 4, 5, 6, 7, 8, 9, 10, 11, 12, 13, 14, 15, 16, 17, 18, 19, 20, 21, 23, 24, 26, 27, 28, 29, 30, 31, 32, 33, 34, 35, 36, 37, 39, 40, 41, 42, 43, 44])
(30210, [2, 3, 8, 9, 11, 12, 15, 17, 18, 21, 23, 27, 32, 37])
(30211, [0, 1, 2, 3, 4, 5, 6, 7, 8, 9, 10, 11, 12, 13, 15, 16, 17, 18, 19, 20, 21, 22, 23, 26, 27, 30, 32, 34, 37, 38, 40, 41, 42, 43, 44])
(30212, [1, 3, 5, 9, 10, 11, 20, 30, 31, 32, 33, 34, 38, 41])
(30213, [1, 2, 3, 4, 6, 7, 9, 11, 14, 15, 17, 18, 19, 20, 21, 22, 23, 24, 26, 27, 29, 30, 31, 32, 33, 34, 36, 38, 40, 41, 43, 44])
(30214, [0, 1, 2, 3, 4, 5, 6, 7, 8, 9, 11, 12, 13, 15, 16, 17, 18, 19, 20, 21, 23, 24, 26, 27, 28, 30, 31, 32, 33, 34, 35, 36, 39, 40, 41, 42, 43, 44])
(30215, [0, 1, 2, 3, 4, 5, 6, 7, 8, 9, 10, 11, 12, 13, 14, 15, 16, 17, 18, 19, 20, 21, 22, 23, 24, 25, 26, 27, 28, 29, 30, 31, 32, 33, 34, 35, 36, 37, 38, 39, 40, 41, 42, 43, 44])
(30216, [0, 2, 3, 6, 9, 11, 13, 19, 20, 23, 24, 26, 30, 31, 32, 33, 34, 41, 43, 44])
(30217, [23, 26, 30, 31, 32])
(30218, [1, 2, 3, 4, 6, 9, 11, 12, 15, 16, 17, 18, 19, 21, 24, 25, 26, 28, 30, 31, 32, 34, 40, 41, 44])
(30219, [2, 9, 12, 14, 24, 26, 30, 31, 32, 43, 44])
(30220, [0, 1, 2, 3, 4, 9, 12, 14, 15, 18, 19, 21, 23, 24, 26, 31, 32, 33, 34, 37, 39, 41, 44])
(30221, [32])
(30222, [1, 3, 4, 5, 7, 8, 9, 11, 12, 17, 18, 19, 21, 23, 24, 26, 29, 30, 31, 32, 33, 34, 35, 39, 41, 42, 44])
(30223, [0, 1, 2, 3, 4, 7, 9, 12, 15, 21, 23, 32, 33, 41, 42, 44])
(30224, [0, 1, 2, 3, 4, 6, 8, 9, 11, 15, 16, 18, 19, 20, 21, 23, 30, 31, 32, 33, 34, 35, 39, 43, 44])
(30225, [0, 2, 3, 15, 19, 30, 32, 34])
(30226, [0, 3, 9, 17, 23, 26, 30, 32, 41])
(30227, [0, 1, 2, 3, 4, 5, 6, 7, 8, 9, 10, 11, 12, 13, 14, 15, 16, 17, 18, 19, 21, 23, 24, 26, 27, 28, 29, 30, 31, 32, 33, 34, 35, 38, 39, 40, 41, 42, 43, 44])
(30228, [1, 9, 12, 14, 19, 30, 31, 32, 36])
(30229, [0, 1, 2, 3, 4, 5, 8, 9, 11, 12, 15, 16, 17, 18, 19, 20, 21, 22, 23, 25, 26, 29, 30, 31, 32, 33, 34, 35, 36, 39, 40, 41, 42, 43, 44])
(30230, [0, 1, 3, 6, 15, 16, 18, 19, 21, 23, 24, 30, 32, 39, 41, 43])
(30231, [0, 15, 32])
(30232, [0, 1, 2, 3, 4, 6, 14, 15, 20, 23, 28, 30, 32, 33, 40, 43])
(30233, [0, 15, 18, 26, 30, 31, 32, 37, 41, 44])
(30234, [1, 4, 9, 23, 24, 32, 40])
(30235, [1, 32])
(30236, [2, 14, 15, 18, 30, 32, 34])
(30237, [16, 30, 32])
(30238, [1, 3, 11, 12, 15, 19, 21, 22, 26, 31, 32])
(30239, [2, 19, 23, 26, 32, 44])
(30240, [1, 3, 7, 8, 10, 11, 12, 13, 16, 18, 21, 23, 24, 29, 32, 35, 37, 41, 42, 43, 44])
(30241, [4, 6, 9, 14, 15, 32, 43])
(30242, [12, 31, 32, 41])
(30243, [2, 4, 6, 7, 9, 11, 13, 14, 15, 16, 17, 19, 20, 21, 23, 24, 26, 30, 31, 32, 33, 34, 40, 41, 43, 44])
(30244, [0, 1, 2, 3, 4, 5, 6, 7, 9, 10, 11, 12, 13, 15, 16, 17, 18, 19, 20, 21, 22, 23, 24, 26, 27, 28, 30, 31, 32, 33, 34, 35, 36, 39, 40, 41, 42, 43, 44])
(30245, [26, 31, 32, 43])
(30246, [1, 2, 3, 4, 5, 6, 7, 8, 9, 10, 11, 12, 13, 17, 18, 19, 21, 22, 23, 30, 31, 32, 33, 34, 35, 38, 39, 41, 42])
(30247, [15, 32])
(30248, [1, 2, 6, 7, 8, 9, 11, 12, 15, 16, 17, 19, 21, 22, 23, 26, 30, 31, 32, 33, 34, 40, 43, 44])
(30249, [0, 3, 7, 12, 26, 30, 31, 32, 33])
(30250, [1, 2, 4, 12, 15, 18, 21, 24, 32, 36])
(30251, [0, 1, 3, 4, 7, 15, 18, 19, 21, 24, 27, 32])
(30252, [1, 2, 3, 4, 6, 7, 11, 12, 16, 17, 18, 20, 21, 23, 24, 32, 33, 34, 42, 44])
(30253, [1, 2, 3, 4, 6, 8, 11, 14, 15, 19, 21, 23, 28, 30, 31, 32, 34, 35, 38, 43, 44])
(30254, [0, 1, 2, 3, 4, 5, 6, 8, 9, 11, 15, 18, 20, 23, 27, 30, 31, 32, 33, 35, 36, 40, 41, 42, 43])
(30255, [0, 1, 2, 3, 4, 6, 7, 9, 11, 15, 16, 17, 18, 19, 20, 21, 22, 23, 24, 26, 28, 31, 32, 34, 35, 40, 41, 43, 44])
(30256, [0, 1, 2, 4, 6, 9, 14, 15, 17, 18, 23, 24, 25, 26, 29, 30, 32, 33, 40, 41, 43])
(30257, [32])
(30258, [0, 1, 2, 3, 7, 9, 11, 12, 19, 21, 22, 24, 25, 28, 30, 31, 32, 33, 34, 39, 42, 44])
(30259, [2, 4, 12, 14, 15, 16, 17, 19, 23, 32, 39, 43])
(30260, [0, 1, 2, 3, 4, 7, 9, 11, 12, 14, 15, 18, 20, 22, 23, 24, 26, 30, 31, 32, 34, 35, 40, 43, 44])
(30261, [0, 1, 2, 3, 5, 6, 7, 8, 9, 11, 12, 13, 14, 15, 16, 17, 18, 19, 20, 21, 22, 23, 29, 31, 32, 34, 35, 38, 41, 43, 44])
(30262, [0, 1, 2, 3, 4, 6, 9, 14, 21, 32, 41, 43])
(30263, [0, 1, 3, 4, 5, 6, 7, 8, 9, 12, 14, 15, 17, 18, 19, 21, 23, 26, 30, 31, 32, 33, 35, 37, 39, 41, 43, 44])
(30264, [1, 3, 8, 19, 22, 23, 26, 31, 32, 33, 34, 35])
(30265, [1, 3, 4, 11, 19, 21, 22, 32, 34, 44])
(30266, [0, 1, 18, 23, 26, 32])
(30267, [0, 1, 2, 3, 4, 7, 9, 11, 13, 15, 17, 19, 20, 24, 26, 30, 31, 32, 33, 34, 35, 43])
(30268, [0, 1, 2, 3, 4, 6, 8, 9, 11, 12, 13, 15, 16, 19, 20, 21, 23, 24, 26, 27, 30, 31, 32, 34, 35, 41, 43, 44])
(30269, [9, 21, 32, 34])
(30270, [0, 1, 2, 3, 4, 5, 6, 7, 9, 11, 12, 13, 14, 16, 18, 20, 23, 24, 31, 32, 33, 34, 36, 40, 41, 43, 44])
(30271, [0, 1, 2, 3, 4, 6, 8, 9, 10, 11, 12, 15, 16, 17, 18, 19, 23, 24, 25, 26, 28, 31, 32, 33, 34, 35, 38, 39, 40, 41, 42, 43, 44])
(30272, [1, 3, 12, 13, 23, 31, 32, 33, 40, 44])
(30273, [0, 1, 2, 3, 4, 5, 6, 7, 8, 9, 11, 15, 17, 18, 19, 20, 22, 23, 26, 30, 31, 32, 33, 34, 35, 36, 41, 43, 44])
(30274, [0, 9, 11, 32, 34])
(30275, [1, 15, 16, 23, 32, 35])
(30276, [32])
(30277, [1, 3, 31, 32, 33])
(30278, [1, 11, 22, 29, 32])
(30279, [4, 32])
(30280, [32])
(30281, [1, 2, 3, 4, 7, 9, 11, 12, 13, 15, 18, 19, 20, 21, 26, 31, 32, 33, 35, 42, 44])
(30282, [1, 11, 32])
(30283, [1, 2, 3, 4, 9, 11, 13, 14, 19, 20, 21, 22, 26, 31, 32, 44])
(30284, [1, 12, 17, 18, 19, 24, 26, 30, 32, 34, 38, 41, 44])
(30285, [3, 9, 15, 17, 19, 21, 22, 31, 32, 33, 34])
(30286, [9, 15, 31, 32])
(30287, [1, 3, 13, 14, 18, 23, 32, 33])
(30288, [0, 1, 2, 3, 4, 9, 12, 20, 26, 31, 32, 34, 39, 40, 41, 43])
(30289, [1, 2, 3, 6, 7, 9, 10, 11, 12, 13, 14, 15, 16, 17, 19, 20, 21, 23, 24, 26, 30, 32, 33, 35, 36, 37, 41, 42, 44])
(30290, [0, 2, 3, 7, 9, 19, 29, 30, 31, 32, 34])
(30291, [2, 9, 14, 32, 40, 43])
(30292, [0, 12, 26, 32])
(30293, [0, 2, 9, 14, 15, 24, 32])
(30294, [0, 2, 4, 7, 11, 12, 17, 19, 21, 24, 26, 31, 32, 33, 34, 43, 44])
(30295, [0, 1, 2, 5, 9, 12, 13, 32, 35, 38])
(30296, [30, 32, 33, 34, 36])
(30297, [1, 2, 3, 4, 6, 9, 10, 11, 12, 13, 14, 15, 17, 18, 19, 20, 23, 24, 26, 28, 30, 31, 32, 33, 34, 36, 40, 41, 43, 44])
(30298, [0, 1, 2, 3, 4, 5, 6, 7, 8, 9, 10, 11, 12, 13, 14, 15, 16, 18, 19, 20, 21, 22, 23, 24, 25, 26, 27, 28, 29, 30, 31, 33, 34, 35, 36, 37, 38, 39, 40, 41, 42, 43, 44])
(30299, [0, 1, 2, 3, 4, 5, 6, 7, 8, 9, 10, 11, 12, 13, 14, 15, 16, 17, 18, 19, 20, 21, 22, 23, 24, 25, 26, 27, 28, 29, 30, 31, 33, 34, 35, 36, 37, 38, 39, 40, 41, 42, 43, 44])
(30300, [0, 1, 2, 3, 4, 5, 6, 7, 8, 9, 10, 11, 12, 13, 14, 15, 16, 18, 19, 20, 21, 22, 23, 24, 25, 26, 27, 28, 29, 30, 31, 33, 34, 35, 36, 37, 38, 39, 40, 41, 42, 43, 44])
(30301, [2, 35, 37, 40, 43])
(30302, [3, 9, 11, 12, 15, 30, 31, 33, 34, 35, 39, 43])
(30303, [1, 9, 10, 17, 35])
(30304, [0, 11, 35])
(30305, [35])
(30306, [1, 2, 4, 5, 12, 18, 19, 23, 24, 31, 33, 35, 37, 44])
(30307, [35])
(30308, [0, 1, 2, 3, 4, 5, 6, 7, 8, 9, 10, 11, 12, 13, 14, 15, 16, 17, 19, 20, 23, 24, 25, 26, 27, 28, 30, 31, 33, 34, 35, 36, 37, 40, 41, 43, 44])
(30309, [1, 3, 6, 18, 30, 31, 33, 34, 35, 39])
(30310, [35])
(30311, [35])
(30312, [4, 11, 13, 18, 19, 23, 35, 36, 43, 44])
(30313, [35])
(30314, [35])
(30315, [1, 23, 26, 35])
(30316, [35])
(30317, [35])
(30318, [35])
(30319, [35])
(30320, [18, 23, 35])
(30321, [0, 1, 3, 4, 10, 11, 12, 16, 21, 23, 35, 37, 44])
(30322, [35])
(30323, [35])
(30324, [3, 18, 21, 23, 35])
(30325, [10, 35])
(30326, [0, 1, 2, 3, 7, 9, 11, 12, 15, 16, 18, 19, 20, 21, 27, 30, 35, 39, 41, 44])
(30327, [0, 1, 2, 3, 4, 6, 9, 11, 12, 15, 16, 17, 18, 19, 20, 22, 23, 26, 30, 31, 33, 34, 35, 36, 38, 40, 42, 43, 44])
(30328, [1, 3, 9, 10, 12, 19, 20, 34, 35, 37, 43])
(30329, [1, 2, 3, 15, 23, 31, 35, 44])
(30330, [9, 13, 15, 17, 24, 26, 30, 31, 34, 35, 44])
(30331, [0, 1, 2, 3, 4, 6, 8, 9, 11, 12, 15, 16, 19, 21, 22, 23, 26, 30, 31, 33, 35, 39, 41, 43, 44])
(30332, [35])
(30333, [9, 31, 34, 35, 44])
(30334, [0, 1, 3, 5, 6, 8, 16, 18, 23, 29, 30, 31, 34, 35, 38, 41, 44])
(30335, [3, 8, 12, 16, 21, 30, 35])
(30336, [35])
(30337, [35])
(30338, [35])
(30339, [1, 2, 3, 6, 8, 9, 10, 11, 12, 14, 15, 16, 17, 18, 19, 22, 23, 24, 25, 26, 30, 31, 35, 36, 41, 43])
(30340, [35, 44])
(30341, [0, 1, 3, 4, 11, 12, 18, 21, 35, 44])
(30342, [2, 35, 43])
(30343, [35])
(30344, [31, 34])
(30345, [3, 8, 15, 16, 18, 19, 21, 23, 26, 31, 34])
(30346, [1, 2, 3, 7, 8, 9, 11, 12, 13, 14, 15, 16, 17, 18, 19, 20, 21, 22, 23, 24, 26, 30, 31, 33, 34, 38, 42, 43, 44])
(30347, [0, 12, 23, 34])
(30348, [0, 2, 11, 34, 43])
(30349, [0, 1, 2, 3, 4, 6, 7, 9, 12, 15, 16, 18, 20, 21, 22, 23, 26, 27, 30, 31, 33, 34, 39, 42, 43, 44])
(30350, [1, 3, 5, 9, 11, 18, 19, 21, 22, 23, 30, 31, 33, 34, 41])
(30351, [34])
(30352, [34, 41])
(30353, [34, 41])
(30354, [34])
(30355, [2, 34, 43])
(30356, [0, 2, 4, 12, 13, 14, 15, 18, 22, 23, 30, 31, 33, 34, 36])
(30357, [0, 1, 4, 9, 15, 24, 33, 34, 40, 43, 44])
(30358, [3, 21, 34])
(30359, [4, 14, 17, 24, 34, 40])
(30360, [0, 34])
(30361, [1, 7, 9, 11, 12, 16, 19, 24, 34, 44])
(30362, [1, 2, 3, 6, 9, 11, 12, 18, 19, 21, 23, 26, 27, 31, 33, 34, 41, 43, 44])
(30363, [33, 34])
(30364, [33, 34])
(30365, [34])
(30366, [26, 34, 43])
(30367, [3, 31, 34])
(30368, [0, 1, 3, 7, 9, 10, 11, 12, 16, 20, 21, 26, 34, 43])
(30369, [6, 9, 11, 17, 18, 19, 23, 31, 34])
(30370, [3, 4, 9, 23, 26, 30, 31, 34])
(30371, [3, 5, 6, 13, 18, 22, 31, 33, 34, 41, 43])
(30372, [31, 34])
(30373, [0, 34])
(30374, [0, 34])
(30375, [1, 3, 10, 15, 17, 18, 20, 33, 34, 36, 37])
(30376, [34])
(30377, [0, 2, 4, 5, 9, 11, 12, 13, 15, 16, 21, 22, 23, 24, 33, 34, 36, 37, 41])
(30378, [0, 1, 2, 3, 11, 12, 13, 14, 16, 19, 30, 34, 41])
(30379, [22, 30, 34])
(30380, [2, 3, 4, 6, 9, 11, 15, 16, 26, 30, 34, 44])
(30381, [9, 12, 15, 31, 34, 42])
(30382, [2, 4, 9, 14, 26, 31, 34, 41])
(30383, [0, 2, 10, 12, 34, 42])
(30384, [2, 9, 17, 19, 20, 34, 40])
(30385, [7, 12, 28, 34, 38, 39])
(30386, [26, 34])
(30387, [0, 2, 9, 11, 16, 31, 34, 44])
(30388, [3, 33, 34, 44])
(30389, [34])
(30390, [34])
(30391, [0, 1, 3, 15, 21, 33, 34])
(30392, [3, 4, 6, 15, 18, 23, 26, 28, 31, 34, 43])
(30393, [0, 9, 19, 34, 41])
(30394, [1, 3, 4, 7, 9, 11, 12, 17, 18, 19, 20, 23, 29, 30, 31, 33, 34])
(30395, [34])
(30396, [0, 1, 3, 4, 5, 6, 8, 9, 15, 17, 18, 19, 22, 23, 29, 30, 34, 37, 39, 43, 44])
(30397, [9, 34])
(30398, [34])
(30399, [34])
(30400, [34])
(30401, [34])
(30402, [0, 1, 2, 3, 4, 6, 11, 12, 16, 20, 23, 24, 26, 34, 36, 41, 44])
(30403, [12, 34])
(30404, [33])
(30405, [2, 3, 6, 11, 13, 14, 26, 33, 40, 41])
(30406, [33])
(30407, [6, 17, 18, 33])
(30408, [33])
(30409, [1, 2, 21, 33, 41])
(30410, [0, 1, 2, 9, 33, 41])
(30411, [0, 2, 6, 12, 13, 16, 17, 18, 19, 23, 27, 28, 30, 33, 41, 42, 44])
(30412, [26, 31, 33])
(30413, [0, 1, 3, 19, 33])
(30414, [33])
(30415, [19, 33])
(30416, [33])
(30417, [3, 18, 23, 26, 30, 31, 33, 43])
(30418, [31, 33])
(30419, [1, 2, 3, 11, 21, 22, 30, 31, 33, 44])
(30420, [1, 2, 7, 13, 19, 24, 33, 43])
(30421, [1, 2, 3, 26, 30, 33, 44])
(30422, [4, 33])
(30423, [0, 1, 4, 9, 16, 18, 19, 22, 23, 30, 31, 33, 37])
(30424, [33])
(30425, [33])
(30426, [33])
(30427, [9, 11, 15, 19, 22, 24, 26, 31, 33, 43])
(30428, [33])
(30429, [23, 33, 44])
(30430, [33])
(30431, [4, 15, 33])
(30432, [3, 33])
(30433, [0, 23, 26, 33])
(30434, [33])
(30435, [2, 33])
(30436, [19, 30, 33])
(30437, [2, 3, 6, 14, 15, 16, 21, 24, 33, 39, 41, 42])
(30438, [18, 33])
(30439, [3, 33, 39])
(30440, [1, 3, 20, 31, 33, 39])
(30441, [1, 11, 19, 22, 31, 33])
(30442, [0, 1, 2, 3, 7, 9, 11, 14, 15, 16, 19, 20, 21, 31, 33, 39, 42, 44])
(30443, [33])
(30444, [1, 21, 33, 39, 44])
(30445, [7, 20])
(30446, [20])
(30447, [20])
(30448, [3, 20])
(30449, [0, 1, 7, 11, 20, 21])
(30450, [20])
(30451, [20])
(30452, [1, 3, 12, 20, 30])
(30453, [20])
(30454, [0, 1, 3, 9, 11, 12, 15, 19, 20, 21, 26, 42, 44])
(30455, [1, 2, 3, 9, 18, 20, 44])
(30456, [0, 1, 2, 3, 4, 6, 12, 16, 17, 19, 20, 22, 23, 31, 38, 39, 40, 42, 43, 44])
(30457, [0, 3, 9, 12, 20])
(30458, [1, 20])
(30459, [0, 9, 20, 23])
(30460, [0, 1, 3, 12, 20])
(30461, [0, 2, 12, 14, 20, 24, 36, 43])
(30462, [0, 1, 2, 3, 9, 18, 20, 23, 36, 44])
(30463, [3, 20])
(30464, [0, 1, 3, 20, 36])
(30465, [0, 1, 2, 5, 7, 11, 15, 18, 20, 41, 43])
(30466, [20])
(30467, [1, 3, 4, 6, 11, 20, 21, 24, 37, 39])
(30468, [0, 1, 6, 15, 18, 20, 23])
(30469, [20])
(30470, [3, 20])
(30471, [0, 1, 12, 20, 21])
(30472, [20])
(30473, [0, 2, 3, 8, 13, 20])
(30474, [0, 1, 2, 3, 6, 10, 11, 12, 20, 21, 28, 38, 41])
(30475, [0, 14, 20, 36])
(30476, [9, 18, 19, 22, 23, 29, 30, 37, 40])
(30477, [18])
(30478, [18])
(30479, [1, 2, 3, 18, 21])
(30480, [1, 15, 18, 19, 21, 22, 44])
(30481, [18])
(30482, [18])
(30483, [18, 19, 21])
(30484, [15, 18])
(30485, [18])
(30486, [18])
(30487, [18])
(30488, [18])
(30489, [18])
(30490, [18])
(30491, [17, 18])
(30492, [18])
(30493, [1, 3, 8, 12, 16, 17, 18, 43])
(30494, [1, 3, 11, 18, 27])
(30495, [18])
(30496, [1, 3, 6, 7, 8, 11, 15, 18, 19, 26, 30, 38, 44])
(30497, [2, 6, 18])
(30498, [1, 2, 3, 10, 11, 12, 14, 16, 18, 19, 39, 43, 44])
(30499, [18])
(30500, [1, 3, 4, 9, 16, 18, 19, 23, 39])
(30501, [2, 18])
(30502, [18, 23])
(30503, [18])
(30504, [18])
(30505, [14, 15, 18])
(30506, [18])
(30507, [18])
(30508, [18])
(30509, [2, 6, 9, 12, 18, 40, 44])
(30510, [0, 2, 3, 6, 9, 14, 15, 16, 18, 19, 23, 26, 38, 40, 43])
(30511, [4, 18])
(30512, [0, 18])
(30513, [8, 12, 15, 18, 23])
(30514, [18])
(30515, [5, 8, 18, 19, 23, 41])
(30516, [18])
(30517, [18])
(30518, [1, 15, 18])
(30519, [18])
(30520, [18])
(30521, [18])
(30522, [2, 18])
(30523, [18])
(30524, [18])
(30525, [18])
(30526, [18])
(30527, [18])
(30528, [2, 18, 36])
(30529, [18])
(30530, [18])
(30531, [18])
(30532, [6, 12, 18, 26, 27, 30, 31, 44])
(30533, [18])
(30534, [18])
(30535, [18, 31])
(30536, [18])
(30537, [18])
(30538, [18])
(30539, [18])
(30540, [18])
(30541, [18])
(30542, [3, 4, 18, 23, 27, 28])
(30543, [12, 18])
(30544, [18])
(30545, [0, 3, 7, 11, 18, 31])
(30546, [3, 18])
(30547, [18, 23])
(30548, [13, 18])
(30549, [18])
(30550, [3, 12, 18, 19])
(30551, [18])
(30552, [18])
(30553, [0, 1, 3, 4, 18, 40, 44])
(30554, [18])
(30555, [18])
(30556, [18, 23])
(30557, [18])
(30558, [18])
(30559, [18])
(30560, [0, 18])
(30561, [18])
(30562, [18])
(30563, [13, 15, 18, 24, 26, 41, 43])
(30564, [18])
(30565, [1, 7, 18, 21])
(30566, [18])
(30567, [18, 31])
(30568, [18])
(30569, [1, 3, 4, 8, 18, 19, 22, 26, 38])
(30570, [18])
(30571, [18])
(30572, [18])
(30573, [18])
(30574, [18])
(30575, [1, 7, 18, 23, 37])
(30576, [18])
(30577, [0, 2, 14, 18])
(30578, [18])
(30579, [0, 3, 12, 18, 37])
(30580, [18])
(30581, [18, 23])
(30582, [18])
(30583, [18])
(30584, [1, 3, 21, 27])
(30585, [0, 2, 3, 24, 27])
(30586, [27, 37, 38, 41])
(30587, [23, 27])
(30588, [27])
(30589, [27])
(30590, [27])
(30591, [1, 27, 41])
(30592, [0, 2, 3, 9, 10, 11, 12, 16, 27, 31, 41, 42, 44])
(30593, [0, 1, 2, 4, 9, 12, 15, 21, 27, 28])
(30594, [27])
(30595, [27])
(30596, [9, 15])
(30597, [2, 9, 15, 17, 25, 40, 44])
(30598, [2, 9, 11, 13, 23, 24, 26, 40, 41])
(30599, [9])
(30600, [9])
(30601, [9])
(30602, [0, 9])
(30603, [9, 15])
(30604, [9])
(30605, [9])
(30606, [9, 23])
(30607, [1, 3, 9, 43])
(30608, [5, 9])
(30609, [9])
(30610, [6, 9])
(30611, [9])
(30612, [9, 12])
(30613, [9])
(30614, [1, 4, 9])
(30615, [9])
(30616, [0, 1, 3, 4, 9, 11, 21, 22, 44])
(30617, [9, 44])
(30618, [9])
(30619, [9])
(30620, [9])
(30621, [0, 5, 9, 12])
(30622, [9])
(30623, [9])
(30624, [9])
(30625, [1, 9, 11, 41])
(30626, [9, 12])
(30627, [9])
(30628, [9])
(30629, [2, 9, 11, 15, 24, 41, 44])
(30630, [9])
(30631, [9, 41, 43])
(30632, [9])
(30633, [0, 9])
(30634, [9])
(30635, [9])
(30636, [9])
(30637, [9])
(30638, [6, 9, 12, 23])
(30639, [0, 1, 2, 9, 12, 15, 16, 19, 30, 37, 39, 40, 41, 43])
(30640, [0, 1, 2, 3, 7, 9, 12, 23, 42, 43])
(30641, [9])
(30642, [2, 9, 19, 22, 36, 38, 43])
(30643, [9])
(30644, [3, 7, 9, 12, 17, 22, 26])
(30645, [1, 2, 3, 7, 9, 11, 13, 17, 19])
(30646, [9])
(30647, [9])
(30648, [2, 9, 11, 19, 24, 44])
(30649, [9])
(30650, [2, 9, 11, 14, 17, 19, 24, 36, 40])
(30651, [9])
(30652, [1, 9, 24, 31, 44])
(30653, [1, 3, 9, 11, 24, 41])
(30654, [9])
(30655, [9])
(30656, [9, 19])
(30657, [0])
(30658, [0])
(30659, [0])
(30660, [0])
(30661, [0])
(30662, [0])
(30663, [0])
(30664, [0])
(30665, [0])
(30666, [0, 12])
(30667, [0])
(30668, [0])
(30669, [0])
(30670, [0])
(30671, [0])
(30672, [0])
(30673, [0])
(30674, [0])
(30675, [0])
(30676, [0])
(30677, [0, 12])
(30678, [0])
(30679, [0])
(30680, [0])
(30681, [0])
(30682, [0])
(30683, [0, 12])
(30684, [0])
(30685, [0])
(30686, [0])
(30687, [0])
(30688, [0])
(30689, [0])
(30690, [0])
(30691, [0, 12])
(30692, [0])
(30693, [0])
(30694, [0, 1, 3, 6, 12, 16, 43])
(30695, [0])
(30696, [0])
(30697, [0])
(30698, [0, 12])
(30699, [0])
(30700, [0])
(30701, [0])
(30702, [0])
(30703, [0])
(30704, [0])
(30705, [0])
(30706, [0])
(30707, [0])
(30708, [0])
(30709, [0])
(30710, [0, 15, 22])
(30711, [0])
(30712, [0, 40])
(30713, [0])
(30714, [0])
(30715, [0])
(30716, [0])
(30717, [0])
(30718, [0, 12])
(30719, [0])
(30720, [0])
(30721, [0])
(30722, [0, 6, 12, 23])
(30723, [0, 12])
(30724, [0])
(30725, [0])
(30726, [0, 7])
(30727, [0])
(30728, [0])
(30729, [0])
(30730, [0, 3, 7])
(30731, [0])
(30732, [0])
(30733, [0])
(30734, [0])
(30735, [0])
(30736, [0])
(30737, [0])
(30738, [0])
(30739, [0, 3, 11, 12, 22])
(30740, [0, 21])
(30741, [0])
(30742, [0])
(30743, [0])
(30744, [0])
(30745, [0])
(30746, [0, 11])
(30747, [0, 2, 23, 26, 36, 43])
(30748, [0, 1, 3, 4, 12, 22, 23, 30, 31, 42])
(30749, [0])
(30750, [0])
(30751, [0])
(30752, [0])
(30753, [0])
(30754, [0])
(30755, [0])
(30756, [0])
(30757, [0])
(30758, [0])
(30759, [0, 19])
(30760, [0])
(30761, [0, 3, 15, 44])
(30762, [0])
(30763, [0])
(30764, [0])
(30765, [0])
(30766, [0, 26])
(30767, [0, 41])
(30768, [0])
(30769, [0])
(30770, [0])
(30771, [0])
(30772, [0])
(30773, [0])
(30774, [0, 19, 22])
(30775, [0])
(30776, [0])
(30777, [0])
(30778, [0, 2])
(30779, [0])
(30780, [0, 12])
(30781, [0])
(30782, [0])
(30783, [0, 2, 12])
(30784, [0])
(30785, [0])
(30786, [0])
(30787, [0, 17, 36])
(30788, [0])
(30789, [0])
(30790, [0])
(30791, [0])
(30792, [0])
(30793, [0])
(30794, [0, 2])
(30795, [0])
(30796, [0, 1, 2, 3, 6, 10, 11, 13, 14, 15, 16, 24])
(30797, [0])
(30798, [0])
(30799, [0])
(30800, [0])
(30801, [0, 41])
(30802, [0])
(30803, [0])
(30804, [0])
(30805, [0])
(30806, [0])
(30807, [0])
(30808, [0])
(30809, [0])
(30810, [0])
(30811, [0, 10, 31])
(30812, [0])
(30813, [0])
(30814, [0])
(30815, [0, 1])
(30816, [0])
(30817, [0, 12])
(30818, [0])
(30819, [0])
(30820, [0, 1, 3, 11, 16, 31])
(30821, [0])
(30822, [0])
(30823, [0, 1, 3, 16, 21, 26, 30])
(30824, [0])
(30825, [0])
(30826, [0])
(30827, [0])
(30828, [0])
(30829, [0, 10, 12, 19])
(30830, [0])
(30831, [0])
(30832, [0])
(30833, [0, 19])
(30834, [0])
(30835, [0, 3, 12])
(30836, [0])
(30837, [0])
(30838, [0])
(30839, [0])
(30840, [0])
(30841, [0])
(30842, [0])
(30843, [0])
(30844, [0])
(30845, [0])
(30846, [0, 36])
(30847, [0])
(30848, [0])
(30849, [0])
(30850, [0])
(30851, [0])
(30852, [0])
(30853, [0])
(30854, [0])
(30855, [0])
(30856, [0, 1, 11])
(30857, [0, 12])
(30858, [0])
(30859, [0])
(30860, [0])
(30861, [0])
(30862, [0])
(30863, [0])
(30864, [0])
(30865, [0])
(30866, [0])
(30867, [0])
(30868, [0])
(30869, [0, 12])
(30870, [0])
(30871, [0])
(30872, [0])
(30873, [0])
(30874, [0])
(30875, [0])
(30876, [0])
(30877, [0])
(30878, [0])
(30879, [0])
(30880, [0])
(30881, [0])
(30882, [0, 4, 6, 21, 30])
(30883, [0])
(30884, [0])
(30885, [0])
(30886, [0])
(30887, [0])
(30888, [0])
(30889, [0, 1, 6, 12, 26])
(30890, [0])
(30891, [0])
(30892, [0])
(30893, [0])
(30894, [0, 1, 2, 3, 17])
(30895, [0])
(30896, [0])
(30897, [0])
(30898, [0])
(30899, [0])
(30900, [0, 25])
(30901, [0])
(30902, [0])
(30903, [0])
(30904, [0])
(30905, [0])
(30906, [0])
(30907, [0])
(30908, [0])
(30909, [0])
(30910, [0])
(30911, [0])
(30912, [0])
(30913, [0, 1])
(30914, [0])
(30915, [0])
(30916, [0])
(30917, [11, 21])
(30918, [11])
(30919, [4, 5, 8, 11, 23, 26, 37])
(30920, [11])
(30921, [11])
(30922, [11])
(30923, [1, 11])
(30924, [6, 11])
(30925, [11, 38])
(30926, [11])
(30927, [11])
(30928, [11, 19, 26, 40, 41, 44])
(30929, [11])
(30930, [11])
(30931, [11, 14])
(30932, [2, 4, 11, 36, 41, 44])
(30933, [11])
(30934, [11])
(30935, [11])
(30936, [2, 11, 44])
(30937, [11])
(30938, [11])
(30939, [1, 2, 3, 11, 17, 19, 22, 24, 36, 38, 40, 41, 43, 44])
(30940, [11])
(30941, [7, 12])
(30942, [7])
(30943, [7])
(30944, [7])
(30945, [7])
(30946, [7])
(30947, [7])
(30948, [7])
(30949, [7])
(30950, [6, 7, 15])
(30951, [17, 19, 29])
(30952, [29])
(30953, [29])
(30954, [16])
(30955, [12, 16, 23])
(30956, [2, 16])
(30957, [16])
(30958, [16])
(30959, [16])
(30960, [16])
(30961, [1, 3, 4, 16, 21, 23, 26])
(30962, [16, 44])
(30963, [16, 23])
(30964, [3, 16])
(30965, [16])
(30966, [1, 15, 16])
(30967, [16])
(30968, [16])
(30969, [16])
(30970, [42])
(30971, [1, 42])
(30972, [42])
(30973, [6])
(30974, [6])
(30975, [6])
(30976, [3, 6, 23])
(30977, [1, 2, 6, 23])
(30978, [6])
(30979, [6, 43])
(30980, [6, 44])
(30981, [6])
(30982, [1, 2, 4, 6, 19, 31, 38, 44])
(30983, [6])
(30984, [28])
(30985, [28])
(30986, [2, 24, 28, 41, 43])
(30987, [17])
(30988, [2, 3, 17, 22])
(30989, [17])
(30990, [17])
(30991, [1, 2, 10, 12, 17])
(30992, [17])
(30993, [17])
(30994, [17])
(30995, [17])
(30996, [17])
(30997, [17, 44])
(30998, [17])
(30999, [17])
(31000, [17])
(31001, [17])
(31002, [17, 41])
(31003, [17])
(31004, [17])
(31005, [17, 31])
(31006, [17])
(31007, [17])
(31008, [1])
(31009, [1, 3, 19])
(31010, [1, 21])
(31011, [1])
(31012, [1, 3, 4, 19])
(31013, [1, 3])
(31014, [1])
(31015, [1])
(31016, [1, 3])
(31017, [1])
(31018, [1])
(31019, [1])
(31020, [1, 3, 21, 31, 44])
(31021, [1, 3])
(31022, [1])
(31023, [1])
(31024, [1, 12, 23])
(31025, [1])
(31026, [1])
(31027, [1])
(31028, [1, 23, 44])
(31029, [1, 3, 19])
(31030, [1])
(31031, [1, 22, 38])
(31032, [1])
(31033, [1, 3, 21])
(31034, [1])
(31035, [1, 21])
(31036, [1])
(31037, [1])
(31038, [1, 3])
(31039, [1])
(31040, [1, 19])
(31041, [1, 3, 12, 21])
(31042, [1, 3])
(31043, [1, 3])
(31044, [1, 24])
(31045, [1, 2])
(31046, [1, 4, 22])
(31047, [1, 3, 19, 22])
(31048, [1])
(31049, [1])
(31050, [1])
(31051, [1])
(31052, [1])
(31053, [10, 12])
(31054, [10])
(31055, [10])
(31056, [10])
(31057, [19, 31])
(31058, [19])
(31059, [19])
(31060, [19])
(31061, [19])
(31062, [19])
(31063, [19])
(31064, [19])
(31065, [19])
(31066, [19])
(31067, [19])
(31068, [19, 21, 43, 44])
(31069, [19])
(31070, [19])
(31071, [19])
(31072, [12, 19])
(31073, [19])
(31074, [19])
(31075, [19])
(31076, [2, 13, 19, 41, 43])
(31077, [19])
(31078, [19])
(31079, [12, 19])
(31080, [19])
(31081, [19])
(31082, [19])
(31083, [19])
(31084, [12, 19, 24, 37])
(31085, [2, 26])
(31086, [26])
(31087, [26])
(31088, [26])
(31089, [26])
(31090, [26])
(31091, [26])
(31092, [26])
(31093, [2, 26, 41, 43])
(31094, [26])
(31095, [26])
(31096, [26])
(31097, [26])
(31098, [12, 26])
(31099, [3, 12, 15, 26])
(31100, [21, 22, 26])
(31101, [26])
(31102, [26])
(31103, [26])
(31104, [26, 37])
(31105, [26])
(31106, [26])
(31107, [8])
(31108, [8])
(31109, [8])
(31110, [5, 8, 23])
(31111, [8])
(31112, [5, 8, 23])
(31113, [8, 31])
(31114, [8])
(31115, [8])
(31116, [8])
(31117, [8])
(31118, [8, 21])
(31119, [5, 8])
(31120, [8, 23])
(31121, [8])
(31122, [8])
(31123, [8])
(31124, [21])
(31125, [21])
(31126, [3, 21])
(31127, [21])
(31128, [12, 21])
(31129, [21])
(31130, [21, 25])
(31131, [21])
(31132, [21, 23])
(31133, [21])
(31134, [21])
(31135, [21])
(31136, [21])
(31137, [21])
(31138, [21])
(31139, [15, 21])
(31140, [21])
(31141, [21])
(31142, [21])
(31143, [21])
(31144, [21])
(31145, [21])
(31146, [21])
(31147, [21])
(31148, [21, 31])
(31149, [21])
(31150, [21])
(31151, [21])
(31152, [21])
(31153, [5, 15, 21])
(31154, [21])
(31155, [21])
(31156, [21])
(31157, [21])
(31158, [21])
(31159, [21])
(31160, [21])
(31161, [21])
(31162, [21])
(31163, [21])
(31164, [44])
(31165, [44])
(31166, [44])
(31167, [44])
(31168, [44])
(31169, [44])
(31170, [44])
(31171, [44])
(31172, [44])
(31173, [44])
(31174, [44])
(31175, [44])
(31176, [44])
(31177, [14, 44])
(31178, [2, 44])
(31179, [13, 44])
(31180, [44])
(31181, [44])
(31182, [44])
(31183, [43])
(31184, [43])
(31185, [43])
(31186, [43])
(31187, [41, 43])
(31188, [43])
(31189, [43])
(31190, [43])
(31191, [14, 43])
(31192, [2, 23, 43])
(31193, [43])
(31194, [43])
(31195, [43])
(31196, [43])
(31197, [14, 43])
(31198, [43])
(31199, [43])
(31200, [43])
(31201, [43])
(31202, [43])
(31203, [43])
(31204, [43])
(31205, [43])
(31206, [43])
(31207, [43])
(31208, [43])
(31209, [38])
(31210, [38])
(31211, [38])
(31212, [30, 36])
(31213, [36])
(31214, [36])
(31215, [2, 36])
(31216, [36])
(31217, [36])
(31218, [36])
(31219, [12, 36])
(31220, [36])
(31221, [36])
(31222, [36])
(31223, [36])
(31224, [36])
(31225, [36])
(31226, [36])
(31227, [36])
(31228, [36])
(31229, [14, 36])
(31230, [36])
(31231, [36])
(31232, [36])
(31233, [36])
(31234, [36])
(31235, [30, 36])
(31236, [36])
(31237, [36])
(31238, [36])
(31239, [36])
(31240, [36])
(31241, [31])
(31242, [31])
(31243, [31])
(31244, [31])
(31245, [31])
(31246, [31])
(31247, [31])
(31248, [31])
(31249, [31])
(31250, [31])
(31251, [3, 31])
(31252, [31])
(31253, [31])
(31254, [30])
(31255, [2, 30])
(31256, [30])
(31257, [30])
(31258, [30])
(31259, [2, 3, 30])
(31260, [30])
(31261, [30])
(31262, [30])
(31263, [30])
(31264, [4, 14, 30, 39])
(31265, [37])
(31266, [37])
(31267, [37])
(31268, [37])
(31269, [39])
(31270, [39])
(31271, [39])
(31272, [39])
(31273, [39])
(31274, [4, 15, 39])
(31275, [39])
(31276, [39])
(31277, [39])
(31278, [2, 39])
(31279, [41])
(31280, [41])
(31281, [15, 41])
(31282, [2, 41])
(31283, [41])
(31284, [41])
(31285, [41])
(31286, [2, 41])
(31287, [14, 15, 40, 41])
(31288, [41])
(31289, [41])
(31290, [2, 41])
(31291, [41])
(31292, [41])
(31293, [41])
(31294, [41])
(31295, [41])
(31296, [41])
(31297, [2, 41])
(31298, [24])
(31299, [14, 24])
(31300, [2, 24])
(31301, [12, 24])
(31302, [24])
(31303, [24])
(31304, [24])
(31305, [24])
(31306, [23])
(31307, [23])
(31308, [12, 23])
(31309, [23])
(31310, [23])
(31311, [23])
(31312, [23])
(31313, [23])
(31314, [23])
(31315, [23])
(31316, [23])
(31317, [23])
(31318, [4, 23])
(31319, [23])
(31320, [23])
(31321, [23])
(31322, [23])
(31323, [23])
(31324, [23])
(31325, [23])
(31326, [23])
(31327, [23])
(31328, [4, 23])
(31329, [23])
(31330, [23])
(31331, [23])
(31332, [23])
(31333, [23])
(31334, [23])
(31335, [23])
(31336, [23])
(31337, [23])
(31338, [23])
(31339, [23])
(31340, [23])
(31341, [23])
(31342, [23])
(31343, [23])
(31344, [23])
(31345, [23])
(31346, [23])
(31347, [23])
(31348, [23])
(31349, [23])
(31350, [23])
(31351, [23])
(31352, [23])
(31353, [23])
(31354, [23])
(31355, [23])
(31356, [23])
(31357, [23])
(31358, [23])
(31359, [23])
(31360, [23])
(31361, [4])
(31362, [4])
(31363, [2, 4, 14])
(31364, [4])
(31365, [4])
(31366, [4])
(31367, [4])
(31368, [4])
(31369, [4])
(31370, [4])
(31371, [4])
(31372, [4])
(31373, [4])
(31374, [4])
(31375, [4])
(31376, [4])
(31377, [4])
(31378, [15])
(31379, [15])
(31380, [15])
(31381, [2, 15, 22])
(31382, [15])
(31383, [15])
(31384, [15])
(31385, [15])
(31386, [15])
(31387, [15])
(31388, [15])
(31389, [15])
(31390, [2, 3, 15])
(31391, [15])
(31392, [15])
(31393, [15])
(31394, [15])
(31395, [3])
(31396, [3])
(31397, [3])
(31398, [3])
(31399, [3])
(31400, [3])
(31401, [3])
(31402, [3])
(31403, [3])
(31404, [3])
(31405, [3, 22])
(31406, [3])
(31407, [3])
(31408, [3])
(31409, [3])
(31410, [3])
(31411, [3])
(31412, [3])
(31413, [3])
(31414, [3])
(31415, [3])
(31416, [3])
(31417, [3])
(31418, [3, 12])
(31419, [3])
(31420, [3])
(31421, [3])
(31422, [3])
(31423, [3])
(31424, [12])
(31425, [12])
(31426, [12])
(31427, [12])
(31428, [12])
(31429, [12])
(31430, [12])
(31431, [12])
(31432, [12])
(31433, [12])
(31434, [12])
(31435, [12])
(31436, [12])
(31437, [12])
(31438, [12])
(31439, [12])
(31440, [12])
(31441, [12])
(31442, [12])
(31443, [12])
(31444, [12])
(31445, [12])
(31446, [12])
(31447, [12])
(31448, [12])
(31449, [2, 12])
(31450, [12])
(31451, [2, 12])
(31452, [12])
(31453, [12])
(31454, [12])
(31455, [12])
(31456, [12])
(31457, [12])
(31458, [12])
(31459, [12])
(31460, [12])
(31461, [12])
(31462, [12])
(31463, [12])
(31464, [12])
(31465, [12])
(31466, [12])
(31467, [12])
(31468, [12])
(31469, [12])
(31470, [12])
(31471, [12])
(31472, [12])
(31473, [12])
(31474, [12])
(31475, [12])
(31476, [12])
(31477, [12])
(31478, [12])
(31479, [12])
(31480, [12])
(31481, [12])
(31482, [12])
(31483, [12])
(31484, [12])
(31485, [12])
(31486, [12])
(31487, [12])
(31488, [12])
(31489, [12])
(31490, [12])
(31491, [12])
(31492, [12])
(31493, [12])
(31494, [12])
(31495, [12])
(31496, [12])
(31497, [12])
(31498, [12])
(31499, [40])
(31500, [40])
(31501, [40])
(31502, [40])
(31503, [40])
(31504, [40])
(31505, [2])
(31506, [2, 14])
(31507, [2])
(31508, [2])
(31509, [2])
(31510, [2])
(31511, [2])
(31512, [2])
(31513, [2])
(31514, [2])
(31515, [2])
(31516, [2])
(31517, [2])
(31518, [2])
(31519, [2])
(31520, [2])
(31521, [2])
(31522, [2])
(31523, [2])
(31524, [2])
(31525, [2])
(31526, [2])
(31527, [2])
(31528, [2])
(31529, [2])
(31530, [2])
(31531, [2])
(31532, [2])
(31533, [2])
(31534, [2])
(31535, [2])
(31536, [2])
(31537, [2])
(31538, [2])
(31539, [2])
(31540, [2])
(31541, [2])
(31542, [2])
(31543, [2])
(31544, [2])
(31545, [2])
(31546, [2])
(31547, [2])
(31548, [2])
(31549, [2])
(31550, [2])
(31551, [2])
(31552, [2])
(31553, [2])
(31554, [2])
(31555, [2])
(31556, [2])
(31557, [2])
(31558, [2])
(31559, [2])
(31560, [2])
(31561, [2])
(31562, [2])
(31563, [2])
(31564, [2])
(31565, [2])
(31566, [2])
(31567, [2])
(31568, [2])
(31569, [2])
(31570, [2])
(31571, [2])
(31572, [2])
(31573, [2])
(31574, [2])
(31575, [2])
(31576, [2])
(31577, [2])
(31578, [2])
(31579, [2])
(31580, [2])
(31581, [2])
(31582, [2])
(31583, [5])
(31584, [5])
(31585, [5])
(31586, [5])
(31587, [5])
(31588, [5])
(31589, [14])
(31590, [14])
(31591, [14])
(31592, [14])
(31593, [14])
(31594, [14])
(31595, [14])
(31596, [14])
(31597, [14])
(31598, [14])
(31599, [14])
(31600, [14])
(31601, [14])
(31602, [14])
(31603, [22])
(31604, [22])
(31605, [22])
(31606, [22])
(31607, [22])
(31608, [22])
(31609, [25])
