(112367, [32, 35, 34, 33, 20, 18, 27, 9, 0, 11, 7, 29, 16, 42, 6, 28, 1, 10, 19, 26, 8, 21, 44, 43, 38, 36, 31, 30, 37, 39, 41, 24, 23, 4, 15, 3, 12, 40, 2, 13, 5, 14, 22, 25])
(112368, [32, 35, 34, 33, 20, 18, 27, 9, 0, 11, 7, 29, 16, 42, 6, 28, 17, 1, 10, 19, 26, 8, 21, 44, 43, 38, 36, 31, 30, 37, 39, 41, 24, 23, 4, 15, 3, 12, 40, 2, 13, 5, 14, 22, 25])
(112369, [32, 17])
(112370, [32, 35, 34, 33, 20, 18, 27, 9, 0, 11, 7, 29, 16, 42, 6, 28, 17, 1, 10, 19, 26, 8, 21, 44, 43, 38, 36, 31, 30, 37, 39, 41, 24, 23, 4, 15, 3, 12, 40, 2, 13, 5, 14, 22, 25])
(112371, [32, 35, 34, 33, 20, 18, 27, 9, 11, 7, 29, 16, 42, 6, 17, 1, 10, 19, 26, 8, 21, 44, 43, 38, 31, 30, 39, 41, 24, 23, 4, 15, 3, 12, 40, 2, 13, 5, 14, 22, 25])
(112372, [32, 35, 34, 33, 20, 18, 27, 9, 0, 11, 7, 29, 16, 42, 6, 28, 17, 1, 10, 19, 26, 8, 21, 44, 43, 38, 36, 31, 30, 37, 39, 41, 24, 23, 4, 15, 3, 12, 40, 2, 13, 5, 14, 22, 25])
(112373, [32, 35, 34, 33, 20, 18, 27, 9, 0, 11, 7, 29, 16, 42, 6, 28, 17, 1, 10, 19, 26, 8, 21, 44, 43, 38, 36, 31, 30, 37, 39, 41, 24, 23, 4, 15, 3, 12, 40, 2, 13, 5, 14, 22, 25])
(112374, [32, 35, 34, 33, 20, 18, 27, 9, 0, 11, 7, 29, 16, 42, 6, 28, 17, 1, 10, 19, 26, 8, 21, 44, 43, 38, 36, 31, 30, 37, 39, 41, 24, 23, 4, 15, 3, 12, 40, 2, 13, 5, 14, 22, 25])
(112375, [32, 7, 17, 26, 23, 12])
(112376, [32, 33, 17, 26, 4, 3])
(112377, [32, 35, 34, 33, 20, 18, 27, 9, 0, 11, 7, 16, 6, 28, 17, 1, 19, 26, 8, 21, 44, 43, 31, 30, 41, 24, 23, 4, 15, 3, 12, 40, 2, 13, 14])
(112378, [32, 34, 33, 20, 18, 27, 9, 0, 11, 7, 29, 16, 42, 6, 28, 17, 1, 10, 19, 26, 8, 21, 44, 43, 38, 36, 31, 30, 37, 39, 41, 24, 23, 4, 15, 3, 12, 40, 2, 13, 5, 14, 22])
(112379, [32, 35, 34, 33, 20, 18, 9, 0, 11, 7, 29, 16, 42, 6, 17, 1, 19, 8, 21, 44, 43, 38, 31, 30, 39, 41, 23, 4, 15, 3, 12, 40, 2, 13, 5, 22, 25])
(112380, [32, 26, 43, 24])
(112381, [32, 9, 0, 19, 43, 30, 24, 4, 15, 3, 12, 2, 14])
(112382, [32, 34, 33, 20, 18, 9, 11, 7, 42, 6, 28, 17, 1, 10, 19, 26, 21, 44, 43, 38, 36, 31, 30, 41, 24, 23, 4, 15, 3, 12, 40, 2, 13, 5, 14])
(112383, [32, 35, 33, 18, 27, 6, 26, 44, 30, 41, 3, 12])
(112384, [32, 35, 33, 20, 18, 27, 9, 0, 11, 16, 42, 6, 1, 19, 8, 21, 44, 43, 38, 36, 31, 30, 41, 24, 23, 4, 15, 3, 12, 40, 2, 5, 14, 22, 25])
(112385, [32, 35, 34, 33, 18, 9, 11, 7, 29, 6, 17, 1, 19, 26, 8, 21, 44, 43, 38, 31, 30, 39, 41, 24, 23, 4, 15, 3, 12, 40, 2, 13, 5, 14, 22])
(112386, [32, 34, 33, 18, 9, 11, 16, 6, 21, 44, 38, 36, 31, 30, 39, 41, 24, 23, 4, 15, 3, 12, 2, 13, 22])
(112387, [32, 35, 34, 33, 20, 18, 27, 9, 11, 7, 29, 16, 42, 6, 28, 17, 1, 10, 19, 26, 8, 21, 44, 43, 38, 36, 31, 30, 37, 39, 41, 24, 23, 4, 15, 3, 12, 40, 2, 13, 5, 14, 22])
(112388, [32, 35, 34, 33, 20, 18, 27, 9, 0, 11, 7, 29, 16, 42, 6, 17, 1, 10, 19, 26, 8, 21, 44, 43, 38, 36, 31, 30, 37, 39, 41, 24, 23, 4, 15, 3, 12, 40, 2, 13, 5, 14, 22, 25])
(112389, [32, 35, 34, 33, 20, 18, 9, 0, 11, 7, 16, 42, 6, 17, 1, 19, 26, 8, 21, 44, 43, 36, 31, 30, 37, 39, 41, 24, 23, 4, 15, 3, 12, 40, 2, 13, 5, 14, 22, 25])
(112390, [32, 34, 33, 20, 18, 27, 9, 0, 11, 7, 29, 16, 42, 6, 28, 17, 1, 19, 26, 8, 44, 43, 36, 31, 30, 37, 39, 41, 24, 23, 4, 15, 3, 12, 40, 2, 13, 5, 14, 22])
(112391, [32, 34, 33, 9, 1, 19, 43, 30, 41, 15, 3, 40, 2, 13, 22, 25])
(112392, [32, 18, 9, 6, 1, 26, 21, 44, 38, 31, 30, 41, 24, 4, 15, 3])
(112393, [32, 34, 33, 20, 18, 27, 9, 0, 11, 7, 16, 28, 17, 1, 10, 19, 21, 44, 43, 38, 36, 31, 30, 41, 24, 23, 4, 15, 3, 12, 40, 2, 13, 5])
(112394, [32, 18, 9, 0, 7, 17, 1, 10, 26, 43, 31, 30, 39, 4, 15, 3, 12, 40, 2])
(112395, [32, 35, 34, 33, 20, 18, 27, 9, 0, 11, 7, 16, 42, 6, 28, 1, 10, 19, 26, 21, 44, 43, 38, 31, 30, 37, 39, 24, 23, 4, 15, 3, 12, 2, 5, 14, 22])
(112396, [32, 35, 34, 33, 20, 18, 27, 9, 0, 11, 7, 16, 6, 28, 17, 1, 19, 26, 44, 43, 31, 30, 41, 24, 23, 4, 15, 3, 12, 40, 2, 13, 14, 25])
(112397, [32, 11, 31, 30, 23])
(112398, [32, 35, 34, 33, 0, 11, 29, 42, 6, 1, 19, 44, 31, 30, 3])
(112399, [32, 33, 18, 9, 11, 7, 6, 28, 17, 1, 19, 26, 8, 21, 44, 43, 38, 30, 41, 24, 23, 4, 15, 3, 2, 13, 25])
(112400, [32, 34, 33, 20, 9, 0, 11, 7, 16, 17, 1, 19, 26, 44, 43, 30, 41, 24, 4, 3, 12, 2, 13])
(112401, [32, 35, 34, 33, 20, 18, 27, 9, 0, 11, 7, 29, 16, 42, 6, 28, 17, 1, 10, 19, 26, 8, 21, 44, 43, 38, 36, 31, 30, 37, 39, 41, 24, 23, 4, 15, 3, 12, 40, 2, 13, 5, 14, 22])
(112402, [32, 9, 0, 6, 17, 1, 21, 44, 4, 15, 3, 12, 40, 2, 22])
(112403, [32, 33, 1, 31, 41])
(112404, [32, 33, 18, 9, 11, 6, 17, 1, 19, 8, 21, 44, 31, 30, 41, 4, 15, 3, 12, 40, 2, 14, 22])
(112405, [32, 34, 33, 18, 9, 11, 7, 16, 42, 1, 8, 21, 43, 38, 31, 41, 23, 4, 3, 2, 22])
(112406, [32, 34, 33, 20, 18, 9, 0, 11, 7, 16, 42, 6, 1, 10, 19, 26, 8, 21, 44, 43, 38, 36, 31, 30, 24, 23, 4, 15, 3, 12, 40, 2, 25])
(112407, [32, 33, 20, 18, 27, 9, 0, 11, 7, 16, 42, 1, 19, 26, 44, 43, 31, 30, 23, 4, 15, 3, 12, 2, 22])
(112408, [32, 44])
(112409, [32, 35, 34, 33, 18, 27, 9, 0, 11, 7, 16, 42, 6, 17, 1, 19, 26, 21, 44, 30, 41, 24, 23, 4, 15, 3, 12, 40, 2, 13, 5, 22])
(112410, [32])
(112411, [32, 20, 18, 9, 0, 28, 1, 19, 26, 43, 31, 30, 41, 23, 15, 3, 12, 2, 14])
(112412, [32, 34, 33, 20, 18, 9, 0, 16, 6, 1, 26, 43, 36, 31, 30, 41, 24, 23, 4, 3, 2, 13])
(112413, [32, 33, 9, 19, 26, 43, 31, 41])
(112414, [32, 35, 34, 33, 18, 27, 9, 0, 11, 16, 6, 17, 1, 19, 26, 21, 44, 43, 31, 30, 41, 24, 23, 4, 15, 3, 40, 13, 5])
(112415, [32, 33, 9, 0, 17, 31, 12])
(112416, [32, 33, 20, 17, 26, 44, 4, 15, 3, 40])
(112417, [32, 34, 33, 9, 16, 6, 17, 1, 19, 26, 8, 44, 31, 30, 41, 24, 15, 3, 2, 13, 14])
(112418, [32, 18, 11, 7, 6, 1, 44, 38, 39, 3, 13, 22])
(112419, [32, 35, 34, 18, 27, 9, 0, 11, 7, 29, 16, 42, 17, 1, 19, 21, 43, 38, 31, 37, 24, 4, 15, 3, 40, 2, 22, 25])
(112420, [32, 34, 33, 20, 9, 11, 1, 19, 21, 44, 31, 30, 23, 4, 15, 3, 12, 2])
(112421, [32, 34, 33, 18, 9, 11, 17, 21, 30, 4, 22])
(112422, [32, 33, 20, 18, 9, 0, 11, 7, 6, 28, 17, 1, 26, 44, 43, 36, 30, 37, 24, 23, 4, 15, 3, 12, 40, 2, 14])
(112423, [32, 9, 6, 1, 19, 41, 12, 40, 2])
(112424, [32, 11, 6, 30])
(112425, [32, 18, 16, 8, 21, 44, 30, 23, 12, 5, 22])
(112426, [32, 6, 31, 24, 15, 2])
(112427, [32, 35, 34, 33, 20, 18, 9, 0, 11, 6, 19, 8, 21, 31, 30, 41, 24, 23, 3, 2])
(112428, [32, 6, 43, 23, 4])
(112429, [32])
(112430, [32, 16])
(112431, [32, 35, 33, 20, 18, 27, 9, 0, 11, 7, 16, 42, 6, 17, 1, 19, 26, 21, 44, 43, 38, 41, 24, 23, 4, 15, 3, 12, 2, 22])
(112432, [32])
(112433, [32, 34, 33, 18, 9, 11, 42, 17, 1, 26, 8, 21, 43, 31, 30, 23, 4, 3, 12, 40, 2, 22])
(112434, [32, 34, 18, 0, 11, 6, 17, 1, 21, 44, 43, 41, 23, 15, 3, 12])
(112435, [32, 34, 33, 18, 9, 16, 6, 17, 10, 19, 26, 43, 31, 30, 39, 24, 23, 4, 15, 40, 2, 13, 14])
(112436, [32, 34, 18, 9, 11, 6, 19, 26, 44, 43, 31, 30, 41, 23, 4, 15, 3, 2, 13, 14])
(112437, [32, 17, 19])
(112438, [32, 6])
(112439, [32, 35, 34, 33, 18, 9, 0, 7, 6, 17, 1, 43, 36, 31, 30, 39, 41, 24, 23, 3])
(112440, [32, 18, 0, 36])
(112441, [32, 0, 26, 3])
(112442, [32, 34, 33, 18, 6, 43, 31])
(112443, [32, 11, 1, 31, 3])
(112444, [32, 20, 0, 30])
(112445, [32, 35, 34, 20, 18, 27, 9, 0, 16, 42, 6, 17, 1, 19, 26, 8, 21, 44, 43, 31, 30, 37, 41, 24, 23, 4, 15, 3, 12, 2])
(112446, [32, 34, 20, 18, 9, 0, 11, 7, 6, 17, 1, 10, 19, 26, 36, 31, 30, 41, 23, 4, 15, 3, 12, 13, 14])
(112447, [32, 34, 33, 18, 9, 0, 16, 6, 28, 1, 19, 26, 8, 21, 44, 36, 31, 30, 37, 41, 23, 4, 3, 12, 2, 5, 25])
(112448, [32, 16, 6, 26, 38, 5])
(112449, [32, 35, 34, 20, 18, 9, 0, 11, 7, 16, 42, 6, 28, 17, 1, 19, 26, 8, 21, 44, 43, 38, 36, 31, 30, 41, 24, 23, 4, 15, 3, 12, 40, 2, 13, 5])
(112450, [32, 31, 30])
(112451, [32, 33, 20, 9, 11, 7, 1, 26, 8, 21, 44, 43, 23, 4, 3, 22])
(112452, [32, 35, 34, 33, 20, 18, 9, 0, 7, 29, 16, 1, 19, 26, 8, 21, 44, 38, 30, 37, 24, 23, 3, 12, 2, 22])
(112453, [32, 35, 34, 33, 20, 18, 9, 0, 11, 7, 29, 16, 42, 6, 28, 1, 19, 26, 21, 44, 43, 38, 31, 37, 24, 23, 4, 15, 3, 12, 2, 13, 14, 22])
(112454, [32, 9, 8, 3])
(112455, [32, 34, 33, 9, 0, 19, 8, 31, 24, 15, 3, 12, 2])
(112456, [32])
(112457, [32, 34, 9, 11, 1, 31, 3])
(112458, [32, 0, 31, 30])
(112459, [32, 36, 2])
(112460, [32, 35, 33, 20, 18, 27, 0, 11, 16, 42, 6, 1, 10, 19, 26, 21, 44, 36, 31, 41, 15, 3, 12, 2, 22])
(112461, [32, 34, 33, 18, 17, 1, 19, 8, 44, 31, 4, 3, 22])
(112462, [32, 9, 4])
(112463, [32])
(112464, [32])
(112465, [32, 6, 1, 19, 43, 31, 30, 23, 15])
(112466, [32])
(112467, [32, 34, 33, 20, 9, 0, 11, 7, 6, 17, 1, 19, 26, 44, 43, 31, 30, 41, 24, 4, 3, 12, 2])
(112468, [32, 34, 33, 18, 27, 9, 11, 6, 26, 8, 44, 43, 38, 31, 30, 24, 23, 4, 15, 3, 40, 2, 13, 14, 22])
(112469, [32, 3])
(112470, [32, 34, 41, 12])
(112471, [32, 34, 33, 20, 18, 9, 0, 11, 7, 16, 1, 10, 19, 21, 44, 43, 31, 30, 41, 23, 4, 3, 12, 2, 13])
(112472, [32, 6, 28, 2])
(112473, [32, 19, 3])
(112474, [32])
(112475, [32, 35, 20, 18, 9, 0, 11, 42, 17, 1, 19, 21, 30, 39, 23, 4, 15, 3, 12, 2, 5, 22])
(112476, [35, 33, 18, 9, 0, 11, 6, 17, 1, 19, 26, 21, 44, 36, 31, 24, 23, 15, 3, 12, 2, 14, 22])
(112477, [35, 20, 0, 42, 1, 19, 8, 21, 44, 31, 30, 41, 3, 12, 2])
(112478, [35])
(112479, [35])
(112480, [35, 11, 17, 1, 2])
(112481, [35])
(112482, [35, 34, 33, 20, 18, 27, 9, 0, 11, 7, 16, 42, 6, 28, 17, 1, 10, 19, 26, 8, 21, 44, 43, 38, 36, 31, 30, 39, 41, 24, 23, 4, 15, 3, 12, 40, 2, 13, 5, 14, 25])
(112483, [35, 34, 18, 43, 41, 23, 3, 22])
(112484, [35])
(112485, [35, 33, 11, 7, 42, 1, 19, 21, 44, 38, 4, 3, 12, 22])
(112486, [35])
(112487, [35, 33, 18, 9, 0, 10, 19, 21, 44, 31, 39, 23])
(112488, [35, 20, 18, 43, 23, 15, 2])
(112489, [35, 18, 0, 11, 7, 26, 8, 44, 43, 31, 37, 41, 3, 12, 40, 5])
(112490, [35])
(112491, [35, 18, 0, 12])
(112492, [35])
(112493, [35, 33, 18, 27, 9, 0, 11, 7, 16, 6, 28, 19, 26, 8, 43, 36, 23, 15, 3, 12, 2, 13, 22])
(112494, [35])
(112495, [35, 20, 18, 9, 11, 7, 6, 17, 26, 44, 4, 2])
(112496, [35, 16, 1, 22])
(112497, [35, 18, 9, 16, 1, 19, 26, 8, 43, 24, 23, 3, 2, 5, 14])
(112498, [35])
(112499, [35, 34, 20, 18, 9, 0, 11, 7, 29, 16, 42, 6, 1, 19, 44, 43, 31, 39, 41, 23, 4, 15, 3, 12, 40, 2, 5])
(112500, [35, 20, 18, 0, 11, 16, 21, 44, 38, 31, 30, 41, 3, 12])
(112501, [35])
(112502, [35, 33, 20, 9, 6, 17, 1, 19, 26, 43, 31, 23, 15, 3, 40, 13, 25])
(112503, [35])
(112504, [35])
(112505, [35, 34, 33, 20, 18, 9, 0, 11, 7, 29, 16, 42, 6, 17, 1, 19, 26, 43, 36, 31, 30, 37, 39, 41, 24, 23, 4, 15, 3, 12, 40, 2, 13, 5, 14])
(112506, [35, 20, 0, 37, 3, 13, 14])
(112507, [35])
(112508, [35, 0, 16, 1, 21])
(112509, [35])
(112510, [35, 1, 8, 43, 30, 3, 22])
(112511, [35])
(112512, [34, 18, 9, 0, 29, 17, 1, 19, 44, 43, 31, 30, 24, 15, 3, 12, 40, 2])
(112513, [34, 0, 6, 28, 26, 43, 41, 23, 15, 2])
(112514, [34])
(112515, [34, 33, 9, 0, 7, 1, 36, 23, 12])
(112516, [34, 33, 18, 9, 7, 8, 23, 4, 2])
(112517, [34])
(112518, [34])
(112519, [34, 33])
(112520, [34, 33, 18, 1, 19, 8, 21, 44, 43, 31, 30, 23, 15, 2])
(112521, [34])
(112522, [34, 20, 11])
(112523, [34])
(112524, [34, 11, 4])
(112525, [34, 33, 18, 9, 0, 16, 1, 10, 21, 44, 36, 30, 39, 41, 4, 3, 12, 2, 22])
(112526, [34])
(112527, [34, 18, 1, 31, 30])
(112528, [34, 42])
(112529, [34, 33, 20, 0, 11, 6, 17, 1, 19, 26, 44, 43, 30, 4, 15, 40, 2])
(112530, [34])
(112531, [34, 18, 1])
(112532, [34])
(112533, [34, 9])
(112534, [34])
(112535, [34, 1, 26, 12])
(112536, [34, 33, 9, 0, 16, 26, 43, 23, 4, 15])
(112537, [34, 30])
(112538, [34, 44, 31, 15, 3])
(112539, [34])
(112540, [34, 33, 19])
(112541, [34, 8, 44, 43, 38, 31, 37, 39, 41, 24, 15, 12, 2])
(112542, [34, 33, 9, 16, 1, 23, 22])
(112543, [34])
(112544, [34, 0, 11, 19, 44, 43, 3, 2])
(112545, [34])
(112546, [34, 44])
(112547, [34, 20, 9, 0, 11, 7, 17, 1, 19, 21, 43, 31, 30, 24, 23, 15, 3])
(112548, [34, 2])
(112549, [34, 9, 1, 44, 39, 40, 2, 14])
(112550, [34, 0, 10])
(112551, [34, 33, 20, 9, 0, 11, 7, 16, 1, 10, 26, 44, 31, 41, 23, 3, 12, 2, 13, 5, 14])
(112552, [34, 18, 2])
(112553, [34, 18, 1])
(112554, [34, 18, 0, 17, 36, 30, 41, 12, 2, 22])
(112555, [34, 20, 18, 9, 0, 11, 42, 6, 1, 44, 43, 41])
(112556, [34, 31, 15, 3, 12])
(112557, [34, 9, 1, 3])
(112558, [34])
(112559, [34])
(112560, [34])
(112561, [34, 1, 19, 21, 3, 25])
(112562, [34, 3])
(112563, [34])
(112564, [34, 33, 9, 0, 11, 26, 43, 31, 41, 23, 3, 12, 2])
(112565, [34])
(112566, [34, 33, 18, 27, 9, 0, 11, 16, 6, 1, 19, 21, 44, 43, 30, 23, 4, 3, 12, 2])
(112567, [34, 33, 18, 11, 42, 1, 8, 43, 36, 31, 24, 23, 15, 3])
(112568, [33, 30])
(112569, [33, 19, 30])
(112570, [33])
(112571, [33, 0, 1, 26, 24, 23, 3, 12])
(112572, [33])
(112573, [33])
(112574, [33, 18, 9, 0, 6, 28, 17, 1, 19, 26, 44, 43, 36, 30, 41, 23, 15, 12, 40, 2, 14, 22])
(112575, [33, 0, 43, 30, 12])
(112576, [33, 0])
(112577, [33, 18, 40])
(112578, [33, 9, 1, 26, 44, 3, 2])
(112579, [33, 1, 44, 3, 2])
(112580, [33])
(112581, [33, 36, 41, 2])
(112582, [33, 18, 0, 1, 26, 41, 2])
(112583, [33, 18, 9, 11, 17, 19, 44, 43, 30, 41, 23, 2, 22])
(112584, [33, 18, 1, 19, 44, 38, 31, 15, 3, 12, 2])
(112585, [33, 19, 39, 3])
(112586, [33, 20, 19, 30, 37, 3, 12, 2])
(112587, [33, 9, 16, 42, 26, 8, 41, 23, 15, 3, 2])
(112588, [33])
(112589, [33, 31, 12, 13])
(112590, [33, 31])
(112591, [33, 1])
(112592, [33, 26])
(112593, [33])
(112594, [33, 20, 27, 16, 6, 4])
(112595, [33, 22])
(112596, [33, 9, 19, 31])
(112597, [33, 9, 3, 40])
(112598, [33, 11, 31, 4])
(112599, [33, 43, 15])
(112600, [33, 18, 27, 11, 7, 16, 42, 1, 19, 26, 24, 15, 3, 2, 14])
(112601, [33, 11])
(112602, [33, 18, 6, 17, 43, 41, 24])
(112603, [33])
(112604, [20, 9, 0, 1, 8, 30, 23])
(112605, [20, 18, 0, 8, 23, 15, 12])
(112606, [20, 9, 0])
(112607, [20, 30, 4, 14])
(112608, [20])
(112609, [20, 0, 43, 41, 2])
(112610, [20, 17, 31, 4])
(112611, [20])
(112612, [20, 9])
(112613, [20, 1, 19, 21, 3])
(112614, [20])
(112615, [20])
(112616, [20, 11, 44])
(112617, [20])
(112618, [20, 0, 17])
(112619, [20])
(112620, [20, 9, 1, 3])
(112621, [20, 18, 17, 3])
(112622, [20, 0, 1, 3, 2])
(112623, [20, 26, 44])
(112624, [20, 9, 12])
(112625, [20])
(112626, [20, 0, 15])
(112627, [20, 18, 0, 11, 7, 17, 26, 41, 3, 12])
(112628, [20, 19, 26, 36, 15, 3, 12, 40, 2, 13])
(112629, [20, 18, 0, 11, 1, 3, 2])
(112630, [20, 9, 7, 6, 15, 12, 2, 22])
(112631, [20])
(112632, [20, 1, 39, 3, 22])
(112633, [20])
(112634, [20, 0])
(112635, [20, 0, 12])
(112636, [20, 0, 42, 1, 26, 3])
(112637, [20])
(112638, [18])
(112639, [18])
(112640, [18])
(112641, [18])
(112642, [18, 29])
(112643, [18])
(112644, [18, 19, 26, 31, 15])
(112645, [18, 9, 0, 17, 19, 26, 43, 31, 30, 41, 40, 2, 14])
(112646, [18, 15])
(112647, [18, 19])
(112648, [18, 27, 9, 0, 16, 6, 26, 43, 31, 30, 23, 15, 3, 12])
(112649, [18])
(112650, [18, 29, 19, 15, 3])
(112651, [18])
(112652, [18])
(112653, [18, 0])
(112654, [18, 0])
(112655, [18, 3])
(112656, [18, 27, 9, 6, 31, 23, 12, 2])
(112657, [18, 16, 43, 31, 30])
(112658, [18, 9, 7, 15, 3])
(112659, [18])
(112660, [18, 21, 23])
(112661, [18, 1, 30])
(112662, [18, 9, 23, 12])
(112663, [18])
(112664, [18])
(112665, [18, 16, 19, 40])
(112666, [18])
(112667, [18])
(112668, [18])
(112669, [18])
(112670, [18, 21, 31, 23])
(112671, [18, 0, 16, 1, 19, 21, 15, 3, 2])
(112672, [18, 8, 43, 31, 30, 23, 5])
(112673, [18, 21])
(112674, [18, 44])
(112675, [18, 9, 10, 4])
(112676, [18])
(112677, [18, 0, 29, 17, 3])
(112678, [18, 11, 6, 17, 1, 19, 26, 21, 44, 43, 30, 3, 40, 2, 13])
(112679, [18, 22])
(112680, [18, 3, 2])
(112681, [18])
(112682, [18])
(112683, [18])
(112684, [18])
(112685, [18])
(112686, [18])
(112687, [18])
(112688, [18])
(112689, [18])
(112690, [18, 21, 44, 38, 23, 13])
(112691, [18, 27, 9, 0, 42, 6, 28, 23, 12])
(112692, [18])
(112693, [18, 10, 26, 24, 15, 2, 5, 25])
(112694, [18])
(112695, [18, 9, 6, 44, 43, 41, 4, 15, 2])
(112696, [18])
(112697, [18])
(112698, [18, 11, 43])
(112699, [18])
(112700, [18])
(112701, [18])
(112702, [18, 43, 3, 2])
(112703, [18])
(112704, [18])
(112705, [18])
(112706, [18])
(112707, [18])
(112708, [18])
(112709, [18, 9, 11, 17, 1, 19, 8, 44, 30, 23, 15, 3, 40])
(112710, [18])
(112711, [18])
(112712, [18])
(112713, [18, 7, 16, 17, 2, 14])
(112714, [18, 23])
(112715, [18])
(112716, [18])
(112717, [18, 21, 15, 3])
(112718, [18, 0, 6, 3, 2])
(112719, [18, 0, 12, 2])
(112720, [18, 23])
(112721, [18, 44, 12])
(112722, [18])
(112723, [18])
(112724, [18])
(112725, [18, 2])
(112726, [18])
(112727, [18])
(112728, [18, 0, 19, 26, 23, 3, 12, 2])
(112729, [18])
(112730, [18])
(112731, [18])
(112732, [18, 6, 43])
(112733, [18])
(112734, [18, 9, 11, 16, 28, 26, 44, 41, 23, 15, 12, 2])
(112735, [27])
(112736, [27, 2])
(112737, [27])
(112738, [27])
(112739, [27])
(112740, [27])
(112741, [27])
(112742, [27])
(112743, [27])
(112744, [27])
(112745, [27])
(112746, [27])
(112747, [27, 21])
(112748, [9, 1, 43, 2])
(112749, [9])
(112750, [9, 16, 43, 23, 4])
(112751, [9])
(112752, [9, 7, 1, 8, 21, 3, 12])
(112753, [9])
(112754, [9, 0, 11, 16, 28, 26, 43, 36, 23, 3, 12])
(112755, [9, 15, 2])
(112756, [9, 23, 2])
(112757, [9])
(112758, [9, 0, 19, 43, 4, 2])
(112759, [9, 17, 44])
(112760, [9])
(112761, [9, 23])
(112762, [9, 0, 19, 43, 23, 3])
(112763, [9, 24])
(112764, [9, 11, 30])
(112765, [9, 0, 26, 43, 12])
(112766, [9, 0, 11, 17, 1, 26, 43, 31, 30, 41, 24, 4, 2, 14])
(112767, [9])
(112768, [9])
(112769, [9])
(112770, [9, 10, 41, 5])
(112771, [9])
(112772, [9, 0, 6, 17, 19, 26, 43, 31, 24, 15, 12, 2, 14])
(112773, [9, 0, 16, 1, 41, 23, 3])
(112774, [9, 11, 19, 23, 3])
(112775, [9, 19, 30, 39, 3, 2])
(112776, [9])
(112777, [9])
(112778, [9])
(112779, [9, 4])
(112780, [9, 15])
(112781, [9])
(112782, [9])
(112783, [9])
(112784, [9])
(112785, [9])
(112786, [9, 0, 3, 12])
(112787, [9, 44])
(112788, [9, 19, 12])
(112789, [9, 44, 43, 31])
(112790, [9, 16])
(112791, [9, 0, 6, 17, 43, 39, 23, 15, 3, 12])
(112792, [9])
(112793, [9])
(112794, [9])
(112795, [9])
(112796, [9])
(112797, [9, 22])
(112798, [9])
(112799, [9, 0, 1])
(112800, [9, 6, 26, 8, 43, 23, 14])
(112801, [9, 16, 17, 19, 26, 37, 41, 24, 23, 3, 2, 5, 22])
(112802, [9])
(112803, [9, 1, 26, 21, 38, 4, 3, 22])
(112804, [9, 0, 42, 26, 21, 43, 40])
(112805, [9, 7, 16, 1, 19, 21, 30, 39, 24, 4, 3, 40, 2, 22])
(112806, [9])
(112807, [9])
(112808, [9])
(112809, [9])
(112810, [9])
(112811, [9])
(112812, [9, 0, 11, 7, 1, 3])
(112813, [9])
(112814, [9])
(112815, [9])
(112816, [9])
(112817, [9])
(112818, [9])
(112819, [9, 1, 38])
(112820, [0])
(112821, [0])
(112822, [0])
(112823, [0])
(112824, [0])
(112825, [0])
(112826, [0])
(112827, [0])
(112828, [0, 1, 10, 36])
(112829, [0])
(112830, [0])
(112831, [0])
(112832, [0, 31, 12])
(112833, [0])
(112834, [0, 7, 36, 24, 2, 14])
(112835, [0])
(112836, [0, 10, 2])
(112837, [0])
(112838, [0, 12])
(112839, [0])
(112840, [0])
(112841, [0])
(112842, [0])
(112843, [0])
(112844, [0])
(112845, [0, 11, 26, 3, 12, 2])
(112846, [0])
(112847, [0])
(112848, [0])
(112849, [0])
(112850, [0])
(112851, [0, 12])
(112852, [0])
(112853, [0])
(112854, [0, 11, 7, 1, 21, 23, 3, 12, 22])
(112855, [0, 4])
(112856, [0])
(112857, [0])
(112858, [0])
(112859, [0, 12])
(112860, [0])
(112861, [0])
(112862, [0])
(112863, [0])
(112864, [0])
(112865, [0])
(112866, [0])
(112867, [0])
(112868, [0])
(112869, [0])
(112870, [0, 12, 2])
(112871, [0])
(112872, [0, 15, 12, 22])
(112873, [0])
(112874, [0])
(112875, [0])
(112876, [0, 42])
(112877, [0])
(112878, [0])
(112879, [0])
(112880, [0, 1, 10, 12])
(112881, [0])
(112882, [0])
(112883, [0])
(112884, [0])
(112885, [0])
(112886, [0])
(112887, [0, 12])
(112888, [0])
(112889, [0])
(112890, [0])
(112891, [0])
(112892, [0])
(112893, [0])
(112894, [0])
(112895, [0])
(112896, [0, 19, 23])
(112897, [0])
(112898, [0])
(112899, [0])
(112900, [0])
(112901, [0])
(112902, [0, 12])
(112903, [0])
(112904, [0])
(112905, [0, 36])
(112906, [0])
(112907, [0])
(112908, [0])
(112909, [0])
(112910, [0, 23])
(112911, [0])
(112912, [0, 6, 17, 1, 19, 8, 21, 43, 30, 41, 23, 3, 2])
(112913, [0, 16, 42, 6, 1, 3, 12, 13])
(112914, [0])
(112915, [0])
(112916, [0])
(112917, [0])
(112918, [0])
(112919, [0])
(112920, [0])
(112921, [0, 11, 1, 41, 24, 12, 2, 14])
(112922, [0])
(112923, [0])
(112924, [0])
(112925, [0])
(112926, [0])
(112927, [0])
(112928, [0])
(112929, [0])
(112930, [0])
(112931, [0])
(112932, [0])
(112933, [0])
(112934, [0, 17, 1, 2, 14])
(112935, [0, 6])
(112936, [0, 26, 2])
(112937, [0, 11, 43, 30, 41, 22])
(112938, [0])
(112939, [0])
(112940, [0])
(112941, [0, 28, 24, 2, 14])
(112942, [0])
(112943, [0])
(112944, [0, 12])
(112945, [0])
(112946, [0])
(112947, [0])
(112948, [0])
(112949, [0])
(112950, [0])
(112951, [0])
(112952, [0])
(112953, [0])
(112954, [0])
(112955, [0])
(112956, [0])
(112957, [0])
(112958, [0])
(112959, [0])
(112960, [0])
(112961, [0, 12])
(112962, [0])
(112963, [0])
(112964, [0])
(112965, [0])
(112966, [0])
(112967, [0])
(112968, [0])
(112969, [0])
(112970, [0, 44])
(112971, [0])
(112972, [0])
(112973, [0])
(112974, [0, 12])
(112975, [0])
(112976, [0, 11, 6, 28, 19, 26, 30, 24, 2, 13, 14])
(112977, [0])
(112978, [0])
(112979, [0])
(112980, [0, 3])
(112981, [0])
(112982, [0, 6, 31])
(112983, [0, 1, 3])
(112984, [0])
(112985, [0])
(112986, [0])
(112987, [0])
(112988, [0])
(112989, [0])
(112990, [0])
(112991, [0])
(112992, [0])
(112993, [0])
(112994, [0])
(112995, [0])
(112996, [0])
(112997, [0])
(112998, [0])
(112999, [0])
(113000, [0])
(113001, [0])
(113002, [0])
(113003, [0])
(113004, [0])
(113005, [0])
(113006, [0])
(113007, [0, 12])
(113008, [0, 1, 19, 15])
(113009, [0])
(113010, [0])
(113011, [0])
(113012, [0, 26, 3])
(113013, [0])
(113014, [0])
(113015, [0])
(113016, [0])
(113017, [0])
(113018, [0])
(113019, [0])
(113020, [0])
(113021, [0])
(113022, [0])
(113023, [0])
(113024, [0])
(113025, [0, 30, 12])
(113026, [0])
(113027, [0])
(113028, [0])
(113029, [0])
(113030, [0])
(113031, [0])
(113032, [0])
(113033, [0])
(113034, [0, 11, 26, 3, 12, 2])
(113035, [0])
(113036, [0])
(113037, [0])
(113038, [0])
(113039, [0])
(113040, [0, 41])
(113041, [0, 12])
(113042, [0])
(113043, [0])
(113044, [0])
(113045, [0])
(113046, [0])
(113047, [0])
(113048, [0])
(113049, [0])
(113050, [0])
(113051, [0])
(113052, [0, 16, 6, 1, 24, 23, 3, 12, 40])
(113053, [0])
(113054, [0])
(113055, [0])
(113056, [0])
(113057, [0])
(113058, [0])
(113059, [0])
(113060, [0])
(113061, [0])
(113062, [0])
(113063, [0, 1, 26, 21, 43, 23, 2])
(113064, [0])
(113065, [0])
(113066, [0])
(113067, [0])
(113068, [0])
(113069, [0])
(113070, [0, 1, 3])
(113071, [0])
(113072, [0])
(113073, [0, 2])
(113074, [0])
(113075, [0])
(113076, [0])
(113077, [0, 26, 3, 12, 2])
(113078, [0])
(113079, [0])
(113080, [0, 43, 2])
(113081, [0])
(113082, [0])
(113083, [0])
(113084, [0, 6, 1, 19, 24, 3])
(113085, [0])
(113086, [0, 2])
(113087, [11])
(113088, [11, 3])
(113089, [11, 21])
(113090, [11])
(113091, [11, 19, 41, 4, 3, 2])
(113092, [11])
(113093, [11, 26, 44, 3])
(113094, [11, 7, 6, 26, 3, 2, 13, 14])
(113095, [11])
(113096, [11, 19, 26, 8, 21, 3, 12, 14])
(113097, [11])
(113098, [11, 1, 19])
(113099, [11, 31, 37, 14])
(113100, [11, 3])
(113101, [11])
(113102, [11])
(113103, [11])
(113104, [11])
(113105, [11, 43, 23])
(113106, [11, 7, 17, 23, 15, 3, 12])
(113107, [11])
(113108, [11])
(113109, [11])
(113110, [11])
(113111, [11])
(113112, [11, 1])
(113113, [11, 3])
(113114, [7, 23, 22])
(113115, [7, 16, 1, 3])
(113116, [7, 26, 43, 4])
(113117, [7])
(113118, [7])
(113119, [7, 16, 6, 1, 19, 21, 3, 12, 2])
(113120, [7])
(113121, [7])
(113122, [7])
(113123, [7])
(113124, [7])
(113125, [7])
(113126, [7])
(113127, [7, 1])
(113128, [29])
(113129, [29, 39, 15, 22])
(113130, [29])
(113131, [16, 13])
(113132, [16])
(113133, [16, 28, 36, 2])
(113134, [16])
(113135, [16, 28])
(113136, [16])
(113137, [16, 15])
(113138, [16])
(113139, [16])
(113140, [16, 10, 3])
(113141, [16, 28, 23])
(113142, [16, 42, 23])
(113143, [16])
(113144, [16, 1, 3])
(113145, [16])
(113146, [42])
(113147, [42])
(113148, [42, 28, 3])
(113149, [6, 31, 30, 2])
(113150, [6, 1, 37, 41, 3])
(113151, [6, 36])
(113152, [6])
(113153, [6, 8, 30])
(113154, [6, 1, 19, 31, 30, 24])
(113155, [6, 2])
(113156, [6])
(113157, [6])
(113158, [6])
(113159, [6])
(113160, [6, 2])
(113161, [6, 1])
(113162, [28, 19, 36])
(113163, [28])
(113164, [28])
(113165, [28])
(113166, [28])
(113167, [28])
(113168, [28, 12])
(113169, [17])
(113170, [17, 1, 3])
(113171, [17, 3])
(113172, [17])
(113173, [17])
(113174, [17])
(113175, [17])
(113176, [17, 41])
(113177, [17, 24, 2, 14])
(113178, [17])
(113179, [17])
(113180, [17])
(113181, [17])
(113182, [17, 26, 3])
(113183, [17])
(113184, [17, 3, 2])
(113185, [17])
(113186, [17])
(113187, [1, 30, 3])
(113188, [1, 3])
(113189, [1])
(113190, [1, 19])
(113191, [1, 31, 3])
(113192, [1])
(113193, [1, 26, 21, 31, 41, 24, 4])
(113194, [1])
(113195, [1])
(113196, [1, 12])
(113197, [1, 3, 12])
(113198, [1])
(113199, [1, 21])
(113200, [1, 23])
(113201, [1, 3])
(113202, [1, 26, 41, 24, 15, 12])
(113203, [1])
(113204, [1, 21])
(113205, [1])
(113206, [1])
(113207, [1])
(113208, [1])
(113209, [1])
(113210, [1, 3, 12])
(113211, [1])
(113212, [1])
(113213, [1])
(113214, [1, 19, 21, 38, 31, 30, 3])
(113215, [1, 44, 30, 41])
(113216, [1])
(113217, [1])
(113218, [1, 19, 3, 12])
(113219, [1, 19, 3])
(113220, [1])
(113221, [1, 8])
(113222, [1])
(113223, [1, 23, 3])
(113224, [1])
(113225, [1, 26, 21, 39, 3, 22])
(113226, [1])
(113227, [1, 3, 2])
(113228, [1])
(113229, [1, 19, 26, 30, 24, 3])
(113230, [1, 44, 43])
(113231, [1, 23])
(113232, [1])
(113233, [10])
(113234, [10])
(113235, [10])
(113236, [10])
(113237, [10])
(113238, [10, 12])
(113239, [10])
(113240, [10])
(113241, [10])
(113242, [10])
(113243, [10])
(113244, [10])
(113245, [19])
(113246, [19, 2, 14])
(113247, [19, 26, 24])
(113248, [19])
(113249, [19, 22])
(113250, [19])
(113251, [19, 12])
(113252, [19, 41, 2])
(113253, [19])
(113254, [19])
(113255, [19])
(113256, [19, 30])
(113257, [19, 15])
(113258, [19, 43, 15, 3])
(113259, [19])
(113260, [19])
(113261, [19])
(113262, [19])
(113263, [19, 8, 30])
(113264, [19])
(113265, [26, 23, 5])
(113266, [26])
(113267, [26])
(113268, [26, 31, 41])
(113269, [26])
(113270, [26])
(113271, [26, 43])
(113272, [26, 21, 3])
(113273, [26, 30, 4, 15, 3, 2])
(113274, [26])
(113275, [26])
(113276, [26])
(113277, [26])
(113278, [26])
(113279, [26])
(113280, [26])
(113281, [26])
(113282, [26])
(113283, [26])
(113284, [26])
(113285, [26])
(113286, [26])
(113287, [26])
(113288, [26])
(113289, [8])
(113290, [8])
(113291, [8])
(113292, [8])
(113293, [8, 44, 23])
(113294, [8])
(113295, [8])
(113296, [8])
(113297, [8, 21])
(113298, [8])
(113299, [8])
(113300, [8])
(113301, [8])
(113302, [8])
(113303, [8])
(113304, [8])
(113305, [21])
(113306, [21])
(113307, [21])
(113308, [21])
(113309, [21])
(113310, [21])
(113311, [21])
(113312, [21, 39, 2])
(113313, [21])
(113314, [21])
(113315, [21])
(113316, [21])
(113317, [21])
(113318, [21])
(113319, [21])
(113320, [21])
(113321, [21])
(113322, [21])
(113323, [21])
(113324, [21])
(113325, [21])
(113326, [21])
(113327, [21])
(113328, [21])
(113329, [21, 3])
(113330, [21])
(113331, [21])
(113332, [21])
(113333, [21])
(113334, [21])
(113335, [21])
(113336, [21, 44, 3])
(113337, [21])
(113338, [21])
(113339, [21])
(113340, [21, 3])
(113341, [21])
(113342, [44])
(113343, [44, 43, 3])
(113344, [44, 30])
(113345, [44])
(113346, [44])
(113347, [44, 30])
(113348, [44, 39, 2])
(113349, [44, 43])
(113350, [44])
(113351, [44])
(113352, [44])
(113353, [44])
(113354, [44])
(113355, [44])
(113356, [44])
(113357, [44])
(113358, [44, 3])
(113359, [44])
(113360, [44])
(113361, [44])
(113362, [44, 41, 2, 14])
(113363, [44])
(113364, [44, 41, 2])
(113365, [44])
(113366, [44, 13])
(113367, [44])
(113368, [43])
(113369, [43])
(113370, [43])
(113371, [43])
(113372, [43])
(113373, [43])
(113374, [43])
(113375, [43])
(113376, [43])
(113377, [43])
(113378, [43])
(113379, [43])
(113380, [43])
(113381, [43])
(113382, [43])
(113383, [43])
(113384, [43])
(113385, [43])
(113386, [43])
(113387, [43])
(113388, [43, 13])
(113389, [43])
(113390, [43])
(113391, [43])
(113392, [38])
(113393, [36, 24])
(113394, [36])
(113395, [36, 30, 14])
(113396, [36])
(113397, [36])
(113398, [36])
(113399, [36])
(113400, [36])
(113401, [36, 2])
(113402, [36])
(113403, [36])
(113404, [36])
(113405, [36, 14])
(113406, [36])
(113407, [36])
(113408, [36])
(113409, [36])
(113410, [36])
(113411, [36])
(113412, [36])
(113413, [36])
(113414, [36])
(113415, [36])
(113416, [36])
(113417, [36, 23])
(113418, [31])
(113419, [31])
(113420, [31, 24, 22])
(113421, [31, 40])
(113422, [31])
(113423, [31])
(113424, [31])
(113425, [31])
(113426, [31])
(113427, [31])
(113428, [31])
(113429, [31])
(113430, [31])
(113431, [30])
(113432, [30])
(113433, [30])
(113434, [30])
(113435, [30, 2])
(113436, [30])
(113437, [30])
(113438, [30])
(113439, [30])
(113440, [30])
(113441, [30])
(113442, [30])
(113443, [37])
(113444, [39])
(113445, [39])
(113446, [41])
(113447, [41])
(113448, [41])
(113449, [41])
(113450, [41])
(113451, [41])
(113452, [41])
(113453, [41])
(113454, [41])
(113455, [41])
(113456, [41, 23])
(113457, [41])
(113458, [41])
(113459, [41])
(113460, [41])
(113461, [41])
(113462, [41])
(113463, [41, 12])
(113464, [41])
(113465, [41])
(113466, [24])
(113467, [24])
(113468, [24, 5])
(113469, [24])
(113470, [24])
(113471, [24])
(113472, [24])
(113473, [23])
(113474, [23])
(113475, [23])
(113476, [23])
(113477, [23])
(113478, [23])
(113479, [23])
(113480, [23])
(113481, [23])
(113482, [23])
(113483, [23])
(113484, [23])
(113485, [23])
(113486, [23])
(113487, [23])
(113488, [23])
(113489, [23])
(113490, [23])
(113491, [23])
(113492, [23])
(113493, [23])
(113494, [23])
(113495, [23])
(113496, [23])
(113497, [23])
(113498, [23])
(113499, [23])
(113500, [23])
(113501, [23])
(113502, [23])
(113503, [23])
(113504, [23])
(113505, [23])
(113506, [23])
(113507, [23])
(113508, [23])
(113509, [23])
(113510, [23])
(113511, [23])
(113512, [23])
(113513, [23])
(113514, [23])
(113515, [23, 12])
(113516, [23])
(113517, [23])
(113518, [23])
(113519, [23])
(113520, [23])
(113521, [23])
(113522, [23])
(113523, [23])
(113524, [23])
(113525, [23])
(113526, [23])
(113527, [4])
(113528, [4])
(113529, [4])
(113530, [4])
(113531, [4])
(113532, [4])
(113533, [4])
(113534, [4])
(113535, [4])
(113536, [4])
(113537, [4])
(113538, [4])
(113539, [4, 40, 2, 14])
(113540, [4])
(113541, [4])
(113542, [4])
(113543, [4])
(113544, [4])
(113545, [4])
(113546, [4])
(113547, [4])
(113548, [15, 12])
(113549, [15])
(113550, [15])
(113551, [15])
(113552, [15])
(113553, [15])
(113554, [15])
(113555, [15])
(113556, [15])
(113557, [15])
(113558, [15])
(113559, [15])
(113560, [15])
(113561, [15])
(113562, [15])
(113563, [15])
(113564, [15])
(113565, [15])
(113566, [15])
(113567, [3])
(113568, [3])
(113569, [3])
(113570, [3])
(113571, [3])
(113572, [3])
(113573, [3])
(113574, [3])
(113575, [3])
(113576, [3, 12])
(113577, [3])
(113578, [3])
(113579, [3])
(113580, [3])
(113581, [3])
(113582, [3])
(113583, [3, 2, 25])
(113584, [3])
(113585, [3])
(113586, [3])
(113587, [3])
(113588, [3])
(113589, [3])
(113590, [3])
(113591, [3])
(113592, [3])
(113593, [3])
(113594, [3])
(113595, [12])
(113596, [12])
(113597, [12])
(113598, [12])
(113599, [12])
(113600, [12])
(113601, [12])
(113602, [12])
(113603, [12])
(113604, [12])
(113605, [12])
(113606, [12])
(113607, [12])
(113608, [12])
(113609, [12])
(113610, [12])
(113611, [12])
(113612, [12])
(113613, [12])
(113614, [12])
(113615, [12])
(113616, [12])
(113617, [12])
(113618, [12])
(113619, [12])
(113620, [12])
(113621, [12])
(113622, [12])
(113623, [12])
(113624, [12])
(113625, [12])
(113626, [12])
(113627, [12])
(113628, [12])
(113629, [12])
(113630, [12])
(113631, [12])
(113632, [12])
(113633, [12])
(113634, [12])
(113635, [12])
(113636, [12])
(113637, [12])
(113638, [12])
(113639, [12])
(113640, [12])
(113641, [12])
(113642, [12])
(113643, [12])
(113644, [12])
(113645, [12])
(113646, [12])
(113647, [12])
(113648, [12])
(113649, [12])
(113650, [12])
(113651, [12])
(113652, [12])
(113653, [12])
(113654, [12])
(113655, [12])
(113656, [12])
(113657, [12])
(113658, [12])
(113659, [12])
(113660, [40])
(113661, [40])
(113662, [40])
(113663, [40])
(113664, [40])
(113665, [2])
(113666, [2])
(113667, [2])
(113668, [2])
(113669, [2])
(113670, [2])
(113671, [2])
(113672, [2])
(113673, [2])
(113674, [2, 14])
(113675, [2])
(113676, [2])
(113677, [2])
(113678, [2])
(113679, [2])
(113680, [2])
(113681, [2])
(113682, [2])
(113683, [2])
(113684, [2])
(113685, [2])
(113686, [2])
(113687, [2])
(113688, [2])
(113689, [2])
(113690, [2])
(113691, [2])
(113692, [2])
(113693, [2])
(113694, [2])
(113695, [2])
(113696, [2])
(113697, [2])
(113698, [2])
(113699, [2])
(113700, [2])
(113701, [2, 22])
(113702, [2])
(113703, [2])
(113704, [2])
(113705, [2])
(113706, [2])
(113707, [2])
(113708, [2])
(113709, [2])
(113710, [2])
(113711, [2])
(113712, [2])
(113713, [2])
(113714, [2])
(113715, [2])
(113716, [2])
(113717, [2])
(113718, [2])
(113719, [2])
(113720, [2])
(113721, [2])
(113722, [2])
(113723, [2])
(113724, [2])
(113725, [2])
(113726, [2])
(113727, [2])
(113728, [2])
(113729, [2])
(113730, [2])
(113731, [2])
(113732, [2])
(113733, [2])
(113734, [2])
(113735, [2])
(113736, [2])
(113737, [2])
(113738, [2])
(113739, [2])
(113740, [2])
(113741, [2])
(113742, [2])
(113743, [2])
(113744, [2])
(113745, [2])
(113746, [13])
(113747, [13])
(113748, [13])
(113749, [13])
(113750, [13])
(113751, [13])
(113752, [13])
(113753, [5])
(113754, [5])
(113755, [5])
(113756, [5])
(113757, [5])
(113758, [5])
(113759, [5])
(113760, [5])
(113761, [5])
(113762, [5])
(113763, [14])
(113764, [14])
(113765, [14])
(113766, [14])
(113767, [14])
(113768, [14])
(113769, [14])
(113770, [14])
(113771, [14])
(113772, [14])
(113773, [14])
(113774, [14])
(113775, [14])
(113776, [14])
(113777, [14])
(113778, [14])
(113779, [14])
(113780, [14])
(113781, [14])
(113782, [14])
(113783, [14])
(113784, [14])
(113785, [14])
(113786, [22])
(113787, [22])
(113788, [22])
(113789, [22])
(113790, [22])
(113791, [22])
