(118022, [32, 35, 34, 33, 20, 18, 27, 9, 0, 11, 7, 29, 16, 42, 6, 28, 17, 1, 10, 19, 26, 8, 21, 44, 43, 38, 36, 31, 30, 37, 39, 41, 24, 23, 4, 15, 3, 12, 40, 2, 13, 5, 14, 22, 25])
(118023, [32, 35, 34, 33, 20, 18, 27, 9, 0, 11, 7, 29, 16, 42, 6, 28, 17, 1, 10, 19, 26, 8, 21, 44, 43, 38, 36, 31, 30, 37, 39, 41, 24, 23, 4, 15, 3, 12, 40, 2, 13, 5, 14, 22, 25])
(118024, [32, 35, 34, 33, 20, 18, 27, 9, 0, 11, 7, 29, 16, 42, 6, 28, 17, 1, 10, 19, 26, 8, 21, 44, 43, 38, 36, 31, 30, 37, 39, 41, 24, 23, 4, 15, 3, 12, 40, 2, 13, 5, 14, 22, 25])
(118025, [32, 35, 34, 33, 20, 18, 27, 9, 0, 11, 7, 29, 16, 42, 6, 28, 17, 1, 10, 19, 26, 8, 21, 44, 43, 38, 36, 31, 30, 37, 39, 41, 24, 23, 4, 15, 3, 12, 40, 2, 13, 5, 14, 22, 25])
(118026, [32, 35, 34, 33, 20, 18, 27, 9, 0, 11, 7, 29, 16, 42, 6, 28, 17, 1, 10, 19, 26, 8, 21, 44, 43, 38, 36, 31, 30, 37, 39, 41, 24, 23, 4, 15, 3, 12, 40, 2, 13, 5, 14, 22, 25])
(118027, [32, 18, 17])
(118028, [32, 35, 34, 33, 20, 18, 27, 9, 0, 11, 7, 29, 16, 42, 6, 28, 17, 1, 10, 19, 26, 8, 21, 44, 43, 38, 36, 31, 30, 37, 39, 41, 24, 23, 4, 15, 3, 12, 40, 2, 13, 5, 14, 22, 25])
(118029, [32, 35, 34, 33, 20, 27, 9, 0, 11, 7, 16, 42, 6, 28, 1, 10, 19, 26, 8, 21, 44, 43, 38, 36, 31, 30, 37, 39, 41, 24, 23, 4, 3, 12, 40, 2, 13, 5, 14, 22, 25])
(118030, [32, 35, 34, 33, 20, 18, 27, 9, 0, 11, 7, 29, 16, 42, 6, 28, 17, 1, 10, 19, 26, 8, 21, 44, 43, 38, 36, 31, 30, 37, 39, 41, 24, 23, 4, 15, 3, 12, 40, 2, 13, 5, 14, 22, 25])
(118031, [32, 35, 34, 33, 20, 18, 27, 9, 0, 11, 7, 29, 16, 42, 6, 28, 17, 1, 10, 19, 26, 8, 21, 44, 43, 38, 36, 31, 30, 37, 39, 41, 24, 23, 4, 15, 3, 12, 40, 2, 13, 5, 14, 22, 25])
(118032, [32, 9, 7, 16, 6, 17, 1, 19, 26, 8, 21, 44, 43, 38, 30, 41, 23, 4, 3, 12, 2, 22])
(118033, [32, 35, 34, 33, 20, 18, 27, 9, 0, 11, 7, 29, 16, 42, 6, 28, 17, 1, 10, 19, 26, 8, 21, 44, 43, 38, 36, 31, 30, 37, 39, 41, 24, 23, 4, 15, 3, 12, 40, 2, 13, 5, 14, 22, 25])
(118034, [32, 35, 34, 33, 20, 18, 27, 9, 0, 11, 7, 29, 16, 42, 6, 28, 17, 1, 10, 19, 26, 8, 21, 44, 43, 38, 36, 31, 30, 37, 39, 41, 24, 23, 4, 15, 3, 12, 40, 2, 13, 5, 14, 22, 25])
(118035, [32])
(118036, [32, 35, 34, 33, 20, 18, 27, 9, 0, 11, 7, 29, 16, 42, 6, 17, 1, 10, 19, 26, 8, 21, 44, 43, 38, 31, 30, 37, 39, 41, 24, 23, 4, 15, 3, 12, 40, 2, 13, 5, 14, 22])
(118037, [32, 35, 34, 33, 20, 18, 27, 9, 0, 11, 7, 29, 16, 42, 6, 28, 17, 1, 10, 19, 26, 8, 21, 44, 43, 36, 31, 30, 37, 39, 41, 24, 23, 4, 15, 3, 12, 40, 2, 13, 14, 22, 25])
(118038, [32, 35, 34, 33, 20, 18, 9, 0, 11, 7, 29, 16, 42, 28, 17, 1, 19, 8, 21, 44, 43, 36, 31, 30, 37, 39, 24, 23, 4, 15, 3, 12, 40, 2, 5, 22, 25])
(118039, [32, 35, 34, 33, 18, 0, 11, 7, 42, 1, 21, 44, 43, 30, 23, 4, 15, 3])
(118040, [32, 35, 34, 33, 18, 9, 11, 7, 16, 42, 6, 28, 17, 1, 19, 26, 8, 21, 44, 43, 38, 31, 30, 37, 41, 24, 23, 4, 15, 3, 12, 40, 2, 13, 5, 22])
(118041, [32, 35, 34, 33, 20, 27, 0, 11, 16, 42, 17, 1, 19, 21, 44, 31, 30, 41, 24, 23, 4, 15, 3, 12, 2, 13, 14])
(118042, [32, 35, 34, 33, 18, 9, 11, 7, 29, 16, 6, 17, 1, 10, 19, 8, 44, 43, 36, 31, 30, 37, 39, 41, 23, 4, 15, 3, 12, 40, 2, 13, 5, 14])
(118043, [32, 34, 33, 18, 9, 0, 11, 16, 42, 6, 17, 1, 26, 8, 21, 44, 43, 31, 30, 41, 24, 4, 15, 3, 2, 14])
(118044, [32, 33, 18, 9, 11, 7, 16, 42, 17, 1, 19, 26, 8, 21, 44, 43, 31, 30, 37, 41, 24, 23, 4, 15, 3, 12, 40, 2, 13, 22])
(118045, [32, 34, 33, 18, 9, 0, 11, 7, 16, 6, 17, 1, 19, 26, 21, 44, 43, 31, 30, 39, 41, 24, 4, 15, 3, 12, 40, 2, 14, 25])
(118046, [32, 34, 33, 0, 16, 36, 3, 12, 2, 22])
(118047, [32, 35, 34, 33, 20, 18, 27, 9, 0, 11, 7, 16, 42, 6, 28, 17, 1, 10, 19, 26, 8, 21, 44, 43, 38, 36, 31, 30, 37, 39, 41, 24, 23, 4, 15, 3, 12, 40, 2, 13, 5, 14, 22, 25])
(118048, [32, 20, 9, 0, 11, 29, 6, 17, 26, 43, 30, 4, 15, 2])
(118049, [32, 35, 34, 33, 18, 9, 0, 11, 7, 29, 16, 17, 1, 26, 8, 21, 43, 38, 31, 30, 23, 4, 15, 3, 12, 40, 2, 14, 22])
(118050, [32, 34, 33, 20, 0, 16, 1, 19, 8, 21, 31, 30, 41, 24, 23, 3, 5, 22])
(118051, [32, 35, 34, 33, 20, 18, 27, 9, 0, 11, 7, 16, 42, 6, 28, 17, 1, 10, 19, 26, 8, 21, 44, 43, 38, 36, 31, 30, 37, 39, 41, 24, 23, 4, 15, 3, 12, 40, 2, 13, 14, 25])
(118052, [32, 35, 34, 20, 6, 26, 43, 30, 41, 4, 3, 2])
(118053, [32, 35, 20, 9, 0, 11, 7, 42, 1, 44, 43, 31, 30, 15, 3, 12, 2])
(118054, [32, 35, 34, 33, 20, 18, 27, 9, 11, 7, 16, 42, 6, 28, 17, 1, 10, 19, 26, 8, 21, 44, 43, 38, 31, 30, 37, 39, 41, 24, 23, 4, 15, 3, 12, 40, 2, 13, 5, 14, 22])
(118055, [32, 35, 9, 11, 29, 16, 17, 1, 19, 8, 21, 44, 30, 15, 3, 13])
(118056, [32, 35, 34, 33, 20, 18, 27, 9, 0, 11, 7, 29, 16, 42, 6, 28, 17, 1, 19, 26, 8, 21, 44, 43, 38, 31, 30, 37, 39, 41, 24, 23, 4, 15, 3, 12, 2, 13, 14, 22])
(118057, [32, 33, 6, 31, 30, 23, 15])
(118058, [32, 34, 33, 20, 0, 26, 43, 36, 31, 30, 41, 4, 15, 3, 12])
(118059, [32])
(118060, [32, 34, 33, 20, 18, 27, 9, 0, 11, 7, 16, 6, 28, 17, 1, 10, 26, 44, 43, 36, 31, 30, 39, 41, 24, 23, 4, 15, 3, 12, 40, 2, 13, 14, 22, 25])
(118061, [32, 9, 6, 1, 19, 8, 30, 24, 15, 3, 12, 40])
(118062, [32, 35, 34, 18, 27, 9, 0, 16, 6, 26, 44, 31, 30, 41, 15, 12, 40, 2, 13])
(118063, [32, 34, 33, 18, 27, 9, 11, 7, 29, 16, 42, 6, 28, 17, 1, 10, 19, 26, 21, 44, 43, 38, 36, 31, 30, 41, 24, 23, 4, 15, 3, 12, 40, 2, 13, 5])
(118064, [32, 35, 34, 33, 18, 9, 0, 11, 7, 16, 17, 1, 10, 19, 26, 8, 44, 43, 31, 30, 39, 41, 15, 3, 12, 40, 2, 5, 22])
(118065, [32, 33, 0, 7, 42, 1, 26, 44, 31, 30, 4, 15, 3, 13])
(118066, [32, 33, 11, 17, 1, 19, 21, 44, 31, 30, 41, 24, 23, 4, 15, 3, 2, 14, 22])
(118067, [32, 24, 4, 13, 14])
(118068, [32, 35, 33, 20, 18, 16, 42, 1, 19, 26, 21, 43, 38, 31, 24, 15, 3, 12, 13, 22])
(118069, [32])
(118070, [32, 20, 18, 11, 19, 44, 43, 41, 4, 2])
(118071, [32, 36, 40, 2])
(118072, [32, 33, 9, 16, 6, 41, 4, 15, 3, 12, 2, 22])
(118073, [32, 35, 34, 33, 20, 18, 27, 9, 0, 11, 6, 28, 17, 1, 19, 26, 44, 43, 31, 30, 37, 39, 41, 24, 23, 4, 15, 3, 12, 40, 2, 13, 5, 14])
(118074, [32, 33, 20, 9, 11, 16, 42, 6, 17, 1, 19, 26, 21, 44, 43, 36, 31, 30, 41, 23, 4, 15, 3, 12, 40, 2, 14, 22])
(118075, [32, 11, 3])
(118076, [32, 35, 34, 33, 20, 18, 27, 9, 11, 7, 16, 42, 6, 17, 1, 10, 19, 26, 8, 21, 44, 43, 38, 31, 30, 39, 41, 23, 4, 15, 3, 12, 40, 2, 13, 22])
(118077, [32, 35, 34, 33, 20, 18, 11, 7, 29, 16, 6, 17, 1, 10, 26, 8, 44, 43, 31, 30, 37, 41, 24, 23, 4, 15, 3, 2, 13, 5, 22])
(118078, [32, 35, 33, 18, 27, 0, 7, 16, 42, 17, 1, 19, 26, 21, 31, 4, 15, 3, 12, 2, 13])
(118079, [32, 34, 33, 18, 9, 0, 11, 16, 28, 1, 19, 43, 31, 30, 23, 3, 12, 2, 13, 14])
(118080, [32])
(118081, [32, 33, 20, 18, 9, 0, 11, 16, 42, 1, 19, 26, 8, 21, 43, 30, 41, 15, 3, 12, 2, 5, 22])
(118082, [32, 34, 18, 27, 9, 0, 11, 16, 17, 1, 19, 26, 44, 31, 30, 41, 24, 23, 4, 15, 3, 12, 40, 2, 13, 14])
(118083, [32, 18, 9, 0, 11, 16, 28, 17, 1, 19, 26, 21, 44, 43, 31, 30, 37, 24, 23, 3, 12, 40, 2, 13, 14])
(118084, [32, 35, 34, 18, 9, 0, 11, 16, 42, 1, 19, 26, 21, 44, 43, 31, 30, 23, 15, 3, 12, 2, 5, 14, 22])
(118085, [32, 34, 9, 0, 11, 7, 42, 6, 17, 1, 26, 38, 31, 30, 41, 23, 3, 12])
(118086, [32, 35, 34, 33, 18, 0, 11, 29, 6, 17, 1, 10, 19, 26, 8, 21, 43, 38, 31, 30, 37, 39, 41, 24, 23, 4, 15, 3, 12, 13, 5, 22])
(118087, [32, 18, 9, 0, 11, 17, 19, 30, 39, 41, 15, 12, 40, 14])
(118088, [32, 34, 33, 9, 11, 17, 1, 26, 8, 21, 44, 4, 3, 2, 14, 22])
(118089, [32, 0, 3, 12])
(118090, [32, 15])
(118091, [32, 35, 33, 20, 18, 27, 16, 17, 19, 8, 21, 43, 31, 30, 24, 23, 15, 12, 14, 22])
(118092, [32, 33, 18, 9, 11, 7, 16, 42, 6, 1, 19, 8, 44, 38, 30, 39, 41, 23, 4, 15, 3, 2, 13])
(118093, [32, 34, 33, 9, 7, 29, 17, 1, 10, 8, 21, 44, 43, 31, 30, 37, 41, 24, 23, 15, 3, 12, 2, 13, 5, 22])
(118094, [32, 35, 33, 20, 18, 27, 9, 0, 11, 7, 16, 42, 6, 1, 10, 19, 26, 21, 44, 43, 41, 23, 4, 15, 3, 12, 2, 13, 25])
(118095, [32, 34, 33, 18, 9, 0, 11, 16, 17, 1, 10, 19, 26, 8, 44, 43, 38, 31, 30, 41, 23, 15, 3, 12, 40, 2, 13, 14])
(118096, [32, 11, 1, 31, 3])
(118097, [32])
(118098, [32, 33, 18, 29, 17, 44, 31, 30, 39, 2])
(118099, [32, 34, 33, 9, 0, 11, 16, 1, 44, 24, 15, 3, 12, 2])
(118100, [32, 34, 33, 9, 0, 11, 29, 16, 42, 6, 17, 1, 26, 8, 44, 43, 36, 31, 30, 37, 39, 24, 23, 3, 12, 2])
(118101, [32, 34, 33, 18, 17, 26, 31, 30, 24, 15, 2])
(118102, [32, 35, 34, 33, 20, 18, 27, 9, 0, 11, 7, 16, 42, 6, 28, 17, 1, 10, 19, 26, 44, 43, 36, 31, 30, 41, 23, 4, 15, 3, 12, 2, 13, 14, 22])
(118103, [32, 34, 33, 20, 9, 0, 11, 7, 28, 17, 1, 10, 19, 26, 8, 21, 44, 31, 30, 39, 41, 24, 23, 3, 12, 2, 13, 5, 14])
(118104, [32, 34, 33, 20, 0, 11, 16, 17, 1, 24, 3, 12, 2])
(118105, [32, 33, 11, 42, 1, 43, 30])
(118106, [32, 35, 43])
(118107, [32, 9, 28, 23, 15, 3])
(118108, [32, 34, 33, 18, 9, 0, 7, 1, 19, 21, 43, 31, 30, 15, 3, 12, 22])
(118109, [32, 34, 33, 20, 18, 27, 9, 0, 11, 7, 16, 42, 6, 1, 19, 26, 21, 44, 43, 36, 31, 30, 39, 41, 24, 23, 4, 15, 3, 12, 2, 13, 22])
(118110, [32, 34, 9])
(118111, [32, 20, 9, 11, 7, 1, 43, 31, 41, 23, 4, 3, 12, 2])
(118112, [32, 1, 40, 2])
(118113, [32, 34, 33, 18, 7, 16, 8, 21, 31, 37, 3])
(118114, [32, 35, 34, 33, 31])
(118115, [32, 1, 3, 12])
(118116, [32, 8, 23])
(118117, [32, 33, 9, 0, 19, 44, 43, 38, 2, 22])
(118118, [32, 33, 20, 18, 9, 0, 11, 7, 16, 6, 17, 1, 10, 44, 43, 31, 30, 39, 23, 4, 15, 3, 12, 2, 14])
(118119, [32, 20, 11, 26, 15, 3])
(118120, [32, 0, 7, 12, 40, 2])
(118121, [32, 33, 9, 19, 26, 2])
(118122, [32, 16, 3])
(118123, [32, 35, 33, 7, 1, 19, 21, 37, 39, 23, 3, 12, 2, 13, 22])
(118124, [32])
(118125, [32, 35, 34, 18, 11, 26, 44, 43, 41, 23, 4, 2, 14])
(118126, [32, 35, 34, 33, 18, 9, 0, 29, 6, 28, 26, 43, 31, 30, 24, 12, 40, 2])
(118127, [32, 34, 9, 11, 42, 1, 44, 24, 15, 3, 12, 2])
(118128, [32, 34, 33, 0, 23])
(118129, [32, 33, 29, 16, 42, 1, 19, 8, 21, 44, 31, 37, 24, 15, 3, 40, 2, 22])
(118130, [35, 7, 1, 21, 44, 43, 39, 3, 13])
(118131, [35])
(118132, [35])
(118133, [35, 43])
(118134, [35])
(118135, [35, 34, 33, 20, 18, 0, 11, 7, 1, 19, 26, 8, 21, 44, 31, 30, 37, 24, 23, 15, 3, 12, 40, 2, 14])
(118136, [35])
(118137, [35, 18, 0, 1, 38, 23, 4, 3])
(118138, [35, 18, 43, 23])
(118139, [35, 37])
(118140, [35, 29, 31])
(118141, [35, 29, 1, 19, 21, 37, 41, 3, 12, 2, 5])
(118142, [35])
(118143, [35, 33, 9, 0, 11, 6, 17, 19, 26, 44, 43, 31, 39, 24, 4, 12, 2])
(118144, [35])
(118145, [35, 18, 42, 19, 21, 3])
(118146, [35])
(118147, [35, 33, 18, 16, 42, 1, 23, 3, 2, 22])
(118148, [35])
(118149, [35])
(118150, [35])
(118151, [35])
(118152, [35, 34, 33, 20, 9, 0, 11, 7, 29, 16, 6, 28, 1, 19, 26, 8, 21, 44, 38, 31, 30, 37, 41, 23, 15, 3, 12, 2, 5])
(118153, [35])
(118154, [35])
(118155, [35])
(118156, [35, 9, 10])
(118157, [35, 18, 8, 23, 15, 12])
(118158, [35, 34, 16, 6, 1, 44, 43, 31, 30, 41, 23, 15, 3, 12, 40, 13])
(118159, [35])
(118160, [35])
(118161, [35, 6, 39, 15, 40, 2, 13])
(118162, [35, 20, 0, 11, 42, 1, 8, 44, 43, 30, 41, 23, 3, 40, 2])
(118163, [35, 9, 17, 31, 15, 2])
(118164, [35, 34, 20, 18, 9, 0, 7, 6, 1, 26, 31, 30, 37, 12, 2])
(118165, [35, 6, 19, 43, 23, 4, 2, 14])
(118166, [35, 7, 1, 30, 3])
(118167, [35, 34, 33, 9, 0, 16, 6, 1, 19, 43, 31, 23, 4, 15])
(118168, [35, 18])
(118169, [35, 18, 23])
(118170, [34, 33, 18, 9, 11, 29, 17, 19, 21, 44, 43, 31, 30, 41, 23, 15, 40, 2])
(118171, [34, 11, 4])
(118172, [34, 20, 9, 0, 11, 16, 42, 6, 28, 17, 1, 43, 31, 30, 39, 23, 4, 3, 12, 2, 5])
(118173, [34])
(118174, [34, 9, 16, 6, 17, 19, 8, 21, 44, 43, 31, 30, 23, 4, 15, 3])
(118175, [34, 18])
(118176, [34, 27, 11, 17, 26, 21, 44, 37, 41, 23, 15, 12, 13, 22])
(118177, [34, 33, 20, 9, 7, 16, 42, 17, 1, 10, 19, 26, 44, 31, 39, 41, 3, 12, 2, 14])
(118178, [34, 33, 18, 1, 19, 8, 44, 23, 3])
(118179, [34, 11, 19, 26, 31, 24, 15, 12])
(118180, [34, 33, 20, 9, 11, 16, 6, 1, 19, 8, 43, 31, 30, 15, 3, 22])
(118181, [34])
(118182, [34, 33])
(118183, [34])
(118184, [34])
(118185, [34, 33, 0, 16, 4, 12])
(118186, [34])
(118187, [34])
(118188, [34])
(118189, [34, 3])
(118190, [34])
(118191, [34, 0, 17])
(118192, [34, 33, 20, 16, 6, 1, 26, 43, 31, 30, 41, 24, 15, 3, 13])
(118193, [34, 33, 20, 18, 11, 6, 17, 1, 10, 19, 26, 21, 44, 43, 38, 15, 3, 12, 22, 25])
(118194, [34, 19])
(118195, [34, 20, 9, 0, 11, 7, 16, 28, 17, 19, 8, 44, 43, 38, 36, 31, 30, 41, 24, 23, 4, 3, 12, 2, 14])
(118196, [34, 44, 23])
(118197, [34, 33, 18, 19, 31, 30, 3])
(118198, [34, 33, 20, 9, 0, 7, 16, 1, 19, 8, 44, 43, 30, 41, 23, 15, 3, 12, 2])
(118199, [34, 20, 18, 0, 7, 16, 42, 6, 1, 26, 44, 43, 31, 37, 23, 3, 12, 2])
(118200, [34, 9, 6, 31, 2])
(118201, [34])
(118202, [34, 0])
(118203, [34])
(118204, [34, 20, 18, 11, 17, 26, 30, 41, 23, 4, 3, 2, 13])
(118205, [34, 0, 16, 17, 26, 24, 23, 2])
(118206, [34, 20, 18, 9, 0, 11, 28, 1, 26, 31, 30, 41, 24, 15, 3, 12, 2, 13, 14])
(118207, [34])
(118208, [34, 20, 9, 17, 1, 10, 26, 31, 24, 15, 3, 2, 14])
(118209, [34, 33, 0, 31, 23, 40])
(118210, [34, 0, 26, 43])
(118211, [34, 20, 9, 0, 26, 24, 2, 14])
(118212, [34, 28, 12])
(118213, [34, 11, 6, 1, 21, 43, 41, 15, 3, 2])
(118214, [34])
(118215, [34])
(118216, [34])
(118217, [34, 12])
(118218, [34])
(118219, [34, 20, 3])
(118220, [34, 0, 12])
(118221, [34])
(118222, [34, 23, 12])
(118223, [34, 18, 0, 11, 44])
(118224, [34])
(118225, [34, 9, 0, 16, 6, 28, 17, 1, 21, 44, 43, 31, 30, 37, 41, 4, 3, 12, 2])
(118226, [34])
(118227, [33, 30])
(118228, [33])
(118229, [33])
(118230, [33, 9, 0, 26, 38, 36, 30, 41, 24, 23, 4, 40, 2, 13])
(118231, [33, 18, 9, 0, 6, 28, 17, 1, 19, 26, 21, 44, 43, 31, 15, 3, 40, 2])
(118232, [33])
(118233, [33, 31, 3])
(118234, [33])
(118235, [33])
(118236, [33])
(118237, [33, 20, 0, 11, 6, 26, 44, 43, 31, 24, 23, 4, 3, 12, 2, 14])
(118238, [33, 11, 17, 19, 43, 39, 3, 2, 14])
(118239, [33, 3])
(118240, [33])
(118241, [33, 7, 1, 21, 23, 3, 12])
(118242, [33])
(118243, [33])
(118244, [33, 1])
(118245, [33, 9, 0, 11, 17, 26, 21, 44, 43, 41, 4, 3, 2])
(118246, [33])
(118247, [33, 20, 0, 42, 43, 2])
(118248, [33])
(118249, [33, 2])
(118250, [33, 20, 9, 28, 26, 43, 31, 30, 41, 24, 15, 12, 13])
(118251, [33])
(118252, [33, 1, 19, 8, 30, 23, 3])
(118253, [33])
(118254, [33, 12])
(118255, [33, 20, 27, 0, 26, 8, 41, 24, 23, 15, 3, 2])
(118256, [33, 19, 26, 30, 22])
(118257, [33, 18, 9, 6, 1, 19, 44, 38, 31, 30, 15, 3])
(118258, [33, 0, 7, 1, 39, 23, 15, 3, 2])
(118259, [33, 6, 1, 21, 30, 4, 3])
(118260, [33, 18, 42, 6, 43, 36, 41, 24, 23, 4, 2])
(118261, [33, 0, 23])
(118262, [33, 9, 0, 11, 1, 19, 26, 43, 31, 30, 4, 3, 2])
(118263, [33, 23])
(118264, [33, 31])
(118265, [33, 18, 9, 11, 1, 26, 21, 31, 30, 41, 24, 2])
(118266, [33, 18, 17, 1, 44, 24, 23])
(118267, [33, 9, 44, 43, 31])
(118268, [33])
(118269, [33])
(118270, [33])
(118271, [33, 31, 40])
(118272, [33, 0, 6, 31, 3, 12, 2])
(118273, [33])
(118274, [33, 0, 7, 29, 1, 26, 8, 37, 41, 23, 3, 12, 2, 5])
(118275, [33])
(118276, [20])
(118277, [20, 1, 44, 2, 14])
(118278, [20, 1])
(118279, [20, 18, 9, 7, 29, 6, 10, 19, 30, 41, 15, 3, 12, 2])
(118280, [20, 18, 27, 9, 0, 16, 42, 6, 1, 10, 19, 8, 44, 43, 38, 36, 31, 41, 23, 4, 3, 12, 40, 2, 5, 14])
(118281, [20, 9, 0, 16, 6, 1, 36, 3, 12, 2])
(118282, [20, 18, 0, 7, 16, 42, 6, 1, 3])
(118283, [20, 16, 6, 43, 23, 4, 12, 2])
(118284, [20])
(118285, [20, 1, 19])
(118286, [20, 9])
(118287, [20, 18, 9, 0, 7, 42, 1, 21, 3, 5])
(118288, [20])
(118289, [20, 18, 0, 2])
(118290, [20])
(118291, [20, 0, 7, 1, 19, 31, 23, 3, 12, 2])
(118292, [20, 12])
(118293, [20])
(118294, [20])
(118295, [20, 3])
(118296, [20, 18, 24, 12])
(118297, [20])
(118298, [20])
(118299, [20])
(118300, [20])
(118301, [20, 1, 10, 8, 21, 37, 41, 23, 3, 12, 2])
(118302, [20, 7, 1, 3])
(118303, [20, 9, 0, 44, 30, 41, 4, 12, 40, 2])
(118304, [20, 9, 0, 16, 6, 10, 43, 24, 23, 15, 12, 2])
(118305, [20, 26, 44, 39, 12, 2])
(118306, [20, 18, 9, 7, 1, 24, 15])
(118307, [20])
(118308, [20, 0, 2])
(118309, [20, 0, 15, 40])
(118310, [20, 9, 17, 26, 44, 43, 30, 4, 3])
(118311, [20, 1, 30])
(118312, [20, 1])
(118313, [20, 1, 44, 30, 23, 2])
(118314, [20, 11, 6])
(118315, [20, 9, 11, 7, 16, 1, 19, 21, 44, 38, 3, 2, 22])
(118316, [20])
(118317, [20, 11, 1, 44, 4, 3, 2])
(118318, [20])
(118319, [20])
(118320, [20, 15])
(118321, [20, 9, 11, 1, 26, 23, 3, 12])
(118322, [18])
(118323, [18])
(118324, [18])
(118325, [18, 0, 7, 6, 19, 43, 30, 39, 3])
(118326, [18])
(118327, [18, 16, 19, 44, 15])
(118328, [18, 9, 0, 6, 1, 8, 43, 31, 39, 23, 4, 3, 12, 2])
(118329, [18, 17, 2])
(118330, [18, 31, 23])
(118331, [18])
(118332, [18, 8])
(118333, [18, 0, 19, 21, 4, 22])
(118334, [18, 1, 19, 21, 3])
(118335, [18, 1])
(118336, [18, 9, 16, 43, 39, 23, 5, 14, 22])
(118337, [18, 23, 2])
(118338, [18])
(118339, [18])
(118340, [18, 27, 0, 11, 28, 17, 1, 19, 21, 44, 38, 36, 31, 30, 37, 39, 15, 3, 12, 40, 2, 14, 22])
(118341, [18, 8, 23, 15])
(118342, [18, 23])
(118343, [18, 0, 11, 16, 26, 21, 41, 23, 12, 2, 13])
(118344, [18, 17, 1, 21])
(118345, [18])
(118346, [18])
(118347, [18, 43])
(118348, [18])
(118349, [18, 1, 19, 2])
(118350, [18])
(118351, [18, 1, 31, 3])
(118352, [18, 9, 0, 1, 31, 23, 3])
(118353, [18])
(118354, [18])
(118355, [18])
(118356, [18, 17, 19, 44, 4, 2])
(118357, [18])
(118358, [18, 41])
(118359, [18])
(118360, [18, 27, 0, 11, 6, 1, 19, 21, 43, 39, 23, 4, 15, 3, 2])
(118361, [18, 6, 31])
(118362, [18])
(118363, [18])
(118364, [18])
(118365, [18, 9, 19, 2])
(118366, [18, 6, 43])
(118367, [18])
(118368, [18, 0, 26, 41, 23])
(118369, [18])
(118370, [18])
(118371, [18])
(118372, [18, 0, 11, 28, 23, 3])
(118373, [18])
(118374, [18, 43])
(118375, [18])
(118376, [18])
(118377, [18])
(118378, [18])
(118379, [18, 30, 23])
(118380, [18, 1, 4])
(118381, [18, 29, 12])
(118382, [18])
(118383, [18, 11, 6])
(118384, [18])
(118385, [18])
(118386, [18, 11, 26, 41, 23])
(118387, [18])
(118388, [18])
(118389, [18])
(118390, [18])
(118391, [18])
(118392, [18, 23])
(118393, [18])
(118394, [18])
(118395, [18])
(118396, [18, 43, 41])
(118397, [18])
(118398, [18])
(118399, [18])
(118400, [18])
(118401, [18, 16, 17, 41])
(118402, [18, 9, 41])
(118403, [18])
(118404, [18, 17, 21])
(118405, [18])
(118406, [18])
(118407, [18, 41])
(118408, [27, 23])
(118409, [27, 21, 36, 30, 4, 15, 12, 13, 22])
(118410, [27])
(118411, [27])
(118412, [27])
(118413, [27])
(118414, [27])
(118415, [27])
(118416, [27])
(118417, [27, 10, 31])
(118418, [27, 30, 4])
(118419, [27, 26, 21])
(118420, [9, 19, 26])
(118421, [9, 8, 23])
(118422, [9, 6, 36, 4])
(118423, [9, 0, 8, 23, 12])
(118424, [9, 1, 31, 23, 2])
(118425, [9, 10])
(118426, [9])
(118427, [9, 1, 19, 37, 4, 3])
(118428, [9, 26, 24, 4, 2, 14])
(118429, [9, 13])
(118430, [9])
(118431, [9, 0])
(118432, [9, 26, 44, 4, 2])
(118433, [9, 11, 17, 1, 19, 38, 30, 2])
(118434, [9])
(118435, [9])
(118436, [9, 11, 16, 41, 4, 40])
(118437, [9, 30])
(118438, [9, 16, 1, 26, 21, 43, 2])
(118439, [9])
(118440, [9, 0, 11, 10, 19, 41, 3, 12, 2, 22])
(118441, [9])
(118442, [9])
(118443, [9])
(118444, [9])
(118445, [9])
(118446, [9])
(118447, [9, 2])
(118448, [9, 30, 15, 22])
(118449, [9, 11, 2])
(118450, [9, 1, 8, 37, 3, 12])
(118451, [9])
(118452, [9, 11, 17, 1, 44, 3, 2, 22])
(118453, [9])
(118454, [9, 1, 43, 30])
(118455, [9, 7])
(118456, [9, 8, 36, 3])
(118457, [9, 2])
(118458, [9])
(118459, [9])
(118460, [9])
(118461, [9])
(118462, [9])
(118463, [9, 30])
(118464, [9, 43, 23])
(118465, [9])
(118466, [9, 0, 43])
(118467, [9])
(118468, [9, 0, 21])
(118469, [9, 41])
(118470, [9, 0, 17, 26, 21, 43, 41, 3, 40, 2, 14])
(118471, [9, 0, 12])
(118472, [9, 43, 2, 14])
(118473, [9])
(118474, [9])
(118475, [9])
(118476, [9])
(118477, [9])
(118478, [0, 19, 44])
(118479, [0])
(118480, [0, 29, 6, 17, 1, 19, 44, 30, 41, 12, 2])
(118481, [0])
(118482, [0, 12])
(118483, [0])
(118484, [0, 12])
(118485, [0])
(118486, [0, 21])
(118487, [0])
(118488, [0])
(118489, [0, 19, 31, 12, 5])
(118490, [0])
(118491, [0])
(118492, [0, 41])
(118493, [0, 11, 29])
(118494, [0])
(118495, [0])
(118496, [0])
(118497, [0, 3])
(118498, [0, 12])
(118499, [0])
(118500, [0])
(118501, [0])
(118502, [0])
(118503, [0, 12])
(118504, [0])
(118505, [0])
(118506, [0, 6, 17, 19, 26, 21, 43, 12])
(118507, [0])
(118508, [0])
(118509, [0])
(118510, [0])
(118511, [0])
(118512, [0, 16, 1, 8, 21, 41, 4, 3, 13])
(118513, [0])
(118514, [0, 12])
(118515, [0])
(118516, [0])
(118517, [0])
(118518, [0])
(118519, [0])
(118520, [0])
(118521, [0])
(118522, [0, 1, 43])
(118523, [0])
(118524, [0, 3])
(118525, [0])
(118526, [0])
(118527, [0])
(118528, [0, 42, 10, 37])
(118529, [0])
(118530, [0])
(118531, [0])
(118532, [0])
(118533, [0])
(118534, [0, 12])
(118535, [0])
(118536, [0])
(118537, [0])
(118538, [0])
(118539, [0, 17, 36, 12, 2])
(118540, [0])
(118541, [0])
(118542, [0])
(118543, [0, 19, 24])
(118544, [0])
(118545, [0, 28, 2])
(118546, [0])
(118547, [0])
(118548, [0, 23, 3])
(118549, [0])
(118550, [0])
(118551, [0])
(118552, [0])
(118553, [0])
(118554, [0])
(118555, [0])
(118556, [0])
(118557, [0])
(118558, [0])
(118559, [0])
(118560, [0])
(118561, [0])
(118562, [0])
(118563, [0, 2])
(118564, [0])
(118565, [0, 12])
(118566, [0, 26])
(118567, [0])
(118568, [0])
(118569, [0])
(118570, [0])
(118571, [0])
(118572, [0])
(118573, [0])
(118574, [0, 15])
(118575, [0])
(118576, [0])
(118577, [0])
(118578, [0])
(118579, [0, 36])
(118580, [0])
(118581, [0])
(118582, [0])
(118583, [0, 8, 21, 39, 24, 12, 2])
(118584, [0])
(118585, [0])
(118586, [0])
(118587, [0])
(118588, [0])
(118589, [0])
(118590, [0])
(118591, [0])
(118592, [0])
(118593, [0])
(118594, [0])
(118595, [0])
(118596, [0])
(118597, [0])
(118598, [0])
(118599, [0])
(118600, [0])
(118601, [0, 12])
(118602, [0])
(118603, [0])
(118604, [0])
(118605, [0])
(118606, [0])
(118607, [0])
(118608, [0])
(118609, [0])
(118610, [0])
(118611, [0, 23])
(118612, [0])
(118613, [0])
(118614, [0, 11, 3, 12])
(118615, [0])
(118616, [0])
(118617, [0, 6, 1, 3, 12])
(118618, [0])
(118619, [0])
(118620, [0, 12])
(118621, [0])
(118622, [0])
(118623, [0])
(118624, [0])
(118625, [0])
(118626, [0])
(118627, [0])
(118628, [0, 23])
(118629, [0])
(118630, [0])
(118631, [0])
(118632, [0])
(118633, [0, 36, 24])
(118634, [0])
(118635, [0])
(118636, [0, 7, 1, 43, 41, 3, 2, 14])
(118637, [0])
(118638, [0])
(118639, [0])
(118640, [0])
(118641, [0])
(118642, [0])
(118643, [0])
(118644, [0])
(118645, [0, 39, 15, 3])
(118646, [0])
(118647, [0])
(118648, [0])
(118649, [0])
(118650, [0])
(118651, [0, 12])
(118652, [0])
(118653, [0])
(118654, [0])
(118655, [0])
(118656, [0])
(118657, [0])
(118658, [0])
(118659, [0])
(118660, [0])
(118661, [0])
(118662, [0, 11, 17, 26, 44, 31, 2, 14])
(118663, [0, 11, 36])
(118664, [0])
(118665, [0])
(118666, [0])
(118667, [0])
(118668, [0, 1, 43, 2])
(118669, [0, 3, 12])
(118670, [0])
(118671, [0])
(118672, [0])
(118673, [0, 23, 3])
(118674, [0, 31])
(118675, [0])
(118676, [0])
(118677, [0])
(118678, [0])
(118679, [0])
(118680, [0])
(118681, [0, 11, 16, 28, 44, 31, 12])
(118682, [0])
(118683, [0])
(118684, [0])
(118685, [0])
(118686, [0])
(118687, [0])
(118688, [0, 6, 1, 10, 12, 2])
(118689, [0])
(118690, [0])
(118691, [0])
(118692, [0])
(118693, [0])
(118694, [0])
(118695, [0])
(118696, [0])
(118697, [0])
(118698, [0, 11, 1, 21, 3])
(118699, [0, 8, 5])
(118700, [0, 11, 21])
(118701, [0])
(118702, [0])
(118703, [0])
(118704, [0])
(118705, [0])
(118706, [0])
(118707, [0])
(118708, [0])
(118709, [0])
(118710, [0])
(118711, [0])
(118712, [0])
(118713, [0])
(118714, [0])
(118715, [0, 7, 1, 3, 13])
(118716, [0])
(118717, [0])
(118718, [0])
(118719, [0])
(118720, [0])
(118721, [0])
(118722, [0])
(118723, [0])
(118724, [0])
(118725, [0, 43, 31])
(118726, [0])
(118727, [0, 4, 2])
(118728, [0])
(118729, [0, 19])
(118730, [0])
(118731, [0])
(118732, [0, 11, 15])
(118733, [0])
(118734, [0])
(118735, [0])
(118736, [0])
(118737, [0])
(118738, [0])
(118739, [0])
(118740, [0])
(118741, [0])
(118742, [0])
(118743, [0])
(118744, [0])
(118745, [0])
(118746, [0])
(118747, [0])
(118748, [0])
(118749, [11])
(118750, [11])
(118751, [11])
(118752, [11])
(118753, [11])
(118754, [11])
(118755, [11, 1, 44])
(118756, [11, 7, 42, 1, 21, 41, 23, 3, 14])
(118757, [11, 17, 26, 2])
(118758, [11, 44])
(118759, [11, 31])
(118760, [11])
(118761, [11])
(118762, [11, 6, 17, 43, 24, 2, 13])
(118763, [11, 44, 43])
(118764, [11])
(118765, [11])
(118766, [11])
(118767, [11])
(118768, [11, 16, 30, 41, 22])
(118769, [11])
(118770, [11, 17, 43, 31, 30, 23])
(118771, [11, 19, 44, 43, 31, 3, 25])
(118772, [11, 1, 39, 15])
(118773, [11, 2])
(118774, [11, 41])
(118775, [11])
(118776, [11])
(118777, [11, 41])
(118778, [11, 26, 43, 12])
(118779, [11, 23, 4, 3])
(118780, [11, 1, 19, 4, 3, 12])
(118781, [11])
(118782, [11, 3])
(118783, [11, 16, 42, 17, 1, 21, 43, 38, 24, 3, 22])
(118784, [11])
(118785, [11, 7, 44, 2])
(118786, [11])
(118787, [11])
(118788, [7])
(118789, [7, 19])
(118790, [7])
(118791, [7, 42, 1, 3])
(118792, [7, 19, 8, 41, 3, 13])
(118793, [7])
(118794, [7])
(118795, [7, 1])
(118796, [7, 3, 12])
(118797, [29, 44, 40, 2])
(118798, [29, 1, 8, 23, 3])
(118799, [29, 44])
(118800, [16, 1])
(118801, [16])
(118802, [16, 26, 8])
(118803, [16, 3, 2])
(118804, [16])
(118805, [16])
(118806, [16])
(118807, [16])
(118808, [16])
(118809, [16])
(118810, [16, 23, 2])
(118811, [16])
(118812, [16, 6, 1, 24])
(118813, [16])
(118814, [16])
(118815, [16, 3])
(118816, [16])
(118817, [42])
(118818, [42, 21])
(118819, [6])
(118820, [6, 30, 24, 15])
(118821, [6])
(118822, [6, 41])
(118823, [6])
(118824, [6, 43])
(118825, [6, 21, 23, 15, 14])
(118826, [6, 1, 43, 41, 23, 3])
(118827, [6])
(118828, [6, 17, 26, 2])
(118829, [6, 26])
(118830, [6, 28, 24, 15, 2, 22])
(118831, [6])
(118832, [6])
(118833, [6])
(118834, [6])
(118835, [6, 10, 19, 21, 38, 3, 5])
(118836, [6])
(118837, [6])
(118838, [6])
(118839, [28])
(118840, [28, 22])
(118841, [28])
(118842, [28, 2, 14])
(118843, [28])
(118844, [28])
(118845, [17])
(118846, [17])
(118847, [17, 8])
(118848, [17, 30, 41, 22])
(118849, [17])
(118850, [17])
(118851, [17, 2])
(118852, [17, 2])
(118853, [17])
(118854, [17, 3, 12])
(118855, [17, 10, 15, 2, 5])
(118856, [17])
(118857, [17])
(118858, [17, 4, 14])
(118859, [17, 24, 4])
(118860, [17])
(118861, [17, 1, 3, 2])
(118862, [17])
(118863, [17])
(118864, [17, 23])
(118865, [17])
(118866, [17, 19, 4, 14, 22])
(118867, [1])
(118868, [1])
(118869, [1])
(118870, [1, 21, 4])
(118871, [1, 3])
(118872, [1])
(118873, [1])
(118874, [1])
(118875, [1, 3])
(118876, [1, 3])
(118877, [1])
(118878, [1, 12, 14])
(118879, [1])
(118880, [1, 12, 22])
(118881, [1, 39, 3, 12])
(118882, [1, 19, 21, 3])
(118883, [1, 36, 12])
(118884, [1])
(118885, [1, 26, 15, 3, 12])
(118886, [1])
(118887, [1])
(118888, [1, 24])
(118889, [1])
(118890, [1])
(118891, [1])
(118892, [1])
(118893, [1, 23])
(118894, [1, 19])
(118895, [1])
(118896, [1, 21, 23])
(118897, [1, 3])
(118898, [1])
(118899, [1])
(118900, [1, 23, 3, 2])
(118901, [1, 19, 8, 3, 22])
(118902, [1, 3])
(118903, [1])
(118904, [10])
(118905, [10])
(118906, [10])
(118907, [10])
(118908, [10])
(118909, [10])
(118910, [10, 26, 3, 12])
(118911, [10])
(118912, [10])
(118913, [10])
(118914, [10])
(118915, [10])
(118916, [10, 44, 3, 12])
(118917, [19])
(118918, [19])
(118919, [19])
(118920, [19])
(118921, [19])
(118922, [19])
(118923, [19, 21, 44, 4, 22])
(118924, [19, 21])
(118925, [19, 44])
(118926, [19])
(118927, [19, 3])
(118928, [19])
(118929, [19, 40, 22])
(118930, [19])
(118931, [19])
(118932, [19])
(118933, [19, 40])
(118934, [19])
(118935, [19])
(118936, [19, 15])
(118937, [19, 2])
(118938, [19])
(118939, [19])
(118940, [19])
(118941, [19])
(118942, [19])
(118943, [26])
(118944, [26, 15, 12])
(118945, [26, 21, 39, 3])
(118946, [26])
(118947, [26])
(118948, [26])
(118949, [26])
(118950, [26, 31])
(118951, [26])
(118952, [26, 43])
(118953, [26])
(118954, [26])
(118955, [26])
(118956, [26])
(118957, [26])
(118958, [26, 3, 2])
(118959, [26])
(118960, [26])
(118961, [26])
(118962, [26])
(118963, [8])
(118964, [8])
(118965, [8])
(118966, [8])
(118967, [8])
(118968, [8, 21])
(118969, [8])
(118970, [8, 36, 24, 2, 14])
(118971, [8])
(118972, [8, 43])
(118973, [8])
(118974, [8])
(118975, [8])
(118976, [8])
(118977, [8])
(118978, [8])
(118979, [8])
(118980, [21])
(118981, [21])
(118982, [21])
(118983, [21])
(118984, [21])
(118985, [21])
(118986, [21])
(118987, [21])
(118988, [21])
(118989, [21])
(118990, [21])
(118991, [21, 31, 24])
(118992, [21])
(118993, [21])
(118994, [21])
(118995, [21])
(118996, [21])
(118997, [21, 44])
(118998, [21])
(118999, [21])
(119000, [21])
(119001, [21])
(119002, [21])
(119003, [21])
(119004, [21])
(119005, [21])
(119006, [21])
(119007, [21])
(119008, [21])
(119009, [21])
(119010, [44])
(119011, [44])
(119012, [44])
(119013, [44])
(119014, [44])
(119015, [44])
(119016, [44, 13, 14])
(119017, [44])
(119018, [44])
(119019, [44, 43, 12])
(119020, [44])
(119021, [44])
(119022, [44])
(119023, [44])
(119024, [44])
(119025, [44])
(119026, [44])
(119027, [44])
(119028, [44])
(119029, [44])
(119030, [44, 43, 2, 14])
(119031, [44, 3])
(119032, [44])
(119033, [44, 2])
(119034, [44])
(119035, [44])
(119036, [43])
(119037, [43])
(119038, [43])
(119039, [43])
(119040, [43])
(119041, [43])
(119042, [43, 31])
(119043, [43])
(119044, [43])
(119045, [43])
(119046, [43])
(119047, [43])
(119048, [43])
(119049, [43])
(119050, [43])
(119051, [43])
(119052, [43])
(119053, [43, 41])
(119054, [43])
(119055, [43])
(119056, [43, 3, 2])
(119057, [43])
(119058, [36])
(119059, [36])
(119060, [36, 15])
(119061, [36])
(119062, [36])
(119063, [36])
(119064, [36])
(119065, [36])
(119066, [36])
(119067, [36])
(119068, [36])
(119069, [36])
(119070, [36])
(119071, [36])
(119072, [36])
(119073, [36])
(119074, [36])
(119075, [36])
(119076, [36])
(119077, [36])
(119078, [36])
(119079, [36, 14])
(119080, [36])
(119081, [31])
(119082, [31])
(119083, [31])
(119084, [31])
(119085, [31])
(119086, [31])
(119087, [31, 15])
(119088, [31])
(119089, [31])
(119090, [31])
(119091, [30, 15])
(119092, [30])
(119093, [30])
(119094, [30])
(119095, [30])
(119096, [30, 23, 5])
(119097, [30])
(119098, [30, 39])
(119099, [37])
(119100, [37])
(119101, [37])
(119102, [39])
(119103, [39])
(119104, [39])
(119105, [39])
(119106, [39])
(119107, [41])
(119108, [41])
(119109, [41])
(119110, [41, 40])
(119111, [41])
(119112, [41])
(119113, [41])
(119114, [41, 12])
(119115, [41])
(119116, [41])
(119117, [41])
(119118, [41])
(119119, [41])
(119120, [41, 13])
(119121, [41])
(119122, [41])
(119123, [41])
(119124, [41, 15, 12, 2])
(119125, [24])
(119126, [24])
(119127, [24, 23])
(119128, [24, 15])
(119129, [24])
(119130, [24, 22])
(119131, [24])
(119132, [24])
(119133, [24])
(119134, [24])
(119135, [24])
(119136, [24, 4, 15])
(119137, [24])
(119138, [24])
(119139, [24, 4])
(119140, [24])
(119141, [24])
(119142, [23, 12])
(119143, [23])
(119144, [23])
(119145, [23])
(119146, [23])
(119147, [23])
(119148, [23])
(119149, [23])
(119150, [23])
(119151, [23])
(119152, [23])
(119153, [23])
(119154, [23])
(119155, [23])
(119156, [23])
(119157, [23])
(119158, [23])
(119159, [23])
(119160, [23])
(119161, [23])
(119162, [23])
(119163, [23])
(119164, [23])
(119165, [23])
(119166, [23])
(119167, [23])
(119168, [23])
(119169, [23])
(119170, [23])
(119171, [23])
(119172, [23])
(119173, [23])
(119174, [23])
(119175, [23])
(119176, [23])
(119177, [23])
(119178, [23])
(119179, [23])
(119180, [23])
(119181, [23])
(119182, [23])
(119183, [23])
(119184, [23])
(119185, [23])
(119186, [23])
(119187, [23])
(119188, [23])
(119189, [23])
(119190, [23])
(119191, [23])
(119192, [23])
(119193, [23])
(119194, [23])
(119195, [23])
(119196, [23])
(119197, [23])
(119198, [23, 12, 2])
(119199, [23])
(119200, [23])
(119201, [23])
(119202, [23])
(119203, [23])
(119204, [23])
(119205, [23])
(119206, [23])
(119207, [4, 15])
(119208, [4, 15])
(119209, [4])
(119210, [4])
(119211, [4])
(119212, [4, 2])
(119213, [4])
(119214, [4, 14])
(119215, [4])
(119216, [4])
(119217, [4])
(119218, [4, 2])
(119219, [4])
(119220, [4])
(119221, [4])
(119222, [4])
(119223, [4])
(119224, [4])
(119225, [4])
(119226, [4])
(119227, [4])
(119228, [4, 15, 14])
(119229, [4])
(119230, [15])
(119231, [15])
(119232, [15])
(119233, [15, 12])
(119234, [15])
(119235, [15])
(119236, [15])
(119237, [15])
(119238, [15])
(119239, [15])
(119240, [15])
(119241, [15])
(119242, [15, 14])
(119243, [15, 2])
(119244, [3])
(119245, [3])
(119246, [3])
(119247, [3])
(119248, [3])
(119249, [3])
(119250, [3])
(119251, [3])
(119252, [3])
(119253, [3])
(119254, [3])
(119255, [3])
(119256, [3])
(119257, [3])
(119258, [3, 14])
(119259, [3])
(119260, [3])
(119261, [3])
(119262, [3])
(119263, [3])
(119264, [3])
(119265, [3])
(119266, [3])
(119267, [3])
(119268, [3])
(119269, [3])
(119270, [3])
(119271, [3])
(119272, [3])
(119273, [3])
(119274, [3])
(119275, [3])
(119276, [3])
(119277, [3, 22])
(119278, [3])
(119279, [3])
(119280, [3])
(119281, [3])
(119282, [3])
(119283, [3])
(119284, [3])
(119285, [3])
(119286, [3, 14])
(119287, [12])
(119288, [12])
(119289, [12])
(119290, [12])
(119291, [12])
(119292, [12])
(119293, [12])
(119294, [12])
(119295, [12])
(119296, [12])
(119297, [12])
(119298, [12])
(119299, [12])
(119300, [12])
(119301, [12])
(119302, [12])
(119303, [12])
(119304, [12])
(119305, [12])
(119306, [12])
(119307, [12])
(119308, [12])
(119309, [12])
(119310, [12])
(119311, [12])
(119312, [12])
(119313, [12])
(119314, [12])
(119315, [12])
(119316, [12])
(119317, [12])
(119318, [12])
(119319, [12])
(119320, [12])
(119321, [12])
(119322, [12])
(119323, [12])
(119324, [12])
(119325, [12])
(119326, [12])
(119327, [12])
(119328, [12])
(119329, [12])
(119330, [12])
(119331, [12])
(119332, [12])
(119333, [12])
(119334, [12])
(119335, [12])
(119336, [12])
(119337, [12, 2])
(119338, [12])
(119339, [12])
(119340, [12])
(119341, [12])
(119342, [12])
(119343, [12])
(119344, [12])
(119345, [12])
(119346, [12])
(119347, [12])
(119348, [40])
(119349, [40])
(119350, [40])
(119351, [40, 2])
(119352, [40])
(119353, [2])
(119354, [2])
(119355, [2])
(119356, [2])
(119357, [2])
(119358, [2])
(119359, [2])
(119360, [2])
(119361, [2])
(119362, [2])
(119363, [2])
(119364, [2])
(119365, [2])
(119366, [2])
(119367, [2])
(119368, [2])
(119369, [2])
(119370, [2])
(119371, [2])
(119372, [2])
(119373, [2])
(119374, [2])
(119375, [2])
(119376, [2, 25])
(119377, [2])
(119378, [2])
(119379, [2])
(119380, [2])
(119381, [2])
(119382, [2])
(119383, [2])
(119384, [2])
(119385, [2])
(119386, [2])
(119387, [2])
(119388, [2])
(119389, [2])
(119390, [2])
(119391, [2])
(119392, [2])
(119393, [2])
(119394, [2])
(119395, [2])
(119396, [2])
(119397, [2])
(119398, [2])
(119399, [2])
(119400, [2])
(119401, [2])
(119402, [2])
(119403, [2])
(119404, [2])
(119405, [2])
(119406, [2])
(119407, [2])
(119408, [2])
(119409, [2])
(119410, [2])
(119411, [2])
(119412, [2])
(119413, [2])
(119414, [2, 14])
(119415, [2])
(119416, [2])
(119417, [2])
(119418, [2])
(119419, [2])
(119420, [2])
(119421, [2])
(119422, [2, 14])
(119423, [2])
(119424, [2])
(119425, [2])
(119426, [2])
(119427, [2])
(119428, [2])
(119429, [13])
(119430, [13])
(119431, [13])
(119432, [13])
(119433, [13])
(119434, [13])
(119435, [5])
(119436, [5])
(119437, [5])
(119438, [5])
(119439, [5])
(119440, [5])
(119441, [5])
(119442, [5])
(119443, [5])
(119444, [5])
(119445, [5])
(119446, [5])
(119447, [14])
(119448, [14])
(119449, [14])
(119450, [14])
(119451, [14])
(119452, [14])
(119453, [14])
(119454, [14])
(119455, [14])
(119456, [14])
(119457, [14])
(119458, [14])
(119459, [14])
(119460, [22])
(119461, [22])
(119462, [22])
(119463, [22])
(119464, [22])
(119465, [22])
(119466, [22])
(119467, [22])
