(75486, [0, 1, 2, 3, 4, 5, 6, 7, 8, 9, 10, 11, 12, 13, 14, 15, 16, 17, 18, 19, 20, 21, 22, 23, 24, 25, 26, 27, 28, 29, 30, 31, 32, 33, 34, 35, 36, 37, 38, 39, 40, 41, 42, 43, 44])
(75487, [0, 1, 2, 3, 4, 5, 6, 7, 8, 9, 10, 11, 12, 13, 14, 15, 16, 17, 18, 19, 20, 21, 22, 23, 24, 25, 26, 27, 28, 29, 30, 31, 32, 33, 34, 35, 36, 37, 38, 39, 40, 41, 42, 43, 44])
(75488, [0, 1, 2, 3, 4, 5, 6, 7, 8, 9, 10, 11, 12, 13, 14, 15, 16, 17, 18, 19, 20, 21, 22, 23, 24, 25, 26, 27, 28, 29, 30, 31, 32, 33, 34, 35, 36, 37, 38, 39, 40, 41, 42, 43, 44])
(75489, [0, 1, 2, 3, 4, 5, 6, 7, 8, 9, 10, 11, 12, 13, 14, 15, 16, 17, 18, 19, 20, 21, 22, 23, 24, 25, 26, 27, 28, 29, 30, 31, 32, 33, 34, 35, 36, 37, 38, 39, 40, 41, 42, 43, 44])
(75490, [9, 17, 19, 22, 23, 32, 33, 34, 36, 41, 43])
(75491, [0, 1, 2, 3, 4, 5, 6, 7, 8, 9, 10, 11, 12, 13, 14, 15, 16, 17, 18, 19, 20, 21, 22, 23, 24, 25, 26, 27, 28, 29, 30, 31, 32, 33, 34, 35, 36, 37, 38, 39, 40, 41, 42, 43, 44])
(75492, [0, 1, 2, 3, 4, 5, 6, 7, 8, 9, 10, 11, 12, 13, 14, 15, 16, 17, 18, 19, 20, 21, 22, 23, 24, 25, 26, 27, 28, 29, 30, 31, 32, 33, 34, 35, 36, 37, 38, 39, 40, 41, 42, 43, 44])
(75493, [1, 3, 4, 8, 12, 18, 19, 20, 21, 32, 33, 34, 40, 44])
(75494, [1, 3, 11, 12, 17, 32, 35, 41, 43, 44])
(75495, [1, 3, 9, 12, 15, 16, 17, 19, 20, 21, 26, 27, 31, 32, 44])
(75496, [0, 1, 2, 3, 4, 5, 6, 7, 8, 9, 10, 11, 12, 13, 14, 15, 16, 17, 18, 19, 20, 21, 22, 23, 24, 25, 26, 27, 28, 30, 31, 32, 33, 34, 35, 36, 39, 40, 41, 42, 43, 44])
(75497, [0, 1, 2, 3, 4, 5, 6, 7, 8, 9, 10, 11, 12, 13, 14, 15, 16, 17, 18, 19, 20, 21, 22, 23, 24, 25, 26, 27, 28, 29, 30, 31, 32, 33, 34, 35, 36, 37, 38, 39, 40, 41, 42, 43, 44])
(75498, [1, 2, 3, 6, 9, 10, 11, 12, 14, 15, 19, 20, 23, 24, 28, 30, 31, 32, 35, 40, 41, 43])
(75499, [1, 3, 7, 8, 15, 18, 19, 25, 30, 31, 32, 33, 34, 38, 40])
(75500, [0, 1, 3, 6, 9, 11, 12, 15, 16, 17, 22, 23, 29, 30, 31, 32, 33, 34, 39, 41, 43])
(75501, [32])
(75502, [0, 2, 3, 6, 7, 9, 11, 13, 14, 15, 16, 17, 18, 19, 23, 26, 30, 31, 32, 33, 34, 36, 39, 40, 41, 42, 43, 44])
(75503, [0, 2, 3, 9, 11, 13, 15, 16, 17, 18, 19, 21, 22, 24, 26, 30, 31, 32, 33, 34, 38, 40, 44])
(75504, [0, 1, 2, 3, 4, 5, 6, 7, 8, 9, 11, 12, 13, 14, 15, 16, 17, 18, 19, 20, 21, 22, 23, 24, 26, 29, 30, 31, 32, 33, 34, 35, 36, 37, 38, 39, 40, 41, 42, 43, 44])
(75505, [2, 3, 6, 11, 14, 17, 23, 24, 26, 32, 35, 41, 43])
(75506, [32])
(75507, [4, 32])
(75508, [0, 2, 6, 7, 9, 11, 12, 13, 16, 17, 18, 24, 32, 33, 34, 43])
(75509, [0, 1, 2, 4, 5, 6, 7, 9, 10, 11, 12, 14, 15, 17, 19, 20, 23, 24, 26, 27, 28, 30, 31, 32, 33, 34, 35, 40, 41, 42, 43, 44])
(75510, [0, 1, 2, 3, 4, 5, 6, 7, 8, 9, 10, 11, 12, 13, 14, 15, 16, 17, 18, 19, 20, 21, 22, 23, 24, 25, 26, 27, 28, 29, 30, 31, 32, 33, 34, 35, 36, 37, 38, 40, 41, 42, 43, 44])
(75511, [1, 2, 3, 4, 6, 9, 12, 15, 17, 19, 22, 26, 30, 31, 32, 33, 34, 40, 41, 43, 44])
(75512, [2, 3, 6, 9, 11, 12, 15, 16, 17, 18, 20, 27, 31, 32, 35, 39, 41, 42, 44])
(75513, [1, 2, 3, 4, 6, 7, 13, 15, 18, 19, 31, 32, 33, 34, 43])
(75514, [9, 17, 18, 24, 31, 32, 41])
(75515, [0, 1, 2, 3, 4, 6, 7, 9, 11, 12, 13, 14, 15, 16, 17, 19, 20, 22, 26, 28, 30, 31, 32, 33, 34, 35, 36, 38, 39, 40, 41, 43, 44])
(75516, [0, 1, 2, 3, 4, 6, 7, 8, 9, 11, 12, 13, 15, 16, 18, 19, 20, 21, 22, 23, 24, 26, 27, 30, 31, 32, 33, 34, 35, 40, 42, 43, 44])
(75517, [0, 1, 2, 3, 4, 6, 7, 9, 11, 12, 13, 15, 17, 19, 20, 21, 23, 26, 30, 31, 32, 33, 34, 39, 40, 41, 42, 43, 44])
(75518, [0, 2, 7, 9, 10, 16, 17, 19, 23, 26, 30, 32, 33, 38, 41])
(75519, [1, 2, 3, 9, 11, 15, 17, 18, 19, 23, 24, 30, 31, 32, 33, 35, 43])
(75520, [19, 32])
(75521, [1, 3, 4, 5, 6, 7, 9, 11, 12, 15, 18, 19, 20, 21, 22, 23, 30, 31, 32, 33, 35, 37, 42, 43, 44])
(75522, [1, 2, 3, 6, 7, 9, 12, 15, 17, 18, 19, 23, 26, 31, 32, 35, 40, 43])
(75523, [1, 2, 3, 9, 11, 12, 17, 21, 22, 26, 32, 35, 42])
(75524, [0, 3, 18, 30, 32, 34])
(75525, [32])
(75526, [1, 3, 4, 7, 8, 15, 17, 18, 19, 21, 22, 24, 30, 31, 32, 33, 34, 38, 41, 44])
(75527, [0, 18, 19, 26, 29, 30, 32, 39])
(75528, [1, 2, 3, 4, 7, 11, 15, 16, 17, 18, 19, 21, 22, 23, 26, 32, 39, 41, 44])
(75529, [9, 12, 21, 32])
(75530, [0, 1, 2, 3, 5, 6, 9, 11, 12, 13, 14, 15, 16, 17, 18, 19, 21, 23, 24, 26, 30, 31, 32, 33, 34, 37, 41, 42, 43, 44])
(75531, [0, 1, 2, 3, 4, 6, 9, 10, 11, 12, 13, 14, 16, 17, 18, 19, 20, 21, 22, 23, 24, 26, 27, 30, 31, 32, 33, 34, 35, 36, 39, 40, 41, 42, 43, 44])
(75532, [32])
(75533, [1, 2, 3, 9, 14, 15, 16, 17, 19, 23, 26, 32, 35, 42, 43, 44])
(75534, [0, 1, 9, 12, 15, 17, 32])
(75535, [2, 15, 24, 32, 43])
(75536, [1, 4, 6, 8, 9, 13, 15, 18, 20, 21, 22, 23, 32, 34, 39, 44])
(75537, [0, 1, 2, 3, 4, 6, 7, 9, 10, 11, 12, 14, 15, 16, 17, 18, 19, 20, 22, 23, 24, 25, 26, 27, 28, 30, 31, 32, 33, 34, 35, 40, 41, 42, 43, 44])
(75538, [0, 1, 2, 3, 4, 5, 6, 7, 8, 9, 11, 12, 13, 14, 15, 16, 17, 18, 19, 20, 21, 22, 23, 26, 27, 28, 30, 31, 32, 33, 34, 35, 39, 40, 41, 42, 43, 44])
(75539, [1, 2, 4, 9, 11, 18, 21, 22, 23, 32, 44])
(75540, [2, 6, 9, 12, 16, 17, 23, 24, 31, 32, 34, 41])
(75541, [15, 32, 43])
(75542, [2, 3, 4, 8, 9, 11, 12, 13, 15, 18, 23, 24, 26, 30, 31, 32, 34, 35, 40, 41, 43])
(75543, [32])
(75544, [2, 4, 6, 15, 18, 23, 27, 31, 32, 36, 40, 43])
(75545, [2, 9, 12, 16, 19, 21, 32, 44])
(75546, [6, 15, 18, 23, 27, 31, 32, 43])
(75547, [0, 2, 4, 9, 15, 32])
(75548, [32])
(75549, [0, 1, 2, 3, 9, 11, 12, 15, 16, 17, 18, 19, 20, 24, 26, 28, 30, 31, 32, 33, 34, 38, 41, 42, 43, 44])
(75550, [0, 1, 3, 4, 12, 15, 18, 23, 26, 30, 32, 35, 37, 39, 43, 44])
(75551, [0, 2, 3, 32, 43, 44])
(75552, [0, 6, 9, 12, 13, 20, 27, 32, 34, 36])
(75553, [11, 32])
(75554, [0, 1, 2, 3, 5, 7, 8, 9, 10, 11, 12, 16, 17, 18, 19, 20, 23, 25, 26, 32, 34, 44])
(75555, [0, 1, 3, 4, 5, 6, 7, 9, 10, 11, 12, 16, 18, 19, 20, 21, 23, 26, 29, 30, 31, 32, 34, 35, 37, 38, 42, 44])
(75556, [6, 9, 15, 18, 20, 32, 44])
(75557, [1, 2, 3, 4, 6, 16, 18, 19, 21, 22, 23, 26, 29, 30, 32, 33, 38, 41, 44])
(75558, [0, 1, 2, 3, 4, 5, 7, 8, 9, 10, 11, 12, 14, 15, 16, 19, 20, 21, 23, 24, 31, 32, 34, 35, 36, 37, 40, 42, 43, 44])
(75559, [2, 5, 9, 11, 12, 19, 23, 32])
(75560, [0, 3, 8, 18, 22, 23, 31, 32])
(75561, [0, 12, 32, 34])
(75562, [0, 1, 2, 3, 7, 9, 12, 13, 14, 15, 17, 20, 23, 24, 26, 32, 33, 41, 42])
(75563, [0, 1, 2, 3, 6, 9, 10, 11, 12, 14, 15, 16, 17, 20, 23, 24, 30, 31, 32, 33, 34, 35, 36, 38, 39, 40, 41, 44])
(75564, [1, 7, 17, 18, 22, 32, 36, 38, 43])
(75565, [0, 2, 3, 5, 7, 12, 32])
(75566, [1, 2, 3, 4, 5, 6, 7, 8, 11, 15, 18, 19, 20, 21, 23, 26, 29, 30, 31, 32, 33, 34, 35, 37, 40, 41, 43, 44])
(75567, [2, 4, 9, 11, 32, 33])
(75568, [0, 1, 2, 4, 6, 9, 15, 17, 19, 20, 23, 26, 30, 31, 32, 35, 40, 41, 43])
(75569, [3, 7, 11, 12, 19, 20, 21, 32, 33, 34, 35, 44])
(75570, [0, 1, 2, 3, 4, 6, 14, 18, 19, 23, 26, 27, 32, 33, 35, 40, 41, 43])
(75571, [1, 3, 11, 18, 22, 23, 26, 31, 32, 34, 44])
(75572, [26, 32, 34])
(75573, [1, 2, 3, 17, 23, 26, 31, 32, 41, 44])
(75574, [32])
(75575, [1, 3, 9, 12, 15, 24, 30, 31, 32, 33, 34, 44])
(75576, [32])
(75577, [2, 11, 32, 33])
(75578, [32])
(75579, [30, 32, 33, 36])
(75580, [1, 2, 4, 6, 9, 13, 16, 17, 23, 24, 25, 26, 32, 33, 40, 41, 43])
(75581, [1, 2, 3, 4, 5, 6, 8, 9, 11, 12, 15, 16, 17, 18, 19, 21, 22, 23, 26, 27, 31, 32, 34, 35, 38, 41, 43, 44])
(75582, [0, 2, 9, 17, 26, 31, 32])
(75583, [11, 21, 32, 43])
(75584, [17, 18, 26, 30, 31, 32, 40, 42, 43])
(75585, [0, 1, 2, 3, 4, 7, 11, 12, 14, 17, 18, 19, 20, 21, 22, 23, 24, 26, 27, 30, 31, 32, 33, 34, 36, 41, 43, 44])
(75586, [0, 1, 3, 5, 8, 12, 23, 34, 35])
(75587, [35])
(75588, [1, 3, 5, 8, 17, 18, 23, 30, 33, 35, 39, 43])
(75589, [5, 15, 18, 23, 35])
(75590, [1, 2, 3, 4, 5, 6, 8, 9, 10, 11, 12, 13, 14, 15, 16, 17, 18, 19, 20, 21, 22, 23, 24, 26, 28, 29, 31, 34, 35, 36, 37, 38, 39, 40, 42, 43, 44])
(75591, [6, 8, 12, 16, 18, 22, 23, 35, 43, 44])
(75592, [35])
(75593, [0, 1, 2, 3, 4, 5, 6, 7, 8, 9, 11, 12, 13, 15, 16, 21, 23, 24, 28, 31, 33, 34, 35, 37, 38, 39, 41, 43])
(75594, [35])
(75595, [35])
(75596, [4, 15, 35, 43])
(75597, [35])
(75598, [35])
(75599, [35])
(75600, [1, 2, 3, 4, 8, 9, 10, 11, 12, 13, 15, 18, 19, 21, 23, 24, 28, 35, 36, 43, 44])
(75601, [35])
(75602, [3, 18, 23, 35])
(75603, [35])
(75604, [0, 1, 2, 3, 4, 5, 6, 8, 9, 10, 11, 12, 14, 15, 16, 17, 18, 19, 20, 21, 22, 23, 24, 25, 26, 29, 30, 31, 33, 35, 36, 38, 39, 40, 41, 42, 43, 44])
(75605, [35])
(75606, [35])
(75607, [23, 35, 42])
(75608, [35])
(75609, [35])
(75610, [0, 8, 11, 13, 15, 16, 17, 18, 19, 20, 23, 30, 31, 35, 43, 44])
(75611, [1, 3, 6, 17, 30, 35, 44])
(75612, [11, 30, 35])
(75613, [35])
(75614, [35])
(75615, [35])
(75616, [4, 11, 13, 15, 18, 19, 23, 35, 36, 43, 44])
(75617, [35])
(75618, [1, 3, 4, 7, 9, 11, 15, 22, 23, 33, 34, 35, 43, 44])
(75619, [0, 3, 5, 8, 11, 12, 18, 20, 27, 33, 35, 42, 43])
(75620, [1, 2, 4, 9, 12, 13, 15, 16, 19, 21, 23, 26, 33, 35, 41, 43, 44])
(75621, [35])
(75622, [15, 18, 23, 35])
(75623, [0, 2, 6, 7, 8, 12, 18, 19, 22, 35, 39])
(75624, [35])
(75625, [35])
(75626, [0, 1, 3, 9, 11, 12, 13, 15, 19, 21, 22, 23, 26, 34, 35, 41, 44])
(75627, [35])
(75628, [26, 31, 34])
(75629, [0, 1, 2, 3, 4, 5, 8, 9, 10, 11, 12, 14, 15, 16, 17, 18, 23, 30, 31, 33, 34, 41, 42, 44])
(75630, [34])
(75631, [1, 2, 3, 9, 19, 31, 34])
(75632, [0, 2, 5, 9, 12, 24, 28, 34, 43])
(75633, [1, 34, 38, 43, 44])
(75634, [34])
(75635, [33, 34])
(75636, [34])
(75637, [34])
(75638, [4, 7, 9, 12, 15, 24, 25, 26, 33, 34, 36, 40, 41, 43, 44])
(75639, [34])
(75640, [34])
(75641, [3, 33, 34, 39])
(75642, [34])
(75643, [2, 34])
(75644, [34])
(75645, [1, 2, 3, 4, 6, 7, 9, 11, 12, 17, 19, 20, 22, 23, 24, 30, 31, 33, 34, 37, 40, 42, 43, 44])
(75646, [34])
(75647, [1, 2, 3, 8, 12, 18, 30, 34, 44])
(75648, [17, 30, 34])
(75649, [34])
(75650, [2, 9, 28, 34])
(75651, [0, 34])
(75652, [0, 1, 2, 3, 6, 7, 11, 12, 13, 15, 17, 20, 23, 24, 34, 37, 38, 44])
(75653, [3, 11, 12, 17, 24, 26, 31, 34, 44])
(75654, [34])
(75655, [34])
(75656, [0, 1, 3, 4, 6, 7, 9, 11, 12, 14, 15, 16, 19, 20, 21, 22, 23, 26, 27, 30, 31, 33, 34, 37, 40, 41, 42, 44])
(75657, [0, 1, 2, 3, 6, 7, 8, 9, 10, 11, 14, 16, 19, 21, 23, 26, 30, 31, 34, 43, 44])
(75658, [0, 2, 7, 9, 11, 12, 16, 30, 31, 34, 41, 43, 44])
(75659, [0, 1, 2, 3, 6, 9, 12, 16, 28, 34, 40, 44])
(75660, [1, 3, 30, 34])
(75661, [1, 3, 34])
(75662, [1, 3, 16, 17, 31, 33, 34, 40, 41, 44])
(75663, [2, 34])
(75664, [0, 2, 11, 34, 39, 40])
(75665, [34])
(75666, [3, 4, 6, 15, 23, 30, 34])
(75667, [34])
(75668, [0, 8, 21, 24, 31, 34, 43])
(75669, [34, 40])
(75670, [7, 21, 34])
(75671, [0, 8, 11, 12, 16, 23, 34, 44])
(75672, [34])
(75673, [1, 2, 3, 7, 8, 19, 20, 31, 34, 44])
(75674, [0, 1, 2, 3, 5, 7, 8, 9, 12, 16, 18, 20, 21, 23, 28, 29, 30, 33, 34, 37])
(75675, [0, 2, 3, 4, 9, 11, 13, 14, 15, 17, 23, 24, 25, 26, 30, 31, 33, 34, 41, 42, 43])
(75676, [33])
(75677, [6, 7, 18, 19, 31, 33])
(75678, [33])
(75679, [0, 1, 3, 18, 23, 30, 33])
(75680, [2, 9, 11, 13, 14, 15, 16, 17, 18, 22, 23, 24, 25, 26, 33, 36, 40, 44])
(75681, [33])
(75682, [0, 22, 33])
(75683, [29, 31, 33, 43])
(75684, [13, 23, 33])
(75685, [0, 2, 9, 11, 15, 16, 23, 26, 33, 40, 42, 43])
(75686, [1, 2, 3, 6, 13, 15, 19, 33, 44])
(75687, [1, 3, 4, 6, 20, 23, 33, 43])
(75688, [2, 3, 17, 31, 33, 40])
(75689, [33])
(75690, [33])
(75691, [33])
(75692, [31, 33])
(75693, [31, 33])
(75694, [2, 3, 7, 9, 12, 26, 31, 33, 41])
(75695, [0, 11, 33, 41])
(75696, [2, 33, 40, 44])
(75697, [33, 41])
(75698, [33])
(75699, [0, 1, 2, 3, 21, 31, 33])
(75700, [33])
(75701, [31, 33])
(75702, [33])
(75703, [11, 33])
(75704, [2, 19, 30, 33, 40])
(75705, [0, 1, 6, 11, 13, 17, 24, 33])
(75706, [2, 4, 33])
(75707, [4, 6, 33])
(75708, [0, 1, 2, 3, 12, 19, 20, 21, 26, 33])
(75709, [3, 9, 33])
(75710, [0, 3, 33])
(75711, [33])
(75712, [7, 33])
(75713, [0, 1, 3, 7, 11, 12, 13, 15, 17, 19, 26, 33, 44])
(75714, [1, 2, 3, 4, 18, 26, 33, 39, 43])
(75715, [15, 24, 33])
(75716, [33])
(75717, [0, 1, 3, 4, 11, 12, 14, 19, 21, 30, 31, 33, 43, 44])
(75718, [2, 28, 33])
(75719, [33])
(75720, [6, 11, 30, 33, 44])
(75721, [23, 33])
(75722, [20])
(75723, [7, 8, 16, 20, 31])
(75724, [3, 4, 20, 21, 23, 26, 44])
(75725, [0, 1, 3, 4, 9, 12, 17, 19, 20, 21, 22, 23, 28, 38, 41, 44])
(75726, [20])
(75727, [20])
(75728, [20])
(75729, [20])
(75730, [0, 1, 3, 6, 7, 11, 13, 15, 16, 20, 36, 41, 44])
(75731, [20])
(75732, [11, 20, 31, 43, 44])
(75733, [0, 6, 8, 9, 12, 18, 19, 20, 22, 42, 44])
(75734, [0, 1, 3, 13, 20, 41])
(75735, [0, 1, 3, 16, 20])
(75736, [0, 20])
(75737, [0, 3, 11, 18, 20, 31, 43])
(75738, [20])
(75739, [0, 7, 20])
(75740, [3, 7, 20])
(75741, [0, 15, 16, 20, 40])
(75742, [20])
(75743, [0, 1, 2, 3, 6, 18, 20, 30, 44])
(75744, [0, 1, 2, 17, 20, 39, 44])
(75745, [0, 1, 2, 3, 6, 12, 14, 19, 20])
(75746, [0, 7, 10, 18, 19, 20])
(75747, [18])
(75748, [18, 44])
(75749, [1, 2, 10, 18, 31])
(75750, [18])
(75751, [2, 11, 16, 18, 44])
(75752, [0, 3, 9, 11, 18, 30, 41, 44])
(75753, [3, 18, 19, 26, 30, 31, 40])
(75754, [18])
(75755, [3, 8, 12, 18, 23, 28])
(75756, [0, 1, 12, 16, 18, 27, 41])
(75757, [1, 3, 11, 15, 18, 40, 42])
(75758, [18])
(75759, [1, 3, 18])
(75760, [1, 2, 3, 4, 6, 8, 9, 11, 12, 13, 14, 15, 17, 18, 26, 40, 43])
(75761, [1, 2, 3, 4, 18, 23, 29])
(75762, [3, 15, 18])
(75763, [18])
(75764, [11, 15, 18, 42])
(75765, [18])
(75766, [18])
(75767, [0, 18, 23])
(75768, [18])
(75769, [18])
(75770, [18])
(75771, [18, 22])
(75772, [3, 18, 22, 40])
(75773, [18])
(75774, [18])
(75775, [18])
(75776, [0, 1, 3, 18, 44])
(75777, [18])
(75778, [18])
(75779, [17, 18, 19, 31])
(75780, [18])
(75781, [18])
(75782, [18, 23])
(75783, [0, 1, 2, 4, 9, 11, 13, 18, 24, 26, 41, 43, 44])
(75784, [18, 36])
(75785, [0, 2, 14, 18, 24, 26, 43])
(75786, [18])
(75787, [18])
(75788, [18])
(75789, [15, 18, 23])
(75790, [18])
(75791, [18])
(75792, [18])
(75793, [0, 2, 3, 18, 19, 22, 42, 44])
(75794, [18])
(75795, [18])
(75796, [18])
(75797, [18])
(75798, [18])
(75799, [18])
(75800, [18])
(75801, [2, 3, 5, 9, 11, 16, 18, 40, 41])
(75802, [2, 11, 12, 15, 18, 26, 41, 44])
(75803, [18])
(75804, [1, 3, 11, 18, 41])
(75805, [3, 18, 23])
(75806, [18])
(75807, [18, 23, 28])
(75808, [17, 18, 36, 44])
(75809, [18])
(75810, [18])
(75811, [18])
(75812, [18])
(75813, [18])
(75814, [18])
(75815, [18])
(75816, [18])
(75817, [15, 18])
(75818, [2, 6, 11, 18])
(75819, [18])
(75820, [18, 21, 23, 43])
(75821, [12, 18])
(75822, [1, 3, 7, 12, 18, 21])
(75823, [0, 2, 5, 6, 9, 17, 18])
(75824, [18])
(75825, [18])
(75826, [18])
(75827, [18])
(75828, [18])
(75829, [0, 6, 8, 9, 12, 16, 18, 23, 24, 28])
(75830, [21, 27])
(75831, [27])
(75832, [27])
(75833, [27])
(75834, [27])
(75835, [27])
(75836, [0, 11, 12, 15, 27, 41])
(75837, [27])
(75838, [27])
(75839, [9, 25, 26, 43])
(75840, [9])
(75841, [9])
(75842, [0, 9, 12, 15, 31])
(75843, [9])
(75844, [0, 2, 9, 12, 16, 43, 44])
(75845, [3, 7, 8, 9, 12, 23])
(75846, [8, 9])
(75847, [0, 1, 2, 3, 9, 12, 19, 21, 22, 38, 44])
(75848, [9, 12])
(75849, [3, 9, 13, 21])
(75850, [2, 9, 21, 23, 40])
(75851, [9])
(75852, [9])
(75853, [9, 41])
(75854, [1, 3, 4, 9, 10, 41])
(75855, [1, 3, 7, 9, 17, 23, 26])
(75856, [0, 1, 2, 3, 4, 7, 9, 14, 15, 24, 26, 30, 31, 39, 40, 41, 44])
(75857, [9, 23])
(75858, [3, 9, 36, 38, 41, 43])
(75859, [9])
(75860, [2, 9, 13, 15, 17])
(75861, [2, 9])
(75862, [9])
(75863, [2, 3, 9, 13, 14, 17, 30, 36, 39])
(75864, [9])
(75865, [9])
(75866, [9])
(75867, [9])
(75868, [9])
(75869, [9])
(75870, [9])
(75871, [6, 9, 11])
(75872, [9])
(75873, [9])
(75874, [0, 2, 9, 15, 19])
(75875, [9])
(75876, [9])
(75877, [9])
(75878, [9])
(75879, [9])
(75880, [9])
(75881, [9])
(75882, [9])
(75883, [1, 2, 4, 8, 9, 15, 19, 22, 29])
(75884, [2, 9])
(75885, [0, 9])
(75886, [2, 3, 6, 9, 43])
(75887, [9])
(75888, [9])
(75889, [0, 1, 3, 9])
(75890, [3, 9])
(75891, [0, 29])
(75892, [0])
(75893, [0])
(75894, [0, 12])
(75895, [0])
(75896, [0])
(75897, [0, 12])
(75898, [0])
(75899, [0])
(75900, [0])
(75901, [0, 3, 11])
(75902, [0])
(75903, [0, 12, 37])
(75904, [0, 12])
(75905, [0, 17])
(75906, [0])
(75907, [0])
(75908, [0])
(75909, [0])
(75910, [0])
(75911, [0, 12])
(75912, [0])
(75913, [0, 12])
(75914, [0])
(75915, [0])
(75916, [0, 16, 43])
(75917, [0])
(75918, [0])
(75919, [0])
(75920, [0])
(75921, [0])
(75922, [0])
(75923, [0])
(75924, [0])
(75925, [0, 1, 3, 7, 11, 19, 39])
(75926, [0, 12])
(75927, [0])
(75928, [0, 1, 2, 7, 12, 19, 22])
(75929, [0, 1, 12, 24])
(75930, [0])
(75931, [0, 1, 4])
(75932, [0])
(75933, [0])
(75934, [0])
(75935, [0])
(75936, [0])
(75937, [0])
(75938, [0])
(75939, [0])
(75940, [0])
(75941, [0])
(75942, [0, 1, 11, 19, 43])
(75943, [0, 7, 12, 21, 23])
(75944, [0])
(75945, [0])
(75946, [0])
(75947, [0])
(75948, [0])
(75949, [0])
(75950, [0])
(75951, [0, 26])
(75952, [0])
(75953, [0])
(75954, [0])
(75955, [0])
(75956, [0])
(75957, [0])
(75958, [0])
(75959, [0])
(75960, [0])
(75961, [0, 1, 2, 17, 42])
(75962, [0])
(75963, [0])
(75964, [0, 2, 3, 12, 23])
(75965, [0])
(75966, [0])
(75967, [0])
(75968, [0])
(75969, [0])
(75970, [0])
(75971, [0])
(75972, [0])
(75973, [0, 2, 14, 23, 43])
(75974, [0, 12])
(75975, [0])
(75976, [0])
(75977, [0])
(75978, [0, 2, 4])
(75979, [0])
(75980, [0])
(75981, [0])
(75982, [0])
(75983, [0])
(75984, [0])
(75985, [0])
(75986, [0, 12])
(75987, [0])
(75988, [0])
(75989, [0])
(75990, [0])
(75991, [0])
(75992, [0])
(75993, [0, 19])
(75994, [0])
(75995, [0, 12])
(75996, [0])
(75997, [0])
(75998, [0])
(75999, [0])
(76000, [0])
(76001, [0, 12])
(76002, [0])
(76003, [0])
(76004, [0, 24])
(76005, [0, 12])
(76006, [0])
(76007, [0])
(76008, [0])
(76009, [0, 7, 26])
(76010, [0, 1, 3])
(76011, [0])
(76012, [0])
(76013, [0])
(76014, [0])
(76015, [0])
(76016, [0])
(76017, [0])
(76018, [0])
(76019, [0, 12, 15])
(76020, [0])
(76021, [0])
(76022, [0])
(76023, [0, 11, 29])
(76024, [0, 12])
(76025, [0])
(76026, [0])
(76027, [0])
(76028, [0])
(76029, [0])
(76030, [0])
(76031, [0])
(76032, [0])
(76033, [0])
(76034, [0])
(76035, [0])
(76036, [0])
(76037, [0])
(76038, [0, 12])
(76039, [0])
(76040, [0, 21])
(76041, [0, 2, 4, 12])
(76042, [0, 5])
(76043, [0, 12])
(76044, [0])
(76045, [0])
(76046, [0])
(76047, [0])
(76048, [0])
(76049, [0, 3])
(76050, [0])
(76051, [0])
(76052, [0])
(76053, [0, 4, 19])
(76054, [0])
(76055, [0, 2, 3])
(76056, [0])
(76057, [0, 2, 11])
(76058, [0])
(76059, [0])
(76060, [0, 12])
(76061, [0])
(76062, [0])
(76063, [0])
(76064, [0, 2, 26])
(76065, [0])
(76066, [0])
(76067, [0])
(76068, [0])
(76069, [0])
(76070, [0])
(76071, [0])
(76072, [0])
(76073, [0, 11])
(76074, [0])
(76075, [0])
(76076, [0, 24, 30])
(76077, [0])
(76078, [0])
(76079, [0])
(76080, [0])
(76081, [0])
(76082, [0])
(76083, [0])
(76084, [0])
(76085, [0])
(76086, [0, 12])
(76087, [0])
(76088, [0])
(76089, [0])
(76090, [0])
(76091, [0])
(76092, [0])
(76093, [0])
(76094, [0])
(76095, [0])
(76096, [0])
(76097, [0])
(76098, [0])
(76099, [0])
(76100, [0])
(76101, [0])
(76102, [0])
(76103, [0])
(76104, [0])
(76105, [0])
(76106, [0])
(76107, [0])
(76108, [0])
(76109, [0])
(76110, [0, 26])
(76111, [0, 6, 11, 15, 43])
(76112, [0])
(76113, [0])
(76114, [0])
(76115, [0, 1, 3, 4, 11, 21, 22])
(76116, [0])
(76117, [0])
(76118, [0])
(76119, [0])
(76120, [0])
(76121, [0])
(76122, [0])
(76123, [0])
(76124, [0])
(76125, [0])
(76126, [0])
(76127, [0])
(76128, [0])
(76129, [0, 16, 24, 31])
(76130, [0])
(76131, [0])
(76132, [0])
(76133, [0])
(76134, [0])
(76135, [0, 6])
(76136, [0])
(76137, [0, 2, 4, 19, 41, 43, 44])
(76138, [0])
(76139, [0])
(76140, [0])
(76141, [0])
(76142, [0, 2, 3, 4, 30, 40])
(76143, [0])
(76144, [0])
(76145, [0])
(76146, [0, 12])
(76147, [0])
(76148, [0])
(76149, [0])
(76150, [0])
(76151, [0])
(76152, [0])
(76153, [0])
(76154, [0, 29])
(76155, [0])
(76156, [0, 12])
(76157, [0])
(76158, [0, 12])
(76159, [0])
(76160, [0])
(76161, [0])
(76162, [0])
(76163, [0])
(76164, [0])
(76165, [0])
(76166, [0])
(76167, [0])
(76168, [1, 2, 11, 13, 17, 43, 44])
(76169, [11])
(76170, [11, 41])
(76171, [11])
(76172, [11])
(76173, [11])
(76174, [1, 3, 11, 16, 22, 30])
(76175, [11])
(76176, [2, 11, 31])
(76177, [11, 23])
(76178, [11])
(76179, [11, 12])
(76180, [3, 11])
(76181, [11])
(76182, [1, 3, 11])
(76183, [3, 4, 11, 12, 13, 15, 17, 21, 23, 39, 40, 42, 43, 44])
(76184, [11])
(76185, [11])
(76186, [2, 11, 12, 44])
(76187, [11])
(76188, [11])
(76189, [3, 7, 11, 16, 19, 23])
(76190, [11])
(76191, [11, 42])
(76192, [11, 19, 28])
(76193, [11])
(76194, [1, 11])
(76195, [1, 3, 7])
(76196, [7])
(76197, [3, 7])
(76198, [1, 3, 7, 23])
(76199, [7])
(76200, [7])
(76201, [7])
(76202, [1, 2, 3, 6, 7, 10, 13, 14, 17, 19, 23, 31, 41])
(76203, [7])
(76204, [7])
(76205, [7])
(76206, [7])
(76207, [7])
(76208, [7])
(76209, [7])
(76210, [3, 7, 44])
(76211, [29])
(76212, [8, 12, 15, 16, 19, 21, 23, 24, 29, 41, 43])
(76213, [1, 3, 16])
(76214, [16, 23])
(76215, [16, 23])
(76216, [16, 23])
(76217, [16, 41])
(76218, [16])
(76219, [2, 8, 15, 16, 24, 26, 41])
(76220, [16])
(76221, [3, 16, 42])
(76222, [14, 16, 21])
(76223, [16])
(76224, [16])
(76225, [1, 2, 3, 14, 16, 22, 30, 38, 41])
(76226, [16])
(76227, [16])
(76228, [42])
(76229, [6])
(76230, [6])
(76231, [6])
(76232, [6, 36])
(76233, [6])
(76234, [6, 23])
(76235, [2, 6, 17, 26])
(76236, [6])
(76237, [2, 6])
(76238, [6])
(76239, [6])
(76240, [6])
(76241, [6])
(76242, [6, 26])
(76243, [6, 30])
(76244, [6])
(76245, [6])
(76246, [2, 6, 17, 41])
(76247, [28])
(76248, [12, 17])
(76249, [15, 17])
(76250, [2, 12, 14, 17, 19, 41, 44])
(76251, [17])
(76252, [17])
(76253, [17])
(76254, [17])
(76255, [17])
(76256, [2, 17])
(76257, [4, 17, 21, 24])
(76258, [1])
(76259, [1, 3, 21])
(76260, [1])
(76261, [1, 3, 12, 21, 22])
(76262, [1])
(76263, [1])
(76264, [1, 3, 19, 21])
(76265, [1])
(76266, [1, 3])
(76267, [1])
(76268, [1])
(76269, [1, 3])
(76270, [1, 12])
(76271, [1, 3, 19, 41])
(76272, [1])
(76273, [1, 3, 39])
(76274, [1, 41])
(76275, [1, 13, 15, 26, 31])
(76276, [1, 3, 21, 23])
(76277, [1])
(76278, [1])
(76279, [1])
(76280, [1, 21])
(76281, [1, 36])
(76282, [1])
(76283, [1, 3, 43])
(76284, [1, 3, 21, 23])
(76285, [1, 3, 19, 31])
(76286, [1])
(76287, [1])
(76288, [1, 21])
(76289, [1, 2, 3, 15, 19, 21, 22, 23, 30, 37, 40])
(76290, [1])
(76291, [1])
(76292, [1, 2, 3, 19])
(76293, [1, 19, 30])
(76294, [1])
(76295, [1, 15, 23, 24])
(76296, [1])
(76297, [1])
(76298, [1, 12, 19, 21, 22])
(76299, [1])
(76300, [1])
(76301, [1])
(76302, [10, 43])
(76303, [10])
(76304, [10])
(76305, [10])
(76306, [10])
(76307, [10])
(76308, [10])
(76309, [10])
(76310, [10])
(76311, [2, 19, 26])
(76312, [19])
(76313, [19, 44])
(76314, [8, 19, 22, 24, 25, 43])
(76315, [3, 19, 21])
(76316, [19])
(76317, [2, 19])
(76318, [19])
(76319, [19])
(76320, [19])
(76321, [19])
(76322, [19])
(76323, [19, 26, 40])
(76324, [19])
(76325, [19])
(76326, [19])
(76327, [19])
(76328, [19])
(76329, [19])
(76330, [19])
(76331, [26, 44])
(76332, [12, 21, 24, 26, 30])
(76333, [26])
(76334, [26])
(76335, [26, 31])
(76336, [3, 4, 21, 26])
(76337, [26])
(76338, [26])
(76339, [26])
(76340, [26])
(76341, [26])
(76342, [26])
(76343, [26])
(76344, [26, 41])
(76345, [26])
(76346, [26])
(76347, [26])
(76348, [26])
(76349, [12, 26, 41])
(76350, [26])
(76351, [15, 26])
(76352, [26])
(76353, [8])
(76354, [8])
(76355, [8])
(76356, [8, 23])
(76357, [8])
(76358, [8])
(76359, [8])
(76360, [8])
(76361, [8])
(76362, [8])
(76363, [8])
(76364, [8, 23])
(76365, [8])
(76366, [5, 8])
(76367, [3, 21])
(76368, [21])
(76369, [21])
(76370, [21])
(76371, [21])
(76372, [21])
(76373, [21])
(76374, [21])
(76375, [21])
(76376, [2, 21])
(76377, [21])
(76378, [21])
(76379, [21])
(76380, [21])
(76381, [21])
(76382, [21])
(76383, [21])
(76384, [21])
(76385, [21])
(76386, [21])
(76387, [21])
(76388, [21])
(76389, [21])
(76390, [21, 37])
(76391, [21])
(76392, [21, 23, 43])
(76393, [13, 21])
(76394, [21])
(76395, [3, 21])
(76396, [21])
(76397, [21])
(76398, [21])
(76399, [21])
(76400, [21])
(76401, [21])
(76402, [21])
(76403, [21])
(76404, [21])
(76405, [21])
(76406, [44])
(76407, [44])
(76408, [44])
(76409, [44])
(76410, [44])
(76411, [44])
(76412, [13, 44])
(76413, [44])
(76414, [44])
(76415, [44])
(76416, [44])
(76417, [44])
(76418, [44])
(76419, [3, 44])
(76420, [36, 44])
(76421, [44])
(76422, [43, 44])
(76423, [44])
(76424, [44])
(76425, [44])
(76426, [44])
(76427, [44])
(76428, [3, 44])
(76429, [2, 23, 30, 43])
(76430, [43])
(76431, [43])
(76432, [43])
(76433, [43])
(76434, [43])
(76435, [43])
(76436, [43])
(76437, [2, 23, 43])
(76438, [2, 3, 43])
(76439, [2, 13, 23, 30, 31, 43])
(76440, [43])
(76441, [43])
(76442, [43])
(76443, [43])
(76444, [43])
(76445, [43])
(76446, [43])
(76447, [43])
(76448, [43])
(76449, [2, 43])
(76450, [43])
(76451, [43])
(76452, [43])
(76453, [36])
(76454, [36])
(76455, [36])
(76456, [36])
(76457, [14, 36])
(76458, [36])
(76459, [36])
(76460, [36])
(76461, [36])
(76462, [24, 30, 36])
(76463, [36])
(76464, [36])
(76465, [36])
(76466, [36])
(76467, [36])
(76468, [36])
(76469, [36])
(76470, [36])
(76471, [2, 14, 36])
(76472, [2, 36])
(76473, [36])
(76474, [36])
(76475, [36])
(76476, [36])
(76477, [36])
(76478, [36])
(76479, [31])
(76480, [31])
(76481, [31])
(76482, [31])
(76483, [31])
(76484, [31])
(76485, [12, 23, 31])
(76486, [31])
(76487, [31])
(76488, [23, 31])
(76489, [2, 31])
(76490, [30])
(76491, [30])
(76492, [30])
(76493, [30])
(76494, [30])
(76495, [30])
(76496, [30])
(76497, [30])
(76498, [37])
(76499, [37])
(76500, [37])
(76501, [4, 39])
(76502, [39])
(76503, [39])
(76504, [39])
(76505, [41])
(76506, [41])
(76507, [41])
(76508, [41])
(76509, [3, 41])
(76510, [41])
(76511, [41])
(76512, [41])
(76513, [41])
(76514, [41])
(76515, [41])
(76516, [41])
(76517, [2, 41])
(76518, [41])
(76519, [41])
(76520, [13, 24, 41])
(76521, [41])
(76522, [41])
(76523, [24])
(76524, [24])
(76525, [24])
(76526, [24])
(76527, [24])
(76528, [24])
(76529, [24])
(76530, [2, 24])
(76531, [23])
(76532, [23])
(76533, [23])
(76534, [23])
(76535, [23])
(76536, [23])
(76537, [23])
(76538, [23])
(76539, [23])
(76540, [23])
(76541, [23])
(76542, [4, 23])
(76543, [23])
(76544, [23])
(76545, [23])
(76546, [23])
(76547, [23])
(76548, [23])
(76549, [23])
(76550, [23])
(76551, [23])
(76552, [23])
(76553, [23])
(76554, [23])
(76555, [23])
(76556, [23])
(76557, [23])
(76558, [23])
(76559, [23])
(76560, [23])
(76561, [23])
(76562, [23])
(76563, [23])
(76564, [23])
(76565, [23])
(76566, [23])
(76567, [23])
(76568, [23])
(76569, [23])
(76570, [23])
(76571, [23])
(76572, [23])
(76573, [23])
(76574, [23])
(76575, [23])
(76576, [23])
(76577, [23])
(76578, [4])
(76579, [4])
(76580, [4])
(76581, [4])
(76582, [4, 15])
(76583, [4])
(76584, [4])
(76585, [4])
(76586, [4])
(76587, [4])
(76588, [4])
(76589, [4])
(76590, [4])
(76591, [15])
(76592, [15])
(76593, [15])
(76594, [15])
(76595, [15])
(76596, [15])
(76597, [3])
(76598, [3])
(76599, [3])
(76600, [3])
(76601, [3, 12])
(76602, [3])
(76603, [3])
(76604, [3])
(76605, [3])
(76606, [3])
(76607, [3])
(76608, [3])
(76609, [3])
(76610, [3])
(76611, [3])
(76612, [3, 12])
(76613, [3])
(76614, [3])
(76615, [12])
(76616, [12])
(76617, [12])
(76618, [12])
(76619, [12])
(76620, [12])
(76621, [12])
(76622, [12])
(76623, [12])
(76624, [12])
(76625, [12])
(76626, [12])
(76627, [12])
(76628, [12])
(76629, [12])
(76630, [12])
(76631, [12])
(76632, [12])
(76633, [12])
(76634, [12])
(76635, [12])
(76636, [12])
(76637, [12])
(76638, [2, 12])
(76639, [12])
(76640, [12])
(76641, [12])
(76642, [12])
(76643, [12])
(76644, [12])
(76645, [12])
(76646, [12])
(76647, [12])
(76648, [12])
(76649, [12])
(76650, [12])
(76651, [12])
(76652, [12])
(76653, [12])
(76654, [12])
(76655, [12])
(76656, [12])
(76657, [12])
(76658, [12])
(76659, [12])
(76660, [12])
(76661, [12])
(76662, [12])
(76663, [12])
(76664, [12])
(76665, [12])
(76666, [12])
(76667, [12])
(76668, [12])
(76669, [12])
(76670, [12])
(76671, [12])
(76672, [12])
(76673, [12])
(76674, [12])
(76675, [12])
(76676, [12])
(76677, [12])
(76678, [12])
(76679, [12])
(76680, [12])
(76681, [12])
(76682, [12])
(76683, [12])
(76684, [12])
(76685, [12])
(76686, [25, 40])
(76687, [40])
(76688, [40])
(76689, [40])
(76690, [40])
(76691, [40])
(76692, [40])
(76693, [40])
(76694, [2])
(76695, [2])
(76696, [2])
(76697, [2])
(76698, [2])
(76699, [2])
(76700, [2])
(76701, [2])
(76702, [2])
(76703, [2])
(76704, [2])
(76705, [2])
(76706, [2])
(76707, [2])
(76708, [2])
(76709, [2])
(76710, [2, 14])
(76711, [2])
(76712, [2])
(76713, [2])
(76714, [2])
(76715, [2])
(76716, [2])
(76717, [2])
(76718, [2])
(76719, [2])
(76720, [2])
(76721, [2])
(76722, [2])
(76723, [2])
(76724, [2])
(76725, [2])
(76726, [2])
(76727, [2])
(76728, [2])
(76729, [2])
(76730, [2])
(76731, [2])
(76732, [2])
(76733, [2])
(76734, [2])
(76735, [2])
(76736, [2])
(76737, [2])
(76738, [2])
(76739, [2])
(76740, [2])
(76741, [2])
(76742, [2])
(76743, [2])
(76744, [2])
(76745, [2])
(76746, [2])
(76747, [2])
(76748, [2])
(76749, [2])
(76750, [2])
(76751, [2])
(76752, [2, 14])
(76753, [2])
(76754, [2])
(76755, [2])
(76756, [2])
(76757, [2])
(76758, [2])
(76759, [2])
(76760, [2])
(76761, [2])
(76762, [2])
(76763, [2])
(76764, [2])
(76765, [2])
(76766, [2])
(76767, [2])
(76768, [2])
(76769, [2])
(76770, [2])
(76771, [2])
(76772, [2])
(76773, [2, 14])
(76774, [13])
(76775, [13])
(76776, [13])
(76777, [5])
(76778, [5])
(76779, [5])
(76780, [5])
(76781, [5])
(76782, [5])
(76783, [5])
(76784, [5])
(76785, [5])
(76786, [5])
(76787, [14])
(76788, [14])
(76789, [14])
(76790, [14])
(76791, [14])
(76792, [14])
(76793, [14])
(76794, [14])
(76795, [14])
(76796, [14])
(76797, [22])
(76798, [22])
(76799, [22])
(76800, [22])
(76801, [22])
(76802, [22])
(76803, [22])
(76804, [22])
(76805, [22])
(76806, [22])
(76807, [22])
(76808, [22])
(76809, [25])
