(2687, [32, 35, 34, 33, 20, 18, 27, 9, 0, 11, 7, 29, 16, 42, 6, 28, 17, 1, 10, 19, 26, 8, 21, 44, 43, 38, 36, 31, 30, 37, 39, 41, 24, 23, 4, 15, 3, 12, 40, 2, 13, 5, 14, 22, 25])
(2688, [32, 35, 34, 33, 20, 18, 27, 9, 0, 11, 7, 29, 16, 42, 6, 28, 17, 1, 10, 19, 26, 8, 21, 44, 43, 38, 36, 31, 30, 37, 39, 41, 24, 23, 4, 15, 3, 12, 40, 2, 13, 5, 14, 22, 25])
(2689, [32, 17])
(2690, [32, 35, 34, 33, 20, 18, 27, 9, 0, 11, 7, 29, 16, 42, 6, 28, 17, 1, 10, 19, 26, 8, 21, 44, 43, 38, 36, 31, 30, 37, 39, 41, 24, 23, 4, 15, 3, 12, 40, 2, 13, 5, 14, 22, 25])
(2691, [32, 17])
(2692, [32, 35, 34, 33, 20, 18, 29, 42, 17, 1, 19, 26, 8, 21, 44, 31, 30, 39, 23, 4, 15, 3, 12, 2])
(2693, [32, 35, 34, 33, 20, 18, 27, 9, 0, 11, 7, 29, 16, 42, 6, 28, 1, 10, 19, 26, 8, 21, 44, 43, 38, 36, 31, 30, 37, 39, 41, 24, 23, 4, 15, 3, 12, 40, 2, 13, 5, 14, 22, 25])
(2694, [32, 35, 34, 33, 20, 18, 27, 9, 0, 11, 7, 29, 16, 42, 6, 28, 1, 10, 19, 26, 8, 21, 44, 43, 38, 36, 31, 30, 37, 39, 41, 24, 23, 4, 3, 12, 40, 2, 13, 5, 14, 22, 25])
(2695, [32, 35, 34, 33, 20, 18, 27, 9, 0, 11, 7, 29, 16, 42, 6, 28, 17, 1, 10, 19, 26, 8, 21, 44, 43, 38, 36, 31, 30, 37, 39, 41, 24, 23, 4, 15, 3, 12, 40, 2, 13, 5, 14, 22, 25])
(2696, [32, 35, 34, 33, 20, 18, 27, 9, 0, 11, 7, 29, 16, 42, 6, 28, 17, 1, 10, 19, 26, 8, 21, 44, 43, 38, 36, 31, 30, 37, 39, 41, 24, 23, 4, 15, 3, 12, 40, 2, 13, 5, 14, 22, 25])
(2697, [32, 35, 0, 16, 42, 17, 21, 43, 23, 3, 12, 5])
(2698, [32])
(2699, [32, 35, 34, 33, 20, 18, 9, 0, 11, 7, 29, 16, 42, 6, 17, 1, 19, 26, 8, 21, 44, 43, 38, 36, 31, 30, 39, 41, 24, 23, 4, 15, 3, 12, 2, 13, 14, 22, 25])
(2700, [32, 35, 34, 33, 20, 18, 27, 9, 11, 7, 29, 16, 42, 6, 28, 17, 1, 10, 19, 26, 8, 44, 43, 36, 31, 30, 39, 41, 24, 23, 4, 15, 3, 12, 40, 2, 13, 14, 22, 25])
(2701, [32, 35, 34, 33, 20, 18, 27, 9, 11, 7, 16, 42, 6, 28, 17, 1, 10, 19, 26, 8, 21, 44, 36, 31, 30, 37, 39, 41, 24, 23, 4, 15, 3, 12, 40, 2, 13, 14, 22])
(2702, [32])
(2703, [32, 35, 34, 33, 20, 18, 27, 9, 0, 11, 7, 29, 16, 42, 6, 28, 17, 1, 10, 19, 26, 8, 21, 44, 43, 38, 36, 31, 30, 37, 39, 41, 24, 23, 4, 15, 3, 12, 40, 2, 13, 5, 14, 22, 25])
(2704, [32, 35, 34, 33, 20, 18, 27, 9, 0, 11, 7, 29, 16, 6, 28, 17, 1, 10, 19, 26, 8, 21, 44, 43, 36, 31, 30, 39, 41, 24, 23, 4, 15, 3, 12, 40, 2, 13, 5, 14, 22, 25])
(2705, [32, 33, 20, 18, 27, 9, 0, 11, 1, 44, 43, 31, 30, 24, 23, 4, 15, 12, 2, 14])
(2706, [32, 35, 34, 33, 20, 18, 9, 0, 11, 7, 16, 42, 6, 17, 1, 10, 19, 26, 8, 21, 44, 43, 38, 36, 31, 30, 39, 41, 24, 23, 4, 15, 3, 12, 40, 2, 13, 5, 14, 22, 25])
(2707, [32, 35, 34, 33, 20, 18, 9, 0, 11, 7, 16, 42, 6, 28, 17, 1, 10, 19, 26, 8, 21, 44, 43, 36, 31, 30, 39, 41, 24, 23, 4, 15, 3, 12, 40, 2, 13, 5, 14, 22, 25])
(2708, [32, 35, 33, 18, 27, 9, 11, 16, 1, 8, 44, 43, 38, 31, 30, 23, 15, 3, 12, 40, 2, 14, 22])
(2709, [32])
(2710, [32, 35, 34, 33, 18, 27, 9, 11, 7, 16, 42, 6, 17, 1, 19, 26, 8, 21, 44, 43, 31, 30, 39, 41, 24, 23, 4, 15, 3, 12, 40, 2, 13, 14, 22])
(2711, [32, 34, 33, 18, 9, 11, 6, 17, 1, 19, 26, 8, 21, 44, 43, 38, 36, 31, 30, 37, 39, 41, 24, 23, 15, 3, 12, 40, 2, 13, 14, 22, 25])
(2712, [32, 35, 34, 33, 20, 18, 27, 9, 0, 11, 7, 16, 42, 6, 28, 17, 1, 10, 19, 26, 8, 21, 44, 43, 36, 31, 30, 39, 41, 24, 23, 4, 15, 3, 12, 40, 2, 13, 5, 14, 22, 25])
(2713, [32, 34, 27, 9, 11, 7, 17, 1, 19, 26, 8, 44, 43, 31, 30, 23, 15, 3, 12, 2, 22])
(2714, [32, 34, 20, 27, 9, 11, 16, 42, 28, 1, 26, 44, 43, 31, 24, 23, 4, 15, 3, 12, 40, 2, 13])
(2715, [32, 34])
(2716, [32, 34, 0, 11, 7, 16, 42, 1, 31, 24, 3, 13])
(2717, [32, 35, 34, 33, 20, 18, 27, 9, 0, 11, 7, 16, 42, 6, 28, 17, 1, 19, 26, 21, 44, 43, 36, 31, 30, 37, 39, 41, 24, 23, 4, 15, 3, 12, 40, 2, 13, 14, 22, 25])
(2718, [32, 19, 44, 2])
(2719, [32, 35, 34, 33, 20, 18, 27, 9, 11, 7, 29, 16, 6, 17, 1, 19, 26, 21, 44, 43, 38, 36, 31, 30, 37, 39, 41, 24, 23, 4, 15, 3, 12, 40, 2, 13, 5, 14, 22])
(2720, [32, 9, 0, 11, 44, 31, 24, 2])
(2721, [32, 35, 34, 33, 20, 18, 27, 9, 0, 11, 7, 29, 16, 42, 6, 28, 17, 1, 10, 19, 26, 8, 21, 44, 43, 38, 36, 31, 30, 37, 39, 41, 24, 23, 4, 15, 3, 12, 40, 2, 13, 5, 14, 22])
(2722, [32, 35, 34, 33, 20, 18, 9, 0, 11, 7, 16, 6, 28, 17, 1, 19, 26, 8, 44, 43, 36, 31, 30, 41, 24, 23, 4, 15, 3, 12, 40, 2, 13, 14, 22])
(2723, [32, 34, 33, 18, 27, 9, 0, 11, 7, 16, 42, 6, 28, 17, 1, 26, 44, 43, 36, 31, 30, 41, 24, 23, 4, 15, 3, 12, 40, 2, 13, 14])
(2724, [32, 35, 34, 33, 20, 9, 0, 11, 7, 16, 42, 6, 28, 17, 1, 10, 19, 26, 44, 43, 36, 37, 41, 24, 4, 15, 3, 12, 40, 2, 13, 14, 22, 25])
(2725, [32, 33, 20, 18, 9, 0, 11, 7, 16, 42, 1, 19, 26, 8, 21, 44, 43, 38, 31, 30, 41, 24, 23, 4, 15, 3, 12, 2])
(2726, [32, 35, 34, 33, 18, 27, 9, 0, 11, 7, 16, 42, 6, 17, 1, 19, 8, 21, 44, 43, 31, 30, 39, 41, 24, 23, 4, 15, 3, 12, 40, 2, 5])
(2727, [32, 35, 34, 33, 20, 18, 9, 0, 11, 7, 16, 42, 6, 17, 1, 19, 26, 8, 21, 44, 43, 38, 36, 31, 30, 37, 39, 41, 24, 23, 4, 15, 3, 12, 40, 2, 13, 5, 14, 22, 25])
(2728, [32, 33, 18, 9, 7, 16, 1, 19, 36, 30, 4, 15, 3, 14, 22])
(2729, [32, 34, 33, 20, 18, 16, 28, 17, 1, 10, 26, 21, 43, 31, 30, 41, 24, 23, 3, 2, 13])
(2730, [32, 35, 33, 18, 27, 9, 0, 11, 7, 29, 6, 28, 1, 19, 26, 44, 43, 36, 31, 30, 37, 39, 41, 24, 4, 15, 3, 12, 40, 2, 13, 14])
(2731, [32, 6, 41])
(2732, [32, 35, 33, 20, 9, 0, 7, 1, 26, 21, 43, 31, 37, 23, 15, 3, 12])
(2733, [32, 35, 34, 33, 20, 18, 9, 0, 11, 7, 16, 28, 17, 1, 19, 26, 21, 44, 43, 36, 37, 39, 41, 23, 4, 15, 3, 40, 2, 22])
(2734, [32, 35, 33, 18, 27, 9, 0, 11, 29, 16, 6, 17, 1, 10, 19, 26, 8, 21, 44, 43, 36, 30, 41, 24, 23, 4, 15, 3, 12, 40, 2, 13, 5, 25])
(2735, [32, 34, 33, 20, 18, 27, 9, 0, 11, 7, 16, 28, 17, 1, 19, 26, 8, 21, 44, 43, 36, 30, 41, 24, 23, 4, 15, 3, 12, 40, 2, 13, 14, 22, 25])
(2736, [32, 34, 0, 11, 7, 1, 10, 43, 3, 2, 22])
(2737, [32, 18, 9, 1, 26, 38, 39, 23, 3, 22])
(2738, [32, 18, 9, 16, 6, 17, 1, 19, 26, 21, 4, 15, 14])
(2739, [32, 43, 30, 4, 2])
(2740, [32, 35, 34, 33, 20, 18, 27, 9, 0, 11, 7, 29, 16, 42, 6, 17, 1, 19, 26, 8, 21, 44, 43, 38, 36, 31, 30, 39, 41, 24, 23, 4, 15, 3, 12, 40, 2, 13, 5, 14, 22, 25])
(2741, [32, 0, 23])
(2742, [32, 35, 34, 33, 20, 18, 9, 11, 7, 16, 42, 28, 17, 1, 10, 26, 8, 21, 44, 43, 36, 31, 30, 37, 39, 41, 24, 15, 3, 12, 2, 13, 5])
(2743, [32, 34, 33, 27, 9, 0, 11, 16, 6, 28, 1, 19, 26, 43, 31, 30, 39, 41, 24, 23, 4, 15, 3, 12, 2, 14])
(2744, [32, 18, 11, 16, 42, 6, 1, 19, 26, 8, 21, 44, 38, 31, 30, 41, 23, 15, 3, 12, 13, 22])
(2745, [32, 31, 40, 22])
(2746, [32, 35, 34, 18, 29, 6, 1, 19, 21, 44, 38, 31, 30, 39, 23, 15, 3, 12, 2])
(2747, [32, 33, 18, 27, 9, 16, 6, 1, 43, 38, 37, 24, 23, 4, 15, 3, 12, 2, 13])
(2748, [32, 35, 20, 18, 27, 9, 0, 11, 16, 42, 6, 17, 1, 10, 19, 26, 21, 44, 43, 36, 31, 41, 4, 15, 3, 12, 40, 2, 13, 5, 14])
(2749, [32, 0, 19, 31, 41, 23, 15, 12, 2, 14])
(2750, [32, 20, 18, 27, 9, 0, 11, 16, 6, 1, 19, 26, 44, 43, 31, 30, 41, 24, 23, 4, 15, 3, 12, 40, 2, 13, 14, 22])
(2751, [32, 34, 18, 27, 9, 11, 6, 17, 21, 43, 30, 41, 24, 23, 15, 40, 2, 13])
(2752, [32, 0, 19, 24, 23, 4, 15, 40])
(2753, [32, 4])
(2754, [32, 17, 19, 8, 23, 4, 15])
(2755, [32])
(2756, [32, 35, 33, 18, 9, 29, 19, 8, 21, 44, 31, 30, 4, 3, 12, 40])
(2757, [32, 9, 16, 6, 1, 10, 23, 15, 3, 2])
(2758, [32, 16, 23])
(2759, [32, 34, 18, 9, 0, 11, 7, 16, 42, 6, 17, 1, 19, 26, 8, 44, 43, 31, 37, 41, 23, 4, 15, 3, 12, 2, 13, 5, 14])
(2760, [32, 35, 33, 20, 18, 9, 0, 6, 28, 17, 1, 19, 26, 21, 43, 31, 30, 41, 24, 23, 4, 15, 3, 12, 2, 13, 14])
(2761, [32, 34, 33, 20, 18, 0, 7, 42, 1, 19, 31, 30, 37, 41, 24, 23, 3, 12, 5])
(2762, [32, 34, 7, 1, 19, 44, 15, 3, 22])
(2763, [32, 18, 27, 9, 0, 42, 6, 1, 44, 43, 30, 23, 4, 15, 12])
(2764, [32, 9, 31])
(2765, [32, 18, 6, 44, 43, 2, 14])
(2766, [32, 18, 9, 0, 6, 10, 43, 23, 2])
(2767, [32])
(2768, [32, 34, 33, 18, 0, 7, 17, 1, 19, 26, 8, 21, 44, 31, 30, 39, 41, 24, 23, 4, 15, 3, 12, 2, 5])
(2769, [32, 35, 34, 20, 18, 9, 0, 11, 7, 29, 42, 1, 10, 8, 44, 43, 31, 30, 23, 15, 3, 12, 2, 5])
(2770, [32])
(2771, [32, 33, 18, 27, 9, 0, 11, 6, 28, 1, 10, 19, 44, 24, 23, 15, 3, 12, 2])
(2772, [32, 35, 34, 33, 27, 9, 0, 7, 29, 17, 19, 41, 23, 40, 2, 5, 14])
(2773, [32])
(2774, [32, 35, 34, 33, 18, 6, 28, 1, 19, 26, 8, 21, 44, 43, 36, 37, 24, 23, 4, 15, 2, 5, 14])
(2775, [32])
(2776, [32, 6, 1, 4])
(2777, [32, 35, 20, 18, 9, 11, 6, 28, 17, 19, 26, 8, 21, 44, 43, 30, 24, 23, 4, 12, 2, 5, 14, 22])
(2778, [32, 35, 34, 33, 20, 18, 9, 0, 11, 29, 16, 6, 28, 17, 1, 10, 19, 26, 8, 21, 44, 43, 38, 31, 30, 39, 41, 24, 23, 4, 15, 3, 12, 40, 2, 13, 5, 14, 22])
(2779, [32, 34, 33, 18, 9, 0, 11, 7, 16, 6, 1, 19, 26, 8, 21, 44, 31, 30, 23, 4, 3, 12, 13, 22])
(2780, [32, 35, 33, 20, 0, 11, 16, 17, 1, 19, 8, 21, 44, 38, 30, 23, 4, 15, 3, 2, 13, 22])
(2781, [32, 18, 17, 1, 19, 26, 38, 36, 15, 12])
(2782, [32, 18, 27, 9, 16, 1, 26, 8, 43, 30, 23, 15, 3, 12, 40, 2, 13])
(2783, [32, 33, 20, 18, 9, 0, 11, 7, 16, 42, 6, 17, 1, 10, 19, 26, 8, 21, 44, 43, 38, 31, 41, 24, 23, 4, 15, 3, 12, 2, 13, 14, 22])
(2784, [32, 0, 1, 19, 26, 21, 31, 30, 23, 15, 3])
(2785, [32, 35, 34, 18, 27, 9, 11, 16, 42, 17, 1, 19, 26, 21, 44, 43, 31, 39, 24, 15, 3, 12, 5, 22])
(2786, [32])
(2787, [32, 34, 33, 20, 18, 9, 11, 7, 17, 1, 19, 44, 38, 31, 30, 37, 39, 41, 24, 23, 4, 15, 3, 12, 2, 13, 5, 14, 22])
(2788, [32, 15, 40, 2])
(2789, [32, 35, 34, 33, 20, 18, 27, 9, 0, 11, 7, 16, 42, 28, 17, 1, 10, 19, 26, 8, 21, 44, 43, 38, 31, 30, 37, 39, 41, 24, 23, 4, 3, 12, 2, 5])
(2790, [32, 9, 0, 11, 29, 17, 1, 19, 30, 41, 15, 3, 40])
(2791, [32, 34, 33, 9, 0, 28, 17, 26, 43, 41, 24, 12, 40, 2, 14])
(2792, [32, 33, 20, 18, 27, 9, 0, 11, 7, 42, 6, 17, 1, 26, 21, 44, 43, 30, 41, 24, 23, 4, 15, 3, 12, 2, 14, 22])
(2793, [32, 34, 33, 18, 7, 16, 6, 1, 19, 26, 8, 44, 43, 38, 31, 30, 37, 24, 23, 4, 3, 12, 40, 2, 5, 25])
(2794, [32, 20, 9, 7, 16, 42, 6, 17, 1, 10, 26, 43, 38, 41, 24, 23, 4, 15, 2, 14])
(2795, [32, 34, 33, 9, 0, 11, 6, 28, 31, 30, 41, 23, 3, 12, 13])
(2796, [32, 34, 11, 1, 44, 41, 4, 12])
(2797, [32])
(2798, [32, 34, 20, 0, 43, 31, 3, 12])
(2799, [32, 35, 34, 20, 18, 9, 0, 11, 7, 42, 6, 28, 17, 1, 19, 26, 21, 44, 43, 30, 39, 23, 15, 3, 12, 2, 13])
(2800, [32, 1, 26, 31, 23])
(2801, [32, 9, 3])
(2802, [32, 34, 26, 44, 31, 15, 2, 13])
(2803, [32, 34, 44, 31, 30, 3])
(2804, [32, 34, 29, 31, 30, 37, 24, 2])
(2805, [32, 34, 33, 20, 9, 0, 17, 44, 43, 12])
(2806, [32, 35, 33, 20, 18, 0, 42, 6, 1, 19, 26, 44, 43, 31, 30, 23, 4, 15, 3, 22])
(2807, [32])
(2808, [32, 9, 17, 1])
(2809, [32, 7, 1, 2])
(2810, [32])
(2811, [32, 34, 9, 0, 16, 6, 1, 19, 26, 21, 44, 30, 39, 41, 24, 4, 15, 3, 12, 40, 2, 13, 14, 25])
(2812, [32, 34, 33, 0, 11, 17, 1, 19, 26, 44, 43, 31, 30, 4, 15, 3, 13])
(2813, [32])
(2814, [32])
(2815, [32, 35, 34, 33, 20, 27, 9, 0, 11, 7, 16, 42, 17, 1, 19, 26, 44, 43, 41, 24, 23, 15, 3, 12, 2, 13])
(2816, [32, 34, 16])
(2817, [35, 34, 0, 1, 37, 12])
(2818, [35, 34, 18, 11, 16, 1, 8, 44, 31, 30, 3, 12, 40])
(2819, [35, 34, 20, 18, 0, 11, 7, 19, 21, 44, 30, 41, 24, 4, 3, 2])
(2820, [35, 34, 33, 18, 16, 1, 19, 8, 21, 44, 43, 38, 30, 41, 4, 15, 3, 12, 2, 13])
(2821, [35])
(2822, [35, 18, 1, 19, 31, 22])
(2823, [35, 0, 1, 12])
(2824, [35, 28, 21, 37, 24])
(2825, [35, 21])
(2826, [35])
(2827, [35])
(2828, [35])
(2829, [35])
(2830, [35, 10, 30, 41, 24, 15, 3, 2])
(2831, [35, 11, 1, 26, 4])
(2832, [35])
(2833, [35, 34, 18, 9, 11, 28, 26, 44, 43, 41, 24, 12, 2, 13])
(2834, [35, 33, 18, 27, 0, 42, 1, 8, 21, 44, 31, 37, 23, 3, 12, 2, 5])
(2835, [35, 34, 20, 0, 7, 16, 42, 1, 19, 21, 37, 4, 15, 3, 12, 22])
(2836, [35, 34, 18, 9, 0, 24, 12])
(2837, [35, 18, 11, 16, 28, 19, 8, 44, 43, 36, 23, 4, 15, 3, 12, 13])
(2838, [35])
(2839, [35, 20, 9, 6, 28, 1, 8, 21, 44, 43, 3, 2, 5])
(2840, [35])
(2841, [35, 18, 8, 23, 15, 2])
(2842, [35, 4])
(2843, [35, 18, 23, 15])
(2844, [35, 20, 18, 23])
(2845, [35])
(2846, [35])
(2847, [35])
(2848, [35, 34, 20, 9, 17, 1, 19, 36, 39, 41, 24, 15, 3, 14])
(2849, [35])
(2850, [35])
(2851, [35])
(2852, [35])
(2853, [35, 9, 0, 16, 10, 19, 21, 36, 41, 23, 4, 15, 12, 40, 2, 14])
(2854, [35])
(2855, [35, 0, 6, 23, 2])
(2856, [35, 27, 11, 6, 17, 26, 43, 31, 4, 15, 3, 2, 13])
(2857, [34])
(2858, [34, 18, 6])
(2859, [34, 18, 9, 43, 41, 23, 4, 3])
(2860, [34, 23, 2])
(2861, [34, 33, 11, 1, 44, 31, 30, 3, 2])
(2862, [34, 33, 0, 11, 16, 42, 1, 26, 44, 2, 22])
(2863, [34, 33, 18, 9, 1, 44, 38, 39, 15])
(2864, [34, 1, 44, 31, 15])
(2865, [34, 30])
(2866, [34, 33, 2])
(2867, [34, 18, 11, 1, 36, 3, 22])
(2868, [34])
(2869, [34, 0, 42, 10, 19])
(2870, [34])
(2871, [34, 0, 19, 26, 41, 24])
(2872, [34, 9, 44])
(2873, [34])
(2874, [34, 31])
(2875, [34, 33, 0, 11, 7, 1, 19, 26, 41, 4, 3])
(2876, [34])
(2877, [34, 11, 17, 1, 44, 3, 2, 13])
(2878, [34, 18, 9, 0, 17, 1, 8, 43, 38, 15, 3, 40, 13, 22])
(2879, [34, 26, 43, 23, 12])
(2880, [34, 1, 31, 30, 3])
(2881, [34, 18, 11, 6, 1, 26, 43, 23, 4, 3, 12])
(2882, [34, 0, 7, 30])
(2883, [34, 0, 2])
(2884, [34, 1, 21, 44, 3, 12, 14])
(2885, [34, 31, 2])
(2886, [34])
(2887, [34, 33, 18, 9, 0, 11, 28, 17, 10, 26, 44, 36, 30, 41, 24, 4, 15, 3, 12, 2, 13, 14])
(2888, [34])
(2889, [34, 18, 0, 11, 42, 17, 1, 44, 41, 24, 15, 3, 2])
(2890, [34, 0, 31])
(2891, [34, 9, 8, 23])
(2892, [34, 9, 7, 42, 1, 19, 30, 41, 23, 4, 15, 3, 40])
(2893, [34, 27, 9, 0, 11, 10, 44, 41, 23, 3, 12, 2, 5])
(2894, [34])
(2895, [34, 9, 0, 11, 16, 19, 26, 21, 44, 43, 24, 4, 3, 12, 2])
(2896, [34, 9, 11, 7, 6, 43, 41, 15, 14])
(2897, [34, 33, 20, 0, 7, 16, 1, 19, 44, 30, 39, 15, 3, 12, 2])
(2898, [34, 18, 27, 1, 26, 4])
(2899, [34])
(2900, [34, 18, 19, 21, 44, 31, 23, 3, 12])
(2901, [34, 12])
(2902, [34])
(2903, [34, 19, 43, 31, 24, 23])
(2904, [34, 20, 9, 0, 11, 29, 28, 1, 10, 30, 39, 41, 23, 5])
(2905, [34, 17, 1, 8, 44, 39, 3, 22])
(2906, [34])
(2907, [33, 2])
(2908, [33])
(2909, [33, 12])
(2910, [33])
(2911, [33])
(2912, [33])
(2913, [33])
(2914, [33, 19, 21, 36, 4, 15, 3, 2, 22])
(2915, [33, 0, 11, 19, 31, 41, 15])
(2916, [33, 18, 0, 1, 19, 44, 4, 3, 2])
(2917, [33, 9, 41])
(2918, [33, 20, 18, 27, 0, 16, 19, 26, 44, 43, 31, 41, 15, 3, 2])
(2919, [33])
(2920, [33])
(2921, [33, 3])
(2922, [33, 7])
(2923, [33, 11, 6, 17, 43, 2])
(2924, [33, 40])
(2925, [33, 30])
(2926, [33, 19, 26, 30, 41, 23, 2, 14])
(2927, [33, 41, 2])
(2928, [33])
(2929, [33, 2])
(2930, [33])
(2931, [33, 7, 42, 1, 26, 21, 44, 41, 24, 3, 13])
(2932, [33, 20, 18, 0, 11, 7, 17, 26, 44, 43, 39, 41, 4, 15, 3, 40, 2, 14])
(2933, [33, 20, 9, 0, 17, 30, 41, 3, 40, 22])
(2934, [33, 44])
(2935, [33, 1, 3])
(2936, [33])
(2937, [33])
(2938, [33, 15])
(2939, [33, 0, 1, 19, 3])
(2940, [33])
(2941, [33])
(2942, [33])
(2943, [33, 1, 21])
(2944, [33, 23])
(2945, [20, 15])
(2946, [20])
(2947, [20, 0, 16, 3, 12, 25])
(2948, [20, 18, 0, 29, 6, 1, 26, 8, 30, 3, 2])
(2949, [20, 4, 14])
(2950, [20, 9, 0, 11, 1, 19, 3])
(2951, [20, 9, 0, 17, 1, 19, 8, 3, 12])
(2952, [20, 0, 11, 7, 16, 1, 19, 26, 8, 21, 44, 38, 31, 41, 3, 12, 2])
(2953, [20])
(2954, [20, 9, 0, 11, 29, 1, 19, 44, 43, 38, 30, 41, 24, 23, 4, 3, 12, 2, 22])
(2955, [20])
(2956, [20, 11, 7, 16, 17, 1, 10, 21, 44, 3, 12])
(2957, [20, 0, 1, 8, 30, 3, 12, 2])
(2958, [20, 2, 22])
(2959, [20, 9, 11, 42, 1, 21, 44, 31, 4, 3, 2, 22])
(2960, [20, 9, 1, 3])
(2961, [20, 3])
(2962, [20, 9, 16, 10, 2])
(2963, [20, 0, 7, 12])
(2964, [20])
(2965, [20, 9, 11, 4])
(2966, [20])
(2967, [20, 44])
(2968, [20, 9, 0, 6, 3, 12])
(2969, [20, 9, 0, 11, 7, 17, 23, 12, 2])
(2970, [20, 44, 15, 3])
(2971, [20])
(2972, [20, 0, 1, 4, 3, 12, 40])
(2973, [20, 0])
(2974, [20, 11, 6, 1, 21, 2])
(2975, [20, 18, 0, 1, 15, 12])
(2976, [20, 0, 3])
(2977, [20, 9, 11, 7, 42, 1, 26, 44, 43, 31, 30, 39, 41, 24, 4, 15, 3, 2, 14])
(2978, [20, 9, 2])
(2979, [20])
(2980, [20])
(2981, [20, 21, 3])
(2982, [20, 0, 7, 1, 19, 41, 3, 2])
(2983, [20, 1])
(2984, [20])
(2985, [18])
(2986, [18, 29])
(2987, [18, 29, 1, 19, 4, 3])
(2988, [18])
(2989, [18, 0, 17])
(2990, [18, 19, 44, 31, 30])
(2991, [18])
(2992, [18, 6, 26, 44, 43, 40, 2, 14])
(2993, [18, 19, 44])
(2994, [18, 26, 8, 23, 2])
(2995, [18, 9, 0, 43, 41, 24])
(2996, [18])
(2997, [18, 23])
(2998, [18])
(2999, [18])
(3000, [18])
(3001, [18, 9, 0, 11, 7, 16, 42, 1, 21, 30, 41, 12])
(3002, [18, 0])
(3003, [18])
(3004, [18])
(3005, [18, 29, 19])
(3006, [18, 23])
(3007, [18, 1, 3])
(3008, [18])
(3009, [18, 0, 3, 12])
(3010, [18, 9, 1, 22])
(3011, [18])
(3012, [18])
(3013, [18, 28, 3, 2])
(3014, [18, 8, 43, 31, 15])
(3015, [18])
(3016, [18, 16, 12, 2])
(3017, [18])
(3018, [18])
(3019, [18])
(3020, [18])
(3021, [18])
(3022, [18])
(3023, [18, 1, 31])
(3024, [18, 19, 41, 15, 3])
(3025, [18, 6, 8])
(3026, [18])
(3027, [18])
(3028, [18])
(3029, [18])
(3030, [18])
(3031, [18])
(3032, [18])
(3033, [18, 9, 31, 15])
(3034, [18, 21, 39, 23])
(3035, [18])
(3036, [18, 9, 0, 6, 19, 8, 30, 41, 23, 2])
(3037, [18])
(3038, [18, 27, 0, 4])
(3039, [18, 24])
(3040, [18])
(3041, [18, 26, 44, 23, 15, 2, 14])
(3042, [18])
(3043, [18, 19, 43, 31, 2])
(3044, [18])
(3045, [18])
(3046, [18, 5])
(3047, [18])
(3048, [18, 0, 26, 36, 41, 2, 25])
(3049, [18])
(3050, [18])
(3051, [18])
(3052, [18])
(3053, [18])
(3054, [18])
(3055, [18, 19])
(3056, [18, 24])
(3057, [18, 23])
(3058, [18])
(3059, [18, 9])
(3060, [18])
(3061, [18, 27])
(3062, [18])
(3063, [18, 16, 44])
(3064, [18, 6])
(3065, [18, 11, 16, 1, 26, 44, 43, 30, 41, 24, 15, 13])
(3066, [18, 0, 11, 1, 26, 23, 3, 12, 2])
(3067, [18, 2])
(3068, [18])
(3069, [18])
(3070, [18])
(3071, [18])
(3072, [27, 2])
(3073, [27, 1, 3])
(3074, [27])
(3075, [27, 0, 6, 28, 4, 2])
(3076, [27])
(3077, [27])
(3078, [27])
(3079, [27])
(3080, [27])
(3081, [27])
(3082, [27, 0])
(3083, [27, 21])
(3084, [27, 11, 12, 2, 22])
(3085, [27])
(3086, [27])
(3087, [27])
(3088, [9])
(3089, [9, 12])
(3090, [9, 29, 23])
(3091, [9])
(3092, [9, 39, 5])
(3093, [9, 0, 7, 16, 1, 41, 15, 12])
(3094, [9])
(3095, [9, 6, 15])
(3096, [9, 26, 39, 4, 25])
(3097, [9])
(3098, [9])
(3099, [9, 3, 12])
(3100, [9])
(3101, [9, 0, 15, 3])
(3102, [9])
(3103, [9, 1, 26, 43, 31, 41, 15, 2])
(3104, [9, 19, 26, 23])
(3105, [9])
(3106, [9, 3])
(3107, [9, 3])
(3108, [9, 42, 44, 12])
(3109, [9])
(3110, [9, 11, 26, 41, 15, 40])
(3111, [9])
(3112, [9, 16, 23])
(3113, [9, 26, 43, 41, 4, 15, 40, 2])
(3114, [9])
(3115, [9])
(3116, [9])
(3117, [9, 43, 4, 3, 14])
(3118, [9, 43, 24, 23, 14])
(3119, [9, 0, 11, 16, 42, 17, 1, 19, 44, 43, 31, 39, 4, 15, 3, 12, 2, 22])
(3120, [9])
(3121, [9, 29, 1, 3, 2])
(3122, [9])
(3123, [9])
(3124, [9])
(3125, [9, 21])
(3126, [9])
(3127, [9])
(3128, [9])
(3129, [9, 39])
(3130, [9])
(3131, [9])
(3132, [9])
(3133, [9, 0, 12])
(3134, [9, 39, 3, 12, 22])
(3135, [9, 8, 23, 2])
(3136, [9])
(3137, [9])
(3138, [9])
(3139, [9])
(3140, [9])
(3141, [9])
(3142, [9])
(3143, [9])
(3144, [9])
(3145, [9, 37])
(3146, [9])
(3147, [9])
(3148, [9, 0, 31, 30, 15, 12, 2])
(3149, [9])
(3150, [9, 31])
(3151, [9])
(3152, [9, 24])
(3153, [9])
(3154, [9])
(3155, [9, 43])
(3156, [9, 15, 12])
(3157, [9, 44])
(3158, [9])
(3159, [9])
(3160, [9])
(3161, [0])
(3162, [0])
(3163, [0])
(3164, [0])
(3165, [0])
(3166, [0])
(3167, [0, 3, 12])
(3168, [0, 42, 1, 19, 39, 41, 2])
(3169, [0])
(3170, [0])
(3171, [0, 12])
(3172, [0])
(3173, [0])
(3174, [0])
(3175, [0])
(3176, [0, 17])
(3177, [0])
(3178, [0])
(3179, [0])
(3180, [0])
(3181, [0])
(3182, [0])
(3183, [0])
(3184, [0, 12])
(3185, [0])
(3186, [0])
(3187, [0])
(3188, [0])
(3189, [0])
(3190, [0])
(3191, [0])
(3192, [0])
(3193, [0])
(3194, [0])
(3195, [0])
(3196, [0])
(3197, [0])
(3198, [0, 2])
(3199, [0])
(3200, [0, 12])
(3201, [0])
(3202, [0])
(3203, [0])
(3204, [0])
(3205, [0])
(3206, [0])
(3207, [0])
(3208, [0])
(3209, [0, 1])
(3210, [0])
(3211, [0])
(3212, [0, 12])
(3213, [0, 43, 31, 15, 3, 2])
(3214, [0])
(3215, [0])
(3216, [0])
(3217, [0])
(3218, [0])
(3219, [0])
(3220, [0])
(3221, [0])
(3222, [0])
(3223, [0])
(3224, [0])
(3225, [0, 10])
(3226, [0])
(3227, [0])
(3228, [0])
(3229, [0, 1, 19, 3, 12])
(3230, [0])
(3231, [0])
(3232, [0])
(3233, [0])
(3234, [0])
(3235, [0])
(3236, [0])
(3237, [0])
(3238, [0])
(3239, [0])
(3240, [0])
(3241, [0])
(3242, [0])
(3243, [0, 7])
(3244, [0])
(3245, [0])
(3246, [0])
(3247, [0, 11, 7, 19, 26, 44, 31, 39, 3, 2])
(3248, [0])
(3249, [0, 22])
(3250, [0])
(3251, [0])
(3252, [0])
(3253, [0])
(3254, [0])
(3255, [0])
(3256, [0, 6, 26, 44, 43, 41, 23])
(3257, [0])
(3258, [0, 17, 3])
(3259, [0, 2])
(3260, [0])
(3261, [0, 42, 6, 17, 26, 37, 24, 4, 3, 2])
(3262, [0])
(3263, [0])
(3264, [0])
(3265, [0])
(3266, [0])
(3267, [0])
(3268, [0])
(3269, [0])
(3270, [0])
(3271, [0])
(3272, [0])
(3273, [0])
(3274, [0])
(3275, [0])
(3276, [0, 42, 30, 3, 12])
(3277, [0])
(3278, [0])
(3279, [0, 12])
(3280, [0])
(3281, [0])
(3282, [0])
(3283, [0])
(3284, [0, 12])
(3285, [0, 12])
(3286, [0, 12])
(3287, [0])
(3288, [0])
(3289, [0])
(3290, [0])
(3291, [0])
(3292, [0])
(3293, [0])
(3294, [0, 42])
(3295, [0])
(3296, [0])
(3297, [0])
(3298, [0, 12])
(3299, [0])
(3300, [0, 7, 1, 44, 3])
(3301, [0])
(3302, [0, 12])
(3303, [0])
(3304, [0, 16, 6, 39, 23, 3, 22])
(3305, [0])
(3306, [0])
(3307, [0, 17, 2])
(3308, [0])
(3309, [0])
(3310, [0])
(3311, [0])
(3312, [0])
(3313, [0])
(3314, [0])
(3315, [0])
(3316, [0, 11, 31])
(3317, [0])
(3318, [0])
(3319, [0])
(3320, [0])
(3321, [0])
(3322, [0])
(3323, [0])
(3324, [0])
(3325, [0, 12])
(3326, [0])
(3327, [0])
(3328, [0])
(3329, [0])
(3330, [0])
(3331, [0])
(3332, [0])
(3333, [0])
(3334, [0, 11, 43, 41])
(3335, [0, 30])
(3336, [0, 7, 44])
(3337, [0])
(3338, [0])
(3339, [0])
(3340, [0])
(3341, [0])
(3342, [0])
(3343, [0])
(3344, [0])
(3345, [0])
(3346, [0])
(3347, [0])
(3348, [0, 1, 19, 23, 12, 2])
(3349, [0])
(3350, [0])
(3351, [0])
(3352, [0, 17, 26, 44, 3])
(3353, [0])
(3354, [0])
(3355, [0])
(3356, [0])
(3357, [0])
(3358, [0])
(3359, [0])
(3360, [0])
(3361, [0])
(3362, [0])
(3363, [0])
(3364, [0])
(3365, [0])
(3366, [0, 43, 36])
(3367, [0])
(3368, [0])
(3369, [0])
(3370, [0])
(3371, [0])
(3372, [0])
(3373, [0])
(3374, [0])
(3375, [0])
(3376, [0])
(3377, [0])
(3378, [0])
(3379, [0])
(3380, [0])
(3381, [0])
(3382, [0, 17, 3])
(3383, [0])
(3384, [0])
(3385, [0, 2])
(3386, [0])
(3387, [0])
(3388, [0])
(3389, [0])
(3390, [0])
(3391, [0])
(3392, [0])
(3393, [0])
(3394, [0])
(3395, [0])
(3396, [0])
(3397, [0])
(3398, [0])
(3399, [0])
(3400, [0])
(3401, [0])
(3402, [0])
(3403, [0])
(3404, [0])
(3405, [0])
(3406, [0])
(3407, [0])
(3408, [0, 41])
(3409, [0])
(3410, [0])
(3411, [0])
(3412, [0])
(3413, [0, 12])
(3414, [0])
(3415, [0])
(3416, [0])
(3417, [0, 31, 3])
(3418, [0])
(3419, [0])
(3420, [0])
(3421, [0])
(3422, [0])
(3423, [0])
(3424, [11])
(3425, [11, 17, 23])
(3426, [11])
(3427, [11, 21, 22])
(3428, [11, 3])
(3429, [11, 23, 3])
(3430, [11])
(3431, [11, 10, 5, 14])
(3432, [11])
(3433, [11, 26, 8])
(3434, [11, 21, 4, 3])
(3435, [11, 16, 42, 19, 43, 12])
(3436, [11])
(3437, [11])
(3438, [11])
(3439, [11])
(3440, [11, 17, 2])
(3441, [11])
(3442, [11, 31])
(3443, [11])
(3444, [11, 42, 21, 44, 2, 22])
(3445, [11, 7, 17, 26, 43, 31, 24, 23])
(3446, [7])
(3447, [7])
(3448, [7])
(3449, [7, 17])
(3450, [7])
(3451, [7])
(3452, [7])
(3453, [7])
(3454, [7, 6])
(3455, [7])
(3456, [7, 1, 43, 23, 12, 2])
(3457, [7, 12])
(3458, [7])
(3459, [7, 12, 2, 14])
(3460, [7])
(3461, [7])
(3462, [7])
(3463, [29, 21, 3])
(3464, [29, 1])
(3465, [29, 16, 17, 44, 2])
(3466, [16, 43, 23, 4, 15])
(3467, [16, 2])
(3468, [16, 31])
(3469, [16, 2])
(3470, [16])
(3471, [16])
(3472, [16, 21])
(3473, [16, 17, 44, 41, 24, 4, 40, 2])
(3474, [16])
(3475, [16])
(3476, [16])
(3477, [16, 1])
(3478, [16, 42, 26, 4, 2])
(3479, [16])
(3480, [16])
(3481, [16])
(3482, [16])
(3483, [16])
(3484, [16, 4, 3])
(3485, [16])
(3486, [16])
(3487, [16])
(3488, [16])
(3489, [42, 21])
(3490, [42, 30, 12])
(3491, [42])
(3492, [42, 44])
(3493, [42])
(3494, [42])
(3495, [6, 36])
(3496, [6, 21, 31])
(3497, [6, 37, 23])
(3498, [6, 8, 43, 23])
(3499, [6])
(3500, [6])
(3501, [6, 43, 30, 24, 4, 3])
(3502, [6])
(3503, [6])
(3504, [6, 21, 30, 22])
(3505, [6, 44])
(3506, [6, 10])
(3507, [6, 4])
(3508, [6])
(3509, [6, 31, 23, 12])
(3510, [6, 2])
(3511, [28])
(3512, [28])
(3513, [28])
(3514, [28, 12])
(3515, [17, 26])
(3516, [17])
(3517, [17, 19])
(3518, [17])
(3519, [17, 15])
(3520, [17, 44, 41, 2])
(3521, [17, 19, 43, 2])
(3522, [17])
(3523, [17, 2])
(3524, [17, 15])
(3525, [17])
(3526, [17])
(3527, [17])
(3528, [17])
(3529, [17])
(3530, [17, 2])
(3531, [17, 43])
(3532, [17, 44, 41])
(3533, [17])
(3534, [17])
(3535, [17])
(3536, [17])
(3537, [17, 19])
(3538, [17])
(3539, [1, 21])
(3540, [1, 3, 2])
(3541, [1])
(3542, [1, 3])
(3543, [1])
(3544, [1])
(3545, [1])
(3546, [1, 4, 3])
(3547, [1, 2])
(3548, [1, 8])
(3549, [1, 23, 3])
(3550, [1])
(3551, [1])
(3552, [1])
(3553, [1])
(3554, [1, 19, 21, 23, 15, 12])
(3555, [1])
(3556, [1, 21, 3])
(3557, [1])
(3558, [1])
(3559, [1])
(3560, [1, 3])
(3561, [1])
(3562, [1])
(3563, [1, 3])
(3564, [1])
(3565, [1])
(3566, [1])
(3567, [1, 3])
(3568, [1])
(3569, [10, 43])
(3570, [10, 30, 37])
(3571, [10])
(3572, [10])
(3573, [10])
(3574, [10])
(3575, [10])
(3576, [10])
(3577, [10])
(3578, [10, 19, 37])
(3579, [10, 12])
(3580, [10])
(3581, [10])
(3582, [10, 43])
(3583, [19, 21, 3])
(3584, [19])
(3585, [19])
(3586, [19])
(3587, [19, 3])
(3588, [19])
(3589, [19])
(3590, [19])
(3591, [19])
(3592, [19, 22])
(3593, [19])
(3594, [19, 26, 15, 40])
(3595, [19])
(3596, [19])
(3597, [19])
(3598, [19, 4, 15])
(3599, [19])
(3600, [19])
(3601, [19])
(3602, [19])
(3603, [19])
(3604, [19])
(3605, [19])
(3606, [19, 26, 30, 12])
(3607, [19])
(3608, [19, 26, 21, 31, 3])
(3609, [19])
(3610, [26])
(3611, [26, 43])
(3612, [26, 13])
(3613, [26])
(3614, [26, 39, 4, 3])
(3615, [26, 43, 4, 13])
(3616, [26])
(3617, [26])
(3618, [26, 15])
(3619, [26, 24])
(3620, [26])
(3621, [26])
(3622, [26])
(3623, [26])
(3624, [26, 23, 12, 40, 2])
(3625, [26])
(3626, [26, 21])
(3627, [26])
(3628, [26])
(3629, [8, 23, 5])
(3630, [8, 23, 5])
(3631, [8, 23, 5])
(3632, [8])
(3633, [8])
(3634, [8])
(3635, [8, 30, 12])
(3636, [8])
(3637, [8, 4])
(3638, [8])
(3639, [8])
(3640, [8, 21, 30, 12, 2])
(3641, [8])
(3642, [8, 21, 23, 5])
(3643, [8])
(3644, [8])
(3645, [8])
(3646, [8])
(3647, [8])
(3648, [8])
(3649, [8])
(3650, [21, 3])
(3651, [21])
(3652, [21])
(3653, [21])
(3654, [21, 3])
(3655, [21])
(3656, [21])
(3657, [21])
(3658, [21])
(3659, [21])
(3660, [21])
(3661, [21])
(3662, [21])
(3663, [21])
(3664, [21])
(3665, [21])
(3666, [21])
(3667, [21])
(3668, [21])
(3669, [21])
(3670, [21])
(3671, [21])
(3672, [21])
(3673, [21])
(3674, [21])
(3675, [21])
(3676, [21])
(3677, [21])
(3678, [21])
(3679, [21])
(3680, [21])
(3681, [21])
(3682, [21])
(3683, [44])
(3684, [44])
(3685, [44])
(3686, [44])
(3687, [44])
(3688, [44])
(3689, [44, 24, 13])
(3690, [44])
(3691, [44, 23, 3, 22])
(3692, [44])
(3693, [44])
(3694, [43, 15])
(3695, [43])
(3696, [43])
(3697, [43])
(3698, [43])
(3699, [43])
(3700, [43])
(3701, [43])
(3702, [43])
(3703, [43])
(3704, [43, 5])
(3705, [43])
(3706, [43])
(3707, [43])
(3708, [43])
(3709, [43, 31, 30])
(3710, [43])
(3711, [43])
(3712, [43])
(3713, [43])
(3714, [43])
(3715, [43])
(3716, [43])
(3717, [43])
(3718, [43, 15])
(3719, [43])
(3720, [43])
(3721, [43])
(3722, [38])
(3723, [36])
(3724, [36])
(3725, [36, 2])
(3726, [36, 14])
(3727, [36])
(3728, [36])
(3729, [36])
(3730, [36])
(3731, [36])
(3732, [36])
(3733, [36])
(3734, [36])
(3735, [36])
(3736, [36])
(3737, [36])
(3738, [36, 2])
(3739, [36])
(3740, [36])
(3741, [36])
(3742, [36])
(3743, [36])
(3744, [36])
(3745, [36])
(3746, [36])
(3747, [36])
(3748, [36])
(3749, [36])
(3750, [36])
(3751, [36])
(3752, [31])
(3753, [31, 3, 2, 14])
(3754, [31])
(3755, [31, 41])
(3756, [31])
(3757, [31, 41, 15, 12])
(3758, [31])
(3759, [31])
(3760, [31])
(3761, [31])
(3762, [31, 3])
(3763, [31])
(3764, [31])
(3765, [30])
(3766, [30, 12])
(3767, [30])
(3768, [30, 23])
(3769, [37])
(3770, [37])
(3771, [37])
(3772, [37])
(3773, [39])
(3774, [39])
(3775, [39])
(3776, [39, 24, 2])
(3777, [39])
(3778, [39])
(3779, [39])
(3780, [39, 14])
(3781, [39])
(3782, [39, 3])
(3783, [39])
(3784, [41])
(3785, [41, 14])
(3786, [41])
(3787, [41])
(3788, [41])
(3789, [41])
(3790, [41])
(3791, [41])
(3792, [41])
(3793, [41])
(3794, [41])
(3795, [41])
(3796, [41])
(3797, [41])
(3798, [41])
(3799, [24])
(3800, [24])
(3801, [24])
(3802, [24])
(3803, [24])
(3804, [24])
(3805, [24])
(3806, [24])
(3807, [24])
(3808, [23])
(3809, [23])
(3810, [23])
(3811, [23])
(3812, [23])
(3813, [23])
(3814, [23])
(3815, [23])
(3816, [23])
(3817, [23])
(3818, [23])
(3819, [23])
(3820, [23])
(3821, [23])
(3822, [23])
(3823, [23])
(3824, [23])
(3825, [23])
(3826, [23])
(3827, [23])
(3828, [23])
(3829, [23])
(3830, [23, 5])
(3831, [23])
(3832, [23])
(3833, [23])
(3834, [23])
(3835, [23])
(3836, [23])
(3837, [23])
(3838, [23])
(3839, [23])
(3840, [23])
(3841, [23])
(3842, [23])
(3843, [23])
(3844, [23])
(3845, [23])
(3846, [23])
(3847, [23])
(3848, [23])
(3849, [23])
(3850, [23])
(3851, [23])
(3852, [23])
(3853, [23])
(3854, [23])
(3855, [23])
(3856, [23])
(3857, [23])
(3858, [23])
(3859, [23])
(3860, [23])
(3861, [23])
(3862, [23])
(3863, [23])
(3864, [4])
(3865, [4])
(3866, [4])
(3867, [4])
(3868, [4])
(3869, [4])
(3870, [4])
(3871, [4])
(3872, [4])
(3873, [4])
(3874, [4])
(3875, [4])
(3876, [4, 14])
(3877, [4])
(3878, [4])
(3879, [4])
(3880, [4])
(3881, [4])
(3882, [15, 14])
(3883, [15])
(3884, [15])
(3885, [15])
(3886, [15])
(3887, [15, 2])
(3888, [15])
(3889, [15])
(3890, [15])
(3891, [15])
(3892, [15, 14])
(3893, [15])
(3894, [15])
(3895, [15])
(3896, [15])
(3897, [3])
(3898, [3])
(3899, [3])
(3900, [3])
(3901, [3])
(3902, [3])
(3903, [3, 12])
(3904, [3])
(3905, [3])
(3906, [3])
(3907, [3])
(3908, [3, 12])
(3909, [3])
(3910, [3])
(3911, [3])
(3912, [3])
(3913, [3])
(3914, [3])
(3915, [3])
(3916, [3])
(3917, [3])
(3918, [3])
(3919, [3])
(3920, [3])
(3921, [3])
(3922, [3])
(3923, [3, 12])
(3924, [3])
(3925, [3])
(3926, [3])
(3927, [3])
(3928, [3])
(3929, [12])
(3930, [12])
(3931, [12])
(3932, [12])
(3933, [12])
(3934, [12])
(3935, [12])
(3936, [12])
(3937, [12])
(3938, [12])
(3939, [12])
(3940, [12, 2])
(3941, [12])
(3942, [12])
(3943, [12])
(3944, [12])
(3945, [12])
(3946, [12])
(3947, [12])
(3948, [12])
(3949, [12])
(3950, [12])
(3951, [12])
(3952, [12])
(3953, [12])
(3954, [12])
(3955, [12])
(3956, [12])
(3957, [12])
(3958, [12])
(3959, [12])
(3960, [12])
(3961, [12])
(3962, [12])
(3963, [12])
(3964, [12])
(3965, [12])
(3966, [12])
(3967, [12])
(3968, [12])
(3969, [12])
(3970, [12])
(3971, [12])
(3972, [12])
(3973, [12])
(3974, [12])
(3975, [12])
(3976, [12])
(3977, [12])
(3978, [12])
(3979, [12])
(3980, [12])
(3981, [12])
(3982, [12])
(3983, [12])
(3984, [12])
(3985, [12])
(3986, [12])
(3987, [12])
(3988, [12])
(3989, [12])
(3990, [12])
(3991, [12])
(3992, [12])
(3993, [12])
(3994, [12])
(3995, [12])
(3996, [12])
(3997, [12])
(3998, [12])
(3999, [12])
(4000, [12])
(4001, [12])
(4002, [12])
(4003, [12])
(4004, [12])
(4005, [12])
(4006, [12])
(4007, [12])
(4008, [12])
(4009, [12])
(4010, [12])
(4011, [12])
(4012, [12])
(4013, [12])
(4014, [12])
(4015, [12])
(4016, [40])
(4017, [40])
(4018, [40])
(4019, [40])
(4020, [40])
(4021, [40])
(4022, [2])
(4023, [2])
(4024, [2])
(4025, [2])
(4026, [2])
(4027, [2])
(4028, [2])
(4029, [2])
(4030, [2])
(4031, [2])
(4032, [2])
(4033, [2])
(4034, [2])
(4035, [2])
(4036, [2])
(4037, [2])
(4038, [2])
(4039, [2])
(4040, [2])
(4041, [2])
(4042, [2])
(4043, [2])
(4044, [2])
(4045, [2])
(4046, [2])
(4047, [2])
(4048, [2])
(4049, [2])
(4050, [2])
(4051, [2])
(4052, [2])
(4053, [2])
(4054, [2])
(4055, [2])
(4056, [2])
(4057, [2])
(4058, [2])
(4059, [2])
(4060, [2])
(4061, [2])
(4062, [2])
(4063, [2])
(4064, [2])
(4065, [2])
(4066, [2])
(4067, [2])
(4068, [2])
(4069, [2])
(4070, [2])
(4071, [2])
(4072, [2])
(4073, [2])
(4074, [2])
(4075, [2])
(4076, [2])
(4077, [2])
(4078, [2])
(4079, [2])
(4080, [2])
(4081, [2])
(4082, [2])
(4083, [2])
(4084, [2])
(4085, [2])
(4086, [2])
(4087, [2])
(4088, [2])
(4089, [2])
(4090, [2])
(4091, [2])
(4092, [2])
(4093, [2])
(4094, [2])
(4095, [2])
(4096, [2])
(4097, [2])
(4098, [2])
(4099, [2])
(4100, [2])
(4101, [2])
(4102, [2])
(4103, [2])
(4104, [2])
(4105, [2])
(4106, [2])
(4107, [2])
(4108, [2])
(4109, [2])
(4110, [2])
(4111, [2])
(4112, [2])
(4113, [2])
(4114, [2])
(4115, [2])
(4116, [2])
(4117, [2])
(4118, [2])
(4119, [2])
(4120, [13])
(4121, [13])
(4122, [13])
(4123, [13])
(4124, [13])
(4125, [13])
(4126, [5])
(4127, [5])
(4128, [5])
(4129, [5])
(4130, [5])
(4131, [5])
(4132, [5])
(4133, [5])
(4134, [5])
(4135, [5])
(4136, [5])
(4137, [14])
(4138, [14])
(4139, [14])
(4140, [14])
(4141, [14])
(4142, [14])
(4143, [14])
(4144, [14])
(4145, [14])
(4146, [14])
(4147, [14])
(4148, [14])
(4149, [14])
(4150, [14])
(4151, [14])
(4152, [14])
(4153, [14])
(4154, [14])
(4155, [14])
(4156, [14])
(4157, [14])
(4158, [14])
(4159, [14])
(4160, [14])
(4161, [14])
(4162, [14])
(4163, [14])
(4164, [22])
(4165, [22])
(4166, [22])
(4167, [22])
(4168, [22, 25])
(4169, [22])
(4170, [25])
