(50739, [32, 35, 34, 33, 20, 18, 27, 9, 0, 11, 7, 29, 16, 42, 6, 28, 17, 1, 10, 19, 26, 8, 21, 44, 43, 38, 36, 31, 30, 37, 39, 41, 24, 23, 4, 15, 3, 12, 40, 2, 13, 5, 14, 22, 25])
(50740, [32, 35, 34, 33, 20, 18, 27, 9, 0, 11, 7, 29, 16, 42, 6, 28, 17, 1, 10, 19, 26, 8, 21, 44, 43, 38, 36, 31, 30, 37, 39, 41, 24, 23, 4, 15, 3, 12, 40, 2, 13, 5, 14, 22, 25])
(50741, [32, 35, 34, 33, 20, 18, 27, 9, 0, 11, 7, 29, 16, 42, 6, 28, 17, 1, 10, 19, 26, 8, 21, 44, 43, 38, 36, 31, 30, 37, 39, 41, 24, 23, 4, 3, 12, 40, 2, 13, 5, 14, 22, 25])
(50742, [32, 35, 34, 33, 20, 18, 27, 9, 0, 11, 7, 29, 16, 42, 6, 28, 17, 1, 10, 19, 26, 8, 21, 44, 43, 38, 36, 31, 30, 37, 39, 41, 24, 23, 4, 15, 3, 12, 40, 2, 13, 5, 14, 22, 25])
(50743, [32, 35, 34, 33, 20, 18, 27, 9, 0, 11, 7, 16, 42, 6, 17, 1, 19, 26, 8, 21, 44, 43, 38, 31, 30, 37, 39, 41, 24, 23, 4, 15, 3, 12, 40, 2, 5, 14, 22, 25])
(50744, [32, 18, 17, 19, 24, 22])
(50745, [32, 35, 34, 33, 20, 18, 27, 9, 0, 11, 7, 29, 16, 42, 6, 28, 17, 1, 10, 19, 26, 8, 21, 44, 43, 38, 36, 31, 30, 37, 39, 41, 24, 23, 4, 15, 3, 12, 40, 2, 13, 5, 14, 22, 25])
(50746, [32, 35, 34, 33, 20, 18, 27, 9, 0, 11, 7, 29, 16, 42, 6, 28, 17, 1, 10, 19, 26, 8, 21, 44, 43, 38, 36, 31, 30, 37, 39, 41, 24, 23, 4, 15, 3, 12, 40, 2, 13, 5, 14, 22, 25])
(50747, [32, 35, 34, 33, 20, 18, 27, 9, 0, 11, 7, 29, 16, 42, 6, 28, 17, 1, 10, 19, 26, 8, 21, 44, 43, 38, 36, 31, 30, 37, 39, 41, 24, 23, 4, 15, 3, 12, 40, 2, 13, 5, 14, 22, 25])
(50748, [32, 20, 17, 1, 19, 21, 39, 2])
(50749, [32, 33, 0, 1, 19, 31, 30, 3, 12, 40, 2, 22])
(50750, [32, 34, 33, 18, 27, 9, 11, 7, 29, 16, 6, 28, 1, 19, 26, 44, 36, 31, 30, 41, 24, 23, 4, 15, 3, 12, 40, 2, 13, 14])
(50751, [32, 27, 6, 39, 4, 15, 14])
(50752, [32, 33, 0, 19, 44, 43, 30, 4, 15, 3, 12, 2, 14, 25])
(50753, [32, 34, 33, 20, 18, 27, 9, 0, 11, 7, 16, 42, 6, 28, 17, 1, 19, 26, 8, 21, 44, 43, 31, 30, 37, 41, 24, 23, 4, 15, 3, 12, 40, 2, 13, 5, 14, 22])
(50754, [32, 33, 16, 39, 41, 4, 3, 14])
(50755, [32, 34, 9, 0, 11, 6, 17, 1, 19, 26, 44, 43, 41, 15, 3, 40, 2, 13, 14])
(50756, [32, 35, 34, 33, 20, 18, 9, 0, 11, 7, 42, 6, 17, 1, 19, 26, 8, 21, 44, 43, 38, 31, 30, 24, 23, 4, 15, 3, 12, 40, 2, 22])
(50757, [32, 34, 33, 20, 27, 9, 11, 7, 42, 6, 17, 1, 19, 26, 44, 43, 36, 31, 30, 39, 41, 24, 4, 15, 3, 40, 2, 13, 14, 22, 25])
(50758, [32, 35, 34, 33, 20, 18, 9, 0, 11, 7, 29, 16, 42, 6, 28, 17, 1, 10, 19, 26, 8, 21, 44, 43, 38, 36, 31, 30, 37, 39, 41, 24, 23, 4, 15, 3, 12, 40, 2, 13, 5, 14, 22])
(50759, [32, 35, 34, 33, 18, 9, 11, 7, 29, 16, 42, 6, 28, 17, 1, 19, 26, 8, 21, 44, 43, 38, 31, 30, 41, 24, 23, 4, 15, 3, 12, 40, 2, 13, 5, 22])
(50760, [32, 11, 7, 16, 42, 28, 44, 30, 41, 4, 15, 3, 2])
(50761, [32, 35, 34, 33, 18, 27, 9, 16, 42, 6, 17, 1, 26, 8, 21, 44, 43, 36, 31, 30, 39, 41, 23, 4, 15, 3, 12, 2, 13, 5, 14, 22])
(50762, [32, 18, 9, 11, 29, 19, 26, 44])
(50763, [32, 35, 34, 33, 18, 9, 0, 11, 16, 42, 6, 17, 1, 19, 26, 8, 44, 43, 31, 30, 37, 41, 24, 23, 4, 15, 3, 12, 40, 2, 13, 5, 14])
(50764, [32, 20, 18, 0, 44, 30, 39, 3, 22])
(50765, [32, 34, 33, 11, 42, 1, 43, 31, 41, 23, 15, 3, 2, 5])
(50766, [32, 35, 34, 33, 27, 9, 11, 7, 16, 42, 6, 1, 19, 26, 8, 21, 44, 38, 31, 30, 41, 23, 4, 15, 3, 12, 40, 2, 14, 22])
(50767, [32, 34, 18, 9, 0, 7, 6, 10, 26, 43, 31, 30, 24, 12, 40, 2, 13, 14])
(50768, [32, 35, 33, 18, 9, 11, 7, 16, 6, 1, 19, 8, 21, 44, 31, 30, 39, 24, 15, 3, 40, 2, 22])
(50769, [32, 9, 42, 1, 19, 26, 8, 21, 41, 4])
(50770, [32, 33, 0, 11, 31, 30])
(50771, [32, 34, 33, 18, 9, 11, 7, 6, 1, 19, 43, 31, 30, 41, 24, 23, 4, 15, 3, 12, 40])
(50772, [32, 35, 18, 0, 29, 16, 8, 21, 43, 23, 4, 15, 3, 12, 2])
(50773, [32, 35, 33, 20, 18, 9, 11, 7, 16, 42, 28, 17, 1, 19, 26, 21, 44, 43, 38, 31, 39, 41, 4, 15, 3, 12, 40, 2, 13, 5, 22])
(50774, [32, 33, 9, 0, 28, 1, 19, 21, 38, 31, 30, 2, 22])
(50775, [32, 35, 34, 33, 18, 9, 0, 11, 7, 29, 16, 42, 1, 19, 8, 44, 43, 31, 30, 39, 4, 15, 3, 12, 2, 5, 22])
(50776, [32, 34, 33, 20, 18, 0, 16, 17, 1, 19, 21, 43, 31, 23, 3, 12, 2, 14])
(50777, [32, 35, 20, 18, 27, 9, 0, 16, 6, 1, 10, 19, 8, 21, 43, 36, 37, 24, 23, 4, 15, 3, 12, 40, 2])
(50778, [32, 33, 20, 0, 11, 7, 6, 28, 19, 26, 44, 43, 36, 31, 30, 41, 24, 4, 3, 12, 40, 2, 13, 14])
(50779, [32, 33, 18, 9, 11, 44, 31, 30, 4, 2, 13])
(50780, [32, 34, 18, 9, 11, 6, 1, 8, 21, 44, 43, 38, 31, 30, 37, 39, 23, 4, 15, 3, 2, 5, 14, 22])
(50781, [32, 35, 34, 20, 0, 11, 42, 17, 1, 19, 21, 44, 43, 38, 31, 37, 39, 4, 15, 3, 2, 13, 22])
(50782, [32, 33, 9, 11, 6, 1, 21, 44, 38, 31, 30, 23, 3])
(50783, [32, 35, 33, 18, 27, 9, 11, 7, 16, 42, 1, 10, 19, 44, 43, 31, 37, 23, 4, 15, 3, 12, 14])
(50784, [32, 35, 9, 0, 42, 6, 1, 31, 30, 41, 4, 15, 13, 22])
(50785, [32, 20, 31, 3, 12])
(50786, [32, 34, 20, 6, 17, 1, 21, 31, 30, 41, 4, 15, 3, 12, 2])
(50787, [32, 35, 34, 33, 20, 18, 27, 9, 0, 11, 7, 16, 42, 6, 28, 17, 1, 10, 19, 26, 21, 44, 43, 36, 31, 30, 41, 24, 4, 15, 3, 12, 40, 2, 5, 14, 25])
(50788, [32, 33, 18, 9, 30, 39, 2, 22])
(50789, [32, 0, 41, 23])
(50790, [32, 33, 18, 9, 11, 1, 43, 38, 31, 3, 2])
(50791, [32, 6, 31])
(50792, [32])
(50793, [32, 33, 9, 0, 6, 1, 10, 26, 41, 24, 23, 4, 15, 3])
(50794, [32, 18, 1, 19, 21, 3])
(50795, [32, 18, 6, 10, 19, 26, 30, 23, 3, 12])
(50796, [32, 35, 34, 18, 27, 1, 43, 30, 23, 15, 3, 12, 2, 13, 5, 22])
(50797, [32, 34, 18, 42, 6, 1, 19, 26, 8, 21, 43, 31, 30, 23, 4, 15, 3, 2])
(50798, [32, 33, 18, 9, 11, 42, 1, 26, 44, 36, 41, 24, 23, 4, 15, 3, 12, 2])
(50799, [32, 35, 34, 33, 20, 18, 9, 11, 7, 16, 42, 28, 1, 10, 8, 21, 44, 43, 30, 37, 39, 24, 3, 12, 2, 13])
(50800, [32, 43, 31, 23, 15])
(50801, [32, 18, 9, 0])
(50802, [32, 9, 24, 4])
(50803, [32, 20, 0, 11, 7, 42, 1, 19, 26, 43, 31, 30, 3, 2, 13])
(50804, [32, 30])
(50805, [32, 33, 11, 1, 19, 44, 31, 41, 4, 2])
(50806, [32, 35, 18, 9, 11, 26, 43, 31, 41, 12])
(50807, [32, 35, 33, 18, 9, 11, 6, 1, 19, 26, 8, 21, 44, 43, 41, 24, 23, 4, 15, 3, 12, 40, 2, 14])
(50808, [32, 18, 0, 11, 17, 1, 26, 31, 30, 41, 24, 4, 15, 40, 2, 14])
(50809, [32, 33, 20, 0, 10, 19, 37, 41, 23, 2, 14])
(50810, [32])
(50811, [32])
(50812, [32])
(50813, [32, 33, 18, 7, 17, 1, 19, 21, 36, 30, 24, 23, 4, 15, 3, 2, 14])
(50814, [32, 35, 34, 20, 18, 9, 11, 7, 16, 42, 17, 1, 10, 26, 8, 21, 44, 43, 38, 36, 31, 30, 39, 23, 15, 3, 12, 2, 13, 5, 22])
(50815, [32, 16, 19, 15])
(50816, [32, 3])
(50817, [32, 35, 34, 33, 20, 18, 11, 7, 16, 42, 6, 17, 1, 19, 26, 8, 21, 44, 43, 38, 36, 31, 30, 37, 24, 23, 4, 15, 3, 12, 2, 13, 14, 22])
(50818, [32, 33, 0, 7, 1, 19, 21, 44, 30, 3, 12, 2])
(50819, [32, 34, 9, 0, 11, 1, 19, 44, 31, 30, 41, 23, 3, 12])
(50820, [32, 33, 9, 0, 16, 1, 44, 43, 31, 41, 4, 15, 3, 12, 2, 13])
(50821, [32, 19, 21, 37])
(50822, [32, 34, 9, 0, 10, 8, 31, 37, 23, 3, 12, 2])
(50823, [32, 34, 27, 9, 42, 1, 26, 21, 44, 37, 3, 12])
(50824, [32, 34, 9, 0, 11, 7, 42, 17, 1, 19, 26, 44, 41, 15, 3, 2, 13])
(50825, [32, 34, 11, 6])
(50826, [32, 42, 31])
(50827, [32, 34, 33, 18, 9, 0, 16, 42, 1, 26, 21, 44, 43, 31, 23, 4, 15, 3, 12, 2, 5, 22])
(50828, [32, 35, 34, 33, 20, 18, 27, 9, 0, 11, 7, 29, 16, 42, 6, 17, 1, 10, 19, 26, 8, 21, 44, 43, 36, 31, 30, 37, 41, 24, 23, 4, 15, 3, 12, 40, 2, 13, 14, 22, 25])
(50829, [32, 34, 33, 9, 11, 7, 16, 17, 1, 19, 26, 44, 43, 36, 31, 30, 41, 4, 15, 12, 40, 2, 14])
(50830, [32, 34, 33, 11, 6, 28, 17, 19, 26, 44, 43, 31, 30, 41, 4, 15, 3, 40, 2, 14, 22, 25])
(50831, [32])
(50832, [32, 35, 34, 33, 20, 18, 27, 0, 11, 7, 29, 16, 6, 28, 1, 19, 26, 8, 21, 44, 31, 30, 37, 41, 24, 23, 4, 15, 3, 12, 2, 13, 14])
(50833, [32, 34, 33, 20, 0, 11, 7, 6, 26, 43, 24, 23, 15, 12, 2, 14])
(50834, [32])
(50835, [32, 3, 2])
(50836, [32, 9, 0, 11, 42, 17, 1, 8, 44, 31, 30, 23, 3, 12, 22])
(50837, [32, 12])
(50838, [32, 34, 33, 20, 18, 9, 11, 16, 1, 10, 19, 26, 8, 21, 44, 38, 36, 39, 41, 24, 23, 4, 15, 3, 12, 2, 14, 22])
(50839, [32, 34, 33, 18, 0, 16, 1, 19, 44, 31, 30, 2])
(50840, [35, 34, 33, 20, 18, 27, 9, 0, 11, 7, 29, 16, 42, 6, 28, 1, 10, 19, 26, 8, 21, 44, 43, 38, 36, 31, 30, 37, 39, 41, 24, 23, 4, 15, 3, 12, 40, 2, 13, 5, 14, 22, 25])
(50841, [35, 34, 9, 11, 7, 16, 42, 28, 1, 10, 19, 8, 21, 44, 31, 30, 37, 39, 41, 23, 4, 3, 12, 2, 5])
(50842, [35, 9, 0, 1, 19, 43, 30, 24, 4, 15, 3, 12, 2])
(50843, [35, 27, 7, 1, 8, 43, 31, 23, 4, 3])
(50844, [35, 26, 23, 5])
(50845, [35, 34, 18, 27, 9, 29, 6, 17, 1, 19, 26, 8, 21, 44, 43, 38, 36, 31, 41, 24, 23, 4, 15, 3, 40, 2, 13, 5, 22])
(50846, [35])
(50847, [35])
(50848, [35])
(50849, [35, 34, 33, 20, 9, 0, 11, 16, 42, 1, 10, 19, 26, 8, 21, 44, 43, 37, 41, 24, 23, 4, 15, 3, 12, 2, 13, 5, 14])
(50850, [35, 34, 33, 18, 9, 11, 16, 6, 1, 19, 26, 21, 44, 43, 38, 31, 30, 23, 3, 12, 2, 22])
(50851, [35])
(50852, [35])
(50853, [35])
(50854, [35, 18, 27, 0, 8, 30, 23])
(50855, [35])
(50856, [35, 34, 33, 18, 27, 9, 0, 11, 7, 16, 6, 28, 17, 1, 19, 26, 44, 43, 38, 30, 41, 24, 23, 4, 15, 3, 12, 40, 2, 13])
(50857, [35])
(50858, [35, 34, 18, 9, 0, 11, 7, 16, 42, 6, 17, 1, 19, 26, 43, 31, 39, 41, 24, 23, 15, 3, 12, 2, 13, 14])
(50859, [35, 34, 33, 20, 9, 0, 16, 17, 10, 19, 43, 31, 30, 41, 23, 4, 3, 12, 2, 13, 14, 25])
(50860, [35, 18, 11, 7, 16, 1, 44, 31, 4, 3, 12, 2])
(50861, [35, 0, 1, 21, 14])
(50862, [35, 6])
(50863, [35, 20, 18, 23, 15])
(50864, [35, 34, 33, 20, 18, 0, 7, 29, 16, 6, 17, 1, 19, 8, 21, 44, 38, 31, 30, 37, 39, 24, 23, 3, 12, 40, 2])
(50865, [35, 20, 18, 27, 9, 1, 19, 26, 21, 43, 31, 30, 41, 23, 3, 12, 40])
(50866, [35, 18, 16, 8, 23, 15])
(50867, [35, 34, 18, 9, 11, 6, 28, 1, 10, 19, 26, 8, 21, 44, 43, 36, 39, 24, 23, 4, 15, 3, 12, 40, 2, 13, 22])
(50868, [35, 18, 11, 19, 26, 8, 23, 3, 2, 25])
(50869, [35, 18, 9, 0, 11, 16, 1, 8, 44, 36, 30, 39, 23, 3, 12, 40, 5])
(50870, [35, 0, 7, 21, 30, 3, 12])
(50871, [35])
(50872, [35, 33, 18, 9, 11, 29, 42, 6, 1, 19, 26, 8, 21, 44, 38, 31, 30, 37, 41, 23, 4, 15, 3, 12, 40, 2, 14, 22])
(50873, [35, 20, 9, 0, 11, 42, 17, 1, 19, 26, 44, 39, 3, 2])
(50874, [35, 18, 11])
(50875, [35, 16, 12, 2])
(50876, [35, 20, 9, 8, 21, 30, 4, 15, 3, 2])
(50877, [35])
(50878, [35])
(50879, [35, 34, 33, 20, 9, 11, 7, 16, 42, 1, 19, 26, 21, 44, 23, 4, 15, 3, 12, 2])
(50880, [35])
(50881, [35])
(50882, [35, 43])
(50883, [35, 33, 20, 6, 1, 10, 8, 43, 31, 23, 4, 15, 3, 12])
(50884, [35, 18, 9, 0, 11, 1, 10, 26, 21, 38, 31, 37, 24, 15, 3])
(50885, [35, 18, 11])
(50886, [35, 33, 9, 0, 11, 7, 44, 30, 12, 2, 22])
(50887, [35, 18, 27, 0, 11, 7, 29, 42, 6, 1, 19, 8, 44, 43, 38, 31, 30, 37, 23, 4, 3, 12, 40, 2])
(50888, [35])
(50889, [35, 2])
(50890, [35])
(50891, [34, 33, 9, 0, 11, 7, 16, 42, 6, 28, 17, 1, 19, 26, 44, 43, 30, 39, 41, 23, 3, 12, 2, 14, 22, 25])
(50892, [34, 11, 28, 1, 3, 12])
(50893, [34, 18, 9, 0, 16, 42, 44, 43, 15, 12, 2])
(50894, [34])
(50895, [34])
(50896, [34, 33, 18, 9, 0, 6, 26, 8, 44, 37, 23, 12, 2, 5])
(50897, [34, 33, 18, 27, 9, 0, 11, 7, 6, 1, 26, 43, 30, 41, 23, 4, 15, 3, 40, 2])
(50898, [34, 7, 1, 19, 30, 4, 3, 2, 22])
(50899, [34, 33, 9, 0, 11, 6, 1, 10, 19, 43, 31, 41, 4, 15, 12, 2, 14])
(50900, [34])
(50901, [34, 1, 31, 12])
(50902, [34])
(50903, [34])
(50904, [34, 11, 17, 1, 26, 38, 3])
(50905, [34])
(50906, [34, 18, 0, 16, 42, 1, 19, 8, 44, 15, 3, 12, 22])
(50907, [34, 33, 18, 29, 17, 1, 19, 26, 43, 31, 30, 37, 2, 22])
(50908, [34])
(50909, [34, 33, 6, 26, 43, 4, 40, 2, 25])
(50910, [34, 33, 18, 11, 7, 28, 17, 1, 19, 26, 44, 43, 36, 41, 4, 15, 3, 40, 2, 13, 14])
(50911, [34, 30])
(50912, [34])
(50913, [34, 36, 40, 2, 14])
(50914, [34, 18, 19, 43, 23])
(50915, [34, 18, 0, 7, 1, 26, 40, 2, 13, 14])
(50916, [34, 2])
(50917, [34, 18, 9, 0, 11, 15, 14])
(50918, [34, 20])
(50919, [34])
(50920, [34, 29, 41])
(50921, [34, 33, 20, 18, 9, 11, 16, 6, 17, 1, 19, 8, 21, 44, 31, 30, 37, 41, 24, 23, 4, 15, 3, 12, 2, 5])
(50922, [34, 33, 21, 38, 23, 2])
(50923, [34, 1, 30, 23, 3])
(50924, [34, 0])
(50925, [34, 0])
(50926, [34, 0, 1, 26, 30, 41, 3])
(50927, [34])
(50928, [34])
(50929, [34, 33, 9, 0, 16, 17, 26, 8, 21, 44, 31, 41, 23, 2])
(50930, [34, 20, 0, 7, 29, 1, 26, 43, 36, 41, 3, 14])
(50931, [34, 18, 6, 19, 26, 43, 41, 23])
(50932, [34])
(50933, [34, 20, 9, 0, 11, 7, 6, 1, 10, 44, 43, 36, 4, 15, 12, 40, 2, 13])
(50934, [34])
(50935, [34, 20, 0, 11, 19, 26, 21, 44, 41, 24, 4, 15, 3, 12, 2])
(50936, [34, 20, 9, 0, 11, 7, 16, 10, 44, 31, 30, 41, 23, 3, 12, 2])
(50937, [34, 33, 9, 0, 11, 7, 29, 16, 42, 28, 17, 1, 19, 26, 8, 21, 44, 43, 38, 31, 30, 39, 41, 24, 23, 4, 15, 3, 12, 2, 13, 14])
(50938, [34])
(50939, [34, 33, 27, 0, 11, 16, 17, 1, 10, 44, 31, 30, 3, 12, 2, 22])
(50940, [34])
(50941, [34, 33, 6, 12])
(50942, [34])
(50943, [34, 12])
(50944, [34, 33, 9, 11, 16, 6, 1, 43, 31, 41, 3, 12, 2])
(50945, [34, 21, 4])
(50946, [34, 31, 30])
(50947, [34])
(50948, [34, 18, 42, 6, 1, 30, 41, 23, 14])
(50949, [34, 9, 6, 17, 26, 43, 36, 41, 2])
(50950, [34, 0, 1, 43, 12])
(50951, [34, 9, 0, 1, 43, 12])
(50952, [33, 0, 30])
(50953, [33, 11, 42, 1])
(50954, [33, 18])
(50955, [33, 42, 26, 43, 39, 23, 2, 22])
(50956, [33])
(50957, [33, 26, 30, 4, 40])
(50958, [33])
(50959, [33, 18, 9, 11, 1, 21, 24, 23, 3, 12, 2])
(50960, [33, 9, 0, 6, 30, 22])
(50961, [33])
(50962, [33])
(50963, [33, 41, 4])
(50964, [33, 20, 27, 9, 11, 7, 28, 17, 1, 19, 26, 44, 43, 39, 41, 24, 4, 15, 3, 2, 13, 14])
(50965, [33])
(50966, [33, 27, 1, 26, 43, 31, 4, 3, 2, 14])
(50967, [33])
(50968, [33, 9, 44, 43, 15, 2])
(50969, [33])
(50970, [33])
(50971, [33, 30])
(50972, [33, 7, 43])
(50973, [33, 2])
(50974, [33, 30, 41, 3, 12])
(50975, [33])
(50976, [33, 18, 7, 1, 31, 12])
(50977, [33, 1, 26, 43, 15, 3, 2, 14])
(50978, [33, 9, 0, 11, 16, 17, 1, 19, 21, 43, 23, 3, 2, 25])
(50979, [33, 19, 30, 4])
(50980, [33, 20, 42, 41, 4, 3])
(50981, [33])
(50982, [33])
(50983, [33])
(50984, [33, 18, 0, 16, 6, 19, 8, 31, 3])
(50985, [33, 9, 23])
(50986, [33])
(50987, [33, 0, 31])
(50988, [20])
(50989, [20, 15])
(50990, [20, 1, 21, 3])
(50991, [20, 17, 1, 36, 3])
(50992, [20, 0])
(50993, [20, 9, 6, 23, 3])
(50994, [20, 6, 4])
(50995, [20, 1, 31, 41, 3, 12])
(50996, [20, 0, 1, 26, 44, 3])
(50997, [20, 18, 27, 0, 7, 16, 6, 28, 26, 36, 31, 41, 23, 4, 12, 2, 14])
(50998, [20, 18, 17])
(50999, [20])
(51000, [20, 0, 17])
(51001, [20, 9, 0, 11, 16, 1, 19, 21, 44, 39, 23, 3, 22])
(51002, [20])
(51003, [20])
(51004, [20])
(51005, [20, 0, 3])
(51006, [20, 18, 7])
(51007, [20])
(51008, [20, 0, 11, 17, 1, 21, 44, 3, 12, 2])
(51009, [20, 0, 12])
(51010, [20, 18, 0, 28, 1, 26])
(51011, [20, 10, 26])
(51012, [20, 1, 44, 30, 23, 3, 12, 2])
(51013, [20])
(51014, [20, 2])
(51015, [20, 28, 1, 26, 3, 12])
(51016, [20, 11, 16, 17, 1, 31, 41, 4, 15, 3, 12, 40])
(51017, [20, 0])
(51018, [20, 9, 16, 21, 15, 3])
(51019, [20, 30])
(51020, [20])
(51021, [20])
(51022, [20, 18, 6, 17, 1, 19, 41, 24, 15, 2])
(51023, [20])
(51024, [20, 9, 23])
(51025, [20, 18, 0, 28, 1, 21, 30, 39, 4, 15, 3])
(51026, [20, 11, 28, 17, 26, 44, 36, 41, 4, 40, 2, 14])
(51027, [18])
(51028, [18])
(51029, [18, 44])
(51030, [18, 19])
(51031, [18, 43, 40])
(51032, [18, 1, 3])
(51033, [18, 0, 1, 19, 21, 41, 2, 13, 22])
(51034, [18])
(51035, [18, 24, 3])
(51036, [18, 9, 0, 16, 6, 26, 44, 43, 31, 30, 39, 23, 4, 15, 3, 12, 2, 14])
(51037, [18, 19])
(51038, [18, 23])
(51039, [18])
(51040, [18, 19, 26, 8, 21, 44, 43, 38, 41, 23, 4, 15, 12, 22])
(51041, [18])
(51042, [18, 1, 24, 23, 12])
(51043, [18])
(51044, [18])
(51045, [18, 14])
(51046, [18, 9, 11, 6, 43])
(51047, [18])
(51048, [18, 9, 0, 26, 44, 39, 24, 14])
(51049, [18, 30])
(51050, [18, 0, 41, 40, 2])
(51051, [18, 0, 37, 3])
(51052, [18])
(51053, [18, 16, 1, 10, 26, 15, 3])
(51054, [18, 8, 21, 44, 43, 37, 39, 24, 2, 5])
(51055, [18, 11, 26, 15, 2])
(51056, [18, 9, 11, 7, 29, 16, 6, 28, 17, 19, 26, 8, 21, 44, 36, 31, 30, 37, 39, 24, 15, 3, 12, 2, 14, 22])
(51057, [18, 0, 11, 1, 2])
(51058, [18, 6, 39, 15])
(51059, [18])
(51060, [18])
(51061, [18])
(51062, [18])
(51063, [18])
(51064, [18])
(51065, [18, 0])
(51066, [18, 9, 37])
(51067, [18, 11, 19, 26, 44, 43, 41, 4, 3, 2, 25])
(51068, [18, 0])
(51069, [18])
(51070, [18, 8])
(51071, [18, 29, 23])
(51072, [18, 23])
(51073, [18, 30])
(51074, [18, 30, 3, 2, 22])
(51075, [18, 11, 19, 8, 21, 12])
(51076, [18, 0])
(51077, [18, 0, 36, 4])
(51078, [18])
(51079, [18, 19, 3])
(51080, [18, 11, 16, 6, 17, 1, 43, 23])
(51081, [18, 22])
(51082, [18])
(51083, [18, 21])
(51084, [18])
(51085, [18, 28, 43, 2])
(51086, [18])
(51087, [18])
(51088, [18])
(51089, [18, 27, 28, 10, 31, 41, 12, 2])
(51090, [18, 9, 0, 17, 1, 26, 43, 31, 41, 4, 15, 3])
(51091, [18, 15])
(51092, [18])
(51093, [18, 43, 41, 14])
(51094, [18])
(51095, [18])
(51096, [18])
(51097, [18])
(51098, [18, 43])
(51099, [18])
(51100, [18, 0, 39])
(51101, [18, 9, 0, 17, 1, 19, 26, 31, 30, 41, 24, 3, 12, 40, 2, 13, 14])
(51102, [18, 2])
(51103, [18])
(51104, [18])
(51105, [18])
(51106, [18, 9, 11, 6, 17, 26, 30, 41, 23, 4, 15, 40, 2, 13, 14])
(51107, [18])
(51108, [18, 21])
(51109, [18])
(51110, [18, 1, 12])
(51111, [18])
(51112, [18])
(51113, [18])
(51114, [18])
(51115, [18])
(51116, [18])
(51117, [18])
(51118, [18])
(51119, [18])
(51120, [18])
(51121, [18, 23])
(51122, [18])
(51123, [18])
(51124, [18])
(51125, [18])
(51126, [18])
(51127, [18, 8])
(51128, [18, 19, 36])
(51129, [18, 31, 30])
(51130, [18])
(51131, [18])
(51132, [18, 0, 11, 21, 23, 3, 14])
(51133, [18])
(51134, [18, 11, 7, 26, 41, 15, 2, 13, 14])
(51135, [18])
(51136, [27, 14])
(51137, [27])
(51138, [27])
(51139, [27])
(51140, [27])
(51141, [27])
(51142, [27])
(51143, [27])
(51144, [9, 26, 40, 2, 14])
(51145, [9, 11, 16, 19, 36, 41, 15, 3, 12])
(51146, [9, 0, 8])
(51147, [9, 0, 16, 19, 43, 23, 4, 15, 12, 2])
(51148, [9])
(51149, [9, 23])
(51150, [9])
(51151, [9, 0, 16, 21, 44, 31, 39, 15, 3, 12, 14])
(51152, [9])
(51153, [9, 13, 14])
(51154, [9])
(51155, [9, 16, 8, 21, 44, 31, 37, 41, 24, 2])
(51156, [9, 26, 3, 12])
(51157, [9, 7, 17, 43, 24, 3, 2])
(51158, [9])
(51159, [9, 17, 1, 44, 31, 3])
(51160, [9])
(51161, [9])
(51162, [9, 23, 12])
(51163, [9])
(51164, [9, 16, 42, 1, 10, 41, 24, 3])
(51165, [9, 30, 23])
(51166, [9, 0, 12])
(51167, [9, 17])
(51168, [9])
(51169, [9, 0, 26, 30, 2])
(51170, [9])
(51171, [9])
(51172, [9])
(51173, [9])
(51174, [9, 21])
(51175, [9])
(51176, [9, 2, 13])
(51177, [9])
(51178, [9, 2])
(51179, [9])
(51180, [9, 1, 21, 23, 2, 5])
(51181, [9])
(51182, [9])
(51183, [9])
(51184, [9, 41, 13])
(51185, [9, 41])
(51186, [9, 26])
(51187, [9, 17, 19, 43])
(51188, [9, 2])
(51189, [9])
(51190, [9])
(51191, [9, 0, 39, 2])
(51192, [9])
(51193, [9, 17, 1, 15])
(51194, [9, 0, 7, 44, 4, 12, 2, 14])
(51195, [9])
(51196, [9, 2])
(51197, [9])
(51198, [0, 12])
(51199, [0, 3, 12])
(51200, [0])
(51201, [0, 12])
(51202, [0, 12])
(51203, [0, 21])
(51204, [0, 12])
(51205, [0])
(51206, [0, 10])
(51207, [0])
(51208, [0])
(51209, [0, 16, 42, 1, 19, 4, 3])
(51210, [0, 26, 44, 41, 2])
(51211, [0])
(51212, [0])
(51213, [0])
(51214, [0])
(51215, [0, 12])
(51216, [0])
(51217, [0])
(51218, [0])
(51219, [0])
(51220, [0])
(51221, [0, 21, 2])
(51222, [0])
(51223, [0, 12])
(51224, [0, 12])
(51225, [0])
(51226, [0])
(51227, [0])
(51228, [0, 12])
(51229, [0, 21, 22])
(51230, [0])
(51231, [0])
(51232, [0])
(51233, [0])
(51234, [0, 14])
(51235, [0])
(51236, [0])
(51237, [0])
(51238, [0])
(51239, [0])
(51240, [0])
(51241, [0])
(51242, [0])
(51243, [0])
(51244, [0])
(51245, [0])
(51246, [0])
(51247, [0])
(51248, [0])
(51249, [0])
(51250, [0])
(51251, [0])
(51252, [0])
(51253, [0, 12])
(51254, [0])
(51255, [0])
(51256, [0])
(51257, [0])
(51258, [0])
(51259, [0])
(51260, [0])
(51261, [0])
(51262, [0])
(51263, [0])
(51264, [0, 11, 1, 19, 26, 21, 4, 3, 2, 22])
(51265, [0])
(51266, [0, 17])
(51267, [0])
(51268, [0])
(51269, [0])
(51270, [0])
(51271, [0])
(51272, [0, 2])
(51273, [0])
(51274, [0, 12])
(51275, [0])
(51276, [0])
(51277, [0])
(51278, [0])
(51279, [0, 1])
(51280, [0])
(51281, [0])
(51282, [0])
(51283, [0, 4, 12])
(51284, [0])
(51285, [0, 42, 1, 43, 41, 3, 12])
(51286, [0])
(51287, [0])
(51288, [0])
(51289, [0])
(51290, [0, 23])
(51291, [0])
(51292, [0])
(51293, [0])
(51294, [0])
(51295, [0])
(51296, [0])
(51297, [0])
(51298, [0])
(51299, [0])
(51300, [0])
(51301, [0])
(51302, [0])
(51303, [0])
(51304, [0])
(51305, [0, 1])
(51306, [0])
(51307, [0])
(51308, [0])
(51309, [0])
(51310, [0])
(51311, [0])
(51312, [0])
(51313, [0])
(51314, [0, 12, 22])
(51315, [0])
(51316, [0, 29, 19, 26, 21, 2])
(51317, [0])
(51318, [0])
(51319, [0, 12])
(51320, [0])
(51321, [0])
(51322, [0])
(51323, [0])
(51324, [0, 2])
(51325, [0])
(51326, [0])
(51327, [0])
(51328, [0])
(51329, [0])
(51330, [0])
(51331, [0])
(51332, [0])
(51333, [0])
(51334, [0])
(51335, [0])
(51336, [0, 19])
(51337, [0])
(51338, [0])
(51339, [0])
(51340, [0, 26, 2])
(51341, [0])
(51342, [0])
(51343, [0])
(51344, [0])
(51345, [0])
(51346, [0])
(51347, [0])
(51348, [0])
(51349, [0])
(51350, [0])
(51351, [0])
(51352, [0])
(51353, [0, 12])
(51354, [0])
(51355, [0])
(51356, [0])
(51357, [0])
(51358, [0, 12])
(51359, [0])
(51360, [0])
(51361, [0])
(51362, [0])
(51363, [0])
(51364, [0])
(51365, [0])
(51366, [0])
(51367, [0])
(51368, [0])
(51369, [0])
(51370, [0])
(51371, [0])
(51372, [0])
(51373, [0, 19, 8])
(51374, [0])
(51375, [0])
(51376, [0])
(51377, [0])
(51378, [0])
(51379, [0, 10, 19])
(51380, [0, 31, 30])
(51381, [0])
(51382, [0])
(51383, [0])
(51384, [0])
(51385, [0])
(51386, [0])
(51387, [0])
(51388, [0])
(51389, [0])
(51390, [0])
(51391, [0])
(51392, [0])
(51393, [0])
(51394, [0])
(51395, [0])
(51396, [0, 12])
(51397, [0])
(51398, [0])
(51399, [0, 23, 12])
(51400, [0])
(51401, [0])
(51402, [0])
(51403, [0, 26, 22])
(51404, [0])
(51405, [0])
(51406, [0])
(51407, [0])
(51408, [0])
(51409, [0, 11, 12])
(51410, [0, 12])
(51411, [0])
(51412, [0])
(51413, [0])
(51414, [0])
(51415, [0])
(51416, [0])
(51417, [0])
(51418, [0])
(51419, [0])
(51420, [0])
(51421, [0, 6])
(51422, [0, 12])
(51423, [0])
(51424, [0])
(51425, [0])
(51426, [0])
(51427, [0])
(51428, [0])
(51429, [0])
(51430, [0])
(51431, [0])
(51432, [11])
(51433, [11])
(51434, [11])
(51435, [11, 3])
(51436, [11, 16, 17, 44, 43, 36, 2])
(51437, [11, 28, 17, 1, 19, 26, 44, 41, 24, 2])
(51438, [11, 1, 19, 26, 43, 3, 12])
(51439, [11])
(51440, [11, 1])
(51441, [11])
(51442, [11])
(51443, [11, 31])
(51444, [11, 6, 19, 44, 31])
(51445, [11])
(51446, [11, 44])
(51447, [11, 10])
(51448, [11])
(51449, [11, 7, 1, 38, 31, 30, 39, 15, 3, 12])
(51450, [11, 16, 19, 21, 2])
(51451, [7])
(51452, [7, 15, 3])
(51453, [7])
(51454, [7, 1])
(51455, [7])
(51456, [7, 1, 3])
(51457, [7])
(51458, [7])
(51459, [7])
(51460, [7, 3, 12])
(51461, [7, 21, 37])
(51462, [7])
(51463, [7])
(51464, [7])
(51465, [7, 3])
(51466, [7, 1, 19, 21, 23, 15, 3, 40, 22])
(51467, [29, 21])
(51468, [29])
(51469, [16, 42, 1, 44, 3])
(51470, [16])
(51471, [16, 8, 31, 41, 23, 4, 12, 5])
(51472, [16])
(51473, [16])
(51474, [16, 24, 3])
(51475, [16])
(51476, [16])
(51477, [16, 3])
(51478, [16])
(51479, [16, 6, 1, 43, 41, 24, 4, 15, 2])
(51480, [16, 1, 2])
(51481, [16, 19, 43, 41])
(51482, [16])
(51483, [16])
(51484, [16])
(51485, [16])
(51486, [42, 21])
(51487, [42])
(51488, [42])
(51489, [42])
(51490, [42, 2])
(51491, [6, 19, 8, 23])
(51492, [6])
(51493, [6])
(51494, [6, 1, 15])
(51495, [6])
(51496, [6])
(51497, [6])
(51498, [6])
(51499, [6, 43, 12])
(51500, [6])
(51501, [6, 1, 43, 41, 23, 15, 40])
(51502, [6])
(51503, [6, 19])
(51504, [6])
(51505, [6])
(51506, [6, 17, 15])
(51507, [28, 44, 43])
(51508, [28, 26, 14])
(51509, [28])
(51510, [28])
(51511, [17])
(51512, [17])
(51513, [17])
(51514, [17, 43, 41, 4, 2, 14])
(51515, [17, 19, 2])
(51516, [17, 1, 3, 12])
(51517, [17, 1, 21, 3, 2])
(51518, [17])
(51519, [17])
(51520, [17, 12])
(51521, [17])
(51522, [17])
(51523, [17, 19, 14, 22])
(51524, [17, 1, 31])
(51525, [17])
(51526, [17])
(51527, [17, 19, 26, 14])
(51528, [17])
(51529, [17, 43, 2])
(51530, [17])
(51531, [17, 40])
(51532, [17])
(51533, [17])
(51534, [1])
(51535, [1])
(51536, [1, 15, 3])
(51537, [1, 3])
(51538, [1, 3])
(51539, [1, 21])
(51540, [1])
(51541, [1, 19, 26, 21, 31, 41, 24, 4, 15, 3, 2])
(51542, [1])
(51543, [1, 3])
(51544, [1])
(51545, [1])
(51546, [1, 21, 3])
(51547, [1])
(51548, [1, 21, 23, 3, 12, 22])
(51549, [1])
(51550, [1, 44, 41, 2])
(51551, [1])
(51552, [1])
(51553, [1])
(51554, [1, 26, 44, 39, 3, 2])
(51555, [1])
(51556, [1])
(51557, [1])
(51558, [1, 26])
(51559, [1, 2])
(51560, [1])
(51561, [1, 10, 19, 8, 43, 23, 3, 5])
(51562, [1])
(51563, [1])
(51564, [1, 21, 3, 12])
(51565, [1, 19])
(51566, [1])
(51567, [10])
(51568, [10])
(51569, [10])
(51570, [10])
(51571, [10])
(51572, [10])
(51573, [10])
(51574, [10])
(51575, [10])
(51576, [10, 21])
(51577, [10, 12])
(51578, [10])
(51579, [19])
(51580, [19])
(51581, [19, 23])
(51582, [19, 2])
(51583, [19])
(51584, [19, 12])
(51585, [19])
(51586, [19, 41, 3])
(51587, [19, 44, 30, 12, 2])
(51588, [19])
(51589, [19])
(51590, [19])
(51591, [19])
(51592, [19])
(51593, [19])
(51594, [19, 43, 39, 2])
(51595, [19, 43])
(51596, [19, 30, 3])
(51597, [19, 30])
(51598, [19])
(51599, [26, 3])
(51600, [26])
(51601, [26, 4])
(51602, [26])
(51603, [26, 43, 13])
(51604, [26, 41, 4, 15])
(51605, [26])
(51606, [26, 2])
(51607, [26, 44])
(51608, [26])
(51609, [26])
(51610, [26])
(51611, [26, 43, 4, 15])
(51612, [26])
(51613, [26])
(51614, [26])
(51615, [26])
(51616, [26])
(51617, [26, 12])
(51618, [26, 24, 2])
(51619, [26, 43, 41, 24, 23, 4, 3, 13])
(51620, [26])
(51621, [26, 2])
(51622, [26])
(51623, [8])
(51624, [8, 12])
(51625, [8])
(51626, [8])
(51627, [8, 23, 22])
(51628, [8, 23])
(51629, [8, 44, 23])
(51630, [8])
(51631, [8])
(51632, [8])
(51633, [8, 5])
(51634, [8])
(51635, [8])
(51636, [8])
(51637, [8])
(51638, [8, 3])
(51639, [8])
(51640, [8, 41, 13])
(51641, [8])
(51642, [8, 30, 12])
(51643, [21, 22])
(51644, [21])
(51645, [21, 3])
(51646, [21])
(51647, [21])
(51648, [21])
(51649, [21])
(51650, [21])
(51651, [21])
(51652, [21])
(51653, [21])
(51654, [21])
(51655, [21])
(51656, [21])
(51657, [21])
(51658, [21])
(51659, [21])
(51660, [21, 39])
(51661, [21])
(51662, [21])
(51663, [21])
(51664, [21])
(51665, [21])
(51666, [21])
(51667, [21])
(51668, [21, 39, 3])
(51669, [21, 44])
(51670, [21])
(51671, [21])
(51672, [21])
(51673, [21])
(51674, [21, 3])
(51675, [21])
(51676, [21])
(51677, [21])
(51678, [21])
(51679, [21])
(51680, [21])
(51681, [21])
(51682, [44, 3])
(51683, [44])
(51684, [44, 5])
(51685, [44])
(51686, [44])
(51687, [44])
(51688, [44])
(51689, [44])
(51690, [44])
(51691, [44, 36, 31, 30, 41, 15, 2, 14])
(51692, [44])
(51693, [44])
(51694, [44])
(51695, [44])
(51696, [44])
(51697, [43])
(51698, [43])
(51699, [43])
(51700, [43])
(51701, [43])
(51702, [43, 3])
(51703, [43, 31, 23, 4, 3, 2])
(51704, [43])
(51705, [43])
(51706, [43])
(51707, [43])
(51708, [43])
(51709, [43])
(51710, [43])
(51711, [43, 41, 4, 2])
(51712, [43])
(51713, [43])
(51714, [43])
(51715, [43])
(51716, [43])
(51717, [43])
(51718, [43])
(51719, [43])
(51720, [43, 12])
(51721, [43])
(51722, [38])
(51723, [36])
(51724, [36])
(51725, [36, 12])
(51726, [36])
(51727, [36])
(51728, [36])
(51729, [36])
(51730, [36])
(51731, [36])
(51732, [36])
(51733, [36])
(51734, [36])
(51735, [36])
(51736, [36])
(51737, [36])
(51738, [36])
(51739, [36])
(51740, [36])
(51741, [36])
(51742, [36])
(51743, [36])
(51744, [36])
(51745, [36, 4])
(51746, [36])
(51747, [36])
(51748, [36])
(51749, [31, 2])
(51750, [31])
(51751, [31, 3, 2])
(51752, [31, 23])
(51753, [31])
(51754, [31, 24])
(51755, [31])
(51756, [31])
(51757, [31])
(51758, [31])
(51759, [31])
(51760, [31])
(51761, [31])
(51762, [31])
(51763, [31])
(51764, [30, 2, 22])
(51765, [30])
(51766, [30])
(51767, [30])
(51768, [30])
(51769, [30])
(51770, [30, 15])
(51771, [30])
(51772, [30])
(51773, [30, 2])
(51774, [30])
(51775, [30])
(51776, [30])
(51777, [30])
(51778, [30])
(51779, [37])
(51780, [37, 41])
(51781, [37])
(51782, [37])
(51783, [39])
(51784, [39])
(51785, [39, 12])
(51786, [41])
(51787, [41, 3])
(51788, [41])
(51789, [41])
(51790, [41, 23, 15, 3, 12])
(51791, [41])
(51792, [41])
(51793, [41])
(51794, [41])
(51795, [41])
(51796, [41])
(51797, [41])
(51798, [41])
(51799, [41])
(51800, [41])
(51801, [24])
(51802, [24])
(51803, [24, 2])
(51804, [24])
(51805, [24])
(51806, [24, 14])
(51807, [24])
(51808, [23])
(51809, [23])
(51810, [23])
(51811, [23])
(51812, [23])
(51813, [23, 40])
(51814, [23])
(51815, [23])
(51816, [23])
(51817, [23])
(51818, [23])
(51819, [23])
(51820, [23])
(51821, [23])
(51822, [23])
(51823, [23])
(51824, [23])
(51825, [23])
(51826, [23])
(51827, [23])
(51828, [23])
(51829, [23])
(51830, [23])
(51831, [23])
(51832, [23])
(51833, [23])
(51834, [23])
(51835, [23])
(51836, [23])
(51837, [23])
(51838, [23])
(51839, [23])
(51840, [23])
(51841, [23])
(51842, [23])
(51843, [23])
(51844, [23])
(51845, [23])
(51846, [23])
(51847, [23])
(51848, [23])
(51849, [23])
(51850, [23])
(51851, [23])
(51852, [23])
(51853, [23])
(51854, [23])
(51855, [23])
(51856, [23])
(51857, [23])
(51858, [23])
(51859, [23])
(51860, [23])
(51861, [23])
(51862, [23, 3])
(51863, [23])
(51864, [23])
(51865, [23])
(51866, [23])
(51867, [23])
(51868, [23])
(51869, [23])
(51870, [23])
(51871, [23])
(51872, [23])
(51873, [4])
(51874, [4, 15])
(51875, [4])
(51876, [4])
(51877, [4])
(51878, [4])
(51879, [4])
(51880, [4])
(51881, [4])
(51882, [4])
(51883, [4])
(51884, [4])
(51885, [4])
(51886, [4])
(51887, [4])
(51888, [4])
(51889, [4])
(51890, [4])
(51891, [4])
(51892, [15])
(51893, [15, 3])
(51894, [15])
(51895, [15])
(51896, [15])
(51897, [15, 2])
(51898, [15])
(51899, [15])
(51900, [15])
(51901, [15])
(51902, [15])
(51903, [3])
(51904, [3])
(51905, [3, 2, 14])
(51906, [3])
(51907, [3])
(51908, [3])
(51909, [3])
(51910, [3])
(51911, [3])
(51912, [3])
(51913, [3])
(51914, [3])
(51915, [3])
(51916, [3])
(51917, [3])
(51918, [3])
(51919, [3])
(51920, [3])
(51921, [3])
(51922, [3])
(51923, [3])
(51924, [3, 2])
(51925, [3])
(51926, [3])
(51927, [3])
(51928, [3])
(51929, [3])
(51930, [3])
(51931, [3])
(51932, [3])
(51933, [12])
(51934, [12])
(51935, [12])
(51936, [12])
(51937, [12])
(51938, [12])
(51939, [12])
(51940, [12])
(51941, [12])
(51942, [12])
(51943, [12])
(51944, [12])
(51945, [12])
(51946, [12])
(51947, [12])
(51948, [12])
(51949, [12])
(51950, [12])
(51951, [12])
(51952, [12])
(51953, [12])
(51954, [12])
(51955, [12])
(51956, [12])
(51957, [12])
(51958, [12])
(51959, [12])
(51960, [12])
(51961, [12])
(51962, [12])
(51963, [12])
(51964, [12])
(51965, [12])
(51966, [12])
(51967, [12])
(51968, [12])
(51969, [12])
(51970, [12])
(51971, [12])
(51972, [12])
(51973, [12])
(51974, [12])
(51975, [12])
(51976, [12])
(51977, [12])
(51978, [12])
(51979, [12])
(51980, [12])
(51981, [12])
(51982, [12])
(51983, [12])
(51984, [12])
(51985, [12])
(51986, [12])
(51987, [12])
(51988, [12])
(51989, [12])
(51990, [12])
(51991, [12])
(51992, [12])
(51993, [12])
(51994, [12])
(51995, [12])
(51996, [12])
(51997, [40, 2])
(51998, [40])
(51999, [40])
(52000, [40])
(52001, [40])
(52002, [2])
(52003, [2])
(52004, [2])
(52005, [2])
(52006, [2])
(52007, [2])
(52008, [2, 13])
(52009, [2])
(52010, [2])
(52011, [2])
(52012, [2])
(52013, [2])
(52014, [2])
(52015, [2])
(52016, [2])
(52017, [2])
(52018, [2])
(52019, [2])
(52020, [2])
(52021, [2])
(52022, [2])
(52023, [2])
(52024, [2])
(52025, [2])
(52026, [2])
(52027, [2])
(52028, [2])
(52029, [2])
(52030, [2])
(52031, [2])
(52032, [2])
(52033, [2])
(52034, [2])
(52035, [2])
(52036, [2])
(52037, [2])
(52038, [2])
(52039, [2])
(52040, [2])
(52041, [2])
(52042, [2])
(52043, [2])
(52044, [2])
(52045, [2])
(52046, [2])
(52047, [2])
(52048, [2])
(52049, [2])
(52050, [2])
(52051, [2, 14])
(52052, [2])
(52053, [2])
(52054, [2])
(52055, [2])
(52056, [2])
(52057, [2])
(52058, [2])
(52059, [2])
(52060, [2])
(52061, [2])
(52062, [13])
(52063, [13])
(52064, [13])
(52065, [5])
(52066, [5])
(52067, [5])
(52068, [5])
(52069, [5])
(52070, [5])
(52071, [5])
(52072, [5])
(52073, [5])
(52074, [5])
(52075, [14])
(52076, [14])
(52077, [14])
(52078, [14])
(52079, [14])
(52080, [14])
(52081, [14])
(52082, [14])
(52083, [14])
(52084, [14])
(52085, [14])
(52086, [14])
(52087, [14])
(52088, [14])
(52089, [14])
(52090, [14])
(52091, [14])
(52092, [14])
(52093, [14])
(52094, [22])
(52095, [22])
(52096, [22])
(52097, [22])
(52098, [22])
(52099, [25])
(52100, [25])
