(89224, [0, 1, 2, 3, 4, 5, 6, 7, 8, 9, 10, 11, 12, 13, 14, 15, 16, 17, 18, 19, 20, 21, 22, 23, 24, 25, 26, 27, 28, 29, 30, 31, 32, 33, 34, 35, 36, 37, 38, 39, 40, 41, 42, 43, 44])
(89225, [0, 1, 2, 3, 4, 5, 6, 7, 8, 9, 10, 11, 12, 13, 14, 15, 16, 17, 18, 19, 20, 21, 22, 23, 24, 25, 26, 27, 28, 29, 30, 31, 32, 33, 34, 35, 36, 37, 38, 39, 40, 41, 42, 43, 44])
(89226, [0, 1, 2, 3, 4, 5, 6, 7, 8, 9, 10, 11, 12, 13, 14, 15, 16, 17, 18, 19, 20, 21, 22, 23, 24, 25, 26, 27, 28, 29, 30, 31, 32, 33, 34, 35, 36, 37, 38, 39, 40, 41, 42, 43, 44])
(89227, [12, 17, 18, 23, 32, 33, 35])
(89228, [0, 1, 2, 3, 4, 5, 6, 7, 8, 9, 10, 11, 12, 13, 14, 15, 16, 17, 18, 19, 20, 21, 22, 23, 24, 25, 26, 27, 28, 29, 30, 31, 32, 33, 34, 35, 36, 37, 38, 39, 40, 41, 42, 43, 44])
(89229, [0, 1, 2, 3, 4, 5, 6, 7, 8, 9, 10, 11, 12, 13, 14, 15, 16, 17, 18, 19, 20, 21, 22, 23, 24, 25, 26, 27, 28, 29, 30, 31, 32, 33, 34, 35, 36, 37, 38, 39, 40, 41, 42, 43, 44])
(89230, [0, 1, 3, 4, 5, 6, 7, 8, 9, 12, 15, 16, 17, 18, 19, 20, 21, 22, 23, 24, 29, 30, 31, 32, 33, 35, 37, 38, 39, 42, 43, 44])
(89231, [1, 2, 3, 6, 7, 8, 14, 17, 19, 21, 22, 23, 30, 32, 44])
(89232, [2, 7, 12, 17, 30, 31, 32, 33, 34, 42, 43, 44])
(89233, [0, 1, 2, 3, 4, 5, 6, 7, 8, 9, 10, 11, 12, 13, 14, 15, 16, 17, 18, 19, 20, 21, 22, 23, 24, 25, 26, 27, 28, 29, 30, 31, 32, 33, 34, 35, 36, 37, 38, 39, 40, 41, 42, 43, 44])
(89234, [0, 1, 2, 3, 4, 5, 6, 7, 8, 9, 10, 11, 12, 13, 14, 15, 16, 17, 18, 19, 20, 21, 22, 23, 24, 25, 26, 27, 28, 29, 30, 31, 32, 33, 34, 35, 36, 37, 38, 39, 40, 41, 42, 43, 44])
(89235, [0, 1, 2, 3, 4, 5, 6, 7, 8, 9, 10, 11, 12, 13, 14, 15, 16, 17, 18, 19, 20, 21, 22, 23, 24, 25, 26, 27, 28, 29, 30, 31, 32, 33, 34, 35, 36, 37, 38, 39, 40, 41, 42, 43, 44])
(89236, [0, 1, 2, 3, 4, 5, 6, 7, 8, 9, 10, 11, 12, 13, 14, 15, 16, 17, 18, 19, 20, 21, 22, 23, 24, 25, 26, 27, 28, 29, 30, 31, 32, 33, 34, 35, 36, 37, 38, 39, 40, 41, 42, 43, 44])
(89237, [0, 5, 8, 9, 15, 17, 19, 23, 29, 32, 36, 40, 41, 43])
(89238, [1, 2, 3, 4, 5, 6, 7, 8, 9, 10, 11, 12, 13, 14, 15, 16, 17, 18, 19, 20, 21, 22, 23, 24, 26, 27, 29, 30, 31, 32, 33, 34, 35, 38, 39, 40, 41, 43, 44])
(89239, [0, 1, 2, 3, 4, 5, 6, 9, 11, 12, 14, 15, 17, 18, 19, 21, 22, 23, 24, 26, 29, 30, 31, 32, 33, 34, 35, 39, 40, 41, 42, 43, 44])
(89240, [0, 1, 2, 3, 4, 5, 6, 7, 8, 9, 10, 11, 12, 13, 14, 15, 16, 17, 18, 19, 20, 21, 22, 23, 24, 25, 26, 27, 28, 29, 30, 31, 32, 33, 34, 35, 36, 37, 38, 39, 40, 41, 42, 43, 44])
(89241, [0, 1, 2, 3, 4, 6, 7, 8, 9, 11, 12, 14, 15, 16, 17, 18, 19, 20, 21, 22, 23, 26, 30, 31, 32, 33, 34, 35, 37, 38, 39, 40, 41, 42, 43, 44])
(89242, [0, 2, 4, 9, 12, 14, 15, 18, 19, 20, 22, 23, 24, 30, 31, 32, 33, 34, 39, 40, 41, 43, 44])
(89243, [0, 1, 2, 3, 4, 6, 7, 9, 10, 11, 12, 13, 14, 15, 16, 17, 18, 19, 21, 22, 23, 24, 25, 26, 27, 28, 29, 30, 31, 32, 33, 34, 35, 36, 37, 38, 39, 40, 41, 43, 44])
(89244, [1, 3, 4, 6, 9, 13, 15, 16, 17, 18, 21, 24, 26, 27, 30, 31, 32, 33, 34, 38, 39, 41, 43, 44])
(89245, [0, 1, 2, 3, 4, 6, 7, 8, 9, 10, 11, 12, 13, 14, 15, 16, 17, 18, 19, 20, 22, 23, 24, 25, 26, 27, 29, 31, 32, 33, 34, 35, 38, 39, 40, 41, 42, 43, 44])
(89246, [0, 1, 2, 3, 4, 5, 6, 7, 8, 9, 10, 11, 12, 13, 14, 15, 17, 18, 19, 20, 22, 23, 24, 25, 26, 27, 28, 30, 31, 32, 33, 34, 35, 36, 37, 38, 39, 40, 41, 43, 44])
(89247, [0, 1, 2, 3, 4, 5, 6, 9, 11, 12, 13, 15, 16, 17, 18, 19, 20, 21, 22, 23, 24, 26, 30, 31, 32, 34, 35, 39, 40, 41, 42, 43, 44])
(89248, [0, 1, 2, 3, 4, 5, 6, 7, 8, 9, 11, 12, 13, 14, 15, 16, 17, 18, 19, 20, 21, 22, 23, 24, 26, 27, 29, 30, 31, 32, 33, 34, 35, 37, 38, 39, 40, 41, 42, 43, 44])
(89249, [0, 1, 2, 3, 4, 5, 6, 7, 9, 11, 12, 13, 14, 15, 16, 17, 18, 19, 20, 21, 22, 23, 24, 25, 26, 27, 28, 30, 31, 32, 33, 34, 35, 36, 39, 40, 41, 42, 43, 44])
(89250, [3, 9, 32, 33])
(89251, [0, 1, 2, 3, 4, 5, 6, 7, 8, 9, 10, 11, 12, 13, 14, 15, 16, 17, 18, 19, 20, 21, 22, 23, 24, 25, 26, 27, 28, 29, 30, 31, 32, 33, 34, 35, 36, 37, 39, 40, 41, 42, 43, 44])
(89252, [0, 1, 2, 3, 4, 6, 7, 8, 9, 10, 11, 12, 13, 15, 16, 17, 18, 19, 20, 21, 22, 23, 24, 26, 27, 28, 29, 30, 31, 32, 33, 34, 35, 36, 40, 41, 42, 43, 44])
(89253, [1, 3, 4, 5, 6, 8, 9, 11, 13, 15, 16, 17, 18, 19, 20, 21, 22, 23, 24, 29, 30, 31, 32, 33, 34, 36, 39, 40, 41, 43, 44])
(89254, [0, 1, 2, 3, 4, 9, 11, 12, 13, 14, 15, 19, 21, 24, 26, 30, 31, 32, 33, 34, 40, 41, 43, 44])
(89255, [6, 32])
(89256, [0, 1, 2, 3, 4, 5, 6, 7, 8, 9, 10, 11, 12, 13, 14, 15, 16, 18, 19, 20, 21, 22, 23, 28, 29, 30, 31, 32, 33, 34, 35, 36, 37, 38, 39, 40, 42, 43, 44])
(89257, [1, 2, 3, 5, 9, 11, 19, 30, 31, 32, 40, 43])
(89258, [0, 1, 2, 3, 4, 5, 6, 7, 8, 9, 11, 12, 13, 14, 15, 16, 17, 18, 19, 20, 21, 22, 23, 24, 26, 27, 28, 29, 30, 31, 32, 33, 34, 35, 36, 37, 38, 39, 40, 41, 42, 43, 44])
(89259, [0, 2, 3, 26, 32])
(89260, [1, 2, 3, 4, 6, 9, 11, 13, 15, 18, 19, 23, 29, 30, 31, 32, 33, 34, 37, 40, 41, 43, 44])
(89261, [2, 3, 4, 6, 9, 11, 12, 15, 18, 19, 21, 23, 30, 31, 32, 33, 34, 35, 41, 43, 44])
(89262, [0, 1, 2, 3, 4, 6, 7, 8, 9, 11, 12, 14, 15, 16, 17, 18, 19, 20, 21, 23, 26, 30, 31, 32, 33, 34, 35, 36, 41, 42, 43, 44])
(89263, [0, 1, 2, 3, 4, 5, 6, 7, 8, 9, 10, 11, 12, 14, 15, 16, 17, 18, 19, 20, 21, 23, 26, 27, 28, 30, 31, 32, 33, 34, 35, 37, 38, 40, 41, 42, 43, 44])
(89264, [1, 2, 3, 4, 6, 7, 9, 10, 11, 12, 13, 14, 15, 16, 18, 19, 21, 23, 24, 26, 27, 29, 30, 31, 32, 33, 34, 39, 40, 41, 42, 43, 44])
(89265, [2, 8, 9, 11, 12, 15, 16, 17, 19, 21, 22, 23, 26, 27, 32, 36, 39, 43, 44])
(89266, [32])
(89267, [0, 1, 2, 4, 5, 6, 8, 9, 11, 12, 13, 14, 15, 17, 18, 20, 23, 24, 26, 27, 28, 30, 32, 33, 34, 36, 40, 41, 43, 44])
(89268, [0, 1, 2, 3, 4, 6, 7, 9, 11, 12, 13, 15, 17, 18, 20, 23, 24, 25, 26, 27, 30, 31, 32, 33, 34, 36, 40, 41, 44])
(89269, [0, 1, 2, 3, 4, 5, 6, 7, 8, 9, 10, 11, 12, 13, 14, 15, 16, 17, 18, 19, 20, 21, 22, 23, 24, 26, 27, 28, 30, 31, 32, 33, 34, 35, 36, 37, 38, 39, 40, 41, 42, 43, 44])
(89270, [1, 2, 7, 11, 12, 32, 34])
(89271, [2, 3, 14, 26, 30, 32, 33, 43])
(89272, [0, 4, 14, 15, 23, 32])
(89273, [15, 23, 26, 31, 32])
(89274, [23, 24, 32, 36])
(89275, [0, 1, 2, 3, 4, 5, 7, 8, 9, 10, 11, 12, 13, 14, 15, 16, 17, 18, 19, 20, 21, 22, 23, 24, 26, 28, 29, 30, 31, 32, 33, 34, 35, 38, 39, 40, 41, 42, 43, 44])
(89276, [1, 2, 3, 4, 6, 9, 11, 14, 15, 19, 20, 23, 24, 28, 30, 31, 32, 36, 39, 41, 42, 43])
(89277, [0, 1, 3, 4, 5, 8, 9, 10, 12, 13, 15, 16, 18, 19, 21, 23, 32, 37, 41, 42])
(89278, [1, 2, 3, 4, 6, 9, 11, 12, 13, 14, 15, 17, 18, 19, 21, 22, 23, 26, 30, 32, 33, 34, 41, 43])
(89279, [15, 31, 32, 39])
(89280, [0, 1, 2, 3, 4, 5, 7, 8, 9, 10, 11, 12, 13, 14, 15, 16, 17, 18, 19, 20, 24, 25, 26, 28, 30, 32, 33, 34, 35, 37, 40, 41, 42, 43, 44])
(89281, [1, 2, 3, 4, 6, 9, 10, 14, 15, 16, 18, 21, 23, 24, 25, 26, 30, 31, 32, 33, 34, 36, 43])
(89282, [0, 1, 2, 3, 4, 5, 6, 7, 8, 9, 10, 11, 12, 13, 15, 16, 17, 18, 19, 20, 21, 22, 23, 24, 25, 30, 31, 32, 33, 34, 35, 36, 37, 38, 39, 40, 41, 43, 44])
(89283, [0, 1, 2, 3, 6, 9, 13, 15, 16, 17, 19, 20, 23, 24, 26, 31, 32, 33, 43, 44])
(89284, [0, 1, 2, 3, 4, 6, 7, 9, 10, 11, 12, 13, 15, 16, 18, 19, 20, 21, 22, 23, 24, 26, 29, 30, 31, 32, 33, 34, 35, 39, 40, 41, 42, 43, 44])
(89285, [1, 3, 6, 7, 8, 12, 15, 18, 21, 22, 23, 30, 31, 32, 33, 34, 35, 42, 44])
(89286, [2, 3, 4, 11, 12, 14, 16, 17, 28, 32, 42])
(89287, [0, 1, 2, 3, 6, 9, 10, 12, 18, 19, 21, 24, 30, 31, 32, 33, 35, 38, 39, 40, 41, 44])
(89288, [1, 2, 6, 32, 41, 43])
(89289, [9, 32])
(89290, [18, 19, 21, 22, 32, 39, 41])
(89291, [0, 2, 4, 6, 9, 10, 12, 13, 14, 15, 16, 18, 19, 26, 30, 32, 33, 34, 39, 41, 43])
(89292, [0, 1, 3, 4, 5, 6, 7, 8, 9, 10, 11, 12, 13, 15, 17, 18, 19, 20, 21, 22, 23, 27, 30, 31, 32, 33, 34, 35, 37, 41, 42, 43])
(89293, [0, 1, 2, 3, 5, 6, 11, 12, 13, 15, 16, 18, 20, 23, 24, 30, 31, 32, 33, 41, 43, 44])
(89294, [1, 2, 3, 4, 6, 7, 8, 11, 12, 15, 17, 18, 20, 26, 32, 34, 37, 40, 42, 43, 44])
(89295, [0, 1, 2, 3, 4, 5, 6, 7, 8, 9, 11, 12, 13, 14, 15, 16, 17, 18, 19, 20, 21, 22, 23, 24, 25, 26, 27, 28, 29, 30, 31, 32, 33, 34, 35, 36, 37, 38, 39, 40, 41, 42, 43, 44])
(89296, [0, 2, 3, 4, 6, 9, 11, 12, 13, 14, 15, 17, 18, 19, 20, 23, 24, 26, 27, 28, 30, 31, 32, 34, 35, 36, 39, 41, 43])
(89297, [8, 12, 15, 16, 18, 21, 23, 32, 43])
(89298, [4, 8, 12, 15, 16, 18, 21, 23, 32, 43])
(89299, [1, 2, 3, 17, 18, 19, 21, 30, 32, 33, 34, 39, 41, 44])
(89300, [1, 9, 13, 19, 22, 32, 34])
(89301, [0, 1, 2, 3, 4, 5, 6, 7, 8, 9, 10, 11, 12, 13, 15, 16, 17, 18, 19, 20, 21, 22, 23, 24, 26, 29, 30, 31, 32, 33, 34, 35, 37, 38, 39, 40, 41, 42, 43, 44])
(89302, [1, 3, 9, 10, 12, 13, 15, 18, 20, 23, 26, 31, 32, 34, 35, 41, 43])
(89303, [0, 5, 9, 11, 15, 16, 18, 23, 26, 30, 32, 34, 41, 43])
(89304, [2, 4, 9, 11, 12, 13, 15, 16, 19, 21, 22, 25, 26, 27, 28, 30, 31, 32, 33, 34, 38, 39, 40])
(89305, [1, 4, 9, 13, 14, 26, 30, 32, 41, 43])
(89306, [0, 1, 2, 3, 4, 5, 6, 7, 9, 11, 12, 14, 15, 16, 17, 19, 24, 26, 30, 31, 32, 33, 34, 39, 41, 43, 44])
(89307, [32])
(89308, [31, 32])
(89309, [31, 32, 43])
(89310, [0, 1, 2, 3, 4, 6, 9, 10, 11, 12, 15, 17, 19, 20, 26, 30, 31, 32, 34, 37, 41, 43, 44])
(89311, [26, 31, 32, 33])
(89312, [17, 19, 20, 21, 31, 32, 39])
(89313, [7, 8, 11, 18, 21, 22, 23, 31, 32])
(89314, [1, 2, 3, 4, 6, 9, 15, 23, 24, 26, 31, 32, 41, 43])
(89315, [32])
(89316, [4, 6, 9, 11, 14, 17, 18, 19, 23, 31, 32, 34, 38, 39, 40, 43, 44])
(89317, [1, 3, 6, 7, 9, 11, 12, 15, 16, 17, 19, 31, 32])
(89318, [0, 1, 2, 3, 4, 5, 6, 7, 8, 9, 11, 12, 13, 15, 17, 18, 19, 20, 23, 26, 30, 31, 32, 33, 34, 35, 37, 41, 42, 43, 44])
(89319, [0, 1, 3, 9, 12, 15, 16, 21, 22, 27, 32])
(89320, [1, 2, 3, 6, 7, 11, 19, 20, 21, 23, 26, 31, 32, 33, 44])
(89321, [23, 32])
(89322, [1, 3, 7, 8, 9, 11, 12, 15, 16, 19, 21, 22, 23, 24, 26, 31, 32, 33])
(89323, [0, 1, 2, 3, 4, 5, 6, 7, 8, 9, 10, 11, 12, 13, 15, 16, 17, 19, 20, 22, 23, 25, 26, 27, 28, 30, 31, 32, 33, 34, 39, 40, 41, 43, 44])
(89324, [1, 3, 15, 21, 23, 30, 32, 44])
(89325, [0, 1, 2, 3, 5, 6, 7, 8, 9, 10, 11, 12, 14, 15, 18, 19, 20, 21, 22, 23, 27, 29, 30, 31, 32, 33, 34, 37, 38, 44])
(89326, [1, 2, 3, 9, 12, 15, 16, 17, 19, 26, 32, 35, 37, 40, 41, 43])
(89327, [0, 1, 2, 3, 4, 6, 9, 11, 12, 15, 17, 20, 26, 30, 31, 32, 33, 34, 41, 42, 44])
(89328, [2, 11, 15, 19, 23, 32, 41, 44])
(89329, [1, 7, 15, 19, 26, 32, 43])
(89330, [32, 33])
(89331, [0, 1, 2, 3, 9, 10, 11, 12, 23, 28, 30, 31, 32, 33, 34, 39])
(89332, [1, 2, 3, 4, 5, 6, 7, 8, 11, 13, 15, 17, 18, 20, 21, 23, 24, 26, 29, 30, 32, 33, 34, 36, 38, 40, 41, 42, 43, 44])
(89333, [0, 1, 2, 3, 6, 9, 12, 15, 19, 20, 21, 24, 26, 30, 31, 32, 34, 40, 41, 42, 44])
(89334, [32])
(89335, [18, 35])
(89336, [9, 14, 16, 19, 24, 26, 31, 34, 35, 36, 41, 44])
(89337, [0, 1, 2, 9, 19, 30, 31, 33, 35, 40])
(89338, [35])
(89339, [35])
(89340, [8, 12, 15, 17, 18, 23, 35])
(89341, [18, 35])
(89342, [35])
(89343, [35])
(89344, [35])
(89345, [35])
(89346, [3, 4, 11, 18, 35])
(89347, [35])
(89348, [35])
(89349, [0, 2, 7, 11, 12, 13, 15, 19, 20, 22, 33, 35, 36])
(89350, [2, 8, 35])
(89351, [35])
(89352, [2, 31, 35])
(89353, [0, 1, 2, 3, 4, 5, 8, 9, 10, 11, 12, 14, 16, 17, 18, 19, 21, 23, 26, 30, 31, 33, 34, 35, 37, 39, 40, 41, 44])
(89354, [35])
(89355, [2, 8, 20, 33, 34, 35, 44])
(89356, [4, 35])
(89357, [35])
(89358, [35])
(89359, [18, 23, 35, 43])
(89360, [0, 1, 2, 3, 4, 5, 6, 9, 11, 12, 16, 18, 20, 23, 26, 29, 30, 35, 40, 41, 42])
(89361, [35])
(89362, [2, 26, 28, 35])
(89363, [35])
(89364, [1, 3, 6, 8, 18, 20, 23, 26, 30, 35, 41, 43])
(89365, [0, 2, 3, 18, 19, 21, 26, 30, 33, 35, 38, 43])
(89366, [35])
(89367, [9, 15, 16, 17, 35])
(89368, [7, 35, 43])
(89369, [1, 3, 5, 9, 21, 23, 28, 35, 39, 43])
(89370, [35])
(89371, [10, 35])
(89372, [35])
(89373, [0, 2, 3, 6, 9, 12, 18, 20, 23, 24, 26, 31, 34, 35, 41, 43])
(89374, [10, 35])
(89375, [0, 1, 7, 10, 19, 20, 35])
(89376, [2, 11, 12, 35, 43])
(89377, [35])
(89378, [35])
(89379, [15, 19, 21, 22, 33, 34])
(89380, [34])
(89381, [34])
(89382, [0, 1, 2, 3, 4, 7, 9, 11, 12, 15, 16, 17, 21, 26, 28, 30, 34, 38])
(89383, [34])
(89384, [3, 6, 19, 30, 31, 34, 38, 39])
(89385, [2, 18, 19, 22, 34, 39, 40, 44])
(89386, [1, 3, 18, 34])
(89387, [1, 3, 12, 14, 15, 18, 20, 21, 23, 24, 26, 28, 30, 33, 34])
(89388, [33, 34])
(89389, [0, 2, 11, 12, 24, 26, 34, 43])
(89390, [0, 1, 2, 3, 5, 9, 12, 13, 14, 15, 16, 18, 19, 20, 23, 26, 27, 31, 33, 34, 38, 39, 41, 43, 44])
(89391, [1, 3, 6, 9, 12, 18, 21, 23, 30, 31, 33, 34, 44])
(89392, [0, 2, 3, 7, 17, 19, 21, 30, 34, 41, 44])
(89393, [34])
(89394, [30, 34])
(89395, [1, 3, 9, 11, 12, 21, 23, 34, 41, 42, 43])
(89396, [3, 9, 11, 15, 21, 24, 30, 31, 33, 34])
(89397, [1, 3, 4, 19, 30, 34, 42])
(89398, [0, 7, 12, 34, 36])
(89399, [34])
(89400, [34])
(89401, [34])
(89402, [34])
(89403, [34])
(89404, [34])
(89405, [34])
(89406, [0, 9, 11, 15, 17, 18, 24, 31, 33, 34, 36, 40])
(89407, [0, 3, 7, 9, 12, 19, 27, 31, 34, 42, 44])
(89408, [0, 2, 3, 12, 15, 16, 22, 34])
(89409, [0, 1, 2, 3, 5, 11, 16, 21, 30, 31, 34, 41, 44])
(89410, [1, 2, 3, 7, 9, 11, 12, 14, 15, 16, 17, 24, 26, 30, 31, 33, 34, 41, 43, 44])
(89411, [34])
(89412, [9, 12, 34, 44])
(89413, [1, 2, 4, 19, 26, 33, 34])
(89414, [34])
(89415, [34])
(89416, [1, 2, 3, 4, 7, 8, 9, 11, 12, 15, 16, 17, 18, 19, 21, 22, 23, 24, 26, 29, 30, 31, 33, 34, 41, 42, 43, 44])
(89417, [0, 1, 3, 6, 9, 11, 12, 15, 20, 34])
(89418, [34])
(89419, [9, 11, 34, 41, 43])
(89420, [34])
(89421, [8, 19, 21, 34, 36, 41])
(89422, [34])
(89423, [34])
(89424, [31, 33, 34])
(89425, [2, 12, 15, 34, 40, 41, 44])
(89426, [0, 1, 2, 3, 4, 11, 15, 16, 18, 19, 23, 30, 31, 33, 34, 40, 41, 42])
(89427, [34])
(89428, [15, 26, 34])
(89429, [34])
(89430, [30, 34])
(89431, [34])
(89432, [0, 2, 8, 14, 30, 34, 39])
(89433, [0, 34])
(89434, [0, 1, 2, 3, 11, 12, 16, 18, 19, 20, 26, 34, 41, 43, 44])
(89435, [34])
(89436, [3, 7, 14, 30, 34])
(89437, [34])
(89438, [0, 1, 3, 5, 6, 8, 9, 12, 15, 16, 23, 26, 33, 34, 42, 44])
(89439, [34])
(89440, [34])
(89441, [7, 8, 18, 19, 20, 24, 31, 33, 34, 41])
(89442, [0, 9, 12, 16, 31, 33, 34, 40, 42])
(89443, [3, 12, 31, 34])
(89444, [34])
(89445, [1, 3, 18, 21, 23, 33])
(89446, [23, 33])
(89447, [2, 3, 4, 6, 13, 20, 26, 28, 30, 33, 36, 41])
(89448, [2, 3, 33, 44])
(89449, [33])
(89450, [33])
(89451, [0, 1, 2, 3, 11, 19, 21, 22, 33, 42])
(89452, [1, 3, 12, 15, 17, 19, 33])
(89453, [0, 2, 11, 12, 17, 33, 40, 44])
(89454, [2, 3, 7, 11, 17, 19, 26, 33, 40, 42, 43])
(89455, [33])
(89456, [0, 1, 2, 3, 4, 5, 8, 9, 11, 12, 13, 14, 15, 16, 17, 22, 23, 26, 31, 33, 36, 37, 40, 41, 43, 44])
(89457, [0, 1, 2, 17, 24, 33, 40, 41])
(89458, [0, 1, 2, 3, 5, 7, 9, 11, 12, 16, 19, 21, 22, 23, 26, 29, 33, 38, 42, 44])
(89459, [0, 1, 2, 3, 4, 11, 12, 14, 15, 16, 17, 19, 20, 21, 22, 25, 26, 33, 38, 42, 43])
(89460, [0, 1, 2, 3, 6, 9, 10, 11, 14, 15, 17, 18, 19, 20, 21, 23, 26, 31, 33, 36, 38, 40, 44])
(89461, [33])
(89462, [0, 1, 3, 4, 14, 15, 16, 19, 26, 33, 36, 40, 44])
(89463, [33])
(89464, [0, 2, 3, 6, 8, 9, 13, 14, 17, 19, 24, 26, 31, 33, 40, 41, 43])
(89465, [3, 23, 33])
(89466, [5, 6, 18, 30, 31, 33, 38, 41])
(89467, [33])
(89468, [0, 1, 2, 3, 4, 6, 7, 8, 11, 12, 15, 16, 18, 20, 21, 22, 23, 26, 30, 33, 40, 42, 43, 44])
(89469, [33, 41])
(89470, [19, 30, 33])
(89471, [18, 19, 21, 23, 33, 39, 44])
(89472, [0, 9, 15, 16, 17, 19, 22, 23, 26, 30, 33])
(89473, [1, 2, 3, 4, 7, 11, 14, 15, 19, 22, 26, 30, 31, 33, 36, 38, 44])
(89474, [2, 3, 19, 30, 31, 33])
(89475, [0, 2, 3, 6, 20, 26, 33, 37])
(89476, [0, 4, 11, 14, 18, 26, 33, 41, 43])
(89477, [33])
(89478, [33])
(89479, [2, 15, 33, 43])
(89480, [0, 2, 4, 6, 10, 11, 12, 15, 17, 18, 19, 20, 23, 24, 27, 33, 42, 43])
(89481, [33])
(89482, [4, 6, 7, 9, 10, 12, 16, 18, 19, 26, 30, 33])
(89483, [15, 18, 33, 37, 44])
(89484, [0, 33, 40])
(89485, [23, 33])
(89486, [20, 21])
(89487, [20])
(89488, [1, 2, 3, 4, 5, 7, 11, 12, 16, 17, 20, 21, 22, 26, 28, 29, 36, 38, 40, 42, 43, 44])
(89489, [20])
(89490, [10, 19, 20])
(89491, [0, 2, 3, 5, 7, 9, 10, 14, 16, 19, 20, 22, 37, 44])
(89492, [20])
(89493, [20])
(89494, [12, 20])
(89495, [20])
(89496, [2, 3, 4, 8, 11, 15, 19, 20, 21, 22, 23, 24, 27, 29, 37, 39, 40, 43, 44])
(89497, [2, 11, 15, 20, 30, 31, 43, 44])
(89498, [0, 1, 2, 3, 4, 9, 11, 12, 17, 20])
(89499, [7, 20, 43])
(89500, [1, 3, 12, 20, 23])
(89501, [1, 3, 4, 7, 11, 12, 14, 20, 23])
(89502, [0, 1, 3, 9, 10, 12, 20, 26])
(89503, [1, 15, 17, 20, 25, 26, 41])
(89504, [20])
(89505, [0, 12, 20])
(89506, [20])
(89507, [0, 1, 11, 20, 26, 41, 44])
(89508, [3, 20])
(89509, [18])
(89510, [1, 2, 4, 6, 9, 11, 12, 18, 19, 21, 23, 26, 38, 42, 43, 44])
(89511, [18])
(89512, [18])
(89513, [0, 18])
(89514, [18])
(89515, [18])
(89516, [18])
(89517, [18])
(89518, [18, 19])
(89519, [18])
(89520, [3, 18, 26, 29, 30, 31])
(89521, [18, 26])
(89522, [18])
(89523, [0, 2, 3, 4, 9, 11, 12, 13, 14, 15, 16, 18, 19, 23, 24, 26, 28, 30, 41, 44])
(89524, [18])
(89525, [18])
(89526, [1, 3, 12, 16, 18, 26, 31, 43])
(89527, [1, 3, 13, 17, 18, 24, 40])
(89528, [18, 19, 39])
(89529, [18])
(89530, [4, 18])
(89531, [18])
(89532, [18])
(89533, [18, 26])
(89534, [1, 3, 18, 23, 26, 43])
(89535, [18])
(89536, [18, 23])
(89537, [18, 21, 31, 36, 44])
(89538, [18])
(89539, [18])
(89540, [18])
(89541, [2, 3, 4, 9, 11, 12, 13, 17, 18, 19, 24, 31, 40, 41, 44])
(89542, [18, 21])
(89543, [18])
(89544, [0, 1, 2, 3, 4, 14, 15, 18, 23, 31, 40, 41])
(89545, [5, 8, 18, 19, 23])
(89546, [18])
(89547, [18])
(89548, [0, 18])
(89549, [18])
(89550, [2, 18])
(89551, [2, 18])
(89552, [4, 8, 15, 18, 21, 22, 30, 38])
(89553, [18])
(89554, [18])
(89555, [18])
(89556, [8, 16, 17, 18, 21, 23])
(89557, [18])
(89558, [18])
(89559, [0, 4, 9, 13, 15, 18, 24, 41, 43])
(89560, [18])
(89561, [18])
(89562, [8, 15, 18, 23, 37])
(89563, [18])
(89564, [18])
(89565, [18])
(89566, [18])
(89567, [18])
(89568, [18])
(89569, [18])
(89570, [18])
(89571, [18])
(89572, [18])
(89573, [18])
(89574, [1, 2, 3, 12, 17, 18, 19, 26, 27, 43, 44])
(89575, [18])
(89576, [2, 4, 15, 18, 36, 41, 44])
(89577, [18])
(89578, [0, 12, 15, 18, 23])
(89579, [18])
(89580, [18])
(89581, [9, 18])
(89582, [18])
(89583, [1, 2, 18, 30, 41])
(89584, [1, 3, 18, 21])
(89585, [18])
(89586, [18])
(89587, [18])
(89588, [18])
(89589, [12, 17, 18, 23])
(89590, [1, 18])
(89591, [1, 15, 18, 19, 21])
(89592, [18])
(89593, [2, 12, 23, 26, 27, 31, 43, 44])
(89594, [27])
(89595, [27])
(89596, [0, 6, 12, 13, 14, 15, 16, 19, 24, 26, 27, 31, 43, 44])
(89597, [27])
(89598, [27])
(89599, [27])
(89600, [27])
(89601, [9])
(89602, [9])
(89603, [7, 9, 12, 15, 26, 43])
(89604, [1, 3, 5, 8, 9, 11, 12, 21, 23, 29, 30, 37, 42])
(89605, [9])
(89606, [3, 9, 17, 19, 42, 43, 44])
(89607, [2, 9, 15, 22])
(89608, [1, 8, 9, 12, 44])
(89609, [9])
(89610, [9, 23])
(89611, [0, 9, 23])
(89612, [2, 9, 12, 19, 26, 31])
(89613, [0, 2, 4, 7, 9, 11, 12, 16])
(89614, [6, 9, 12, 15, 26, 36, 41, 43])
(89615, [2, 9])
(89616, [1, 9, 12, 23])
(89617, [9])
(89618, [9])
(89619, [9])
(89620, [9])
(89621, [9, 23, 31])
(89622, [8, 9, 12, 14, 15, 16])
(89623, [9])
(89624, [9, 11, 42])
(89625, [9])
(89626, [9, 12, 23])
(89627, [9])
(89628, [9])
(89629, [9, 12])
(89630, [1, 3, 4, 7, 9, 11, 12, 15, 17, 24, 26, 31])
(89631, [9])
(89632, [9])
(89633, [0, 1, 2, 7, 9, 11, 12, 14, 21, 22, 30, 44])
(89634, [9])
(89635, [9])
(89636, [9])
(89637, [9])
(89638, [9])
(89639, [9, 12])
(89640, [9])
(89641, [3, 9, 11, 14, 16, 17])
(89642, [9, 11])
(89643, [0, 9, 23, 42])
(89644, [0, 2, 9, 11, 19, 28, 40])
(89645, [2, 9, 44])
(89646, [9])
(89647, [9])
(89648, [9])
(89649, [9, 15, 16, 43])
(89650, [2, 5, 8, 9, 10, 12, 21, 22, 23, 36, 43, 44])
(89651, [9])
(89652, [0, 12, 19])
(89653, [0])
(89654, [0])
(89655, [0, 12])
(89656, [0, 12])
(89657, [0])
(89658, [0])
(89659, [0])
(89660, [0])
(89661, [0])
(89662, [0])
(89663, [0])
(89664, [0])
(89665, [0])
(89666, [0])
(89667, [0, 17])
(89668, [0])
(89669, [0])
(89670, [0])
(89671, [0])
(89672, [0])
(89673, [0])
(89674, [0])
(89675, [0])
(89676, [0])
(89677, [0])
(89678, [0])
(89679, [0])
(89680, [0])
(89681, [0])
(89682, [0])
(89683, [0, 3])
(89684, [0, 1, 7, 12, 41])
(89685, [0])
(89686, [0])
(89687, [0, 16, 36])
(89688, [0])
(89689, [0])
(89690, [0])
(89691, [0])
(89692, [0])
(89693, [0])
(89694, [0])
(89695, [0])
(89696, [0])
(89697, [0])
(89698, [0, 1, 12])
(89699, [0])
(89700, [0])
(89701, [0])
(89702, [0])
(89703, [0])
(89704, [0, 1, 16, 22])
(89705, [0, 12])
(89706, [0])
(89707, [0, 23])
(89708, [0])
(89709, [0])
(89710, [0, 4, 12, 44])
(89711, [0, 12])
(89712, [0])
(89713, [0])
(89714, [0])
(89715, [0])
(89716, [0])
(89717, [0])
(89718, [0, 1, 21])
(89719, [0])
(89720, [0])
(89721, [0])
(89722, [0, 12])
(89723, [0, 12, 22])
(89724, [0])
(89725, [0])
(89726, [0])
(89727, [0])
(89728, [0, 12])
(89729, [0])
(89730, [0])
(89731, [0])
(89732, [0])
(89733, [0, 3, 12])
(89734, [0])
(89735, [0])
(89736, [0])
(89737, [0])
(89738, [0])
(89739, [0])
(89740, [0])
(89741, [0])
(89742, [0])
(89743, [0])
(89744, [0])
(89745, [0])
(89746, [0])
(89747, [0])
(89748, [0])
(89749, [0])
(89750, [0])
(89751, [0, 1, 6, 40])
(89752, [0])
(89753, [0])
(89754, [0])
(89755, [0])
(89756, [0])
(89757, [0])
(89758, [0])
(89759, [0])
(89760, [0])
(89761, [0])
(89762, [0, 11])
(89763, [0])
(89764, [0])
(89765, [0])
(89766, [0])
(89767, [0])
(89768, [0, 2, 23])
(89769, [0])
(89770, [0])
(89771, [0])
(89772, [0])
(89773, [0, 1, 3, 7, 12, 14, 17, 42])
(89774, [0])
(89775, [0])
(89776, [0, 26, 31])
(89777, [0])
(89778, [0, 4])
(89779, [0])
(89780, [0])
(89781, [0])
(89782, [0])
(89783, [0])
(89784, [0])
(89785, [0])
(89786, [0])
(89787, [0])
(89788, [0])
(89789, [0])
(89790, [0])
(89791, [0])
(89792, [0])
(89793, [0, 1, 2, 3, 6, 11, 12, 19, 22, 23])
(89794, [0, 3, 12, 44])
(89795, [0])
(89796, [0])
(89797, [0])
(89798, [0])
(89799, [0])
(89800, [0])
(89801, [0, 12])
(89802, [0])
(89803, [0])
(89804, [0])
(89805, [0])
(89806, [0])
(89807, [0, 12, 41])
(89808, [0])
(89809, [0, 12])
(89810, [0])
(89811, [0])
(89812, [0])
(89813, [0])
(89814, [0])
(89815, [0])
(89816, [0])
(89817, [0, 12, 19, 21, 26])
(89818, [0, 12])
(89819, [0, 2, 3, 16, 22, 23])
(89820, [0])
(89821, [0])
(89822, [0])
(89823, [0])
(89824, [0])
(89825, [0, 22])
(89826, [0, 19])
(89827, [0])
(89828, [0])
(89829, [0])
(89830, [0])
(89831, [0, 1, 3, 21])
(89832, [0])
(89833, [0])
(89834, [0, 1, 3])
(89835, [0])
(89836, [0])
(89837, [0])
(89838, [0])
(89839, [0])
(89840, [0])
(89841, [0])
(89842, [0])
(89843, [0])
(89844, [0])
(89845, [0])
(89846, [0])
(89847, [0])
(89848, [0])
(89849, [0])
(89850, [0])
(89851, [0, 19])
(89852, [0])
(89853, [0])
(89854, [0])
(89855, [0])
(89856, [0])
(89857, [0])
(89858, [0])
(89859, [0])
(89860, [0])
(89861, [0])
(89862, [0])
(89863, [0])
(89864, [0])
(89865, [0])
(89866, [0])
(89867, [0])
(89868, [0])
(89869, [0])
(89870, [0, 1, 3, 21, 28])
(89871, [0, 7, 11, 15, 21, 41])
(89872, [0])
(89873, [0])
(89874, [0])
(89875, [0])
(89876, [0, 3, 6])
(89877, [0])
(89878, [0])
(89879, [0])
(89880, [0])
(89881, [0])
(89882, [0])
(89883, [0])
(89884, [0])
(89885, [0])
(89886, [0])
(89887, [0])
(89888, [0])
(89889, [0])
(89890, [0])
(89891, [0])
(89892, [0])
(89893, [0])
(89894, [0])
(89895, [0])
(89896, [0])
(89897, [11])
(89898, [11, 15, 43])
(89899, [3, 7, 11])
(89900, [11])
(89901, [2, 11])
(89902, [1, 3, 7, 11, 12, 16, 17, 26, 31])
(89903, [1, 11])
(89904, [11, 17])
(89905, [11, 17, 39])
(89906, [11])
(89907, [8, 10, 11, 19, 23])
(89908, [8, 11])
(89909, [2, 6, 11, 23])
(89910, [11])
(89911, [11])
(89912, [11, 15])
(89913, [1, 2, 3, 11, 22])
(89914, [1, 3, 4, 11, 26])
(89915, [11])
(89916, [1, 3, 7])
(89917, [7])
(89918, [3, 7, 19, 21, 44])
(89919, [7])
(89920, [7])
(89921, [1, 3, 7, 13, 15, 26, 44])
(89922, [7, 12, 22])
(89923, [7])
(89924, [7])
(89925, [7])
(89926, [7])
(89927, [7])
(89928, [7])
(89929, [7])
(89930, [1, 3, 7])
(89931, [7])
(89932, [7, 23])
(89933, [16, 19, 29, 41, 43])
(89934, [29])
(89935, [3, 16, 29, 44])
(89936, [16])
(89937, [16, 23, 28])
(89938, [6, 12, 16])
(89939, [16, 22])
(89940, [16])
(89941, [3, 16, 21, 23, 26])
(89942, [2, 15, 16, 43])
(89943, [16, 21, 44])
(89944, [16])
(89945, [12, 16, 21])
(89946, [1, 2, 6, 15, 16, 39])
(89947, [16, 31])
(89948, [1, 16, 42])
(89949, [16])
(89950, [16])
(89951, [42])
(89952, [42])
(89953, [1, 3, 6, 12, 13, 26])
(89954, [6])
(89955, [6])
(89956, [3, 4, 6, 43])
(89957, [6, 22])
(89958, [6])
(89959, [6, 23])
(89960, [6, 23, 31, 43, 44])
(89961, [6])
(89962, [6])
(89963, [6])
(89964, [28])
(89965, [28])
(89966, [28, 36])
(89967, [28])
(89968, [28])
(89969, [17])
(89970, [17])
(89971, [2, 17, 19])
(89972, [17])
(89973, [17])
(89974, [17])
(89975, [8, 17])
(89976, [17])
(89977, [3, 4, 17])
(89978, [17])
(89979, [17])
(89980, [2, 14, 17])
(89981, [17])
(89982, [17])
(89983, [17, 19, 21, 31])
(89984, [17])
(89985, [17])
(89986, [17])
(89987, [17])
(89988, [17, 19, 41])
(89989, [17, 41])
(89990, [1])
(89991, [1])
(89992, [1, 23])
(89993, [1, 15, 21])
(89994, [1, 3, 21])
(89995, [1, 2, 3, 4, 19, 23, 26, 41])
(89996, [1, 3])
(89997, [1])
(89998, [1, 3, 21])
(89999, [1, 3, 4, 19, 37])
(90000, [1, 3, 12, 21, 23, 44])
(90001, [1, 3, 15, 19, 21, 22, 30, 37, 43])
(90002, [1])
(90003, [1])
(90004, [1])
(90005, [1, 12, 41])
(90006, [1, 3])
(90007, [1, 2, 23, 41, 43])
(90008, [1])
(90009, [1])
(90010, [1, 3, 12, 23, 31])
(90011, [1, 19])
(90012, [1])
(90013, [1])
(90014, [1])
(90015, [1])
(90016, [1])
(90017, [1])
(90018, [1])
(90019, [1, 2, 3, 5])
(90020, [1])
(90021, [1, 40])
(90022, [1, 44])
(90023, [1])
(90024, [1])
(90025, [1])
(90026, [1, 3, 4, 22, 38])
(90027, [1, 2, 4, 12, 15, 43])
(90028, [1])
(90029, [1, 2, 15])
(90030, [1])
(90031, [1])
(90032, [1])
(90033, [1])
(90034, [1, 3, 19, 37, 44])
(90035, [1])
(90036, [10])
(90037, [10])
(90038, [2, 10])
(90039, [3, 10, 19])
(90040, [10])
(90041, [10])
(90042, [2, 3, 10])
(90043, [2, 10, 12, 25, 41])
(90044, [10])
(90045, [10])
(90046, [10, 12])
(90047, [4, 10, 14, 26, 40, 41, 43])
(90048, [10])
(90049, [10, 14])
(90050, [10])
(90051, [10])
(90052, [10])
(90053, [10])
(90054, [10])
(90055, [19, 39])
(90056, [19])
(90057, [14, 19])
(90058, [2, 19, 40])
(90059, [4, 12, 15, 19, 40, 43])
(90060, [19])
(90061, [19])
(90062, [19])
(90063, [19])
(90064, [15, 19])
(90065, [19, 23])
(90066, [19])
(90067, [19])
(90068, [19])
(90069, [8, 19, 21, 23, 43])
(90070, [3, 19])
(90071, [19])
(90072, [2, 19, 39])
(90073, [26, 41])
(90074, [26])
(90075, [2, 26])
(90076, [26, 41])
(90077, [26])
(90078, [2, 26])
(90079, [26])
(90080, [26])
(90081, [2, 13, 26, 41])
(90082, [12, 26])
(90083, [26])
(90084, [26])
(90085, [26])
(90086, [5, 26])
(90087, [12, 26, 43, 44])
(90088, [26])
(90089, [26])
(90090, [2, 26])
(90091, [2, 21, 24, 26])
(90092, [26])
(90093, [26])
(90094, [26, 43])
(90095, [8, 22])
(90096, [8])
(90097, [3, 5, 8, 23])
(90098, [8])
(90099, [8, 37])
(90100, [5, 8])
(90101, [8])
(90102, [8])
(90103, [8])
(90104, [8])
(90105, [8])
(90106, [8])
(90107, [8])
(90108, [8])
(90109, [2, 8])
(90110, [8, 12])
(90111, [8])
(90112, [5, 8])
(90113, [21])
(90114, [2, 12, 21, 23])
(90115, [3, 21, 30])
(90116, [21])
(90117, [21])
(90118, [21])
(90119, [21])
(90120, [21, 23])
(90121, [21])
(90122, [21])
(90123, [12, 21])
(90124, [21])
(90125, [15, 21, 44])
(90126, [21])
(90127, [21])
(90128, [21])
(90129, [21])
(90130, [21])
(90131, [21])
(90132, [21])
(90133, [21])
(90134, [21])
(90135, [21, 22, 40])
(90136, [21])
(90137, [21])
(90138, [21])
(90139, [21])
(90140, [21])
(90141, [21])
(90142, [21])
(90143, [21])
(90144, [3, 21])
(90145, [21])
(90146, [21])
(90147, [21])
(90148, [21])
(90149, [21])
(90150, [21])
(90151, [21])
(90152, [21])
(90153, [21])
(90154, [21, 44])
(90155, [21])
(90156, [21])
(90157, [21])
(90158, [21])
(90159, [21])
(90160, [21])
(90161, [21])
(90162, [44])
(90163, [44])
(90164, [2, 43, 44])
(90165, [44])
(90166, [2, 12, 23, 43, 44])
(90167, [44])
(90168, [44])
(90169, [44])
(90170, [44])
(90171, [44])
(90172, [44])
(90173, [44])
(90174, [44])
(90175, [3, 44])
(90176, [39, 44])
(90177, [43])
(90178, [43])
(90179, [43])
(90180, [12, 43])
(90181, [43])
(90182, [43])
(90183, [43])
(90184, [43])
(90185, [43])
(90186, [43])
(90187, [43])
(90188, [43])
(90189, [43])
(90190, [43])
(90191, [43])
(90192, [43])
(90193, [43])
(90194, [43])
(90195, [2, 43])
(90196, [3, 23, 43])
(90197, [43])
(90198, [43])
(90199, [43])
(90200, [43])
(90201, [43])
(90202, [38])
(90203, [38])
(90204, [2, 38])
(90205, [36])
(90206, [36])
(90207, [36])
(90208, [36])
(90209, [36])
(90210, [3, 24, 36])
(90211, [36])
(90212, [14, 36])
(90213, [36])
(90214, [36])
(90215, [36])
(90216, [36])
(90217, [36])
(90218, [36])
(90219, [14, 36])
(90220, [36])
(90221, [36])
(90222, [36])
(90223, [36])
(90224, [36])
(90225, [36])
(90226, [36])
(90227, [36])
(90228, [36])
(90229, [36])
(90230, [36])
(90231, [36])
(90232, [36])
(90233, [31])
(90234, [31])
(90235, [15, 31])
(90236, [12, 31])
(90237, [31])
(90238, [31])
(90239, [2, 4, 31])
(90240, [31])
(90241, [31])
(90242, [31])
(90243, [31])
(90244, [31])
(90245, [2, 23, 31])
(90246, [30])
(90247, [30])
(90248, [30])
(90249, [30])
(90250, [30])
(90251, [2, 30])
(90252, [30])
(90253, [12, 37])
(90254, [39])
(90255, [39])
(90256, [14, 39])
(90257, [39])
(90258, [39])
(90259, [39])
(90260, [3, 39])
(90261, [3, 39])
(90262, [39])
(90263, [2, 12, 41])
(90264, [41])
(90265, [41])
(90266, [2, 41])
(90267, [41])
(90268, [41])
(90269, [41])
(90270, [41])
(90271, [41])
(90272, [41])
(90273, [41])
(90274, [41])
(90275, [2, 14, 41])
(90276, [41])
(90277, [4, 24])
(90278, [24])
(90279, [24])
(90280, [24])
(90281, [23])
(90282, [23])
(90283, [23])
(90284, [23])
(90285, [23])
(90286, [2, 23])
(90287, [23])
(90288, [23])
(90289, [23])
(90290, [23])
(90291, [23])
(90292, [3, 23])
(90293, [23])
(90294, [23])
(90295, [23])
(90296, [23])
(90297, [23])
(90298, [23])
(90299, [23])
(90300, [14, 23])
(90301, [23])
(90302, [23])
(90303, [23])
(90304, [23])
(90305, [23])
(90306, [23])
(90307, [23])
(90308, [23])
(90309, [3, 23])
(90310, [23])
(90311, [23])
(90312, [23])
(90313, [23])
(90314, [23])
(90315, [23])
(90316, [23])
(90317, [23])
(90318, [23])
(90319, [23])
(90320, [23])
(90321, [23])
(90322, [4])
(90323, [4])
(90324, [4])
(90325, [4])
(90326, [4])
(90327, [4])
(90328, [4])
(90329, [4])
(90330, [4])
(90331, [4])
(90332, [4])
(90333, [4])
(90334, [4])
(90335, [4])
(90336, [4, 14])
(90337, [4])
(90338, [3, 4, 22, 40])
(90339, [4])
(90340, [4])
(90341, [4])
(90342, [2, 4])
(90343, [4])
(90344, [4])
(90345, [4])
(90346, [4])
(90347, [4])
(90348, [4])
(90349, [15])
(90350, [15])
(90351, [15])
(90352, [15])
(90353, [15])
(90354, [15])
(90355, [15])
(90356, [3, 15])
(90357, [15])
(90358, [15])
(90359, [15])
(90360, [15])
(90361, [15])
(90362, [15])
(90363, [15])
(90364, [15])
(90365, [15])
(90366, [15])
(90367, [3])
(90368, [3])
(90369, [3])
(90370, [3])
(90371, [3, 12])
(90372, [3])
(90373, [3])
(90374, [3])
(90375, [2, 3])
(90376, [3])
(90377, [3])
(90378, [3])
(90379, [3])
(90380, [3])
(90381, [3])
(90382, [3])
(90383, [3, 12])
(90384, [3])
(90385, [3])
(90386, [3])
(90387, [3])
(90388, [3])
(90389, [3])
(90390, [3])
(90391, [2, 3])
(90392, [3])
(90393, [3, 12])
(90394, [3])
(90395, [3])
(90396, [12])
(90397, [12])
(90398, [12])
(90399, [12])
(90400, [12])
(90401, [12])
(90402, [12])
(90403, [12])
(90404, [12])
(90405, [12])
(90406, [12])
(90407, [12])
(90408, [12])
(90409, [12])
(90410, [12])
(90411, [12])
(90412, [12])
(90413, [12])
(90414, [12])
(90415, [12])
(90416, [12])
(90417, [12])
(90418, [12])
(90419, [12])
(90420, [12])
(90421, [12])
(90422, [12])
(90423, [12])
(90424, [2, 12])
(90425, [12])
(90426, [12])
(90427, [12])
(90428, [12])
(90429, [12])
(90430, [12])
(90431, [12])
(90432, [12])
(90433, [12])
(90434, [12])
(90435, [12])
(90436, [12])
(90437, [12])
(90438, [12])
(90439, [12])
(90440, [12])
(90441, [12])
(90442, [12])
(90443, [12])
(90444, [12])
(90445, [12])
(90446, [12])
(90447, [12])
(90448, [12])
(90449, [12])
(90450, [12])
(90451, [12])
(90452, [12])
(90453, [12])
(90454, [40])
(90455, [40])
(90456, [40])
(90457, [40])
(90458, [40])
(90459, [40])
(90460, [2])
(90461, [2])
(90462, [2])
(90463, [2])
(90464, [2])
(90465, [2])
(90466, [2])
(90467, [2, 14])
(90468, [2])
(90469, [2])
(90470, [2])
(90471, [2])
(90472, [2])
(90473, [2])
(90474, [2])
(90475, [2])
(90476, [2])
(90477, [2])
(90478, [2])
(90479, [2])
(90480, [2])
(90481, [2])
(90482, [2])
(90483, [2])
(90484, [2])
(90485, [2])
(90486, [2])
(90487, [2])
(90488, [2])
(90489, [2])
(90490, [2])
(90491, [2])
(90492, [2])
(90493, [2])
(90494, [2])
(90495, [2])
(90496, [2])
(90497, [2])
(90498, [2])
(90499, [2])
(90500, [2])
(90501, [2])
(90502, [2])
(90503, [2])
(90504, [2])
(90505, [2])
(90506, [2])
(90507, [2])
(90508, [2, 14])
(90509, [2])
(90510, [2])
(90511, [2])
(90512, [2])
(90513, [2])
(90514, [2])
(90515, [2])
(90516, [2])
(90517, [2])
(90518, [2])
(90519, [2])
(90520, [2])
(90521, [2])
(90522, [2])
(90523, [2])
(90524, [2])
(90525, [2])
(90526, [2])
(90527, [2])
(90528, [2])
(90529, [2])
(90530, [13])
(90531, [13])
(90532, [13])
(90533, [13])
(90534, [13])
(90535, [13])
(90536, [13])
(90537, [5])
(90538, [5])
(90539, [5])
(90540, [5])
(90541, [5])
(90542, [5])
(90543, [14])
(90544, [14])
(90545, [14])
(90546, [14])
(90547, [14])
(90548, [14])
(90549, [14])
(90550, [14])
(90551, [14])
(90552, [14])
(90553, [14])
(90554, [14])
(90555, [14])
(90556, [14])
(90557, [14])
(90558, [14])
(90559, [14])
(90560, [14])
(90561, [14])
(90562, [14])
(90563, [14])
(90564, [14])
(90565, [14])
(90566, [14])
(90567, [14])
(90568, [14])
(90569, [22])
(90570, [22])
(90571, [22])
(90572, [22])
(90573, [22])
(90574, [22])
(90575, [22])
(90576, [22])
(90577, [22])
(90578, [22])
(90579, [22])
(90580, [25])
