(63073, [0, 1, 2, 3, 4, 6, 7, 8, 9, 12, 13, 14, 15, 18, 19, 21, 22, 23, 24, 26, 27, 28, 29, 30, 31, 32, 33, 34, 38, 39, 40, 42, 43, 44])
(63074, [0, 1, 2, 3, 4, 5, 6, 7, 8, 9, 10, 11, 12, 13, 14, 15, 16, 17, 18, 19, 20, 21, 22, 23, 24, 25, 26, 27, 28, 29, 30, 31, 32, 33, 34, 35, 36, 37, 38, 39, 40, 41, 42, 43, 44])
(63075, [0, 1, 2, 3, 4, 5, 6, 7, 8, 9, 10, 11, 12, 13, 14, 15, 16, 17, 18, 19, 20, 21, 22, 23, 24, 25, 26, 27, 28, 29, 30, 31, 32, 33, 34, 35, 36, 37, 38, 39, 40, 41, 42, 43, 44])
(63076, [2, 8, 12, 14, 15, 17, 18, 23, 32, 35])
(63077, [0, 1, 2, 3, 4, 5, 6, 7, 8, 9, 10, 11, 12, 13, 14, 15, 16, 17, 18, 19, 20, 21, 22, 23, 24, 25, 26, 27, 28, 29, 30, 31, 32, 33, 34, 35, 36, 37, 38, 39, 40, 41, 42, 43, 44])
(63078, [0, 1, 2, 3, 4, 5, 6, 7, 8, 9, 10, 11, 12, 13, 14, 15, 16, 17, 18, 19, 20, 21, 22, 23, 24, 25, 26, 27, 28, 29, 30, 31, 32, 33, 34, 35, 36, 37, 38, 39, 40, 41, 42, 43, 44])
(63079, [0, 1, 2, 3, 4, 5, 6, 7, 8, 9, 10, 11, 12, 13, 14, 15, 16, 17, 18, 19, 20, 21, 22, 23, 24, 25, 26, 27, 28, 29, 30, 31, 32, 33, 34, 35, 36, 37, 38, 39, 40, 41, 42, 43, 44])
(63080, [0, 1, 2, 3, 4, 5, 6, 7, 8, 9, 10, 11, 12, 13, 14, 15, 16, 17, 18, 19, 20, 21, 22, 23, 24, 25, 26, 27, 28, 29, 30, 31, 32, 33, 34, 35, 36, 37, 38, 39, 40, 41, 42, 43, 44])
(63081, [0, 1, 2, 3, 4, 5, 6, 7, 8, 9, 10, 11, 12, 13, 14, 15, 16, 17, 18, 19, 20, 21, 22, 23, 24, 25, 26, 27, 28, 29, 30, 31, 32, 33, 34, 35, 36, 37, 38, 39, 40, 41, 42, 43, 44])
(63082, [1, 2, 3, 4, 5, 6, 7, 9, 11, 12, 14, 15, 16, 17, 19, 20, 21, 22, 23, 25, 26, 27, 30, 31, 32, 33, 34, 35, 37, 38, 40, 41, 42, 43, 44])
(63083, [0, 1, 3, 4, 7, 9, 10, 11, 12, 13, 15, 17, 18, 19, 20, 21, 22, 23, 26, 30, 31, 32, 33, 34, 38, 40, 41, 44])
(63084, [0, 1, 2, 3, 4, 6, 7, 8, 9, 11, 12, 13, 14, 15, 16, 18, 19, 20, 21, 22, 23, 24, 26, 27, 29, 30, 32, 33, 34, 35, 38, 40, 41, 42, 43, 44])
(63085, [0, 1, 2, 3, 4, 6, 7, 8, 9, 10, 11, 12, 13, 14, 15, 16, 17, 18, 19, 21, 22, 23, 24, 25, 26, 28, 29, 30, 31, 32, 33, 34, 35, 36, 37, 38, 40, 41, 42, 43, 44])
(63086, [0, 1, 2, 3, 4, 6, 8, 9, 10, 11, 12, 14, 15, 17, 19, 23, 24, 25, 26, 27, 30, 31, 32, 33, 34, 35, 36, 39, 40, 41, 43, 44])
(63087, [0, 1, 2, 3, 7, 8, 9, 11, 12, 14, 15, 16, 17, 21, 22, 30, 31, 32, 33, 34, 41, 43, 44])
(63088, [0, 1, 2, 3, 4, 6, 9, 11, 12, 13, 14, 15, 16, 17, 18, 19, 21, 22, 23, 24, 25, 26, 27, 29, 30, 31, 32, 33, 34, 36, 38, 39, 40, 41, 43, 44])
(63089, [1, 2, 3, 9, 12, 30, 31, 32, 34, 40, 41])
(63090, [1, 3, 4, 6, 7, 8, 13, 18, 21, 22, 23, 26, 30, 31, 32, 34, 42, 43])
(63091, [1, 2, 3, 4, 6, 9, 11, 12, 13, 15, 18, 19, 21, 23, 24, 30, 31, 32, 34, 38, 40, 41])
(63092, [8, 11, 12, 18, 21, 30, 31, 32, 33, 35])
(63093, [0, 1, 2, 3, 4, 6, 7, 9, 11, 12, 13, 15, 16, 17, 18, 19, 20, 21, 22, 23, 24, 26, 30, 31, 32, 33, 34, 36, 37, 38, 39, 40, 41, 42, 43, 44])
(63094, [0, 1, 2, 3, 5, 6, 8, 12, 15, 19, 20, 32, 35, 37, 41])
(63095, [0, 1, 3, 8, 9, 32])
(63096, [0, 1, 2, 3, 4, 5, 6, 7, 8, 9, 11, 12, 13, 14, 15, 16, 17, 18, 19, 21, 22, 23, 24, 25, 26, 28, 30, 31, 32, 33, 34, 35, 36, 38, 39, 40, 41, 42, 43, 44])
(63097, [0, 2, 4, 12, 14, 18, 26, 30, 32, 33, 40, 43])
(63098, [0, 1, 2, 3, 4, 7, 9, 11, 12, 13, 14, 15, 16, 17, 18, 19, 20, 21, 22, 23, 24, 26, 27, 28, 30, 31, 32, 33, 34, 35, 36, 39, 40, 41, 42, 43, 44])
(63099, [0, 1, 2, 3, 4, 5, 6, 7, 8, 9, 10, 11, 12, 13, 15, 16, 17, 18, 19, 20, 21, 23, 24, 26, 27, 30, 31, 32, 33, 34, 35, 39, 41, 43, 44])
(63100, [0, 1, 2, 3, 4, 5, 6, 8, 9, 11, 12, 13, 14, 15, 17, 18, 19, 21, 22, 23, 24, 26, 27, 29, 30, 31, 32, 33, 34, 36, 37, 38, 39, 40, 41, 43, 44])
(63101, [0, 1, 2, 3, 4, 6, 7, 8, 9, 11, 12, 13, 14, 15, 16, 17, 18, 19, 20, 21, 23, 24, 25, 26, 27, 28, 29, 30, 31, 32, 33, 34, 35, 36, 37, 39, 40, 41, 42, 43, 44])
(63102, [0, 1, 2, 3, 4, 5, 6, 7, 8, 9, 10, 11, 12, 15, 18, 19, 21, 22, 23, 26, 27, 30, 31, 32, 33, 34, 35, 38, 39, 40, 41, 42, 43, 44])
(63103, [1, 3, 15, 30, 32, 43])
(63104, [2, 3, 4, 11, 19, 21, 24, 26, 32, 33])
(63105, [0, 1, 4, 14, 15, 30, 32])
(63106, [0, 1, 2, 3, 6, 9, 11, 12, 13, 20, 26, 32, 33, 34, 41, 42, 43])
(63107, [2, 4, 6, 9, 14, 17, 24, 26, 30, 31, 32, 33, 34, 41, 43])
(63108, [1, 6, 15, 16, 21, 31, 32])
(63109, [1, 2, 3, 4, 5, 6, 7, 8, 9, 11, 12, 13, 14, 15, 16, 17, 18, 19, 20, 21, 22, 23, 24, 26, 29, 30, 31, 32, 33, 34, 35, 36, 37, 38, 39, 40, 41, 43, 44])
(63110, [2, 3, 6, 7, 8, 9, 11, 12, 15, 16, 17, 19, 21, 24, 26, 28, 30, 31, 32, 33, 34, 37, 41, 43])
(63111, [3, 16, 19, 21, 26, 32, 44])
(63112, [2, 7, 12, 14, 17, 18, 19, 23, 26, 30, 31, 32, 33, 39, 43, 44])
(63113, [0, 1, 2, 3, 4, 5, 8, 9, 11, 13, 14, 15, 16, 17, 18, 21, 22, 25, 26, 30, 31, 32, 33, 34, 35, 36, 37, 40, 41, 43, 44])
(63114, [1, 2, 3, 4, 9, 15, 16, 19, 26, 32])
(63115, [0, 1, 2, 3, 7, 8, 11, 13, 14, 15, 16, 17, 18, 22, 23, 27, 30, 31, 32, 33, 34, 41, 42, 43])
(63116, [0, 1, 2, 3, 4, 7, 10, 11, 13, 15, 18, 19, 21, 23, 26, 31, 32, 33, 35, 44])
(63117, [0, 1, 2, 3, 4, 5, 8, 9, 11, 12, 15, 17, 18, 19, 21, 22, 23, 24, 26, 27, 30, 32, 33, 34, 39, 40, 41, 42, 43, 44])
(63118, [2, 19, 24, 32, 36, 40, 43])
(63119, [2, 4, 11, 12, 13, 15, 16, 17, 31, 32, 33, 41, 44])
(63120, [0, 1, 3, 4, 5, 8, 10, 11, 14, 16, 19, 21, 24, 30, 31, 32, 33, 34, 41, 43, 44])
(63121, [0, 1, 2, 3, 4, 5, 6, 7, 8, 9, 11, 12, 13, 14, 15, 16, 17, 18, 19, 20, 23, 24, 25, 26, 28, 30, 31, 32, 33, 34, 35, 37, 40, 41, 42, 43, 44])
(63122, [2, 3, 7, 18, 20, 30, 31, 32, 33, 43])
(63123, [32])
(63124, [11, 15, 23, 32, 33])
(63125, [0, 1, 2, 3, 4, 6, 7, 10, 11, 12, 13, 17, 18, 20, 21, 23, 24, 26, 28, 31, 32, 33, 34, 37, 41, 43])
(63126, [0, 1, 2, 3, 7, 9, 11, 12, 13, 14, 15, 17, 20, 23, 24, 25, 26, 28, 31, 32, 33, 34, 36, 40, 41, 43, 44])
(63127, [1, 2, 4, 14, 15, 17, 19, 26, 32, 34, 44])
(63128, [1, 2, 3, 4, 9, 11, 13, 15, 17, 18, 19, 23, 24, 30, 31, 32, 33, 34, 40, 41, 43, 44])
(63129, [32])
(63130, [0, 1, 2, 3, 4, 6, 7, 8, 9, 11, 12, 13, 14, 15, 16, 17, 18, 19, 20, 21, 22, 23, 24, 26, 28, 29, 31, 32, 33, 36, 39, 40, 41, 42, 43, 44])
(63131, [1, 2, 3, 4, 6, 7, 9, 11, 12, 13, 14, 15, 17, 18, 19, 22, 23, 24, 30, 31, 32, 34, 35, 38, 39, 40, 41, 43, 44])
(63132, [1, 2, 3, 4, 5, 6, 7, 8, 9, 11, 12, 15, 17, 18, 19, 20, 23, 30, 31, 32, 33, 34, 39, 43])
(63133, [0, 1, 5, 6, 9, 13, 14, 18, 24, 32, 35, 37])
(63134, [1, 2, 11, 18, 21, 23, 32])
(63135, [2, 6, 14, 15, 17, 24, 32, 41, 43])
(63136, [1, 2, 3, 6, 17, 26, 31, 32, 34, 43, 44])
(63137, [0, 1, 2, 3, 4, 5, 6, 7, 8, 9, 11, 12, 13, 14, 15, 16, 17, 18, 19, 20, 21, 23, 25, 26, 27, 30, 31, 32, 33, 34, 35, 38, 41, 42, 43, 44])
(63138, [23, 32])
(63139, [0, 1, 2, 3, 4, 5, 6, 7, 8, 9, 10, 11, 12, 13, 14, 15, 16, 17, 18, 19, 20, 21, 22, 23, 24, 25, 26, 30, 31, 32, 33, 34, 35, 36, 38, 39, 40, 41, 42, 43, 44])
(63140, [0, 1, 2, 4, 6, 7, 9, 11, 12, 13, 14, 15, 18, 19, 20, 21, 22, 23, 24, 26, 28, 30, 31, 32, 33, 36, 39, 41, 43, 44])
(63141, [1, 3, 8, 19, 21, 31, 32])
(63142, [0, 2, 3, 7, 9, 12, 16, 30, 32, 33, 39, 42, 44])
(63143, [0, 2, 14, 15, 17, 18, 23, 24, 26, 28, 30, 31, 32, 34, 41])
(63144, [0, 8, 11, 17, 18, 19, 23, 26, 27, 32, 41, 42])
(63145, [0, 1, 2, 3, 4, 7, 9, 11, 12, 16, 17, 18, 19, 20, 22, 23, 25, 28, 30, 31, 32, 33, 34, 40, 41, 42])
(63146, [0, 1, 2, 3, 4, 5, 6, 7, 9, 11, 12, 13, 15, 16, 17, 18, 19, 20, 21, 22, 23, 24, 26, 28, 31, 32, 33, 34, 35, 37, 40, 41, 42, 43, 44])
(63147, [0, 1, 2, 3, 4, 6, 7, 9, 11, 12, 13, 14, 17, 18, 19, 20, 23, 26, 28, 30, 31, 32, 33, 34, 35, 37, 41, 42, 43])
(63148, [3, 6, 7, 9, 15, 18, 23, 28, 31, 32, 35])
(63149, [21, 26, 27, 32, 41])
(63150, [2, 4, 5, 6, 8, 10, 12, 14, 15, 19, 23, 26, 30, 32, 34, 35, 41, 43])
(63151, [1, 4, 9, 14, 15, 19, 21, 23, 32])
(63152, [0, 1, 2, 3, 4, 6, 14, 15, 21, 26, 27, 30, 32])
(63153, [3, 6, 11, 18, 23, 24, 30, 31, 32, 33, 34, 40, 41, 43])
(63154, [2, 3, 9, 12, 22, 31, 32, 34, 40])
(63155, [1, 2, 4, 9, 16, 18, 19, 23, 26, 29, 31, 32, 33, 43])
(63156, [0, 1, 2, 4, 6, 9, 11, 12, 14, 15, 16, 17, 26, 28, 30, 31, 32, 33, 34, 36, 41, 43, 44])
(63157, [0, 5, 9, 13, 18, 19, 20, 23, 26, 32, 41, 43])
(63158, [1, 3, 4, 8, 9, 11, 22, 23, 32])
(63159, [32])
(63160, [0, 1, 3, 4, 6, 7, 9, 12, 14, 15, 16, 18, 21, 22, 23, 30, 31, 32, 35, 37, 38, 40, 42, 44])
(63161, [27, 32])
(63162, [0, 1, 2, 3, 6, 12, 15, 18, 19, 20, 21, 24, 25, 26, 27, 29, 32, 34, 36, 39, 44])
(63163, [0, 1, 2, 4, 7, 9, 11, 12, 15, 16, 25, 26, 31, 32, 40, 44])
(63164, [1, 3, 18, 32, 35, 44])
(63165, [0, 1, 2, 3, 4, 7, 9, 11, 12, 15, 16, 17, 18, 19, 20, 21, 23, 24, 26, 27, 30, 31, 32, 38, 39, 41, 42, 43, 44])
(63166, [7, 22, 32])
(63167, [0, 1, 2, 3, 5, 7, 9, 10, 11, 12, 16, 17, 19, 21, 23, 24, 26, 27, 29, 30, 31, 32, 33, 34, 37, 38, 41, 42, 43, 44])
(63168, [0, 1, 2, 3, 5, 6, 10, 12, 13, 15, 16, 19, 20, 21, 26, 31, 32, 33, 34, 41, 44])
(63169, [1, 3, 31, 32, 42])
(63170, [1, 3, 9, 10, 12, 15, 16, 19, 21, 26, 30, 31, 32, 40, 43, 44])
(63171, [0, 1, 2, 3, 7, 9, 11, 12, 13, 14, 16, 17, 19, 20, 21, 24, 26, 28, 31, 32, 33, 34, 36, 40, 41, 43, 44])
(63172, [0, 2, 6, 12, 15, 17, 19, 24, 31, 32, 33, 34, 40, 41, 43])
(63173, [0, 1, 2, 3, 4, 6, 8, 9, 11, 14, 15, 16, 17, 19, 20, 21, 22, 23, 24, 26, 27, 28, 30, 31, 32, 33, 34, 35, 36, 38, 40, 41, 42, 43, 44])
(63174, [0, 7, 9, 16, 19, 32, 36, 44])
(63175, [0, 2, 12, 14, 26, 30, 32, 34, 40, 44])
(63176, [0, 1, 2, 3, 4, 5, 6, 7, 8, 9, 10, 11, 12, 13, 14, 15, 16, 17, 18, 19, 20, 21, 22, 23, 24, 25, 26, 27, 28, 29, 30, 31, 32, 33, 34, 35, 36, 37, 38, 39, 40, 41, 42, 43, 44])
(63177, [32])
(63178, [0, 2, 9, 11, 12, 14, 15, 20, 24, 30, 32, 33, 34, 41, 44])
(63179, [1, 2, 3, 4, 5, 6, 7, 11, 12, 15, 18, 23, 26, 30, 31, 32, 33, 34, 35, 43])
(63180, [0, 1, 2, 3, 4, 5, 6, 7, 9, 10, 11, 12, 16, 17, 18, 19, 21, 22, 23, 26, 31, 32, 35, 39, 40, 43, 44])
(63181, [2, 4, 6, 9, 11, 14, 17, 20, 24, 25, 32, 33, 34, 43, 44])
(63182, [2, 11, 30, 32, 33, 41, 44])
(63183, [32])
(63184, [1, 2, 3, 4, 6, 12, 18, 19, 21, 22, 26, 31, 32, 33, 35, 37, 39, 41, 43, 44])
(63185, [1, 3, 6, 7, 11, 12, 15, 17, 24, 26, 30, 32, 42, 43, 44])
(63186, [2, 30, 32, 33, 42])
(63187, [1, 2, 3, 4, 9, 11, 13, 14, 15, 16, 17, 19, 24, 30, 31, 32, 33, 34, 36, 40, 41])
(63188, [2, 9, 11, 14, 15, 26, 30, 32, 33, 34, 36, 40, 41, 43])
(63189, [32])
(63190, [0, 1, 3, 9, 32, 34, 38, 43])
(63191, [32])
(63192, [1, 2, 3, 8, 9, 11, 16, 17, 19, 20, 21, 31, 33, 34, 35, 43, 44])
(63193, [0, 1, 3, 4, 7, 8, 10, 11, 12, 13, 15, 18, 19, 20, 21, 22, 29, 31, 35, 37, 39, 42, 44])
(63194, [0, 2, 6, 18, 21, 33, 34, 35, 44])
(63195, [1, 3, 8, 9, 12, 16, 18, 19, 23, 30, 31, 33, 34, 35, 41, 42, 44])
(63196, [35])
(63197, [0, 2, 3, 6, 9, 11, 13, 15, 19, 22, 30, 31, 33, 35, 37, 39, 41, 43, 44])
(63198, [35])
(63199, [0, 1, 2, 3, 4, 6, 10, 11, 12, 14, 15, 16, 17, 19, 20, 22, 23, 24, 25, 26, 30, 31, 33, 35, 43])
(63200, [35])
(63201, [35])
(63202, [0, 2, 9, 10, 12, 15, 17, 20, 31, 33, 34, 35, 42])
(63203, [35])
(63204, [0, 1, 2, 6, 12, 18, 23, 26, 33, 35, 40])
(63205, [35])
(63206, [0, 1, 2, 3, 5, 7, 10, 11, 12, 13, 16, 18, 20, 21, 23, 25, 34, 35, 37, 42, 43, 44])
(63207, [0, 1, 3, 6, 8, 12, 18, 20, 23, 29, 35])
(63208, [35])
(63209, [0, 1, 2, 3, 6, 12, 26, 35, 41])
(63210, [2, 12, 26, 31, 35, 41, 43])
(63211, [35])
(63212, [15, 26, 35])
(63213, [0, 1, 2, 3, 4, 6, 7, 8, 9, 11, 12, 15, 16, 18, 19, 20, 21, 22, 23, 24, 30, 31, 34, 35, 36, 37, 39, 40, 42, 43, 44])
(63214, [0, 2, 3, 6, 9, 12, 18, 20, 28, 31, 33, 34, 35, 41, 44])
(63215, [35])
(63216, [0, 1, 3, 4, 9, 11, 12, 13, 16, 19, 20, 21, 22, 23, 26, 28, 30, 31, 33, 35, 37, 41, 42])
(63217, [35])
(63218, [35])
(63219, [3, 12, 16, 20, 35, 42])
(63220, [1, 2, 3, 4, 6, 15, 19, 23, 35, 43])
(63221, [18, 19, 23, 30, 35, 43])
(63222, [35])
(63223, [1, 11, 15, 21, 33, 35, 43])
(63224, [34])
(63225, [1, 3, 7, 9, 10, 11, 12, 18, 19, 20, 21, 22, 23, 30, 31, 33, 34, 38, 39, 43])
(63226, [18, 34])
(63227, [34])
(63228, [34])
(63229, [0, 1, 2, 3, 6, 11, 12, 18, 19, 20, 23, 26, 33, 34, 36, 39, 41, 43])
(63230, [0, 6, 13, 26, 33, 34, 41, 42])
(63231, [0, 1, 2, 3, 9, 11, 14, 17, 19, 20, 25, 33, 34, 38, 41, 42, 43, 44])
(63232, [31, 34])
(63233, [34])
(63234, [1, 2, 3, 6, 11, 15, 19, 21, 22, 26, 29, 31, 33, 34, 37, 44])
(63235, [0, 1, 34])
(63236, [13, 15, 34])
(63237, [0, 34])
(63238, [2, 3, 6, 34])
(63239, [0, 2, 4, 9, 10, 12, 13, 15, 17, 18, 20, 23, 24, 26, 31, 34, 40, 41, 43, 44])
(63240, [0, 1, 2, 4, 6, 15, 23, 24, 33, 34, 36])
(63241, [6, 15, 22, 26, 30, 34, 41])
(63242, [0, 9, 11, 34])
(63243, [0, 1, 2, 3, 6, 9, 14, 18, 23, 26, 30, 33, 34, 37, 42])
(63244, [34])
(63245, [0, 1, 2, 7, 15, 18, 19, 21, 23, 30, 34])
(63246, [1, 2, 4, 6, 17, 18, 19, 22, 30, 31, 34, 44])
(63247, [33, 34])
(63248, [4, 6, 11, 15, 19, 22, 34, 41])
(63249, [0, 2, 3, 15, 17, 26, 28, 34, 41, 43])
(63250, [11, 34, 41])
(63251, [0, 11, 12, 34])
(63252, [3, 13, 20, 26, 31, 33, 34, 41])
(63253, [2, 11, 17, 31, 33, 34])
(63254, [1, 3, 34, 44])
(63255, [2, 34])
(63256, [8, 9, 18, 22, 23, 26, 34])
(63257, [5, 9, 12, 15, 19, 23, 31, 34, 37, 43])
(63258, [1, 2, 3, 4, 7, 11, 12, 16, 18, 19, 23, 24, 26, 30, 34])
(63259, [1, 3, 7, 21, 34])
(63260, [3, 12, 15, 21, 22, 23, 30, 31, 33, 34])
(63261, [34, 36])
(63262, [18, 30, 34])
(63263, [3, 4, 11, 34, 44])
(63264, [0, 34])
(63265, [0, 1, 2, 3, 9, 10, 11, 12, 15, 16, 18, 20, 24, 34, 42, 44])
(63266, [0, 2, 3, 6, 10, 11, 12, 20, 24, 26, 34, 37, 41, 44])
(63267, [34])
(63268, [3, 19, 34])
(63269, [0, 34])
(63270, [30, 34])
(63271, [3, 7, 12, 26, 33, 34])
(63272, [20, 33, 34, 41])
(63273, [2, 9, 24, 34, 44])
(63274, [34])
(63275, [34])
(63276, [34])
(63277, [34])
(63278, [6, 8, 9, 15, 20, 23, 26, 31, 33, 34, 41])
(63279, [34])
(63280, [34])
(63281, [0, 3, 8, 9, 19, 23, 24, 34, 41, 43])
(63282, [34])
(63283, [0, 2, 4, 12, 20, 34])
(63284, [34])
(63285, [14, 30, 31, 33])
(63286, [12, 33])
(63287, [0, 33])
(63288, [33])
(63289, [0, 30, 33])
(63290, [33])
(63291, [0, 1, 2, 3, 6, 10, 11, 15, 19, 21, 22, 30, 31, 33, 42, 43, 44])
(63292, [33, 43])
(63293, [12, 33])
(63294, [0, 2, 4, 6, 11, 12, 15, 17, 18, 23, 24, 25, 26, 27, 30, 31, 33, 43, 44])
(63295, [33])
(63296, [1, 3, 33, 44])
(63297, [2, 4, 19, 33, 36, 41])
(63298, [33])
(63299, [1, 4, 11, 12, 19, 21, 33])
(63300, [4, 5, 7, 8, 12, 15, 17, 20, 23, 26, 33, 39, 41])
(63301, [0, 1, 2, 3, 4, 5, 7, 8, 11, 12, 14, 15, 16, 19, 21, 22, 23, 24, 26, 30, 33, 37, 43, 44])
(63302, [31, 33, 41])
(63303, [15, 31, 33])
(63304, [3, 30, 33])
(63305, [1, 3, 6, 9, 12, 15, 18, 19, 24, 26, 31, 33, 40, 41, 43, 44])
(63306, [2, 4, 7, 18, 30, 31, 33, 41])
(63307, [0, 1, 8, 9, 12, 16, 18, 19, 23, 28, 33, 42])
(63308, [0, 12, 33])
(63309, [2, 11, 15, 31, 33])
(63310, [3, 7, 15, 33, 39])
(63311, [1, 18, 33])
(63312, [4, 18, 21, 22, 33])
(63313, [1, 3, 10, 21, 28, 31, 33, 39])
(63314, [0, 1, 2, 3, 4, 6, 7, 9, 12, 13, 14, 15, 20, 21, 22, 28, 30, 31, 33, 37, 41, 44])
(63315, [33])
(63316, [0, 1, 3, 6, 13, 31, 33, 38])
(63317, [1, 2, 11, 15, 33])
(63318, [1, 20])
(63319, [0, 1, 3, 5, 8, 9, 20, 31, 38, 40, 44])
(63320, [20])
(63321, [2, 3, 6, 15, 17, 18, 19, 20, 23, 26])
(63322, [3, 6, 9, 11, 14, 16, 18, 20])
(63323, [0, 1, 2, 3, 9, 11, 12, 15, 18, 19, 20, 26, 28, 31, 39, 40, 44])
(63324, [0, 1, 9, 12, 13, 20, 25, 44])
(63325, [20])
(63326, [0, 1, 2, 3, 11, 12, 17, 20, 23, 31])
(63327, [0, 1, 3, 12, 17, 19, 20, 21, 28, 31, 37, 44])
(63328, [0, 1, 2, 3, 4, 6, 9, 12, 13, 16, 18, 20, 21, 22, 26, 30, 31, 37, 40, 43, 44])
(63329, [20])
(63330, [2, 6, 9, 15, 20, 21])
(63331, [0, 14, 20, 31, 43])
(63332, [7, 20, 22])
(63333, [1, 3, 20])
(63334, [20])
(63335, [2, 4, 6, 8, 9, 14, 15, 16, 17, 19, 20, 26, 31, 36, 37, 40, 43])
(63336, [20])
(63337, [1, 20])
(63338, [20])
(63339, [0, 3, 19, 20, 28])
(63340, [0, 1, 3, 12, 20, 21, 44])
(63341, [0, 19, 20, 38])
(63342, [0, 1, 2, 3, 4, 9, 16, 19, 20, 21, 24])
(63343, [0, 3, 7, 11, 18, 20, 21, 22, 23, 24, 26, 39, 43, 44])
(63344, [1, 3, 20, 44])
(63345, [0, 1, 3, 5, 11, 15, 16, 18, 20, 21, 25, 37, 41, 42, 44])
(63346, [18, 43])
(63347, [0, 18])
(63348, [18])
(63349, [18])
(63350, [18])
(63351, [18])
(63352, [8, 12, 18, 30])
(63353, [3, 18])
(63354, [0, 3, 7, 10, 12, 14, 18, 21, 23, 36, 44])
(63355, [18, 29])
(63356, [3, 18, 23])
(63357, [18])
(63358, [18])
(63359, [18])
(63360, [1, 2, 3, 4, 6, 11, 12, 15, 18, 19, 21, 22, 23, 24, 26, 29, 44])
(63361, [18, 23])
(63362, [18])
(63363, [18])
(63364, [3, 18])
(63365, [0, 8, 16, 18, 23, 44])
(63366, [3, 18, 19, 31])
(63367, [0, 12, 18])
(63368, [1, 18])
(63369, [18])
(63370, [18])
(63371, [0, 9, 11, 12, 18, 43])
(63372, [8, 15, 18, 23])
(63373, [0, 1, 3, 15, 18])
(63374, [8, 18, 23, 43])
(63375, [18])
(63376, [18])
(63377, [16, 18])
(63378, [18])
(63379, [18])
(63380, [8, 18, 23, 29, 31])
(63381, [18, 30])
(63382, [18])
(63383, [18, 31])
(63384, [18])
(63385, [18])
(63386, [18])
(63387, [18])
(63388, [18])
(63389, [18])
(63390, [0, 1, 3, 18])
(63391, [0, 2, 3, 4, 11, 16, 18, 19, 26, 30, 37, 41])
(63392, [16, 18, 23])
(63393, [18])
(63394, [18])
(63395, [1, 2, 3, 6, 18, 23, 30, 31, 44])
(63396, [18])
(63397, [18])
(63398, [18])
(63399, [1, 3, 5, 6, 15, 18, 23, 30])
(63400, [18])
(63401, [0, 2, 15, 18, 23, 24, 28, 38])
(63402, [0, 1, 9, 16, 18, 26, 38])
(63403, [18])
(63404, [8, 18, 19, 23, 41])
(63405, [18])
(63406, [18])
(63407, [18])
(63408, [18])
(63409, [18])
(63410, [18])
(63411, [0, 12, 18])
(63412, [18])
(63413, [18])
(63414, [2, 18])
(63415, [18])
(63416, [18])
(63417, [18])
(63418, [5, 18])
(63419, [5, 6, 8, 13, 14, 15, 18, 23, 43])
(63420, [0, 1, 3, 11, 12, 15, 18, 28])
(63421, [18])
(63422, [18])
(63423, [0, 3, 12, 15, 16, 18, 23, 40, 41])
(63424, [18])
(63425, [18])
(63426, [18])
(63427, [0, 18, 41])
(63428, [14, 18])
(63429, [18])
(63430, [15, 18, 31])
(63431, [18])
(63432, [18, 24, 31, 41])
(63433, [1, 8, 18, 30, 44])
(63434, [18])
(63435, [6, 17, 18, 43])
(63436, [18])
(63437, [0, 17, 18, 23, 41, 44])
(63438, [0, 2, 9, 15, 18, 24, 26, 31, 44])
(63439, [18, 23])
(63440, [18])
(63441, [18])
(63442, [18])
(63443, [0, 4, 18])
(63444, [1, 9, 12, 18, 21, 30])
(63445, [18])
(63446, [18])
(63447, [7, 18, 19])
(63448, [18])
(63449, [12, 18, 23, 26])
(63450, [8, 18, 44])
(63451, [18])
(63452, [18, 21, 23])
(63453, [18, 23])
(63454, [18])
(63455, [2, 3, 18, 43])
(63456, [18])
(63457, [2, 17, 18, 30, 31, 36])
(63458, [27])
(63459, [17, 27, 36, 40, 43])
(63460, [2, 7, 15, 21, 27, 43, 44])
(63461, [27])
(63462, [0, 4, 14, 27, 28])
(63463, [27])
(63464, [27])
(63465, [0, 1, 11, 12, 15, 17, 19, 23, 27, 43, 44])
(63466, [27])
(63467, [0, 2, 3, 4, 9, 15, 21, 26, 30, 43, 44])
(63468, [9])
(63469, [9, 17])
(63470, [9])
(63471, [9, 22])
(63472, [0, 3, 9, 11, 12, 23])
(63473, [4, 9, 13, 23, 26, 30, 40, 41])
(63474, [5, 8, 9, 16, 23])
(63475, [4, 9, 15, 26, 43])
(63476, [0, 1, 2, 3, 9, 12, 26])
(63477, [9])
(63478, [0, 9])
(63479, [1, 9])
(63480, [1, 2, 3, 7, 9, 13, 22, 23, 30, 39, 42])
(63481, [0, 1, 2, 3, 4, 6, 7, 9, 11, 12, 30, 41, 44])
(63482, [2, 9, 14, 17])
(63483, [9])
(63484, [9, 19, 29, 44])
(63485, [9])
(63486, [3, 9])
(63487, [9])
(63488, [9, 41])
(63489, [9])
(63490, [9])
(63491, [9])
(63492, [0, 9, 12, 16])
(63493, [9, 12, 23])
(63494, [9, 15, 19])
(63495, [9])
(63496, [9, 11, 16])
(63497, [9])
(63498, [9])
(63499, [9])
(63500, [9])
(63501, [0, 3, 5, 8, 9, 11, 12, 13, 19, 23, 37, 43, 44])
(63502, [8, 9, 37])
(63503, [9])
(63504, [9])
(63505, [9])
(63506, [9])
(63507, [3, 9, 19])
(63508, [9])
(63509, [9])
(63510, [9])
(63511, [1, 2, 9, 13, 15, 22, 24, 43])
(63512, [9])
(63513, [0, 2, 9, 11, 30, 31, 44])
(63514, [9])
(63515, [9, 12, 15, 16, 19, 21, 22, 23])
(63516, [9])
(63517, [9])
(63518, [9])
(63519, [9])
(63520, [9])
(63521, [9])
(63522, [9])
(63523, [0, 1, 2, 3, 9, 14, 26])
(63524, [9])
(63525, [2, 4, 9])
(63526, [4, 9])
(63527, [0])
(63528, [0, 12])
(63529, [0, 1, 3, 6, 11, 12, 44])
(63530, [0])
(63531, [0, 31])
(63532, [0])
(63533, [0])
(63534, [0, 12])
(63535, [0])
(63536, [0])
(63537, [0, 2, 13, 14, 17, 19, 26, 31, 40, 41, 43])
(63538, [0])
(63539, [0, 21])
(63540, [0])
(63541, [0])
(63542, [0, 12])
(63543, [0])
(63544, [0])
(63545, [0])
(63546, [0])
(63547, [0])
(63548, [0])
(63549, [0])
(63550, [0, 3, 7, 12, 21, 44])
(63551, [0])
(63552, [0])
(63553, [0])
(63554, [0])
(63555, [0])
(63556, [0, 12])
(63557, [0, 39])
(63558, [0])
(63559, [0])
(63560, [0])
(63561, [0])
(63562, [0])
(63563, [0])
(63564, [0])
(63565, [0])
(63566, [0, 2, 19, 43])
(63567, [0, 12])
(63568, [0])
(63569, [0])
(63570, [0])
(63571, [0])
(63572, [0])
(63573, [0])
(63574, [0])
(63575, [0])
(63576, [0])
(63577, [0])
(63578, [0, 12])
(63579, [0])
(63580, [0])
(63581, [0])
(63582, [0])
(63583, [0])
(63584, [0])
(63585, [0])
(63586, [0, 43])
(63587, [0, 30])
(63588, [0])
(63589, [0, 30])
(63590, [0])
(63591, [0])
(63592, [0])
(63593, [0])
(63594, [0])
(63595, [0])
(63596, [0])
(63597, [0])
(63598, [0])
(63599, [0])
(63600, [0])
(63601, [0, 3])
(63602, [0])
(63603, [0])
(63604, [0, 30])
(63605, [0, 12])
(63606, [0])
(63607, [0])
(63608, [0, 4, 10, 12, 36])
(63609, [0, 1, 2, 12, 14, 15])
(63610, [0])
(63611, [0])
(63612, [0])
(63613, [0])
(63614, [0])
(63615, [0])
(63616, [0])
(63617, [0])
(63618, [0])
(63619, [0])
(63620, [0])
(63621, [0])
(63622, [0])
(63623, [0])
(63624, [0])
(63625, [0])
(63626, [0])
(63627, [0])
(63628, [0])
(63629, [0])
(63630, [0])
(63631, [0])
(63632, [0])
(63633, [0, 22, 26])
(63634, [0])
(63635, [0])
(63636, [0])
(63637, [0])
(63638, [0])
(63639, [0])
(63640, [0])
(63641, [0])
(63642, [0])
(63643, [0])
(63644, [0])
(63645, [0])
(63646, [0])
(63647, [0, 12])
(63648, [0])
(63649, [0])
(63650, [0])
(63651, [0])
(63652, [0])
(63653, [0])
(63654, [0])
(63655, [0])
(63656, [0])
(63657, [0])
(63658, [0])
(63659, [0, 12, 26])
(63660, [0])
(63661, [0])
(63662, [0])
(63663, [0, 12])
(63664, [0])
(63665, [0])
(63666, [0])
(63667, [0])
(63668, [0])
(63669, [0, 11, 26])
(63670, [0])
(63671, [0])
(63672, [0])
(63673, [0, 1, 3, 11, 19, 21, 38, 44])
(63674, [0])
(63675, [0])
(63676, [0])
(63677, [0])
(63678, [0])
(63679, [0])
(63680, [0, 2, 19, 41])
(63681, [0])
(63682, [0])
(63683, [0])
(63684, [0])
(63685, [0])
(63686, [0])
(63687, [0])
(63688, [0])
(63689, [0])
(63690, [0])
(63691, [0, 2, 42])
(63692, [0])
(63693, [0])
(63694, [0])
(63695, [0])
(63696, [0, 6, 10])
(63697, [0, 12])
(63698, [0])
(63699, [0])
(63700, [0, 22, 30, 31])
(63701, [0])
(63702, [0])
(63703, [0])
(63704, [0])
(63705, [0])
(63706, [0])
(63707, [0])
(63708, [0])
(63709, [0])
(63710, [0, 3])
(63711, [0])
(63712, [0])
(63713, [0])
(63714, [0])
(63715, [0])
(63716, [0])
(63717, [0])
(63718, [0, 12])
(63719, [0])
(63720, [0, 12])
(63721, [0])
(63722, [0])
(63723, [0])
(63724, [0])
(63725, [0])
(63726, [0])
(63727, [0])
(63728, [0])
(63729, [0])
(63730, [0])
(63731, [0, 12])
(63732, [0])
(63733, [0])
(63734, [0])
(63735, [0])
(63736, [0, 12, 44])
(63737, [0])
(63738, [0])
(63739, [0])
(63740, [0])
(63741, [0, 12])
(63742, [0])
(63743, [0])
(63744, [0, 3, 6, 16])
(63745, [0])
(63746, [0])
(63747, [0])
(63748, [0])
(63749, [0])
(63750, [0])
(63751, [0])
(63752, [0])
(63753, [0])
(63754, [0])
(63755, [0])
(63756, [0])
(63757, [0])
(63758, [0, 2, 14, 17, 44])
(63759, [0])
(63760, [0])
(63761, [0])
(63762, [0])
(63763, [0])
(63764, [0])
(63765, [0])
(63766, [0])
(63767, [0])
(63768, [0])
(63769, [0, 2, 44])
(63770, [0])
(63771, [0])
(63772, [0])
(63773, [0, 17, 28])
(63774, [0])
(63775, [0])
(63776, [0])
(63777, [0])
(63778, [0])
(63779, [0, 2, 19, 24, 28])
(63780, [0])
(63781, [0, 1, 2, 3, 6, 15, 24, 26, 31, 36, 41, 43])
(63782, [0, 2, 12, 14, 16, 28, 41])
(63783, [0])
(63784, [0, 1, 3, 8])
(63785, [0])
(63786, [0])
(63787, [0])
(63788, [0])
(63789, [0])
(63790, [0])
(63791, [0])
(63792, [11])
(63793, [1, 3, 4, 6, 11, 15, 17, 21, 44])
(63794, [1, 3, 11])
(63795, [1, 11, 41])
(63796, [1, 2, 11, 16, 17, 19, 21, 26, 40])
(63797, [11])
(63798, [11])
(63799, [11, 19])
(63800, [11])
(63801, [11])
(63802, [11, 22, 30, 31])
(63803, [1, 2, 3, 4, 11, 22, 25, 43])
(63804, [11, 12])
(63805, [1, 3, 7, 11, 39])
(63806, [11])
(63807, [11])
(63808, [11, 36])
(63809, [11])
(63810, [7])
(63811, [1, 3, 7, 44])
(63812, [7])
(63813, [7])
(63814, [7])
(63815, [7])
(63816, [3, 7, 12, 19, 42])
(63817, [7])
(63818, [7])
(63819, [7])
(63820, [3, 7])
(63821, [7])
(63822, [1, 3, 7, 21])
(63823, [7])
(63824, [7])
(63825, [29])
(63826, [2, 3, 4, 12, 16, 19, 21, 22, 36, 42])
(63827, [12, 16, 23])
(63828, [16])
(63829, [2, 16])
(63830, [16, 19])
(63831, [16])
(63832, [16])
(63833, [16])
(63834, [16])
(63835, [1, 3, 12, 16, 44])
(63836, [16])
(63837, [2, 3, 16, 30, 37, 41])
(63838, [15, 16])
(63839, [16])
(63840, [16])
(63841, [16])
(63842, [16])
(63843, [42])
(63844, [6, 13, 14, 26, 28])
(63845, [6])
(63846, [2, 4, 6, 23, 26, 31, 40, 43])
(63847, [6, 43])
(63848, [6])
(63849, [6])
(63850, [6])
(63851, [6, 44])
(63852, [1, 6, 23, 30, 39])
(63853, [2, 6, 17, 19, 30, 36, 39])
(63854, [6])
(63855, [6])
(63856, [6])
(63857, [6, 19])
(63858, [6])
(63859, [2, 6])
(63860, [1, 3, 4, 6, 21, 39, 44])
(63861, [28])
(63862, [2, 28, 41])
(63863, [28])
(63864, [28])
(63865, [3, 17, 28, 30])
(63866, [28])
(63867, [21, 28, 31])
(63868, [2, 13, 17, 25, 36, 41])
(63869, [17])
(63870, [17])
(63871, [17])
(63872, [17])
(63873, [17])
(63874, [17])
(63875, [17])
(63876, [17, 19, 24, 26])
(63877, [17, 26, 44])
(63878, [2, 17])
(63879, [17])
(63880, [17])
(63881, [17, 41])
(63882, [17])
(63883, [17, 40])
(63884, [2, 4, 14, 17])
(63885, [1, 3])
(63886, [1])
(63887, [1, 3, 19, 22])
(63888, [1, 19])
(63889, [1])
(63890, [1])
(63891, [1])
(63892, [1])
(63893, [1])
(63894, [1, 3, 24, 26, 39, 41, 44])
(63895, [1, 14, 23])
(63896, [1])
(63897, [1])
(63898, [1])
(63899, [1])
(63900, [1, 15, 26, 31, 41])
(63901, [1, 3])
(63902, [1])
(63903, [1])
(63904, [1, 3, 4])
(63905, [1])
(63906, [1])
(63907, [1, 3, 15, 21])
(63908, [1, 19, 44])
(63909, [1])
(63910, [1])
(63911, [1, 19])
(63912, [1])
(63913, [1])
(63914, [1, 44])
(63915, [1])
(63916, [1, 2])
(63917, [10])
(63918, [10])
(63919, [10])
(63920, [10])
(63921, [10])
(63922, [19])
(63923, [19])
(63924, [19])
(63925, [4, 15, 19, 22])
(63926, [3, 19])
(63927, [19])
(63928, [19])
(63929, [19])
(63930, [19])
(63931, [19, 44])
(63932, [19])
(63933, [3, 12, 19, 39])
(63934, [19])
(63935, [19])
(63936, [19])
(63937, [19])
(63938, [19])
(63939, [19])
(63940, [19])
(63941, [19])
(63942, [19])
(63943, [3, 14, 19, 21, 31])
(63944, [19])
(63945, [2, 14, 19])
(63946, [19, 31])
(63947, [12, 19, 21, 23, 43])
(63948, [19])
(63949, [19])
(63950, [26])
(63951, [26])
(63952, [26])
(63953, [2, 26, 43])
(63954, [26])
(63955, [26])
(63956, [26])
(63957, [26])
(63958, [26])
(63959, [26])
(63960, [26])
(63961, [26])
(63962, [2, 4, 24, 26, 40])
(63963, [23, 26])
(63964, [26])
(63965, [26])
(63966, [26])
(63967, [26])
(63968, [3, 26])
(63969, [8, 23])
(63970, [3, 8])
(63971, [8])
(63972, [8])
(63973, [5, 8])
(63974, [8])
(63975, [8, 44])
(63976, [8])
(63977, [8])
(63978, [8])
(63979, [8])
(63980, [8])
(63981, [8])
(63982, [8])
(63983, [8])
(63984, [8])
(63985, [8])
(63986, [8])
(63987, [8, 12, 44])
(63988, [21])
(63989, [21])
(63990, [21])
(63991, [21])
(63992, [21, 44])
(63993, [21])
(63994, [21])
(63995, [21, 23, 41])
(63996, [21])
(63997, [21])
(63998, [21])
(63999, [21])
(64000, [21])
(64001, [21])
(64002, [21])
(64003, [21])
(64004, [3, 21])
(64005, [21])
(64006, [3, 21])
(64007, [21])
(64008, [21])
(64009, [21])
(64010, [21])
(64011, [21, 37])
(64012, [21])
(64013, [21])
(64014, [21])
(64015, [21])
(64016, [21])
(64017, [21])
(64018, [21])
(64019, [21])
(64020, [21])
(64021, [21])
(64022, [21])
(64023, [21])
(64024, [21])
(64025, [21])
(64026, [21])
(64027, [21])
(64028, [21])
(64029, [21])
(64030, [21])
(64031, [21])
(64032, [44])
(64033, [24, 41, 44])
(64034, [44])
(64035, [14, 44])
(64036, [44])
(64037, [44])
(64038, [44])
(64039, [44])
(64040, [3, 44])
(64041, [44])
(64042, [2, 3, 44])
(64043, [44])
(64044, [44])
(64045, [44])
(64046, [44])
(64047, [44])
(64048, [23, 37, 43, 44])
(64049, [44])
(64050, [44])
(64051, [44])
(64052, [44])
(64053, [44])
(64054, [43])
(64055, [43])
(64056, [43])
(64057, [43])
(64058, [41, 43])
(64059, [43])
(64060, [43])
(64061, [43])
(64062, [43])
(64063, [2, 12, 43])
(64064, [43])
(64065, [43])
(64066, [43])
(64067, [43])
(64068, [43])
(64069, [43])
(64070, [43])
(64071, [43])
(64072, [43])
(64073, [43])
(64074, [43])
(64075, [43])
(64076, [43])
(64077, [15, 43])
(64078, [3, 43])
(64079, [43])
(64080, [38])
(64081, [38])
(64082, [2, 14, 36])
(64083, [36])
(64084, [36])
(64085, [36])
(64086, [36])
(64087, [36])
(64088, [36])
(64089, [36])
(64090, [36])
(64091, [36])
(64092, [36])
(64093, [36])
(64094, [36])
(64095, [36])
(64096, [14, 36])
(64097, [36])
(64098, [36])
(64099, [36])
(64100, [36])
(64101, [36])
(64102, [36])
(64103, [36])
(64104, [36])
(64105, [30, 31])
(64106, [31])
(64107, [31])
(64108, [31])
(64109, [31])
(64110, [30])
(64111, [2, 30])
(64112, [30])
(64113, [30])
(64114, [30])
(64115, [30])
(64116, [30])
(64117, [30])
(64118, [30])
(64119, [30])
(64120, [30])
(64121, [14, 15, 30])
(64122, [30])
(64123, [37])
(64124, [39])
(64125, [39])
(64126, [24, 39])
(64127, [39])
(64128, [39])
(64129, [39])
(64130, [41])
(64131, [41])
(64132, [41])
(64133, [41])
(64134, [41])
(64135, [41])
(64136, [41])
(64137, [41])
(64138, [41])
(64139, [41])
(64140, [41])
(64141, [41])
(64142, [41])
(64143, [41])
(64144, [41])
(64145, [41])
(64146, [41])
(64147, [41])
(64148, [41])
(64149, [41])
(64150, [41])
(64151, [41])
(64152, [41])
(64153, [41])
(64154, [41])
(64155, [24])
(64156, [13, 23, 24])
(64157, [24])
(64158, [24])
(64159, [24])
(64160, [2, 24])
(64161, [24])
(64162, [24])
(64163, [24])
(64164, [24])
(64165, [24])
(64166, [24])
(64167, [24])
(64168, [23])
(64169, [23])
(64170, [23])
(64171, [23])
(64172, [23])
(64173, [23])
(64174, [23])
(64175, [23])
(64176, [23])
(64177, [23])
(64178, [23])
(64179, [23])
(64180, [23])
(64181, [23])
(64182, [23])
(64183, [23])
(64184, [23])
(64185, [23])
(64186, [23])
(64187, [23])
(64188, [23])
(64189, [23])
(64190, [23])
(64191, [23])
(64192, [23])
(64193, [23])
(64194, [23])
(64195, [23])
(64196, [23])
(64197, [23])
(64198, [23])
(64199, [23])
(64200, [23])
(64201, [3, 23])
(64202, [23])
(64203, [23])
(64204, [23])
(64205, [23])
(64206, [23])
(64207, [23])
(64208, [23])
(64209, [23])
(64210, [23])
(64211, [23])
(64212, [23])
(64213, [23])
(64214, [23])
(64215, [23])
(64216, [23])
(64217, [23])
(64218, [5, 23])
(64219, [23])
(64220, [4])
(64221, [4])
(64222, [4])
(64223, [4])
(64224, [4])
(64225, [4])
(64226, [4])
(64227, [4])
(64228, [4])
(64229, [4])
(64230, [4])
(64231, [4])
(64232, [4])
(64233, [4])
(64234, [4])
(64235, [4])
(64236, [4])
(64237, [4, 15])
(64238, [4])
(64239, [4])
(64240, [15])
(64241, [15])
(64242, [15])
(64243, [15])
(64244, [15])
(64245, [15])
(64246, [2, 15])
(64247, [15])
(64248, [15])
(64249, [15])
(64250, [15])
(64251, [3])
(64252, [3])
(64253, [3])
(64254, [3])
(64255, [3])
(64256, [3])
(64257, [3])
(64258, [3])
(64259, [3])
(64260, [3])
(64261, [3])
(64262, [3])
(64263, [3])
(64264, [3])
(64265, [3])
(64266, [3])
(64267, [3])
(64268, [3])
(64269, [3])
(64270, [12])
(64271, [12])
(64272, [12])
(64273, [12])
(64274, [12])
(64275, [12])
(64276, [12])
(64277, [12])
(64278, [12])
(64279, [12])
(64280, [12])
(64281, [12])
(64282, [12])
(64283, [12])
(64284, [12])
(64285, [12])
(64286, [12])
(64287, [12])
(64288, [12])
(64289, [12])
(64290, [12])
(64291, [12])
(64292, [12])
(64293, [12])
(64294, [12])
(64295, [12])
(64296, [12])
(64297, [12])
(64298, [12])
(64299, [12])
(64300, [12])
(64301, [12])
(64302, [12])
(64303, [12])
(64304, [12])
(64305, [12])
(64306, [12])
(64307, [12])
(64308, [12])
(64309, [12])
(64310, [12])
(64311, [12])
(64312, [12])
(64313, [12])
(64314, [12])
(64315, [12])
(64316, [12])
(64317, [12])
(64318, [12])
(64319, [12])
(64320, [12])
(64321, [12])
(64322, [12])
(64323, [12])
(64324, [12])
(64325, [12])
(64326, [12])
(64327, [12])
(64328, [12])
(64329, [12])
(64330, [12])
(64331, [12])
(64332, [12])
(64333, [12])
(64334, [12])
(64335, [12])
(64336, [40])
(64337, [40])
(64338, [40])
(64339, [40])
(64340, [2, 40])
(64341, [2])
(64342, [2])
(64343, [2])
(64344, [2])
(64345, [2])
(64346, [2])
(64347, [2])
(64348, [2])
(64349, [2])
(64350, [2])
(64351, [2])
(64352, [2])
(64353, [2])
(64354, [2])
(64355, [2])
(64356, [2])
(64357, [2])
(64358, [2])
(64359, [2])
(64360, [2])
(64361, [2])
(64362, [2])
(64363, [2])
(64364, [2])
(64365, [2])
(64366, [2])
(64367, [2])
(64368, [2])
(64369, [2])
(64370, [2])
(64371, [2])
(64372, [2])
(64373, [2])
(64374, [2])
(64375, [2])
(64376, [2, 14])
(64377, [2])
(64378, [2])
(64379, [2])
(64380, [2])
(64381, [2])
(64382, [2])
(64383, [2])
(64384, [2])
(64385, [2])
(64386, [2])
(64387, [2])
(64388, [2])
(64389, [2])
(64390, [2])
(64391, [2])
(64392, [2])
(64393, [2])
(64394, [2])
(64395, [2])
(64396, [2])
(64397, [2])
(64398, [2])
(64399, [2])
(64400, [2])
(64401, [2])
(64402, [2])
(64403, [2])
(64404, [2])
(64405, [2])
(64406, [2])
(64407, [2])
(64408, [2])
(64409, [2])
(64410, [2])
(64411, [2])
(64412, [2])
(64413, [2])
(64414, [2])
(64415, [2])
(64416, [2])
(64417, [2])
(64418, [2])
(64419, [2])
(64420, [2])
(64421, [2])
(64422, [2])
(64423, [2])
(64424, [2])
(64425, [2])
(64426, [2])
(64427, [13])
(64428, [13])
(64429, [13])
(64430, [13])
(64431, [13])
(64432, [13])
(64433, [5])
(64434, [5])
(64435, [5])
(64436, [5])
(64437, [5])
(64438, [5])
(64439, [5])
(64440, [5])
(64441, [5])
(64442, [5])
(64443, [5])
(64444, [5])
(64445, [14])
(64446, [14])
(64447, [14])
(64448, [14])
(64449, [14])
(64450, [14])
(64451, [14])
(64452, [14])
(64453, [14])
(64454, [14])
(64455, [14])
(64456, [14])
(64457, [14])
(64458, [14])
(64459, [14])
(64460, [14])
(64461, [14])
(64462, [22])
(64463, [22])
(64464, [22])
(64465, [22])
(64466, [22])
(64467, [22])
(64468, [22])
(64469, [22])
(64470, [22])
(64471, [22])
(64472, [22])
(64473, [22])
