(108276, [32, 35, 34, 33, 20, 18, 27, 9, 0, 11, 7, 29, 16, 42, 6, 28, 17, 1, 10, 19, 26, 8, 21, 44, 43, 38, 36, 31, 30, 37, 39, 41, 24, 23, 4, 15, 3, 12, 40, 2, 13, 5, 14, 22, 25])
(108277, [32, 35, 34, 33, 20, 18, 9, 0, 11, 16, 42, 6, 28, 1, 10, 19, 8, 21, 44, 43, 38, 36, 31, 30, 37, 39, 24, 23, 4, 15, 3, 12, 40, 2, 13, 5, 14, 22])
(108278, [32, 35, 34, 33, 20, 18, 27, 9, 0, 11, 7, 29, 16, 42, 6, 28, 17, 1, 10, 19, 26, 8, 21, 44, 43, 38, 36, 31, 30, 37, 39, 41, 24, 23, 4, 15, 3, 12, 40, 2, 13, 5, 14, 22, 25])
(108279, [32, 35, 34, 33, 20, 18, 27, 9, 0, 11, 7, 29, 16, 42, 6, 28, 17, 1, 10, 19, 26, 8, 21, 44, 43, 38, 36, 31, 30, 37, 39, 41, 24, 23, 4, 15, 3, 12, 40, 2, 13, 5, 14, 22, 25])
(108280, [32, 35, 34, 33, 20, 18, 27, 9, 0, 11, 7, 29, 16, 42, 6, 28, 17, 1, 10, 19, 26, 8, 21, 44, 43, 38, 36, 31, 30, 37, 39, 41, 24, 23, 4, 15, 3, 12, 40, 2, 13, 5, 14, 22, 25])
(108281, [32, 35, 34, 33, 20, 18, 27, 9, 0, 11, 7, 29, 16, 42, 6, 28, 17, 1, 10, 19, 26, 8, 21, 44, 43, 38, 36, 31, 30, 37, 39, 41, 24, 23, 4, 15, 3, 12, 40, 2, 13, 5, 14, 22, 25])
(108282, [32, 35, 34, 33, 20, 18, 27, 9, 0, 11, 7, 29, 16, 42, 6, 28, 17, 1, 10, 19, 26, 8, 21, 44, 43, 38, 36, 31, 30, 37, 39, 41, 24, 23, 4, 15, 3, 12, 40, 2, 13, 5, 14, 22, 25])
(108283, [32, 35, 34, 33, 20, 18, 27, 9, 0, 11, 7, 29, 16, 42, 6, 28, 17, 1, 10, 19, 26, 8, 21, 44, 43, 38, 36, 31, 30, 37, 39, 41, 24, 23, 4, 15, 3, 12, 40, 2, 13, 5, 14, 22, 25])
(108284, [32, 0, 17, 1, 44, 31, 30, 3])
(108285, [32, 35, 34, 33, 20, 18, 27, 9, 0, 11, 7, 29, 16, 42, 6, 28, 1, 10, 19, 26, 8, 21, 44, 43, 38, 36, 31, 30, 37, 39, 41, 24, 23, 4, 3, 12, 40, 2, 13, 5, 14, 22, 25])
(108286, [32, 35, 34, 33, 20, 18, 27, 9, 0, 11, 7, 29, 16, 42, 6, 28, 17, 1, 10, 19, 26, 8, 21, 44, 43, 38, 31, 30, 37, 39, 41, 24, 23, 4, 15, 3, 12, 40, 2, 13, 5, 14, 22])
(108287, [32, 35, 34, 33, 20, 18, 9, 0, 11, 7, 29, 16, 42, 6, 28, 17, 1, 19, 8, 21, 44, 38, 31, 30, 37, 39, 24, 23, 3, 12, 40, 2, 13, 5])
(108288, [32, 44])
(108289, [32, 34, 33, 18, 42, 1, 21, 43, 30, 15, 3, 22])
(108290, [32, 20, 18, 11, 7, 16, 42, 1, 19, 26, 8, 21, 44, 43, 38, 36, 30, 23, 15, 3, 12, 22])
(108291, [32, 34, 33, 9, 0, 11, 7, 16, 28, 17, 1, 10, 19, 26, 21, 44, 43, 30, 41, 24, 4, 15, 3, 12, 40, 2, 13, 14, 22])
(108292, [32, 35, 34, 33, 20, 18, 9, 0, 7, 42, 6, 1, 10, 8, 36, 31, 30, 41, 24, 4, 15, 3, 12])
(108293, [32, 33, 20, 18, 9, 0, 11, 7, 16, 42, 6, 28, 17, 1, 19, 26, 21, 44, 43, 36, 31, 30, 39, 41, 24, 23, 4, 15, 3, 12, 40, 2, 13, 5, 14, 22, 25])
(108294, [32, 35, 34, 33, 20, 18, 27, 9, 0, 11, 7, 16, 42, 6, 28, 17, 1, 19, 26, 8, 21, 44, 43, 38, 36, 31, 30, 37, 39, 41, 24, 23, 4, 15, 3, 12, 40, 2, 13, 5, 14, 22, 25])
(108295, [32, 35, 34, 33, 18, 9, 0, 11, 7, 16, 42, 6, 1, 10, 19, 26, 21, 44, 43, 38, 36, 31, 30, 37, 41, 24, 4, 15, 3, 12, 40, 2])
(108296, [32, 33, 0, 16, 44, 36, 12])
(108297, [32, 35, 34, 33, 20, 18, 27, 9, 0, 11, 7, 29, 16, 42, 6, 17, 1, 19, 26, 21, 44, 43, 38, 36, 30, 39, 41, 24, 23, 4, 15, 3, 12, 40, 2, 13, 22])
(108298, [32, 35, 34, 33, 0, 1, 19, 26, 21, 44, 43, 36, 30, 41, 24, 15, 3, 22])
(108299, [32, 35, 34, 33, 20, 18, 9, 11, 7, 29, 16, 42, 6, 28, 17, 1, 19, 26, 8, 21, 44, 43, 36, 31, 30, 37, 39, 41, 24, 23, 4, 15, 3, 12, 40, 2, 5, 14])
(108300, [32, 33, 20, 9, 0, 11, 7, 16, 6, 19, 44, 36, 41, 24, 15, 12, 13])
(108301, [32, 34, 33, 20, 18, 29, 16, 42, 17, 1, 19, 8, 44, 43, 38, 36, 31, 30, 39, 23, 4, 15, 3, 12, 40, 2, 13, 22])
(108302, [32, 35, 34, 33, 20, 18, 9, 0, 11, 7, 29, 16, 6, 28, 17, 1, 19, 26, 8, 21, 44, 43, 38, 36, 31, 30, 37, 39, 41, 24, 23, 4, 15, 3, 12, 2, 13, 5, 14, 22])
(108303, [32, 33, 20, 18, 0, 7, 6, 28, 44, 43, 31, 30, 41, 4, 15, 3, 12, 2, 14])
(108304, [32, 34, 33, 18, 9, 0, 11, 7, 16, 42, 17, 1, 19, 26, 44, 43, 38, 36, 31, 30, 41, 24, 23, 4, 15, 3, 12, 40, 2, 22])
(108305, [32, 35, 34, 33, 18, 27, 9, 0, 11, 7, 16, 42, 6, 17, 1, 19, 26, 8, 21, 44, 43, 38, 31, 30, 37, 39, 41, 24, 23, 4, 15, 3, 12, 40, 2, 5, 14, 22, 25])
(108306, [32, 35, 34, 33, 18, 27, 9, 0, 11, 7, 16, 42, 6, 17, 1, 19, 8, 21, 44, 43, 38, 31, 30, 39, 41, 23, 4, 15, 3, 12, 2, 13, 5, 22])
(108307, [32, 34, 20, 18, 27, 9, 0, 11, 16, 42, 28, 17, 1, 10, 19, 26, 8, 21, 44, 43, 37, 41, 24, 23, 4, 15, 3, 12, 40, 2, 13, 5, 14, 22, 25])
(108308, [32, 35, 34, 33, 18, 9, 0, 11, 16, 28, 17, 19, 26, 44, 36, 31, 30, 37, 39, 41, 24, 4, 15, 3, 40, 2, 13, 14])
(108309, [32, 31, 12, 2])
(108310, [32, 35, 34, 33, 20, 18, 27, 9, 0, 11, 7, 29, 16, 42, 6, 28, 17, 1, 10, 19, 26, 8, 21, 44, 43, 38, 36, 31, 30, 37, 39, 41, 24, 23, 4, 15, 3, 12, 40, 2, 13, 5, 14, 22, 25])
(108311, [32, 17, 19, 4, 22])
(108312, [32, 20, 0, 7, 1, 26, 31, 3])
(108313, [32, 18, 9, 0, 11, 7, 6, 28, 1, 19, 44, 31, 30, 39, 3, 12, 40, 22])
(108314, [32, 34, 33, 20, 18, 27, 9, 0, 11, 7, 16, 42, 6, 28, 17, 1, 10, 19, 26, 8, 21, 44, 43, 36, 31, 30, 39, 41, 24, 23, 4, 15, 3, 12, 40, 2, 13, 5, 22])
(108315, [32, 35, 33, 18, 27, 9, 7, 6, 17, 1, 19, 8, 44, 43, 36, 31, 30, 24, 23, 4, 15, 3, 13, 5])
(108316, [32, 18, 0, 11, 6, 1, 26, 43, 41, 4, 12, 2])
(108317, [32, 35, 34, 33, 20, 18, 27, 9, 0, 11, 7, 29, 16, 42, 6, 17, 1, 10, 19, 26, 8, 21, 44, 43, 38, 36, 31, 30, 37, 39, 41, 24, 23, 4, 15, 3, 12, 40, 2, 13, 5, 14, 22, 25])
(108318, [32, 35, 34, 33, 20, 18, 9, 0, 11, 7, 16, 42, 6, 17, 1, 19, 26, 8, 21, 44, 43, 31, 30, 37, 39, 41, 24, 23, 4, 15, 3, 12, 2, 14, 22])
(108319, [32, 34, 33, 20, 18, 27, 9, 16, 42, 17, 1, 19, 26, 8, 21, 44, 43, 30, 37, 41, 24, 23, 15, 3, 12, 2])
(108320, [32, 35, 34, 33, 20, 18, 27, 9, 0, 11, 7, 16, 42, 6, 17, 1, 10, 19, 26, 21, 44, 43, 36, 31, 30, 37, 39, 41, 24, 23, 4, 15, 3, 12, 40, 2, 13, 14, 22])
(108321, [32, 35, 34, 33, 20, 18, 9, 0, 11, 7, 16, 42, 6, 28, 17, 1, 19, 26, 8, 21, 44, 43, 38, 31, 30, 37, 39, 41, 24, 23, 4, 15, 3, 12, 40, 2, 13, 14, 22, 25])
(108322, [32, 20, 0, 11, 21, 23, 15, 3, 13, 22])
(108323, [32, 35, 20, 18, 9, 11, 16, 42, 1, 10, 19, 26, 21, 44, 43, 31, 30, 41, 24, 23, 4, 15, 3, 12, 40, 2, 13, 5, 22])
(108324, [32, 35, 33, 20, 9, 0, 11, 42, 6, 17, 1, 10, 26, 21, 31, 30, 41, 3, 12, 2, 13, 22])
(108325, [32, 9, 19, 23, 14])
(108326, [32, 35, 34, 33, 20, 18, 9, 11, 7, 16, 42, 6, 28, 17, 1, 10, 19, 26, 8, 21, 44, 43, 38, 36, 31, 30, 39, 41, 24, 23, 4, 15, 3, 12, 40, 2, 13, 5, 14, 22, 25])
(108327, [32, 0, 1, 12])
(108328, [32, 35, 34, 33, 20, 18, 27, 9, 11, 6, 28, 17, 1, 10, 19, 26, 44, 43, 36, 31, 30, 37, 41, 24, 23, 4, 15, 3, 12, 40, 2, 13, 14, 25])
(108329, [32, 35, 34, 18, 11, 7, 16, 6, 1, 10, 19, 26, 8, 30, 41, 4, 15, 3, 22])
(108330, [32, 34, 33, 20, 18, 27, 9, 11, 7, 29, 16, 42, 6, 17, 1, 19, 26, 8, 21, 44, 43, 31, 30, 37, 39, 41, 24, 23, 4, 15, 3, 12, 40, 2, 13, 5, 14])
(108331, [32, 18, 6, 17, 15, 40, 2])
(108332, [32, 0, 11, 10, 19, 41, 3, 12, 2, 22])
(108333, [32, 35, 33, 18, 29, 1, 19, 26, 31, 4, 2])
(108334, [32, 35, 34, 33, 20, 18, 27, 9, 0, 11, 7, 29, 16, 42, 6, 28, 17, 1, 10, 19, 26, 8, 21, 44, 43, 36, 31, 30, 37, 39, 41, 24, 23, 4, 15, 3, 12, 40, 2, 13, 14, 22, 25])
(108335, [32, 35, 18, 9, 0, 11, 7, 16, 42, 17, 1, 19, 26, 8, 44, 43, 31, 39, 41, 23, 15, 3, 40, 2, 13, 5])
(108336, [32, 35, 34, 33, 20, 9, 0, 11, 7, 16, 1, 19, 26, 8, 43, 31, 30, 41, 23, 4, 15, 3, 12, 2])
(108337, [32, 6, 10, 30, 41, 24, 13])
(108338, [32])
(108339, [32, 35, 34, 18, 11, 16, 26, 43, 31, 30, 41, 15, 2])
(108340, [32, 35, 34, 33, 18, 9, 0, 11, 16, 42, 1, 19, 26, 21, 43, 30, 39, 41, 24, 23, 4, 15, 3, 12, 2, 13, 22])
(108341, [32, 9, 0, 11, 7, 6, 26, 43, 31, 41, 24, 23, 4, 15, 40])
(108342, [32, 35, 20, 18, 9, 0, 11, 16, 42, 6, 1, 10, 19, 26, 21, 43, 36, 31, 41, 23, 4, 15, 3, 12, 2, 13, 5])
(108343, [32, 34, 33, 18, 27, 11, 7, 29, 42, 6, 17, 1, 10, 19, 26, 8, 21, 44, 43, 38, 36, 30, 39, 23, 4, 15, 3, 12, 2, 22])
(108344, [32, 0])
(108345, [32, 20, 18, 0, 11, 7, 1, 8, 43, 39, 23, 15, 40, 2])
(108346, [32, 20, 27, 9, 0, 11, 6, 1, 19, 26, 44, 43, 38, 30, 24, 4, 15, 3, 40, 2, 25])
(108347, [32, 35, 18, 0, 16, 1, 23, 15, 3, 2])
(108348, [32, 0, 11, 16, 21, 44, 43, 30, 4, 3, 2])
(108349, [32, 18, 0, 44, 30, 23, 4])
(108350, [32, 34, 9, 1, 44, 43, 38, 31, 30, 3, 12])
(108351, [32, 34, 20, 9, 0, 11, 16, 1, 10, 44, 30, 41, 23, 15, 12])
(108352, [32, 35, 34, 33, 20, 18, 27, 9, 0, 11, 7, 16, 6, 28, 1, 10, 19, 26, 8, 44, 43, 36, 31, 30, 37, 39, 41, 24, 23, 4, 15, 3, 12, 40, 2, 13, 5, 14, 25])
(108353, [32, 35, 34, 33, 20, 18, 9, 11, 16, 17, 1, 19, 8, 21, 44, 31, 30, 39, 41, 24, 23, 4, 15, 3, 12, 40, 2, 22])
(108354, [32])
(108355, [32, 34, 33, 9, 11, 16, 1, 10, 19, 43, 31, 30, 24, 23, 3, 12])
(108356, [32, 35, 34, 33, 18, 9, 0, 11, 7, 16, 42, 6, 28, 1, 19, 26, 21, 43, 31, 30, 39, 24, 23, 4, 15, 3, 2, 13, 14, 22])
(108357, [32, 35, 34, 33, 18, 9, 7, 42, 17, 1, 19, 8, 21, 44, 31, 30, 37, 39, 41, 4, 15, 3, 12, 2, 5, 14, 22])
(108358, [32, 35, 34, 33, 18, 11, 6, 17, 1, 19, 26, 8, 21, 43, 31, 30, 37, 39, 41, 24, 23, 4, 15, 3, 12, 2, 13, 22])
(108359, [32, 34, 37, 41])
(108360, [32, 34, 0, 11, 16, 6, 17, 1, 19, 41])
(108361, [32, 34, 33, 20, 18, 9, 0, 6, 28, 17, 1, 19, 8, 31, 3, 12, 2])
(108362, [32, 35, 34, 33, 20, 18, 27, 9, 0, 11, 16, 42, 6, 17, 1, 10, 26, 44, 43, 36, 31, 30, 37, 41, 24, 23, 4, 15, 3, 12, 40, 2, 13])
(108363, [32, 34, 20, 9, 17, 10, 19, 44, 12])
(108364, [32, 34, 33, 18, 9, 0, 11, 16, 6, 17, 1, 19, 44, 43, 31, 24, 23, 3, 2, 14, 25])
(108365, [32, 33, 26, 24, 15, 3])
(108366, [32])
(108367, [32, 34, 33, 0, 11, 1, 30, 41, 3, 2])
(108368, [32, 35, 33, 18, 27, 9, 0, 11, 7, 29, 16, 42, 17, 1, 19, 8, 21, 44, 43, 36, 37, 39, 41, 24, 23, 4, 3, 12, 2, 13, 5, 25])
(108369, [32, 33, 44, 30, 41, 12, 22])
(108370, [32, 9, 24, 4, 2])
(108371, [32])
(108372, [32, 34, 1, 10, 8, 21, 43, 31, 37, 23, 3, 12, 5])
(108373, [32, 35, 33, 20, 9, 11, 7, 29, 6, 17, 1, 19, 8, 21, 44, 31, 30, 23, 3, 2, 22])
(108374, [32, 9, 19, 15])
(108375, [32, 18, 0, 11, 16, 17, 1, 19, 26, 21, 43, 39, 24, 15, 3, 14])
(108376, [32, 33, 18])
(108377, [32, 33, 9, 0, 11, 7, 16, 6, 28, 17, 1, 19, 26, 44, 36, 31, 30, 39, 41, 24, 4, 3, 12, 2, 13, 14, 22])
(108378, [32])
(108379, [32, 4])
(108380, [32])
(108381, [32, 0, 36, 12, 2])
(108382, [32, 3])
(108383, [35])
(108384, [35, 34, 33, 20, 18, 27, 9, 0, 11, 7, 29, 16, 42, 6, 28, 1, 10, 19, 26, 8, 21, 44, 43, 38, 36, 31, 30, 37, 39, 41, 24, 23, 4, 15, 3, 12, 40, 2, 13, 5, 14, 22, 25])
(108385, [35, 6, 43, 37, 3, 2])
(108386, [35, 34, 33, 20, 27, 9, 0, 7, 42, 28, 1, 10, 19, 26, 21, 44, 38, 31, 30, 39, 24, 23, 4, 3, 12, 2])
(108387, [35, 18, 29])
(108388, [35, 4])
(108389, [35, 18, 23])
(108390, [35, 33, 18, 7, 17, 1, 3, 12, 2, 5])
(108391, [35])
(108392, [35, 11, 8, 44, 43, 23, 2, 5])
(108393, [35])
(108394, [35, 18, 16, 8, 23, 4, 12, 5])
(108395, [35, 16, 1, 43, 37, 3, 12, 25])
(108396, [35, 10])
(108397, [35, 0, 1, 26, 24, 5])
(108398, [35, 33, 18, 27, 9, 11, 7, 6, 28, 17, 1, 10, 19, 26, 43, 36, 23, 15, 2, 14])
(108399, [35, 2])
(108400, [35])
(108401, [35, 34, 27, 9, 0, 16, 10, 8, 43, 30, 37, 24, 23, 12, 2, 5])
(108402, [35])
(108403, [35])
(108404, [35, 20, 9, 0, 17, 19, 26, 21, 43, 23, 3, 12, 13])
(108405, [35, 18, 21, 23, 15, 12])
(108406, [35])
(108407, [35])
(108408, [35])
(108409, [35])
(108410, [35])
(108411, [35, 43])
(108412, [35, 33, 18, 9, 0, 11, 7, 16, 42, 1, 19, 8, 44, 36, 30, 24, 4, 15, 3, 12])
(108413, [35])
(108414, [35])
(108415, [35, 20, 0, 6, 43, 37, 23, 3])
(108416, [35, 0])
(108417, [35, 17, 1, 40])
(108418, [35])
(108419, [35, 0, 36, 23, 2, 5])
(108420, [35, 27, 11, 7, 16, 42, 6, 10, 26, 41, 15, 12, 40])
(108421, [35, 9, 0, 28, 1, 36, 31, 39, 4, 15, 3, 2, 14])
(108422, [35, 20, 18, 27, 9, 16, 42, 1, 19, 26, 44, 43, 37, 41, 23, 4, 15, 2])
(108423, [35, 33, 20, 18, 9, 0, 11, 29, 16, 17, 1, 26, 8, 43, 31, 30, 39, 41, 23, 15, 3, 12, 2])
(108424, [35])
(108425, [35])
(108426, [35])
(108427, [35, 34, 9, 19, 41, 3, 12])
(108428, [35])
(108429, [35, 21])
(108430, [34, 9, 11, 28, 19, 8, 21, 44, 41, 24, 23, 3, 12, 5, 14])
(108431, [34, 33, 18, 0, 11, 6, 1, 19, 26, 8, 21, 43, 31, 30, 15, 3, 12, 2, 22])
(108432, [34])
(108433, [34, 33, 9, 11, 17, 26, 31, 41, 13, 14])
(108434, [34, 33, 20, 9, 0, 16, 6, 19, 26, 43, 31, 41, 23, 4, 15, 3, 12, 40, 2])
(108435, [34])
(108436, [34, 33, 20, 18, 0, 7, 42, 6, 28, 10, 19, 44, 43, 31, 24, 4, 15, 3, 2, 14])
(108437, [34, 33, 18, 9, 11, 26, 41, 24, 23, 4, 15, 2, 14])
(108438, [34, 11, 17, 44, 31, 30, 23, 12, 2])
(108439, [34, 24, 4])
(108440, [34, 9])
(108441, [34, 33, 18, 9, 0, 7, 42, 1, 10, 19, 26, 8, 21, 44, 41, 23, 4, 15, 3, 12, 40, 2, 5, 14, 22])
(108442, [34, 16, 19, 44, 3, 40, 22])
(108443, [34, 0, 6, 1, 24, 23])
(108444, [34, 0, 37, 23])
(108445, [34, 33, 0, 1, 31, 30, 39, 41, 3, 2, 22])
(108446, [34, 33, 0, 11, 7, 28, 17, 1, 19, 44, 36, 4, 15, 3, 12, 2])
(108447, [34, 18, 8, 39])
(108448, [34])
(108449, [34, 26, 41, 24, 3, 40, 2, 13])
(108450, [34, 33, 20, 0, 24, 3, 2])
(108451, [34, 33, 20, 18, 9, 0, 11, 28, 17, 26, 43, 36, 37, 41, 24, 4, 15, 12, 2, 13, 14])
(108452, [34, 33, 0, 1, 26, 44, 43, 24, 12, 14])
(108453, [34])
(108454, [34, 33, 20, 42, 1, 19, 21, 38, 31, 4, 15, 3, 12, 2, 22])
(108455, [34, 9, 11, 1, 19, 31, 15, 3, 2])
(108456, [34, 33, 20, 7, 29, 16, 6, 28, 1, 19, 26, 21, 39, 24, 4, 15, 3, 40])
(108457, [34, 0, 44, 22])
(108458, [34, 16])
(108459, [34, 18, 9, 0, 11, 1, 43, 24, 23, 15, 3, 12, 5, 22])
(108460, [34, 11, 1, 31, 30, 39, 15, 2, 13])
(108461, [34, 18, 26, 8])
(108462, [34, 16, 1, 10, 19, 12])
(108463, [34, 20, 0, 17, 26, 44, 30, 4, 15, 3, 12])
(108464, [34, 18, 9, 17, 19, 26, 21, 44, 43, 41, 24, 15, 12, 40, 2, 13])
(108465, [34, 33, 18, 11, 6, 1, 8, 21, 31, 30, 41, 23, 3])
(108466, [34, 20, 9, 0, 6, 17, 26, 43, 41, 3, 12, 2])
(108467, [34, 9, 11, 16, 1, 19, 38, 41, 15, 12, 40, 2])
(108468, [34, 20])
(108469, [34])
(108470, [34, 33, 9, 29, 1, 26, 21, 43, 31, 15, 3, 12, 22])
(108471, [34, 0, 6, 1, 3, 2])
(108472, [34, 33])
(108473, [34, 16, 10])
(108474, [34, 0, 42])
(108475, [34, 0, 3])
(108476, [34, 0, 7, 31])
(108477, [34, 9, 31, 30, 3])
(108478, [34, 0])
(108479, [34, 0, 12])
(108480, [34, 20, 0, 11, 42, 12, 2, 22])
(108481, [34, 12])
(108482, [34])
(108483, [34])
(108484, [34, 0, 14])
(108485, [33, 6, 36, 31, 41])
(108486, [33])
(108487, [33, 0, 11, 6, 1, 26, 4, 3, 12])
(108488, [33, 27, 9, 0, 19, 31, 30, 41, 24, 4, 2, 14])
(108489, [33, 9, 7, 6, 28, 26, 30, 41, 15, 2, 14])
(108490, [33, 27, 0, 6, 28, 17, 19, 43, 30, 24, 4, 15, 3, 40, 2])
(108491, [33])
(108492, [33, 1, 8, 31, 30, 24, 15, 22])
(108493, [33, 27, 0, 11, 7, 6, 17, 26, 44, 36, 23, 4, 15, 12, 2, 13, 14, 22])
(108494, [33, 20, 18, 9, 0, 11, 7, 16, 6, 17, 1, 19, 26, 8, 44, 43, 36, 31, 30, 41, 24, 3, 12, 2, 13, 5])
(108495, [33, 6, 1, 19, 44, 38, 39, 3, 22])
(108496, [33])
(108497, [33, 0, 11, 16, 42, 1, 19, 21, 44, 37, 15, 3, 2, 22])
(108498, [33, 0, 30])
(108499, [33, 20, 9, 11, 16, 6, 17, 10, 19, 21, 44, 30, 41, 3, 12, 40, 2, 14])
(108500, [33])
(108501, [33, 12, 2])
(108502, [33])
(108503, [33, 20, 1, 19, 21, 38, 3, 2, 22])
(108504, [33, 12])
(108505, [33, 18, 27, 9, 0, 11, 16, 17, 26, 43, 30, 23, 15, 3, 12, 40, 2, 14])
(108506, [33, 1, 41])
(108507, [33, 0, 19, 3, 14])
(108508, [33, 20, 9, 0, 7, 43, 36, 31, 4, 15, 3, 12, 2])
(108509, [33, 18, 0, 11, 16, 17, 1, 26, 8, 44, 39, 15, 3])
(108510, [33, 1])
(108511, [33, 11, 17, 1, 41, 24, 4, 13])
(108512, [33, 9, 0, 11, 29, 16, 17, 1, 44, 43, 41, 23, 3, 2])
(108513, [33, 9, 31, 23, 14])
(108514, [33, 18, 1, 19, 26, 43, 3])
(108515, [33, 18, 11, 2])
(108516, [33, 18, 9, 0, 7, 16, 10, 19, 43, 31, 30, 41, 23, 4, 15, 3, 12, 2])
(108517, [33])
(108518, [33, 20, 18, 9, 6, 19, 43, 31, 23, 2])
(108519, [20])
(108520, [20, 0, 21, 3])
(108521, [20, 9, 16, 42, 6, 1, 10, 26, 21, 44, 41, 3, 12])
(108522, [20, 18, 9, 0, 43, 40])
(108523, [20, 6, 41, 40, 2, 14])
(108524, [20])
(108525, [20])
(108526, [20, 6, 1, 38, 30, 3])
(108527, [20, 0, 7, 1, 31, 3, 2])
(108528, [20, 0, 4])
(108529, [20, 9])
(108530, [20, 6, 43, 41, 3, 2, 14])
(108531, [20, 0, 7, 44, 30, 15, 12])
(108532, [20, 18, 42, 1, 19, 8, 3, 40, 2])
(108533, [20])
(108534, [20, 0, 1, 31, 3])
(108535, [20, 0])
(108536, [20, 11, 6, 1, 44, 43, 3, 12, 2])
(108537, [20, 18, 7, 1, 3, 12, 40, 14])
(108538, [20, 7])
(108539, [20])
(108540, [20, 18, 0, 16, 8, 21])
(108541, [20, 19, 26, 44, 4, 2])
(108542, [20])
(108543, [20, 9, 0, 6, 1, 3, 12, 2])
(108544, [20])
(108545, [20, 27, 1, 26, 21, 37, 41, 4, 15, 3])
(108546, [20])
(108547, [20, 0, 12, 2])
(108548, [20])
(108549, [20, 9, 11, 7, 6, 1, 4, 3, 2])
(108550, [20, 9, 0, 11, 44, 36, 3, 2])
(108551, [18])
(108552, [18])
(108553, [18])
(108554, [18])
(108555, [18])
(108556, [18])
(108557, [18, 21])
(108558, [18])
(108559, [18])
(108560, [18])
(108561, [18, 11, 43, 23, 3])
(108562, [18, 6, 1, 19, 26, 8, 21, 44, 43, 41, 23, 3, 12])
(108563, [18, 31, 30, 2])
(108564, [18, 0, 12])
(108565, [18])
(108566, [18])
(108567, [18, 43, 37, 23, 15])
(108568, [18, 43, 15, 40])
(108569, [18, 1, 3, 22])
(108570, [18, 9, 7, 1, 19, 44, 43, 30, 15, 3, 12, 22])
(108571, [18, 11, 7, 23, 15, 3, 12])
(108572, [18, 1, 19, 3])
(108573, [18, 8, 23, 15, 2])
(108574, [18, 0, 3])
(108575, [18, 39, 3])
(108576, [18, 15])
(108577, [18])
(108578, [18, 29])
(108579, [18])
(108580, [18, 17, 19, 39])
(108581, [18, 2])
(108582, [18, 23])
(108583, [18])
(108584, [18, 4, 15, 2, 14])
(108585, [18])
(108586, [18, 17, 19, 4])
(108587, [18])
(108588, [18])
(108589, [18, 19, 8])
(108590, [18])
(108591, [18, 11, 7, 28, 19, 43, 2, 14])
(108592, [18])
(108593, [18, 3])
(108594, [18])
(108595, [18, 23])
(108596, [18, 26, 43])
(108597, [18, 6, 1, 19, 21, 44, 23])
(108598, [18, 11, 1, 19, 43, 3, 25])
(108599, [18])
(108600, [18])
(108601, [18])
(108602, [18])
(108603, [18])
(108604, [18])
(108605, [18])
(108606, [18])
(108607, [18, 9, 30])
(108608, [18])
(108609, [18, 31, 15])
(108610, [18])
(108611, [18])
(108612, [18])
(108613, [18, 1, 23, 3, 2, 22])
(108614, [18, 7, 1, 19, 44, 3])
(108615, [18])
(108616, [18])
(108617, [18, 9, 24, 4, 2])
(108618, [18])
(108619, [18])
(108620, [18])
(108621, [18, 39, 3])
(108622, [18, 0, 12])
(108623, [18])
(108624, [18, 41])
(108625, [18])
(108626, [18])
(108627, [18])
(108628, [18, 0, 21, 3, 12])
(108629, [18])
(108630, [18, 11, 1, 26, 21, 38, 3, 22])
(108631, [18, 38, 3])
(108632, [18, 29, 3])
(108633, [18])
(108634, [27, 1, 3, 12])
(108635, [27])
(108636, [27])
(108637, [27])
(108638, [27, 9])
(108639, [27, 16, 3])
(108640, [27])
(108641, [9])
(108642, [9, 43, 12])
(108643, [9])
(108644, [9, 2])
(108645, [9, 1, 31])
(108646, [9, 0])
(108647, [9])
(108648, [9, 17])
(108649, [9, 1, 19])
(108650, [9, 11, 37, 2])
(108651, [9])
(108652, [9, 19, 21, 3])
(108653, [9, 1, 22])
(108654, [9, 43, 4])
(108655, [9])
(108656, [9])
(108657, [9])
(108658, [9])
(108659, [9])
(108660, [9])
(108661, [9])
(108662, [9])
(108663, [9, 0, 16, 1, 21, 23, 3])
(108664, [9])
(108665, [9, 1, 21, 3])
(108666, [9])
(108667, [9, 17, 1, 19, 39, 41, 2])
(108668, [9, 11, 6, 31])
(108669, [9])
(108670, [9])
(108671, [9])
(108672, [9])
(108673, [9])
(108674, [9, 11, 7, 6, 1, 19, 44, 43, 30, 41, 24, 4, 3, 12, 2])
(108675, [9, 26])
(108676, [9, 0, 6])
(108677, [9])
(108678, [9, 0, 16, 1, 43, 23, 3, 2, 5])
(108679, [9])
(108680, [9])
(108681, [9])
(108682, [9])
(108683, [9, 17, 15, 2])
(108684, [9, 39, 41, 22])
(108685, [9, 11])
(108686, [9])
(108687, [9, 41, 13])
(108688, [9, 0, 11, 42, 19, 36, 4, 12, 2, 14])
(108689, [9, 1])
(108690, [9, 19, 44, 40, 2, 5])
(108691, [9])
(108692, [9, 1, 37])
(108693, [9, 21, 22])
(108694, [9])
(108695, [9, 29, 19, 43, 31, 23, 22])
(108696, [9])
(108697, [9])
(108698, [9, 2])
(108699, [9, 16, 1])
(108700, [9])
(108701, [9, 19, 38, 15])
(108702, [9])
(108703, [9, 11])
(108704, [9])
(108705, [9, 0, 2])
(108706, [9])
(108707, [9])
(108708, [9, 0, 43, 30, 24, 23, 40])
(108709, [9])
(108710, [9, 6])
(108711, [9, 0, 19, 2])
(108712, [0, 23, 5])
(108713, [0])
(108714, [0, 6, 1, 2])
(108715, [0, 1])
(108716, [0])
(108717, [0, 1, 39, 3, 12])
(108718, [0, 12])
(108719, [0])
(108720, [0])
(108721, [0, 12])
(108722, [0, 12])
(108723, [0, 19, 12])
(108724, [0])
(108725, [0])
(108726, [0])
(108727, [0])
(108728, [0])
(108729, [0])
(108730, [0])
(108731, [0])
(108732, [0])
(108733, [0, 12, 22])
(108734, [0])
(108735, [0, 6, 12, 2])
(108736, [0])
(108737, [0, 19, 21, 12])
(108738, [0])
(108739, [0, 1, 3, 12])
(108740, [0])
(108741, [0])
(108742, [0, 30])
(108743, [0])
(108744, [0])
(108745, [0])
(108746, [0])
(108747, [0])
(108748, [0])
(108749, [0])
(108750, [0])
(108751, [0])
(108752, [0])
(108753, [0])
(108754, [0, 1, 19, 26, 31, 30, 39, 12])
(108755, [0])
(108756, [0, 6, 17, 41, 2])
(108757, [0])
(108758, [0])
(108759, [0])
(108760, [0, 26, 43, 12, 2])
(108761, [0])
(108762, [0])
(108763, [0])
(108764, [0, 12])
(108765, [0, 3])
(108766, [0])
(108767, [0])
(108768, [0])
(108769, [0, 11])
(108770, [0, 11, 7, 1, 26, 44, 3, 12, 14])
(108771, [0])
(108772, [0])
(108773, [0])
(108774, [0])
(108775, [0])
(108776, [0, 11, 1, 19, 26, 12, 25])
(108777, [0, 7, 3])
(108778, [0])
(108779, [0])
(108780, [0])
(108781, [0])
(108782, [0])
(108783, [0])
(108784, [0])
(108785, [0, 12])
(108786, [0])
(108787, [0, 14])
(108788, [0])
(108789, [0])
(108790, [0])
(108791, [0, 10, 38, 2])
(108792, [0])
(108793, [0])
(108794, [0])
(108795, [0])
(108796, [0])
(108797, [0])
(108798, [0])
(108799, [0])
(108800, [0])
(108801, [0])
(108802, [0, 44, 24, 4])
(108803, [0])
(108804, [0, 12])
(108805, [0])
(108806, [0])
(108807, [0])
(108808, [0, 2])
(108809, [0])
(108810, [0])
(108811, [0, 12])
(108812, [0])
(108813, [0])
(108814, [0])
(108815, [0, 28, 4, 12])
(108816, [0])
(108817, [0])
(108818, [0])
(108819, [0])
(108820, [0])
(108821, [0, 12])
(108822, [0])
(108823, [0, 12])
(108824, [0])
(108825, [0])
(108826, [0])
(108827, [0])
(108828, [0])
(108829, [0])
(108830, [0])
(108831, [0])
(108832, [0])
(108833, [0, 26, 41, 3, 2])
(108834, [0, 12])
(108835, [0])
(108836, [0])
(108837, [0])
(108838, [0])
(108839, [0])
(108840, [0, 16, 6, 1, 26, 8, 21, 30, 24, 23, 2])
(108841, [0])
(108842, [0])
(108843, [0])
(108844, [0])
(108845, [0])
(108846, [0])
(108847, [0, 42, 26, 12])
(108848, [0])
(108849, [0])
(108850, [0])
(108851, [0])
(108852, [0])
(108853, [0, 1, 36, 3])
(108854, [0])
(108855, [0])
(108856, [0])
(108857, [0])
(108858, [0])
(108859, [0])
(108860, [0])
(108861, [0, 1, 19, 44, 41, 4])
(108862, [0])
(108863, [0])
(108864, [0])
(108865, [0])
(108866, [0])
(108867, [0])
(108868, [0])
(108869, [0])
(108870, [0, 16, 12])
(108871, [0])
(108872, [0])
(108873, [0])
(108874, [0])
(108875, [0])
(108876, [0])
(108877, [0])
(108878, [0, 21, 12])
(108879, [0])
(108880, [0])
(108881, [0])
(108882, [0])
(108883, [0])
(108884, [0])
(108885, [0])
(108886, [0])
(108887, [0, 12])
(108888, [0, 1, 21, 38, 3])
(108889, [0])
(108890, [0])
(108891, [0, 10])
(108892, [0])
(108893, [0])
(108894, [0])
(108895, [0])
(108896, [0])
(108897, [0])
(108898, [0, 21, 3])
(108899, [0])
(108900, [0])
(108901, [0])
(108902, [0])
(108903, [0])
(108904, [0, 14])
(108905, [0])
(108906, [0])
(108907, [0])
(108908, [0])
(108909, [0])
(108910, [0])
(108911, [0])
(108912, [0])
(108913, [0])
(108914, [0])
(108915, [0])
(108916, [0])
(108917, [0])
(108918, [0])
(108919, [0])
(108920, [0, 1, 31, 30])
(108921, [0])
(108922, [0, 16, 3])
(108923, [0])
(108924, [0])
(108925, [0])
(108926, [0])
(108927, [0])
(108928, [0])
(108929, [0])
(108930, [0])
(108931, [0])
(108932, [0])
(108933, [0])
(108934, [0, 1])
(108935, [0])
(108936, [0])
(108937, [0])
(108938, [0, 24])
(108939, [0])
(108940, [0])
(108941, [0])
(108942, [0])
(108943, [0, 43, 12])
(108944, [0])
(108945, [0])
(108946, [0])
(108947, [0])
(108948, [0])
(108949, [0])
(108950, [0])
(108951, [0, 11, 21])
(108952, [0])
(108953, [0])
(108954, [0])
(108955, [0])
(108956, [0])
(108957, [0])
(108958, [0])
(108959, [11, 1, 19, 21, 4, 3, 22])
(108960, [11])
(108961, [11, 1, 12, 2])
(108962, [11])
(108963, [11, 26, 43, 24, 23, 4])
(108964, [11])
(108965, [11])
(108966, [11])
(108967, [11])
(108968, [11])
(108969, [11])
(108970, [11])
(108971, [11])
(108972, [11, 1, 10, 26, 23, 3])
(108973, [11])
(108974, [11, 1, 3])
(108975, [11])
(108976, [11, 12])
(108977, [11, 16, 12])
(108978, [11, 7, 16, 28, 17, 19, 26, 41, 24, 3, 12, 40, 2, 13, 14])
(108979, [11])
(108980, [11])
(108981, [7, 37, 3, 5])
(108982, [7, 1, 26, 31, 30, 3])
(108983, [7])
(108984, [7, 21])
(108985, [7, 3])
(108986, [7, 1, 21, 3])
(108987, [7, 1, 21])
(108988, [7, 43, 14])
(108989, [7])
(108990, [7])
(108991, [7])
(108992, [7, 4, 3, 14])
(108993, [7, 26, 21, 30, 3, 12, 14])
(108994, [7, 1, 4, 15, 2])
(108995, [7])
(108996, [7])
(108997, [29])
(108998, [29])
(108999, [29])
(109000, [16, 43, 23, 2])
(109001, [16, 19, 38, 39, 2])
(109002, [16])
(109003, [16, 13, 14, 22])
(109004, [16, 1, 19, 43, 39, 4, 15, 3])
(109005, [16, 21, 12, 22])
(109006, [16])
(109007, [16, 28, 26, 24, 3, 2, 13, 14])
(109008, [16])
(109009, [16, 3])
(109010, [16, 28])
(109011, [16])
(109012, [16])
(109013, [42])
(109014, [42, 13])
(109015, [42])
(109016, [6, 1, 26, 3, 2])
(109017, [6, 3, 2])
(109018, [6, 1, 15, 3, 40, 2])
(109019, [6, 15])
(109020, [6, 43, 2])
(109021, [6])
(109022, [6])
(109023, [6])
(109024, [6, 17, 26, 44])
(109025, [6, 26, 8, 43, 23, 3])
(109026, [6, 1, 26, 43, 2])
(109027, [6])
(109028, [6, 19, 41, 40])
(109029, [6, 12])
(109030, [6, 1, 19, 21, 44, 3, 12])
(109031, [6])
(109032, [6, 26])
(109033, [6])
(109034, [6])
(109035, [6])
(109036, [6, 36, 40])
(109037, [28, 1, 19, 3])
(109038, [28, 26, 30])
(109039, [28, 24, 23])
(109040, [28, 30, 15])
(109041, [28, 2])
(109042, [28])
(109043, [17])
(109044, [17])
(109045, [17, 26, 44, 41, 40, 2, 14])
(109046, [17, 43])
(109047, [17, 19, 44, 39, 15, 2])
(109048, [17])
(109049, [17, 26, 2])
(109050, [17, 2])
(109051, [17, 2])
(109052, [17, 44, 3, 12, 40, 2])
(109053, [17, 14])
(109054, [17])
(109055, [17])
(109056, [1])
(109057, [1, 26, 41, 23])
(109058, [1, 43, 2, 14])
(109059, [1])
(109060, [1])
(109061, [1, 3])
(109062, [1, 3])
(109063, [1, 31])
(109064, [1, 13])
(109065, [1, 3, 40])
(109066, [1, 3])
(109067, [1])
(109068, [1])
(109069, [1])
(109070, [1])
(109071, [1])
(109072, [1, 26, 4])
(109073, [1])
(109074, [1, 21])
(109075, [1, 19, 21, 24])
(109076, [1, 3])
(109077, [1])
(109078, [1, 21, 38, 2, 22])
(109079, [1, 22])
(109080, [1])
(109081, [1, 31])
(109082, [1, 30, 23, 3])
(109083, [1, 3])
(109084, [1])
(109085, [1, 3])
(109086, [1, 4])
(109087, [1, 23, 4, 3])
(109088, [1, 19, 3])
(109089, [1, 3])
(109090, [1, 19, 3])
(109091, [1])
(109092, [1])
(109093, [1, 31])
(109094, [1, 21])
(109095, [1])
(109096, [1])
(109097, [1, 36, 3])
(109098, [1, 21])
(109099, [1])
(109100, [10])
(109101, [10])
(109102, [10, 26, 24, 4, 14])
(109103, [10])
(109104, [10])
(109105, [10])
(109106, [10])
(109107, [10])
(109108, [10])
(109109, [10])
(109110, [10, 44, 2])
(109111, [10])
(109112, [10])
(109113, [19, 2])
(109114, [19])
(109115, [19])
(109116, [19, 21, 3])
(109117, [19])
(109118, [19, 21, 31])
(109119, [19])
(109120, [19])
(109121, [19])
(109122, [19, 2])
(109123, [19])
(109124, [19])
(109125, [19, 24, 4])
(109126, [19])
(109127, [19])
(109128, [19])
(109129, [19])
(109130, [19])
(109131, [19])
(109132, [19])
(109133, [19])
(109134, [19])
(109135, [19])
(109136, [19])
(109137, [26])
(109138, [26])
(109139, [26, 41])
(109140, [26])
(109141, [26, 25])
(109142, [26, 36])
(109143, [26, 30, 23])
(109144, [26, 44, 23, 15])
(109145, [26])
(109146, [26, 44, 43, 2])
(109147, [26])
(109148, [26])
(109149, [26])
(109150, [26])
(109151, [26])
(109152, [26, 3])
(109153, [26])
(109154, [8])
(109155, [8])
(109156, [8])
(109157, [8])
(109158, [8, 23])
(109159, [8])
(109160, [8])
(109161, [8])
(109162, [8])
(109163, [8])
(109164, [8])
(109165, [8])
(109166, [8])
(109167, [8])
(109168, [8, 24])
(109169, [8, 23])
(109170, [8, 23, 12])
(109171, [21])
(109172, [21])
(109173, [21, 3])
(109174, [21])
(109175, [21])
(109176, [21])
(109177, [21])
(109178, [21])
(109179, [21])
(109180, [21])
(109181, [21])
(109182, [21, 3])
(109183, [21])
(109184, [21])
(109185, [21])
(109186, [21, 31, 40, 5, 22])
(109187, [21])
(109188, [21, 2])
(109189, [21])
(109190, [21, 3])
(109191, [21])
(109192, [21])
(109193, [21])
(109194, [21])
(109195, [21])
(109196, [21])
(109197, [21])
(109198, [21])
(109199, [21])
(109200, [21])
(109201, [21])
(109202, [21])
(109203, [21, 44])
(109204, [21])
(109205, [21])
(109206, [21])
(109207, [21])
(109208, [21])
(109209, [21])
(109210, [21])
(109211, [21])
(109212, [21])
(109213, [21])
(109214, [21])
(109215, [21])
(109216, [21])
(109217, [21])
(109218, [21])
(109219, [44])
(109220, [44])
(109221, [44, 2])
(109222, [44, 15, 2])
(109223, [44])
(109224, [44])
(109225, [44])
(109226, [44, 12])
(109227, [44])
(109228, [44])
(109229, [44, 43])
(109230, [44])
(109231, [44])
(109232, [44, 2])
(109233, [44])
(109234, [44])
(109235, [44])
(109236, [44])
(109237, [43])
(109238, [43])
(109239, [43])
(109240, [43])
(109241, [43, 2])
(109242, [43])
(109243, [43])
(109244, [43])
(109245, [43])
(109246, [43])
(109247, [43])
(109248, [43, 23, 15, 5])
(109249, [43])
(109250, [43, 3, 5])
(109251, [43])
(109252, [43])
(109253, [43, 24])
(109254, [43])
(109255, [43])
(109256, [43, 15])
(109257, [43])
(109258, [43])
(109259, [43])
(109260, [43])
(109261, [36])
(109262, [36])
(109263, [36])
(109264, [36])
(109265, [36])
(109266, [36, 41, 15, 2])
(109267, [36])
(109268, [36])
(109269, [36])
(109270, [36])
(109271, [36])
(109272, [36])
(109273, [36])
(109274, [36, 14])
(109275, [36])
(109276, [36])
(109277, [36])
(109278, [36])
(109279, [36])
(109280, [36])
(109281, [36])
(109282, [36])
(109283, [31])
(109284, [31])
(109285, [31])
(109286, [31, 30])
(109287, [31])
(109288, [31])
(109289, [31])
(109290, [31, 2])
(109291, [31])
(109292, [31])
(109293, [31])
(109294, [31])
(109295, [31])
(109296, [30])
(109297, [30])
(109298, [30])
(109299, [30, 4, 2, 14])
(109300, [30])
(109301, [30])
(109302, [30])
(109303, [30])
(109304, [30])
(109305, [30])
(109306, [30])
(109307, [37])
(109308, [37])
(109309, [37, 23, 12])
(109310, [37])
(109311, [39])
(109312, [39])
(109313, [39])
(109314, [39])
(109315, [39, 3])
(109316, [39, 3])
(109317, [39, 40])
(109318, [41])
(109319, [41])
(109320, [41])
(109321, [41])
(109322, [41])
(109323, [41])
(109324, [41])
(109325, [41])
(109326, [41])
(109327, [41])
(109328, [41])
(109329, [41])
(109330, [41])
(109331, [41, 12])
(109332, [41])
(109333, [41])
(109334, [41])
(109335, [24])
(109336, [24, 40])
(109337, [24, 40])
(109338, [24, 3])
(109339, [24])
(109340, [24])
(109341, [24])
(109342, [24, 2])
(109343, [24])
(109344, [24])
(109345, [24])
(109346, [24])
(109347, [24])
(109348, [24, 4])
(109349, [23])
(109350, [23, 4])
(109351, [23])
(109352, [23])
(109353, [23])
(109354, [23])
(109355, [23])
(109356, [23])
(109357, [23])
(109358, [23])
(109359, [23])
(109360, [23])
(109361, [23])
(109362, [23])
(109363, [23, 12])
(109364, [23])
(109365, [23])
(109366, [23, 3])
(109367, [23])
(109368, [23])
(109369, [23])
(109370, [23])
(109371, [23])
(109372, [23])
(109373, [23])
(109374, [23])
(109375, [23])
(109376, [23])
(109377, [23])
(109378, [23])
(109379, [23])
(109380, [23])
(109381, [23])
(109382, [23])
(109383, [23])
(109384, [23])
(109385, [23])
(109386, [23])
(109387, [23])
(109388, [23])
(109389, [23])
(109390, [23])
(109391, [23])
(109392, [23])
(109393, [23])
(109394, [23])
(109395, [23])
(109396, [23])
(109397, [23])
(109398, [23])
(109399, [23])
(109400, [23])
(109401, [23, 15])
(109402, [23])
(109403, [23])
(109404, [4])
(109405, [4])
(109406, [4])
(109407, [4, 3])
(109408, [4])
(109409, [4])
(109410, [4])
(109411, [4])
(109412, [4])
(109413, [4])
(109414, [4, 14])
(109415, [4])
(109416, [4])
(109417, [4])
(109418, [4])
(109419, [4])
(109420, [4])
(109421, [15])
(109422, [15])
(109423, [15])
(109424, [15])
(109425, [15])
(109426, [15])
(109427, [15])
(109428, [15, 3])
(109429, [15])
(109430, [3])
(109431, [3, 12])
(109432, [3])
(109433, [3])
(109434, [3])
(109435, [3])
(109436, [3])
(109437, [3])
(109438, [3])
(109439, [3])
(109440, [3])
(109441, [3])
(109442, [3])
(109443, [3])
(109444, [3])
(109445, [3, 12])
(109446, [3])
(109447, [3])
(109448, [3])
(109449, [3])
(109450, [3])
(109451, [3])
(109452, [3, 12])
(109453, [3])
(109454, [3])
(109455, [3])
(109456, [3])
(109457, [3])
(109458, [3])
(109459, [3])
(109460, [3])
(109461, [3])
(109462, [3, 12, 2])
(109463, [3])
(109464, [3])
(109465, [3])
(109466, [3])
(109467, [3])
(109468, [12])
(109469, [12])
(109470, [12])
(109471, [12])
(109472, [12])
(109473, [12])
(109474, [12])
(109475, [12])
(109476, [12])
(109477, [12])
(109478, [12])
(109479, [12])
(109480, [12])
(109481, [12])
(109482, [12])
(109483, [12])
(109484, [12])
(109485, [12])
(109486, [12])
(109487, [12])
(109488, [12])
(109489, [12])
(109490, [12])
(109491, [12])
(109492, [12])
(109493, [12])
(109494, [12])
(109495, [12])
(109496, [12])
(109497, [12])
(109498, [12])
(109499, [12])
(109500, [12, 14])
(109501, [12])
(109502, [12])
(109503, [12])
(109504, [12])
(109505, [12])
(109506, [12])
(109507, [12])
(109508, [12])
(109509, [12])
(109510, [12])
(109511, [12])
(109512, [12])
(109513, [12])
(109514, [12])
(109515, [12])
(109516, [12])
(109517, [12])
(109518, [12])
(109519, [12])
(109520, [12])
(109521, [12])
(109522, [12])
(109523, [12, 5, 22])
(109524, [12])
(109525, [12])
(109526, [12])
(109527, [12])
(109528, [12])
(109529, [12])
(109530, [12])
(109531, [12])
(109532, [12])
(109533, [12])
(109534, [12])
(109535, [12])
(109536, [12])
(109537, [40])
(109538, [40, 2])
(109539, [40])
(109540, [40])
(109541, [40])
(109542, [2])
(109543, [2])
(109544, [2])
(109545, [2])
(109546, [2])
(109547, [2])
(109548, [2])
(109549, [2])
(109550, [2])
(109551, [2])
(109552, [2])
(109553, [2])
(109554, [2])
(109555, [2])
(109556, [2])
(109557, [2])
(109558, [2])
(109559, [2])
(109560, [2])
(109561, [2])
(109562, [2])
(109563, [2])
(109564, [2, 14])
(109565, [2])
(109566, [2])
(109567, [2])
(109568, [2])
(109569, [2])
(109570, [2])
(109571, [2])
(109572, [2])
(109573, [2, 14])
(109574, [2])
(109575, [2])
(109576, [2])
(109577, [2])
(109578, [2])
(109579, [2])
(109580, [2])
(109581, [2])
(109582, [2])
(109583, [2])
(109584, [2])
(109585, [2])
(109586, [2])
(109587, [2])
(109588, [2])
(109589, [2])
(109590, [2])
(109591, [2])
(109592, [2])
(109593, [2])
(109594, [2])
(109595, [2])
(109596, [2])
(109597, [2])
(109598, [2])
(109599, [2])
(109600, [2])
(109601, [2])
(109602, [2])
(109603, [2])
(109604, [2])
(109605, [2])
(109606, [2])
(109607, [2])
(109608, [13])
(109609, [13])
(109610, [13])
(109611, [13])
(109612, [5])
(109613, [5])
(109614, [5])
(109615, [5])
(109616, [5])
(109617, [5])
(109618, [5])
(109619, [5])
(109620, [5])
(109621, [14])
(109622, [14])
(109623, [14])
(109624, [14])
(109625, [14])
(109626, [14])
(109627, [14])
(109628, [14])
(109629, [14])
(109630, [14])
(109631, [14])
(109632, [14])
(109633, [14])
(109634, [14])
(109635, [22])
(109636, [22])
(109637, [22])
(109638, [22])
(109639, [22])
(109640, [22])
(109641, [22])
(109642, [22])
