(76810, [32, 35, 34, 33, 20, 18, 27, 9, 0, 11, 7, 29, 16, 42, 6, 28, 17, 1, 10, 19, 26, 8, 21, 44, 43, 38, 36, 31, 30, 37, 39, 41, 24, 23, 4, 15, 3, 12, 40, 2, 13, 5, 14, 22, 25])
(76811, [32, 35, 34, 33, 20, 18, 27, 9, 0, 11, 7, 29, 16, 42, 6, 28, 17, 1, 10, 19, 26, 8, 21, 44, 43, 38, 36, 31, 30, 37, 39, 41, 24, 23, 4, 15, 3, 12, 40, 2, 13, 5, 14, 22, 25])
(76812, [32, 35, 34, 33, 20, 18, 27, 9, 0, 11, 7, 29, 16, 42, 6, 28, 17, 1, 10, 19, 26, 8, 21, 44, 43, 38, 36, 31, 30, 37, 39, 41, 24, 23, 4, 15, 3, 12, 40, 2, 13, 5, 14, 22, 25])
(76813, [32, 35, 34, 33, 20, 18, 27, 9, 0, 11, 7, 29, 16, 42, 6, 28, 1, 10, 19, 26, 8, 21, 44, 43, 38, 36, 31, 30, 37, 39, 41, 24, 23, 4, 15, 3, 12, 40, 2, 13, 5, 14, 22, 25])
(76814, [32, 35, 34, 33, 20, 18, 27, 9, 0, 11, 7, 29, 16, 42, 6, 28, 17, 1, 10, 19, 26, 8, 21, 44, 43, 38, 36, 31, 30, 37, 39, 41, 24, 23, 4, 15, 3, 12, 40, 2, 13, 5, 14, 22, 25])
(76815, [32, 35, 34, 33, 20, 18, 27, 9, 0, 11, 7, 29, 16, 42, 6, 28, 17, 1, 10, 19, 26, 8, 21, 44, 43, 38, 36, 31, 30, 37, 39, 41, 24, 23, 4, 15, 3, 12, 40, 2, 13, 5, 14, 22, 25])
(76816, [32, 35, 34, 33, 20, 18, 27, 9, 0, 11, 7, 29, 16, 42, 6, 28, 17, 1, 10, 19, 26, 8, 21, 44, 43, 38, 36, 31, 30, 37, 39, 41, 24, 23, 4, 15, 3, 12, 40, 2, 13, 5, 14, 22, 25])
(76817, [32, 35, 34, 33, 18, 9, 0, 11, 7, 16, 17, 1, 19, 8, 21, 44, 38, 36, 31, 30, 37, 23, 4, 3, 12, 2, 14, 22])
(76818, [32, 35, 34, 33, 20, 18, 9, 0, 11, 7, 28, 1, 19, 26, 8, 44, 43, 36, 31, 30, 37, 41, 24, 23, 3, 12, 40, 2, 13, 5])
(76819, [32, 35, 34, 33, 20, 18, 27, 9, 0, 11, 7, 29, 16, 42, 6, 28, 17, 1, 19, 26, 8, 21, 44, 43, 36, 31, 30, 37, 39, 41, 24, 23, 4, 15, 3, 12, 40, 2, 13, 5, 14, 22, 25])
(76820, [32, 35, 34, 33, 20, 18, 27, 9, 0, 11, 7, 29, 16, 42, 6, 28, 17, 1, 10, 19, 26, 8, 21, 44, 43, 38, 36, 31, 30, 37, 39, 41, 24, 23, 4, 15, 3, 12, 40, 2, 13, 5, 14, 22, 25])
(76821, [32, 35, 34, 33, 20, 18, 27, 9, 0, 11, 7, 29, 16, 42, 6, 17, 1, 10, 19, 26, 8, 21, 44, 43, 38, 36, 31, 30, 39, 41, 24, 23, 4, 15, 3, 12, 2, 13, 5, 22])
(76822, [32])
(76823, [32, 34, 33, 18, 9, 11, 6, 17, 1, 44, 43, 38, 31, 30, 23, 4, 15, 3, 2])
(76824, [32, 35, 34, 33, 20, 18, 27, 9, 0, 11, 7, 29, 16, 42, 6, 28, 17, 1, 10, 19, 26, 8, 21, 44, 43, 38, 36, 31, 30, 39, 41, 24, 23, 4, 15, 3, 12, 40, 2, 13, 5, 14, 22, 25])
(76825, [32, 34, 33, 20, 9, 0, 11, 16, 42, 6, 28, 17, 19, 26, 44, 43, 36, 31, 30, 41, 4, 15, 3, 12, 2, 13, 14])
(76826, [32, 18, 0, 6, 1, 26, 43, 31, 30, 41, 23, 4, 3, 12, 2, 14])
(76827, [32, 34, 33, 20, 9, 0, 11, 42, 6, 1, 19, 44, 43, 31, 30, 4, 2])
(76828, [32, 35, 33, 20, 18, 27, 9, 0, 11, 7, 16, 6, 28, 17, 1, 19, 26, 44, 43, 36, 31, 30, 41, 24, 23, 4, 15, 3, 12, 40, 2, 13, 14])
(76829, [32, 18, 11, 7, 16, 42, 17, 1, 26, 44, 43, 31, 23, 12, 13])
(76830, [32, 33, 20, 18, 0, 11, 7, 17, 1, 19, 30, 4, 15, 3, 12, 2])
(76831, [32, 9, 15, 2])
(76832, [32, 34, 7, 26, 30])
(76833, [32, 34, 33, 20, 27, 9, 0, 11, 7, 16, 42, 6, 28, 17, 1, 19, 26, 44, 43, 36, 31, 30, 39, 41, 24, 4, 15, 3, 12, 2, 13, 14])
(76834, [32, 34, 33, 18, 27, 9, 11, 7, 16, 42, 17, 1, 19, 8, 44, 43, 36, 31, 30, 24, 23, 4, 15, 3, 12, 2, 13, 22])
(76835, [32, 4, 15])
(76836, [32, 20, 0, 11, 42, 17, 44, 36, 24, 4, 2])
(76837, [32, 35, 34, 33, 20, 18, 27, 9, 0, 11, 16, 42, 6, 17, 1, 10, 26, 8, 21, 44, 43, 38, 31, 30, 41, 24, 23, 4, 15, 3, 12, 13, 22])
(76838, [32, 35, 34, 33, 20, 18, 27, 9, 0, 11, 29, 16, 6, 28, 17, 1, 19, 26, 21, 44, 43, 36, 31, 30, 37, 39, 41, 24, 23, 4, 15, 3, 12, 40, 2, 13, 14, 22])
(76839, [32, 33, 9, 0, 42, 17, 1, 19, 44, 43, 31, 37, 39, 23, 15, 3, 12, 13])
(76840, [32, 35, 34, 33, 18, 27, 9, 0, 11, 7, 16, 42, 17, 1, 26, 21, 44, 43, 38, 36, 31, 30, 37, 4, 15, 3, 12, 40, 2, 13, 14, 22])
(76841, [32, 35, 34, 33, 18, 9, 11, 7, 29, 6, 1, 19, 26, 8, 21, 44, 43, 36, 31, 30, 39, 24, 23, 4, 15, 3, 12, 40, 2, 13, 14, 22])
(76842, [32, 33, 18, 27, 9, 0, 11, 16, 42, 6, 17, 1, 19, 26, 21, 43, 36, 31, 41, 24, 23, 15, 3, 12, 40, 2, 14])
(76843, [32, 18, 0, 1, 19, 44, 3])
(76844, [32, 35, 34, 33, 18, 27, 9, 11, 6, 17, 1, 19, 26, 8, 21, 44, 43, 36, 31, 30, 39, 41, 24, 23, 4, 15, 3, 12, 13, 5, 22])
(76845, [32, 26, 31, 12])
(76846, [32, 35, 34, 33, 18, 9, 0, 11, 16, 6, 17, 1, 19, 26, 21, 44, 43, 31, 30, 41, 24, 23, 4, 15, 3, 12, 2, 22])
(76847, [32, 33, 20, 9, 0, 11, 7, 16, 6, 17, 1, 19, 26, 44, 36, 24, 4, 15, 3, 12, 2, 13, 22])
(76848, [32, 34, 33, 20, 18, 9, 0, 11, 7, 16, 42, 1, 10, 19, 26, 44, 43, 31, 30, 41, 24, 4, 15, 3, 12, 2, 13, 14])
(76849, [32, 43, 30, 41, 23, 4, 2, 14])
(76850, [32, 35, 18, 27, 11, 43, 31, 30, 37, 23, 4, 15, 3, 12, 14, 22])
(76851, [32, 34, 33, 18, 27, 9, 16, 6, 17, 19, 21, 43, 31, 30, 41, 23, 4, 15, 3, 2])
(76852, [32, 34, 20, 18, 9, 7, 16, 17, 19, 8, 44, 43, 30, 41, 23, 15, 12, 2, 13, 5])
(76853, [32, 33, 20, 18, 27, 0, 11, 7, 42, 6, 19, 26, 44, 43, 31, 30, 41, 4, 3, 2])
(76854, [32, 18, 7, 42, 19, 41, 24, 3, 2])
(76855, [32, 7, 6, 1, 26, 44, 36, 37, 4, 15, 3, 12, 2])
(76856, [32, 33, 18, 0, 1, 44, 30, 3, 40, 2])
(76857, [32, 18, 27, 1, 21, 30, 4, 15, 2, 22])
(76858, [32, 33, 0, 6, 19, 26, 30, 4, 15, 14])
(76859, [32, 34, 33, 27, 9, 0, 11, 7, 16, 6, 17, 1, 10, 19, 26, 44, 43, 36, 31, 23, 4, 15, 3, 12, 40, 2, 13, 14])
(76860, [32, 35, 34, 33, 18, 9, 0, 11, 7, 29, 16, 6, 17, 1, 19, 8, 21, 44, 43, 38, 31, 30, 37, 39, 41, 23, 4, 3, 12, 2, 13, 5, 22])
(76861, [32, 30, 2, 14])
(76862, [32, 33, 18, 9, 0, 6, 28, 26, 43, 31, 30, 24, 23, 4, 15, 3, 12, 40, 2, 14])
(76863, [32, 35, 34, 9, 11, 7, 16, 6, 1, 19, 21, 44, 43, 31, 30, 41, 24, 23, 4, 15, 3, 2, 14])
(76864, [32, 34, 33, 17, 43, 31, 30, 41, 24, 40, 2, 14])
(76865, [32, 35, 34, 33, 18, 11, 6, 17, 1, 19, 26, 8, 21, 43, 36, 31, 30, 23, 4, 15, 3, 12, 2, 5])
(76866, [32, 35, 33, 20, 18, 9, 11, 7, 29, 16, 42, 6, 17, 1, 19, 8, 21, 44, 43, 38, 39, 41, 24, 23, 4, 15, 3, 12, 40, 2, 13, 14, 22])
(76867, [32, 20, 11, 1, 3])
(76868, [32, 35, 18, 9, 11, 29, 6, 17, 1, 8, 21, 43, 36, 31, 4, 15, 3, 2, 5])
(76869, [32, 34, 33, 20, 9, 0, 11, 16, 28, 17, 1, 19, 26, 44, 43, 31, 30, 41, 24, 23, 4, 15, 3, 12, 2, 5, 14])
(76870, [32, 35, 33, 20, 18, 27, 9, 11, 7, 16, 42, 6, 17, 1, 10, 19, 26, 8, 21, 44, 43, 36, 31, 30, 39, 41, 24, 23, 4, 15, 3, 12, 2, 13, 5, 14])
(76871, [32, 18, 6, 19, 4, 40, 14])
(76872, [32, 35, 34, 18, 0, 6, 26, 43, 41, 4, 3, 2])
(76873, [32, 18, 9, 0, 6, 1, 19, 26, 43, 31, 30, 41, 15, 3, 40, 13])
(76874, [32, 35, 34, 33, 20, 9, 0, 11, 7, 29, 16, 42, 17, 1, 19, 26, 44, 43, 38, 31, 30, 41, 15, 3, 12, 2, 22])
(76875, [32, 35, 34, 33, 20, 27, 9, 0, 11, 7, 16, 42, 6, 28, 17, 1, 10, 19, 26, 8, 21, 44, 43, 36, 30, 39, 41, 24, 23, 4, 15, 3, 12, 40, 2, 14, 22])
(76876, [32])
(76877, [32, 27, 9, 0, 11, 26, 43, 31, 41, 24, 4, 12, 14])
(76878, [32, 33, 11, 1, 23, 2, 22])
(76879, [32, 4, 3])
(76880, [32, 33, 6, 26, 43, 4, 15, 2])
(76881, [32, 35, 34, 33, 20, 18, 27, 9, 0, 11, 7, 29, 16, 42, 6, 17, 1, 10, 19, 26, 8, 21, 44, 43, 38, 36, 31, 30, 41, 23, 4, 15, 3, 12, 40, 2, 13, 5, 14, 22])
(76882, [32, 35, 33, 18, 27, 9, 0, 11, 7, 16, 42, 6, 1, 19, 26, 8, 21, 44, 43, 31, 30, 41, 24, 23, 4, 15, 3, 12, 40, 2, 5, 22])
(76883, [32, 27, 9, 0, 16, 6, 28, 1, 41, 24, 23, 15, 3, 40, 2, 14])
(76884, [32, 18, 6, 43, 23, 4, 14])
(76885, [32, 35, 33, 9, 16, 17, 19, 26, 21, 44, 43, 31, 37, 24, 3, 40])
(76886, [32, 15])
(76887, [32, 35, 18, 27, 0, 16, 6, 1, 19, 8, 21, 36, 31, 30, 37, 23, 4, 15, 3, 2, 22])
(76888, [32, 0, 6, 17, 39, 4, 15])
(76889, [32, 26, 41, 2])
(76890, [32, 35, 34, 33, 18, 27, 9, 0, 11, 16, 42, 6, 28, 17, 26, 8, 21, 43, 31, 30, 41, 24, 23, 4, 15, 3, 12, 2])
(76891, [32, 6, 41])
(76892, [32, 34, 33, 0, 16, 19, 44, 31, 41, 24, 3, 14])
(76893, [32])
(76894, [32, 20, 0, 6, 19, 26, 44, 43, 41, 3, 40])
(76895, [32])
(76896, [32, 34, 6, 31, 41, 4, 3, 12, 40, 2, 14])
(76897, [32])
(76898, [32, 35, 34, 9, 0, 11, 1, 26, 31, 30, 41, 24, 23, 15, 3, 12, 2])
(76899, [32, 34, 33, 18, 9, 11, 7, 16, 42, 6, 17, 1, 10, 19, 26, 21, 44, 43, 31, 30, 41, 24, 23, 4, 15, 3, 12, 2])
(76900, [32, 33, 18, 9, 11, 6, 1, 19, 26, 21, 44, 43, 31, 30, 24, 23, 4, 15, 3, 2, 22])
(76901, [32])
(76902, [32, 35, 34, 20, 18, 9, 0, 11, 29, 16, 42, 6, 17, 1, 19, 26, 8, 21, 44, 43, 38, 36, 30, 37, 41, 24, 23, 4, 15, 3, 12, 40, 2, 13, 14, 22])
(76903, [32, 11, 17, 19, 21, 44, 31, 15, 12, 2, 13])
(76904, [32])
(76905, [32, 35, 8])
(76906, [32, 9, 1, 26, 31, 41, 3])
(76907, [32, 34, 33, 20, 18, 27, 9, 0, 11, 7, 16, 42, 28, 17, 1, 10, 19, 26, 44, 38, 36, 31, 30, 41, 24, 4, 15, 3, 12, 2, 14])
(76908, [32, 34, 33, 9, 0, 11, 7, 17, 1, 26, 43, 31, 24, 3, 40, 2])
(76909, [32, 27, 0, 1, 19, 21, 43, 30, 4, 15, 3, 40, 2])
(76910, [32, 34, 18, 9, 0, 11, 7, 16, 28, 10, 26, 41, 24, 12, 2])
(76911, [32, 34, 33, 9, 0, 11, 16, 17, 26, 43, 31, 41, 24, 4, 3, 2, 25])
(76912, [32, 33, 20, 18, 9, 11, 7, 16, 42, 1, 19, 44, 38, 31, 4, 15, 3, 12, 2])
(76913, [32, 9, 0, 16, 42, 19, 26, 8, 44, 24, 3, 12, 5])
(76914, [32, 34, 9, 0, 11, 26, 43, 30, 41, 4, 12, 2])
(76915, [32])
(76916, [35, 33, 18, 9, 0, 7, 16, 28, 1, 19, 26, 21, 43, 31, 30, 39, 41, 23, 4, 3, 12, 2, 5])
(76917, [35])
(76918, [35, 34, 33, 20, 18, 9, 11, 7, 16, 17, 1, 19, 26, 8, 30, 23, 15, 3, 40, 2, 5])
(76919, [35, 37])
(76920, [35, 34, 33, 20, 18, 9, 0, 11, 7, 16, 17, 1, 19, 26, 8, 21, 44, 43, 31, 30, 39, 15, 3, 12, 2, 13, 5])
(76921, [35])
(76922, [35])
(76923, [35, 34, 33, 18, 27, 9, 11, 7, 16, 42, 6, 1, 19, 26, 8, 44, 43, 30, 41, 24, 23, 3, 2, 13, 14])
(76924, [35])
(76925, [35, 18, 16, 1, 19, 8, 37, 23, 3, 12, 5])
(76926, [35, 18, 23])
(76927, [35])
(76928, [35, 33, 0, 16, 1, 3, 12])
(76929, [35])
(76930, [35])
(76931, [35, 2])
(76932, [35])
(76933, [35])
(76934, [35, 34, 33, 20, 18, 0, 7, 29, 1, 19, 8, 21, 43, 36, 31, 30, 37, 24, 23, 15, 3, 12, 14])
(76935, [35])
(76936, [35, 33, 18, 6, 26, 31, 30, 40, 2])
(76937, [35])
(76938, [35])
(76939, [35, 20, 42, 1, 19, 41, 23, 4, 3, 12, 22])
(76940, [35, 33, 9, 1, 19, 31, 2])
(76941, [35, 34, 33, 18, 27, 0, 16, 42, 6, 1, 19, 8, 44, 43, 36, 30, 37, 41, 24, 23, 15, 3, 12, 2, 13])
(76942, [35])
(76943, [35, 20, 1, 21, 23, 3])
(76944, [35, 34, 18, 6, 1, 10, 19, 26, 8, 44, 43, 31, 30, 41, 24, 3, 12, 2, 14])
(76945, [35, 34, 33, 20, 18, 9, 11, 7, 42, 6, 17, 1, 26, 44, 43, 31, 41, 24, 23, 4, 15, 3, 12, 40, 2, 13])
(76946, [35, 18, 1, 43, 22])
(76947, [35])
(76948, [35, 0, 44, 4, 12])
(76949, [35])
(76950, [35, 34, 33, 20, 9, 0, 7, 42, 6, 1, 19, 26, 8, 30, 37, 41, 24, 23, 15, 3, 12, 40, 2, 5, 25])
(76951, [35, 41])
(76952, [35])
(76953, [35, 20, 18, 0, 17, 1, 19, 21, 23, 3])
(76954, [35, 6, 17, 30, 39, 3])
(76955, [35, 34, 9, 0, 11, 16, 1, 10, 26, 43, 31, 30, 37, 41, 24, 23, 4, 15, 3, 2])
(76956, [35])
(76957, [35])
(76958, [34, 19])
(76959, [34, 9, 8, 44, 36, 30, 23])
(76960, [34])
(76961, [34, 0, 12, 2])
(76962, [34, 20, 9, 0, 12])
(76963, [34, 20, 9, 21, 3, 12])
(76964, [34, 20, 6, 1, 19, 36, 30, 23, 3, 2])
(76965, [34, 18, 9, 0, 7, 1, 19, 21, 30, 23, 4, 15, 3, 12, 40, 22])
(76966, [34, 20, 9, 7, 42, 43, 31, 30, 24, 4, 3, 40, 2])
(76967, [34, 20, 1, 3])
(76968, [34, 9, 1, 3])
(76969, [34])
(76970, [34, 1, 39, 12])
(76971, [34, 21, 44, 15, 3, 14])
(76972, [34, 20, 18, 31])
(76973, [34, 9, 0, 1, 19, 38, 41, 3, 14])
(76974, [34, 18, 9, 0, 11, 42, 10, 44, 43, 36, 31, 41, 24, 4, 3, 12, 40, 2])
(76975, [34])
(76976, [34])
(76977, [34, 11])
(76978, [34, 33, 18, 9, 0, 11, 7, 29, 16, 6, 1, 19, 44, 43, 31, 30, 41, 24, 23, 4, 15, 3, 12, 2, 13, 14])
(76979, [34, 33, 31, 23, 3, 12, 2])
(76980, [34, 9, 26, 3, 2])
(76981, [34, 18, 0, 1, 26, 43, 3, 2])
(76982, [34, 33, 18, 9, 0, 1, 44, 31, 24, 15, 3, 22])
(76983, [34, 9, 6, 1, 26, 43, 36, 31, 24, 4, 2])
(76984, [34])
(76985, [34])
(76986, [34, 2])
(76987, [34, 9, 11, 16, 15, 12, 2])
(76988, [34])
(76989, [34])
(76990, [34, 9])
(76991, [34])
(76992, [34, 33, 20, 9, 0, 11, 7, 16, 28, 17, 1, 26, 44, 43, 41, 24, 3, 12, 2, 14])
(76993, [34, 0])
(76994, [34, 18, 9, 0, 11, 28, 1, 19, 26, 41, 24, 23, 15, 12, 2])
(76995, [34])
(76996, [34, 18, 11, 29, 6, 1, 19, 44, 23, 15])
(76997, [34, 6, 12])
(76998, [34, 39, 24, 3, 2])
(76999, [34, 30, 15])
(77000, [34, 33, 9, 0, 11, 16, 43, 4, 2])
(77001, [34, 11, 44, 31, 23, 3])
(77002, [34, 0, 11, 41])
(77003, [33, 6, 44, 43, 31, 24, 23, 40])
(77004, [33, 11, 26, 44, 30])
(77005, [33, 9, 11])
(77006, [33])
(77007, [33])
(77008, [33, 7, 17, 26, 44, 12])
(77009, [33])
(77010, [33, 0, 1, 44, 41, 3, 2, 22])
(77011, [33])
(77012, [33])
(77013, [33, 18, 9, 0, 11, 7, 42, 6, 1, 26, 44, 43, 31, 4, 15, 12, 2, 13, 14])
(77014, [33])
(77015, [33, 13])
(77016, [33, 18, 7, 6, 28, 21, 44, 30, 3, 2])
(77017, [33, 0, 44, 2, 14])
(77018, [33])
(77019, [33])
(77020, [33, 42, 17, 15, 3, 2, 22])
(77021, [33, 18, 9, 11, 6, 19, 26, 44, 38, 31, 24, 23, 15, 40, 2, 14, 22])
(77022, [33, 1, 44, 38, 12, 22])
(77023, [33])
(77024, [33, 0, 11, 1, 31, 24, 3, 13])
(77025, [33, 19, 36, 3, 2, 14])
(77026, [33, 16, 1, 44, 23, 5])
(77027, [33, 1, 44, 39, 41, 3, 2])
(77028, [33, 20, 18, 9, 26, 43, 36, 30, 24, 4, 15, 3, 2, 14])
(77029, [33, 9, 26])
(77030, [33, 9])
(77031, [33])
(77032, [33, 20, 11, 7, 1, 19, 44, 3, 22])
(77033, [33, 11])
(77034, [33, 1, 19, 40])
(77035, [33, 20, 18, 0, 16, 28, 26, 8, 3, 12, 2])
(77036, [33, 31, 15, 2])
(77037, [33, 20, 18, 16, 6, 1, 19, 26, 21, 43, 31, 30, 3])
(77038, [33, 1, 43, 31, 30])
(77039, [33, 30, 23])
(77040, [33, 20])
(77041, [33])
(77042, [33, 9, 0, 42, 6, 1, 26, 31, 30, 15, 3, 12, 2])
(77043, [33, 20, 42, 26, 3])
(77044, [33, 29, 6, 19, 26, 44, 31, 30, 23, 15, 12])
(77045, [20, 11, 1, 21, 3, 13])
(77046, [20, 18, 9, 29, 16, 6, 17, 1, 19, 26, 8, 21, 44, 43, 36, 31, 37, 39, 41, 24, 23, 15, 2, 13, 5, 22])
(77047, [20, 18, 9, 0, 43, 36, 41, 12])
(77048, [20, 18, 0, 6, 1, 10, 31, 30, 23, 3, 12, 2])
(77049, [20, 0, 1, 39])
(77050, [20, 0, 11, 16, 42, 1, 19, 21, 39, 3, 40, 2, 22])
(77051, [20])
(77052, [20])
(77053, [20, 11, 1, 43, 3])
(77054, [20, 18, 0, 12])
(77055, [20])
(77056, [20, 18, 17, 19, 21, 31, 37, 41, 24, 4, 15, 3, 2, 13, 14])
(77057, [20, 1, 36, 15, 5])
(77058, [20])
(77059, [20, 16, 28, 43, 23, 12, 2])
(77060, [20, 30, 41, 2])
(77061, [20, 1, 3])
(77062, [20, 26, 15, 2])
(77063, [20, 11, 15])
(77064, [20, 11, 7, 1, 3, 2])
(77065, [20, 18, 9, 0, 29, 6, 26, 43, 36, 23, 4, 3, 12, 2])
(77066, [20])
(77067, [20, 6])
(77068, [20, 18, 0, 11, 44, 41, 2])
(77069, [20, 18, 27, 0, 11, 7, 28, 1, 21, 44, 31, 15, 3, 25])
(77070, [20, 0, 7, 1, 19, 44, 37, 3, 2, 13])
(77071, [20, 0, 26])
(77072, [20, 0, 11, 1, 19, 43, 39, 4, 3])
(77073, [20])
(77074, [20])
(77075, [20])
(77076, [18])
(77077, [18])
(77078, [18])
(77079, [18])
(77080, [18, 31])
(77081, [18, 0, 6, 1, 19, 26, 3, 12])
(77082, [18])
(77083, [18])
(77084, [18, 0, 3])
(77085, [18, 29, 1, 21, 23, 3])
(77086, [18])
(77087, [18])
(77088, [18, 42, 6, 1, 26, 44, 30, 4, 3])
(77089, [18, 21])
(77090, [18])
(77091, [18, 16, 19, 43, 4])
(77092, [18, 11, 1, 21, 44, 38, 31, 3, 2])
(77093, [18, 1, 21, 44, 4, 3, 22])
(77094, [18])
(77095, [18, 3])
(77096, [18])
(77097, [18, 6, 1, 21, 30, 41, 23, 22])
(77098, [18, 7, 6, 1, 21, 3])
(77099, [18, 11, 6, 2, 14])
(77100, [18])
(77101, [18])
(77102, [18])
(77103, [18, 23])
(77104, [18])
(77105, [18])
(77106, [18, 12])
(77107, [18])
(77108, [18])
(77109, [18])
(77110, [18])
(77111, [18])
(77112, [18])
(77113, [18])
(77114, [18])
(77115, [18])
(77116, [18])
(77117, [18])
(77118, [18])
(77119, [18])
(77120, [18])
(77121, [18])
(77122, [18, 21, 23, 3])
(77123, [18, 17, 43, 31, 40])
(77124, [18, 9, 6, 41, 24, 2, 14])
(77125, [18])
(77126, [18])
(77127, [18])
(77128, [18])
(77129, [18, 11, 31, 15, 12])
(77130, [18])
(77131, [18])
(77132, [18])
(77133, [18])
(77134, [18, 11, 7, 1, 43, 3])
(77135, [18, 9, 7, 6, 1, 19, 26, 37, 23, 15, 3, 12])
(77136, [18, 15, 12])
(77137, [18])
(77138, [18])
(77139, [18])
(77140, [18, 16, 44, 12])
(77141, [18, 19])
(77142, [18])
(77143, [18, 23])
(77144, [18, 9, 11, 29, 16, 8, 21, 25])
(77145, [18])
(77146, [18])
(77147, [18])
(77148, [18, 0, 23])
(77149, [18])
(77150, [18, 7])
(77151, [18, 23, 2])
(77152, [18, 0, 11, 17, 44, 3, 12])
(77153, [18])
(77154, [18])
(77155, [18])
(77156, [18, 19])
(77157, [18])
(77158, [18])
(77159, [18, 42, 19])
(77160, [18])
(77161, [18])
(77162, [18])
(77163, [18])
(77164, [18])
(77165, [18])
(77166, [27, 8, 21, 39])
(77167, [27, 0, 6, 8, 43, 41])
(77168, [27])
(77169, [27])
(77170, [27])
(77171, [27])
(77172, [27, 6, 26])
(77173, [27])
(77174, [9, 40])
(77175, [9, 44, 39, 24, 15, 2])
(77176, [9, 29, 21, 22])
(77177, [9])
(77178, [9, 31, 4])
(77179, [9, 0, 16, 1, 43, 31, 4, 3, 12, 40, 2])
(77180, [9, 17])
(77181, [9, 44, 4])
(77182, [9])
(77183, [9, 0, 17, 43, 12, 2, 13])
(77184, [9])
(77185, [9, 0])
(77186, [9])
(77187, [9])
(77188, [9, 19, 31, 30, 23, 15, 2, 22])
(77189, [9])
(77190, [9, 0, 12])
(77191, [9, 11, 7, 28, 1, 26, 44, 43, 4, 15, 2, 14])
(77192, [9])
(77193, [9])
(77194, [9, 11, 1, 30, 15, 12])
(77195, [9])
(77196, [9, 1, 22])
(77197, [9, 1, 30, 3])
(77198, [9, 0])
(77199, [9])
(77200, [9])
(77201, [9, 17, 19, 30, 41, 24])
(77202, [9, 11, 4, 15])
(77203, [9, 30])
(77204, [9, 0])
(77205, [9, 2])
(77206, [9, 1, 10])
(77207, [9])
(77208, [9, 23])
(77209, [9, 0, 11, 1, 26, 44, 43, 31, 39, 41, 3, 12, 40, 2, 14, 22])
(77210, [9, 17])
(77211, [9])
(77212, [9])
(77213, [9])
(77214, [9, 14])
(77215, [9, 7, 1])
(77216, [9])
(77217, [9])
(77218, [9])
(77219, [9, 11, 1, 24])
(77220, [9])
(77221, [9, 0, 17, 44, 12, 2, 14])
(77222, [9])
(77223, [9])
(77224, [9, 0, 15])
(77225, [9])
(77226, [9, 2])
(77227, [9, 11, 17, 26, 41, 3, 40])
(77228, [9, 0, 4, 3, 12])
(77229, [9])
(77230, [9])
(77231, [9, 1])
(77232, [0])
(77233, [0])
(77234, [0])
(77235, [0, 12])
(77236, [0])
(77237, [0, 12])
(77238, [0])
(77239, [0, 11, 7, 16, 28, 30, 3, 12, 2])
(77240, [0, 12])
(77241, [0, 12])
(77242, [0, 12])
(77243, [0])
(77244, [0, 6, 41])
(77245, [0])
(77246, [0])
(77247, [0])
(77248, [0])
(77249, [0])
(77250, [0])
(77251, [0])
(77252, [0])
(77253, [0])
(77254, [0])
(77255, [0, 12])
(77256, [0])
(77257, [0])
(77258, [0])
(77259, [0])
(77260, [0])
(77261, [0])
(77262, [0])
(77263, [0, 26, 38])
(77264, [0])
(77265, [0])
(77266, [0])
(77267, [0, 16, 42, 41, 2])
(77268, [0])
(77269, [0])
(77270, [0])
(77271, [0])
(77272, [0])
(77273, [0])
(77274, [0])
(77275, [0])
(77276, [0])
(77277, [0])
(77278, [0])
(77279, [0])
(77280, [0])
(77281, [0])
(77282, [0])
(77283, [0])
(77284, [0, 1, 21, 41, 3, 12, 2, 22])
(77285, [0])
(77286, [0])
(77287, [0])
(77288, [0])
(77289, [0, 12])
(77290, [0, 42, 1, 44, 3])
(77291, [0])
(77292, [0])
(77293, [0, 42, 17, 41, 2, 13])
(77294, [0, 16, 1, 26, 12])
(77295, [0, 11, 16, 1, 26, 44, 41, 24, 3, 12])
(77296, [0])
(77297, [0])
(77298, [0, 1, 39])
(77299, [0])
(77300, [0, 10, 12, 2])
(77301, [0])
(77302, [0, 21, 24, 23, 4, 3])
(77303, [0, 4])
(77304, [0])
(77305, [0])
(77306, [0])
(77307, [0])
(77308, [0, 8, 4, 12, 22])
(77309, [0])
(77310, [0])
(77311, [0])
(77312, [0])
(77313, [0])
(77314, [0, 12])
(77315, [0])
(77316, [0, 8])
(77317, [0])
(77318, [0])
(77319, [0, 6, 1, 41, 12])
(77320, [0])
(77321, [0])
(77322, [0])
(77323, [0])
(77324, [0])
(77325, [0])
(77326, [0])
(77327, [0])
(77328, [0])
(77329, [0])
(77330, [0, 12])
(77331, [0])
(77332, [0])
(77333, [0])
(77334, [0])
(77335, [0, 19, 2])
(77336, [0])
(77337, [0, 11, 31, 41, 15, 40, 2, 13, 14])
(77338, [0])
(77339, [0])
(77340, [0, 3])
(77341, [0, 7])
(77342, [0])
(77343, [0])
(77344, [0])
(77345, [0])
(77346, [0])
(77347, [0])
(77348, [0])
(77349, [0])
(77350, [0])
(77351, [0])
(77352, [0])
(77353, [0])
(77354, [0])
(77355, [0])
(77356, [0])
(77357, [0])
(77358, [0])
(77359, [0])
(77360, [0])
(77361, [0])
(77362, [0])
(77363, [0])
(77364, [0])
(77365, [0])
(77366, [0, 36])
(77367, [0])
(77368, [0])
(77369, [0])
(77370, [0])
(77371, [0])
(77372, [0])
(77373, [0])
(77374, [0])
(77375, [0])
(77376, [0])
(77377, [0])
(77378, [0])
(77379, [0, 44, 15, 12])
(77380, [0])
(77381, [0])
(77382, [0])
(77383, [0])
(77384, [0, 17, 3, 2])
(77385, [0])
(77386, [0])
(77387, [0])
(77388, [0, 39, 3])
(77389, [0, 8])
(77390, [0])
(77391, [0])
(77392, [0])
(77393, [0])
(77394, [0])
(77395, [0])
(77396, [0])
(77397, [0])
(77398, [0])
(77399, [0])
(77400, [0, 1, 30, 24, 3])
(77401, [0])
(77402, [0])
(77403, [0])
(77404, [0])
(77405, [0])
(77406, [0])
(77407, [0])
(77408, [0])
(77409, [0, 1, 4, 3, 22])
(77410, [0])
(77411, [0])
(77412, [0, 11])
(77413, [0])
(77414, [0])
(77415, [0])
(77416, [0, 1, 19, 12])
(77417, [0, 19, 21, 12])
(77418, [0, 12])
(77419, [0, 7, 6, 17, 19, 30, 3])
(77420, [0])
(77421, [0])
(77422, [0])
(77423, [0])
(77424, [0, 36, 4, 14])
(77425, [0])
(77426, [0])
(77427, [0])
(77428, [0])
(77429, [0])
(77430, [0])
(77431, [0])
(77432, [0])
(77433, [0, 12])
(77434, [0])
(77435, [0])
(77436, [0, 3])
(77437, [0, 7])
(77438, [0])
(77439, [0])
(77440, [0])
(77441, [0])
(77442, [0])
(77443, [0])
(77444, [0])
(77445, [0])
(77446, [0])
(77447, [0, 1, 41, 12])
(77448, [0])
(77449, [0])
(77450, [0])
(77451, [0])
(77452, [0])
(77453, [0])
(77454, [0])
(77455, [0])
(77456, [0])
(77457, [0])
(77458, [0])
(77459, [0, 22])
(77460, [0])
(77461, [0])
(77462, [0])
(77463, [0])
(77464, [0])
(77465, [0])
(77466, [0])
(77467, [0])
(77468, [0])
(77469, [0, 11, 17, 21, 44, 3, 12, 2])
(77470, [0])
(77471, [0])
(77472, [0])
(77473, [0])
(77474, [0])
(77475, [0])
(77476, [0])
(77477, [0])
(77478, [0])
(77479, [0])
(77480, [0])
(77481, [0])
(77482, [0])
(77483, [0])
(77484, [0])
(77485, [0])
(77486, [0])
(77487, [11, 12])
(77488, [11, 28, 10, 12])
(77489, [11, 21])
(77490, [11])
(77491, [11, 1, 19, 44, 24, 15, 3, 2, 25])
(77492, [11, 44, 41, 3, 12, 40, 13])
(77493, [11, 21])
(77494, [11, 44, 3])
(77495, [11])
(77496, [11])
(77497, [11, 19, 43, 2])
(77498, [11, 26, 13])
(77499, [11])
(77500, [11])
(77501, [11, 7, 19, 26])
(77502, [11, 41])
(77503, [11])
(77504, [11, 1, 21, 38, 13])
(77505, [11, 16, 21, 30])
(77506, [11, 1, 31, 15])
(77507, [11, 14])
(77508, [11, 5])
(77509, [11])
(77510, [11, 44])
(77511, [11])
(77512, [11])
(77513, [11, 2])
(77514, [7, 19, 44, 30, 39, 15, 12, 2])
(77515, [7, 16])
(77516, [7])
(77517, [7])
(77518, [7, 1])
(77519, [7])
(77520, [7, 41, 2])
(77521, [7])
(77522, [7, 1, 3])
(77523, [7, 6, 28, 1, 8, 43, 23, 3, 2, 5])
(77524, [7, 1, 3])
(77525, [29, 17])
(77526, [29, 1, 19, 3])
(77527, [29])
(77528, [29])
(77529, [16, 26])
(77530, [16])
(77531, [16, 43])
(77532, [16])
(77533, [16, 19, 2])
(77534, [16])
(77535, [16])
(77536, [16, 1])
(77537, [16])
(77538, [16, 19])
(77539, [16, 14])
(77540, [16, 44])
(77541, [16, 41, 4, 2, 14])
(77542, [16, 43, 3])
(77543, [16])
(77544, [16])
(77545, [16])
(77546, [16, 2])
(77547, [16])
(77548, [42, 17, 1, 19, 21, 44, 41, 3])
(77549, [42, 1, 21])
(77550, [42, 6, 1, 26, 24, 4, 12])
(77551, [6])
(77552, [6, 1, 26, 21, 44, 31, 4, 22])
(77553, [6, 15])
(77554, [6])
(77555, [6, 43, 2])
(77556, [6])
(77557, [6])
(77558, [6])
(77559, [6, 19, 43, 15, 2])
(77560, [6])
(77561, [6])
(77562, [6])
(77563, [6])
(77564, [6])
(77565, [6, 12])
(77566, [28])
(77567, [28])
(77568, [17])
(77569, [17])
(77570, [17, 19])
(77571, [17])
(77572, [17])
(77573, [17])
(77574, [17, 43])
(77575, [17, 19, 2])
(77576, [17])
(77577, [17, 36])
(77578, [17])
(77579, [17, 3, 12])
(77580, [17])
(77581, [17])
(77582, [1])
(77583, [1, 15])
(77584, [1])
(77585, [1, 19, 21, 37, 2, 22])
(77586, [1, 3])
(77587, [1, 4])
(77588, [1, 3])
(77589, [1, 19, 23, 5])
(77590, [1, 26, 43, 24, 23, 4, 3])
(77591, [1, 21, 30, 24, 3])
(77592, [1, 38, 3, 2])
(77593, [1])
(77594, [1, 21, 39, 3, 12])
(77595, [1])
(77596, [1])
(77597, [1, 44, 31, 30, 23, 15])
(77598, [1, 19, 36, 3, 2])
(77599, [1, 3, 2])
(77600, [1, 19, 21])
(77601, [1, 21, 3])
(77602, [1])
(77603, [1, 3])
(77604, [1])
(77605, [1, 19, 3])
(77606, [1, 44, 3, 22])
(77607, [1])
(77608, [1])
(77609, [1])
(77610, [1, 8, 3, 12, 2])
(77611, [1, 19, 15, 22])
(77612, [1, 3])
(77613, [1])
(77614, [1, 2])
(77615, [1])
(77616, [1, 21, 2])
(77617, [1, 23])
(77618, [1, 38, 4, 2, 14])
(77619, [1])
(77620, [1, 21, 4, 3, 22])
(77621, [1, 4, 2])
(77622, [1, 3])
(77623, [1, 3, 2])
(77624, [1])
(77625, [1, 10, 3, 14])
(77626, [1, 3])
(77627, [1])
(77628, [1])
(77629, [10])
(77630, [10])
(77631, [10])
(77632, [10])
(77633, [10])
(77634, [10])
(77635, [10])
(77636, [10])
(77637, [10])
(77638, [10])
(77639, [10])
(77640, [10])
(77641, [19, 8, 21])
(77642, [19])
(77643, [19, 21, 44, 24])
(77644, [19])
(77645, [19, 4])
(77646, [19])
(77647, [19, 2])
(77648, [19])
(77649, [19])
(77650, [19])
(77651, [19])
(77652, [19])
(77653, [19, 3])
(77654, [19, 21, 23])
(77655, [19, 23])
(77656, [19])
(77657, [19])
(77658, [19])
(77659, [19, 4, 15])
(77660, [19])
(77661, [19, 22])
(77662, [19, 43, 41])
(77663, [19])
(77664, [19])
(77665, [19, 44])
(77666, [19, 26])
(77667, [19])
(77668, [19])
(77669, [19])
(77670, [19])
(77671, [19])
(77672, [19, 41])
(77673, [19])
(77674, [19])
(77675, [19, 8, 23, 2, 22])
(77676, [19])
(77677, [19])
(77678, [19, 22])
(77679, [19])
(77680, [19])
(77681, [26])
(77682, [26])
(77683, [26])
(77684, [26, 23, 4, 15, 5, 22])
(77685, [26, 23])
(77686, [26])
(77687, [26])
(77688, [26])
(77689, [26])
(77690, [26])
(77691, [26])
(77692, [26, 44])
(77693, [26, 12])
(77694, [26, 30, 41, 13])
(77695, [26, 43])
(77696, [26])
(77697, [26, 43, 41, 2])
(77698, [26])
(77699, [26, 2])
(77700, [26])
(77701, [26])
(77702, [26])
(77703, [8, 23])
(77704, [8])
(77705, [8, 43, 23, 15, 2])
(77706, [8])
(77707, [8])
(77708, [8])
(77709, [8])
(77710, [8])
(77711, [8])
(77712, [8])
(77713, [8])
(77714, [8, 43, 2])
(77715, [8])
(77716, [8])
(77717, [8, 23])
(77718, [8])
(77719, [8])
(77720, [21])
(77721, [21, 39, 24])
(77722, [21])
(77723, [21])
(77724, [21])
(77725, [21])
(77726, [21])
(77727, [21])
(77728, [21, 12])
(77729, [21])
(77730, [21])
(77731, [21])
(77732, [21])
(77733, [21])
(77734, [21])
(77735, [21])
(77736, [21])
(77737, [21])
(77738, [21, 13])
(77739, [21])
(77740, [21])
(77741, [21])
(77742, [21])
(77743, [21])
(77744, [21, 37, 3])
(77745, [21])
(77746, [21])
(77747, [21])
(77748, [21])
(77749, [21])
(77750, [21])
(77751, [21])
(77752, [21])
(77753, [21])
(77754, [21, 31, 3, 12])
(77755, [21])
(77756, [21])
(77757, [21, 3])
(77758, [44, 4, 22])
(77759, [44])
(77760, [44])
(77761, [44])
(77762, [44, 2])
(77763, [44])
(77764, [44])
(77765, [44])
(77766, [44, 41, 23])
(77767, [44])
(77768, [44])
(77769, [44])
(77770, [44])
(77771, [44])
(77772, [44])
(77773, [44])
(77774, [43])
(77775, [43])
(77776, [43, 41])
(77777, [43])
(77778, [43])
(77779, [43])
(77780, [43])
(77781, [43])
(77782, [43])
(77783, [43])
(77784, [43])
(77785, [43])
(77786, [43, 2])
(77787, [43])
(77788, [43])
(77789, [43])
(77790, [43])
(77791, [43])
(77792, [43])
(77793, [43])
(77794, [43, 15])
(77795, [43])
(77796, [43])
(77797, [43, 4])
(77798, [43])
(77799, [43])
(77800, [43])
(77801, [43])
(77802, [43])
(77803, [43])
(77804, [43])
(77805, [43])
(77806, [43])
(77807, [43])
(77808, [38])
(77809, [38])
(77810, [38, 4])
(77811, [38])
(77812, [36])
(77813, [36])
(77814, [36])
(77815, [36])
(77816, [36])
(77817, [36])
(77818, [36])
(77819, [36, 14])
(77820, [36])
(77821, [36])
(77822, [36])
(77823, [36])
(77824, [36])
(77825, [36])
(77826, [36])
(77827, [36])
(77828, [36])
(77829, [36])
(77830, [36])
(77831, [36])
(77832, [36])
(77833, [36])
(77834, [36])
(77835, [36])
(77836, [36])
(77837, [36])
(77838, [31, 30])
(77839, [31])
(77840, [31])
(77841, [31])
(77842, [31])
(77843, [31])
(77844, [31])
(77845, [31])
(77846, [31])
(77847, [31])
(77848, [31])
(77849, [31])
(77850, [31])
(77851, [31, 30, 15, 2])
(77852, [31])
(77853, [31])
(77854, [31])
(77855, [30])
(77856, [30])
(77857, [30])
(77858, [30])
(77859, [30])
(77860, [30])
(77861, [30])
(77862, [30])
(77863, [37, 41, 4, 12])
(77864, [37])
(77865, [37])
(77866, [39])
(77867, [39])
(77868, [39])
(77869, [39])
(77870, [39])
(77871, [39])
(77872, [41])
(77873, [41])
(77874, [41, 12])
(77875, [41, 12, 13])
(77876, [41])
(77877, [41, 12])
(77878, [41])
(77879, [41, 14])
(77880, [41])
(77881, [41])
(77882, [41, 2])
(77883, [41])
(77884, [41])
(77885, [41])
(77886, [41])
(77887, [41])
(77888, [24])
(77889, [24])
(77890, [24])
(77891, [24])
(77892, [24])
(77893, [23])
(77894, [23])
(77895, [23])
(77896, [23])
(77897, [23])
(77898, [23])
(77899, [23])
(77900, [23])
(77901, [23])
(77902, [23])
(77903, [23, 5])
(77904, [23])
(77905, [23])
(77906, [23])
(77907, [23])
(77908, [23])
(77909, [23])
(77910, [23])
(77911, [23])
(77912, [23])
(77913, [23])
(77914, [23])
(77915, [23])
(77916, [23])
(77917, [23])
(77918, [23])
(77919, [23])
(77920, [23])
(77921, [23])
(77922, [23])
(77923, [23])
(77924, [23])
(77925, [23, 12])
(77926, [23])
(77927, [23])
(77928, [23])
(77929, [23])
(77930, [23])
(77931, [23])
(77932, [23])
(77933, [23])
(77934, [23])
(77935, [23])
(77936, [23])
(77937, [23])
(77938, [23])
(77939, [23])
(77940, [23])
(77941, [23])
(77942, [23])
(77943, [23])
(77944, [23])
(77945, [23])
(77946, [23])
(77947, [23])
(77948, [23])
(77949, [23])
(77950, [23])
(77951, [23])
(77952, [23])
(77953, [23])
(77954, [23])
(77955, [23])
(77956, [23])
(77957, [23])
(77958, [23])
(77959, [23, 3, 12])
(77960, [23])
(77961, [4])
(77962, [4])
(77963, [4, 14])
(77964, [4])
(77965, [4])
(77966, [4])
(77967, [4])
(77968, [4])
(77969, [4])
(77970, [4])
(77971, [4])
(77972, [4])
(77973, [4])
(77974, [4])
(77975, [4])
(77976, [4, 3])
(77977, [4])
(77978, [4])
(77979, [15])
(77980, [15])
(77981, [15])
(77982, [15, 2])
(77983, [15])
(77984, [15])
(77985, [15])
(77986, [15])
(77987, [15])
(77988, [15])
(77989, [15])
(77990, [15])
(77991, [15])
(77992, [3])
(77993, [3])
(77994, [3])
(77995, [3])
(77996, [3])
(77997, [3])
(77998, [3])
(77999, [3])
(78000, [3, 12])
(78001, [3])
(78002, [3])
(78003, [3])
(78004, [3])
(78005, [3])
(78006, [3])
(78007, [3])
(78008, [3])
(78009, [3])
(78010, [3])
(78011, [3])
(78012, [3])
(78013, [3])
(78014, [3])
(78015, [3])
(78016, [3])
(78017, [3])
(78018, [3])
(78019, [3])
(78020, [3])
(78021, [3])
(78022, [3])
(78023, [12])
(78024, [12, 2])
(78025, [12])
(78026, [12])
(78027, [12])
(78028, [12])
(78029, [12])
(78030, [12])
(78031, [12])
(78032, [12])
(78033, [12])
(78034, [12])
(78035, [12])
(78036, [12])
(78037, [12])
(78038, [12])
(78039, [12])
(78040, [12])
(78041, [12])
(78042, [12])
(78043, [12])
(78044, [12])
(78045, [12])
(78046, [12])
(78047, [12])
(78048, [12])
(78049, [12])
(78050, [12])
(78051, [12])
(78052, [12])
(78053, [12])
(78054, [12])
(78055, [12])
(78056, [12])
(78057, [12])
(78058, [12])
(78059, [12])
(78060, [12])
(78061, [12])
(78062, [12])
(78063, [12])
(78064, [12])
(78065, [12])
(78066, [12])
(78067, [12])
(78068, [12])
(78069, [12])
(78070, [12])
(78071, [12])
(78072, [12])
(78073, [12])
(78074, [12])
(78075, [12])
(78076, [12])
(78077, [12])
(78078, [12, 14])
(78079, [12])
(78080, [12])
(78081, [12])
(78082, [12])
(78083, [12])
(78084, [12])
(78085, [12])
(78086, [12])
(78087, [12])
(78088, [12])
(78089, [12])
(78090, [12])
(78091, [12])
(78092, [12])
(78093, [12])
(78094, [12])
(78095, [40])
(78096, [40])
(78097, [40])
(78098, [40])
(78099, [40])
(78100, [40])
(78101, [2])
(78102, [2])
(78103, [2])
(78104, [2])
(78105, [2])
(78106, [2])
(78107, [2])
(78108, [2])
(78109, [2])
(78110, [2])
(78111, [2])
(78112, [2])
(78113, [2])
(78114, [2])
(78115, [2])
(78116, [2])
(78117, [2])
(78118, [2])
(78119, [2])
(78120, [2])
(78121, [2])
(78122, [2])
(78123, [2])
(78124, [2])
(78125, [2])
(78126, [2])
(78127, [2])
(78128, [2])
(78129, [2])
(78130, [2])
(78131, [2])
(78132, [2])
(78133, [2])
(78134, [2])
(78135, [2])
(78136, [2])
(78137, [2])
(78138, [2])
(78139, [2])
(78140, [2])
(78141, [2])
(78142, [2])
(78143, [2])
(78144, [2, 22])
(78145, [2])
(78146, [2])
(78147, [2])
(78148, [2])
(78149, [2])
(78150, [2])
(78151, [2])
(78152, [2])
(78153, [2])
(78154, [2])
(78155, [2])
(78156, [2])
(78157, [2])
(78158, [2])
(78159, [2])
(78160, [2])
(78161, [2])
(78162, [2])
(78163, [2])
(78164, [2])
(78165, [2])
(78166, [2])
(78167, [2])
(78168, [2])
(78169, [2])
(78170, [13])
(78171, [13])
(78172, [13])
(78173, [13])
(78174, [5])
(78175, [5])
(78176, [5])
(78177, [5])
(78178, [5])
(78179, [5])
(78180, [5])
(78181, [5])
(78182, [5])
(78183, [5])
(78184, [5])
(78185, [14])
(78186, [14])
(78187, [14])
(78188, [14])
(78189, [14])
(78190, [14])
(78191, [14])
(78192, [14])
(78193, [14])
(78194, [14])
(78195, [14])
(78196, [14])
(78197, [14])
(78198, [14])
(78199, [14])
(78200, [14])
(78201, [14])
(78202, [14])
(78203, [14])
(78204, [14])
(78205, [14])
(78206, [14])
(78207, [14])
(78208, [14])
(78209, [14])
(78210, [14])
(78211, [14])
(78212, [14])
(78213, [14])
(78214, [22])
(78215, [22])
(78216, [22])
(78217, [22])
(78218, [22])
(78219, [22])
(78220, [22])
