(104247, [3, 14, 30, 31, 32, 33, 34])
(104248, [0, 1, 2, 3, 4, 5, 6, 7, 8, 9, 10, 11, 12, 13, 14, 15, 16, 17, 18, 19, 20, 21, 22, 23, 24, 25, 26, 27, 28, 29, 30, 31, 32, 33, 34, 35, 36, 37, 38, 39, 40, 41, 42, 43, 44])
(104249, [0, 1, 2, 3, 4, 5, 6, 7, 8, 9, 10, 11, 12, 13, 14, 16, 17, 18, 19, 20, 21, 22, 23, 24, 25, 26, 27, 28, 29, 30, 31, 32, 33, 34, 35, 36, 37, 38, 39, 40, 41, 42, 43, 44])
(104250, [1, 2, 3, 5, 11, 15, 17, 18, 19, 20, 21, 22, 23, 26, 31, 32, 35, 43])
(104251, [0, 1, 2, 3, 4, 5, 6, 7, 8, 9, 10, 11, 12, 13, 14, 15, 16, 17, 18, 19, 20, 21, 22, 23, 24, 25, 26, 27, 28, 29, 30, 31, 32, 33, 34, 35, 36, 37, 38, 39, 40, 41, 42, 43, 44])
(104252, [0, 1, 2, 3, 4, 5, 6, 7, 8, 9, 10, 11, 12, 13, 14, 15, 16, 17, 18, 19, 20, 21, 22, 23, 24, 25, 26, 27, 28, 29, 30, 31, 32, 33, 34, 35, 36, 37, 38, 39, 40, 41, 42, 43, 44])
(104253, [0, 1, 2, 3, 4, 5, 6, 7, 8, 9, 10, 11, 12, 13, 14, 15, 16, 17, 18, 19, 20, 21, 22, 23, 24, 25, 26, 27, 28, 29, 30, 31, 32, 33, 34, 35, 36, 37, 38, 39, 40, 41, 42, 43, 44])
(104254, [0, 1, 2, 3, 4, 5, 6, 7, 8, 9, 10, 11, 12, 13, 14, 15, 16, 17, 18, 19, 20, 21, 22, 23, 24, 25, 26, 27, 28, 29, 30, 31, 32, 33, 34, 35, 36, 37, 38, 39, 40, 41, 42, 43, 44])
(104255, [1, 3, 4, 6, 9, 15, 17, 18, 19, 22, 26, 30, 31, 32, 33, 34, 36, 43])
(104256, [0, 1, 2, 3, 4, 5, 6, 7, 8, 9, 11, 12, 13, 14, 15, 16, 17, 18, 19, 20, 21, 22, 23, 24, 26, 27, 28, 30, 31, 32, 33, 34, 35, 38, 39, 40, 41, 42, 43, 44])
(104257, [0, 1, 2, 3, 4, 5, 6, 7, 8, 9, 10, 11, 12, 13, 14, 15, 16, 17, 18, 19, 20, 21, 22, 23, 24, 25, 26, 27, 29, 30, 31, 32, 33, 34, 35, 36, 37, 38, 39, 40, 41, 42, 43, 44])
(104258, [0, 1, 2, 3, 4, 5, 6, 7, 8, 9, 11, 12, 13, 14, 15, 16, 17, 18, 19, 20, 21, 22, 23, 24, 26, 27, 28, 29, 30, 31, 32, 33, 34, 35, 38, 39, 40, 41, 42, 43, 44])
(104259, [0, 1, 2, 3, 4, 5, 6, 7, 8, 9, 10, 11, 12, 14, 15, 16, 17, 18, 19, 20, 22, 23, 24, 25, 26, 27, 30, 31, 32, 33, 34, 35, 38, 40, 41, 42, 43, 44])
(104260, [1, 2, 3, 4, 6, 7, 11, 12, 14, 15, 16, 17, 18, 19, 21, 23, 24, 26, 27, 30, 31, 32, 33, 34, 39, 41, 42, 44])
(104261, [0, 1, 2, 3, 4, 5, 6, 9, 11, 12, 13, 15, 16, 17, 18, 19, 20, 21, 23, 24, 26, 27, 28, 30, 31, 32, 34, 35, 38, 42, 43, 44])
(104262, [0, 1, 2, 3, 4, 7, 9, 11, 12, 14, 16, 25, 26, 30, 31, 32, 33, 34, 40, 44])
(104263, [0, 1, 2, 3, 4, 6, 9, 10, 11, 12, 13, 14, 15, 16, 17, 18, 19, 20, 21, 23, 24, 25, 26, 28, 30, 31, 32, 33, 36, 38, 39, 40, 41, 42, 43, 44])
(104264, [1, 2, 4, 5, 6, 12, 13, 14, 15, 16, 20, 23, 32, 36])
(104265, [0, 1, 2, 3, 4, 5, 6, 7, 8, 9, 10, 11, 12, 13, 14, 15, 16, 17, 18, 19, 20, 21, 22, 23, 24, 25, 26, 27, 28, 29, 30, 31, 32, 33, 34, 35, 36, 37, 38, 39, 40, 41, 42, 43, 44])
(104266, [4, 9, 11, 14, 15, 16, 32, 33, 35, 39, 44])
(104267, [0, 1, 2, 3, 4, 5, 6, 7, 8, 9, 10, 11, 12, 13, 14, 15, 16, 17, 18, 19, 20, 21, 22, 23, 24, 25, 26, 27, 28, 29, 30, 31, 32, 33, 34, 35, 36, 37, 38, 39, 40, 41, 42, 43, 44])
(104268, [3, 15, 30, 31, 32])
(104269, [0, 1, 2, 3, 4, 5, 6, 7, 8, 9, 10, 11, 12, 13, 14, 15, 16, 17, 18, 19, 20, 21, 22, 23, 24, 26, 27, 28, 29, 30, 31, 32, 33, 34, 35, 37, 38, 40, 41, 42, 43, 44])
(104270, [0, 1, 2, 3, 4, 7, 9, 14, 15, 19, 24, 27, 30, 31, 32, 33, 36, 40, 41, 43])
(104271, [0, 2, 3, 4, 6, 8, 9, 10, 11, 12, 14, 15, 18, 19, 20, 22, 23, 24, 26, 27, 28, 29, 30, 31, 32, 33, 34, 35, 36, 37, 39, 40, 41, 42, 43, 44])
(104272, [1, 2, 3, 4, 5, 6, 7, 8, 9, 11, 12, 13, 14, 15, 16, 17, 18, 19, 20, 21, 22, 23, 24, 25, 26, 27, 28, 29, 30, 31, 32, 33, 34, 35, 36, 37, 38, 39, 40, 41, 42, 43, 44])
(104273, [1, 2, 9, 19, 30, 32, 44])
(104274, [0, 1, 11, 20, 21, 32, 34, 38, 41])
(104275, [0, 1, 2, 3, 4, 5, 6, 7, 8, 9, 11, 12, 13, 14, 15, 16, 17, 18, 19, 21, 22, 23, 24, 26, 29, 30, 31, 32, 33, 34, 35, 37, 38, 39, 40, 41, 43, 44])
(104276, [6, 15, 21, 26, 30, 31, 32, 40, 41, 43, 44])
(104277, [1, 2, 3, 4, 7, 11, 12, 16, 22, 23, 30, 32, 33, 34, 35, 41])
(104278, [0, 1, 9, 11, 12, 19, 21, 22, 31, 32, 34, 41, 43])
(104279, [0, 1, 2, 4, 6, 7, 8, 9, 11, 12, 14, 15, 16, 17, 18, 19, 23, 24, 26, 27, 30, 31, 32, 33, 34, 38, 39, 40, 41, 43, 44])
(104280, [0, 1, 2, 3, 6, 8, 9, 11, 12, 16, 18, 20, 21, 23, 26, 30, 31, 32, 34, 35, 41, 42, 43, 44])
(104281, [2, 4, 13, 14, 23, 24, 26, 32, 40, 41])
(104282, [1, 3, 11, 19, 22, 30, 31, 32, 34, 41])
(104283, [1, 2, 3, 4, 6, 9, 11, 12, 14, 15, 16, 18, 20, 21, 23, 26, 31, 32, 35, 36, 37, 40, 41, 43])
(104284, [1, 11, 15, 32, 43])
(104285, [0, 1, 2, 3, 4, 6, 9, 11, 12, 13, 15, 16, 17, 18, 19, 20, 21, 22, 23, 27, 30, 31, 32, 33, 34, 35, 36, 38, 40, 41, 42, 44])
(104286, [1, 3, 12, 15, 22, 32, 34, 43, 44])
(104287, [0, 1, 2, 3, 4, 6, 7, 9, 10, 11, 12, 13, 14, 15, 16, 17, 18, 19, 20, 21, 22, 23, 24, 26, 28, 30, 31, 32, 33, 34, 36, 38, 39, 41, 42, 43, 44])
(104288, [0, 1, 2, 3, 9, 12, 13, 14, 18, 19, 23, 25, 26, 32, 34, 37, 40, 41, 42, 43, 44])
(104289, [0, 1, 2, 3, 4, 6, 9, 12, 14, 15, 18, 19, 21, 23, 24, 26, 27, 28, 30, 31, 32, 34, 35, 36, 40, 41, 43])
(104290, [4, 9, 32])
(104291, [0, 1, 2, 4, 7, 9, 22, 30, 31, 32, 34, 41])
(104292, [0, 1, 2, 3, 4, 7, 9, 11, 12, 13, 14, 15, 16, 17, 18, 19, 20, 21, 22, 23, 24, 26, 27, 30, 31, 32, 34, 36, 38, 40, 41, 42, 43, 44])
(104293, [0, 1, 3, 5, 6, 7, 9, 11, 12, 16, 18, 20, 21, 23, 24, 30, 31, 32, 33, 34, 35, 43])
(104294, [1, 4, 15, 18, 22, 30, 32, 35])
(104295, [2, 18, 32, 41])
(104296, [0, 1, 2, 3, 4, 6, 9, 12, 13, 15, 19, 20, 26, 32, 33, 34, 36, 39, 41, 43, 44])
(104297, [26, 32])
(104298, [11, 14, 18, 23, 32, 36])
(104299, [1, 4, 14, 15, 32])
(104300, [1, 2, 9, 13, 14, 17, 23, 31, 32, 34, 41, 43])
(104301, [0, 1, 2, 3, 4, 12, 15, 18, 19, 21, 22, 23, 26, 27, 30, 31, 32, 33, 35, 37, 42, 43, 44])
(104302, [10, 11, 12, 15, 21, 24, 30, 31, 32, 33, 44])
(104303, [2, 9, 15, 16, 17, 19, 20, 23, 26, 32, 41, 43, 44])
(104304, [32, 36])
(104305, [0, 1, 2, 3, 4, 6, 8, 9, 12, 15, 18, 21, 24, 30, 31, 32, 33, 34, 36, 40, 42, 43, 44])
(104306, [2, 4, 6, 11, 13, 15, 17, 18, 19, 23, 26, 28, 30, 31, 32, 33, 34, 36, 41, 43, 44])
(104307, [0, 1, 2, 3, 4, 5, 7, 8, 9, 10, 11, 12, 13, 14, 15, 16, 17, 18, 19, 21, 22, 23, 24, 25, 26, 27, 30, 31, 32, 33, 34, 35, 37, 38, 40, 41, 42, 43, 44])
(104308, [1, 2, 3, 5, 6, 8, 14, 15, 21, 22, 23, 31, 32, 33, 43, 44])
(104309, [32, 34])
(104310, [4, 6, 15, 20, 23, 32])
(104311, [0, 1, 2, 3, 4, 6, 7, 8, 11, 12, 13, 14, 15, 17, 19, 21, 23, 24, 26, 27, 30, 31, 32, 33, 41, 43, 44])
(104312, [1, 12, 16, 18, 23, 31, 32, 34, 35])
(104313, [0, 1, 2, 3, 4, 7, 9, 10, 11, 12, 13, 14, 15, 16, 17, 18, 19, 20, 21, 23, 24, 26, 27, 30, 31, 32, 33, 34, 36, 41, 43, 44])
(104314, [1, 15, 17, 32, 34])
(104315, [0, 3, 9, 11, 15, 17, 30, 32, 41])
(104316, [1, 2, 3, 4, 6, 8, 11, 14, 18, 19, 30, 31, 32, 33, 34, 39, 42, 43])
(104317, [0, 1, 2, 3, 4, 6, 7, 8, 9, 10, 11, 12, 13, 14, 15, 16, 17, 18, 19, 20, 21, 22, 23, 24, 26, 27, 28, 29, 30, 31, 32, 33, 34, 35, 36, 37, 38, 39, 40, 41, 42, 43, 44])
(104318, [0, 1, 2, 3, 4, 5, 6, 7, 8, 9, 10, 11, 12, 15, 16, 18, 19, 20, 21, 22, 23, 24, 27, 29, 30, 31, 32, 33, 34, 37, 38, 40, 41, 42, 43, 44])
(104319, [0, 1, 2, 3, 4, 7, 8, 9, 11, 12, 15, 16, 17, 18, 19, 20, 21, 22, 26, 27, 28, 32, 33, 42, 43, 44])
(104320, [32])
(104321, [2, 3, 4, 9, 14, 15, 18, 23, 24, 26, 30, 31, 32, 33, 34, 41, 43, 44])
(104322, [0, 2, 3, 4, 9, 11, 13, 14, 15, 18, 20, 24, 26, 32, 33, 34, 36, 41, 43])
(104323, [32, 34])
(104324, [0, 1, 2, 3, 4, 9, 12, 13, 18, 19, 24, 26, 27, 31, 32, 33, 41, 43, 44])
(104325, [19, 32, 43])
(104326, [0, 1, 2, 3, 5, 6, 8, 9, 10, 11, 12, 13, 14, 15, 16, 18, 19, 20, 21, 23, 30, 32, 34, 40, 41])
(104327, [32])
(104328, [9, 17, 31, 32, 37, 43])
(104329, [4, 8, 9, 13, 14, 17, 18, 23, 26, 32, 33, 34, 41, 43])
(104330, [0, 1, 2, 3, 4, 5, 7, 9, 11, 12, 14, 15, 18, 19, 20, 26, 28, 30, 31, 32, 33, 34, 41, 43, 44])
(104331, [1, 2, 3, 9, 11, 12, 14, 15, 17, 19, 20, 23, 25, 32, 33, 34, 40, 41])
(104332, [15, 32])
(104333, [3, 4, 9, 12, 17, 19, 30, 31, 32, 40, 41])
(104334, [0, 1, 2, 3, 4, 5, 6, 7, 8, 9, 10, 11, 12, 15, 16, 19, 20, 21, 23, 25, 26, 28, 30, 31, 32, 34, 35, 37, 39, 42, 43, 44])
(104335, [26, 30, 31, 32, 34])
(104336, [10, 15, 26, 32])
(104337, [0, 3, 4, 11, 15, 19, 22, 23, 24, 30, 31, 32, 33, 34, 40, 44])
(104338, [0, 1, 2, 3, 9, 15, 19, 21, 26, 31, 32, 33, 41])
(104339, [9, 32, 34])
(104340, [1, 2, 3, 6, 8, 9, 10, 11, 12, 20, 23, 26, 27, 31, 32, 33, 34, 35, 40, 43])
(104341, [1, 2, 3, 9, 21, 30, 31, 32, 33, 34, 43])
(104342, [1, 2, 4, 6, 7, 10, 19, 20, 22, 23, 26, 30, 31, 32, 33, 39, 44])
(104343, [4, 6, 12, 32, 39])
(104344, [1, 3, 9, 11, 15, 26, 32])
(104345, [32])
(104346, [1, 2, 3, 7, 11, 15, 19, 22, 32, 42, 43, 44])
(104347, [0, 18, 21, 23, 31, 32, 43, 44])
(104348, [0, 3, 4, 12, 15, 16, 19, 21, 22, 23, 30, 31, 32, 42, 43])
(104349, [1, 3, 7, 13, 19, 24, 26, 31, 32, 33, 41])
(104350, [18, 32])
(104351, [1, 3, 7, 9, 11, 12, 14, 17, 20, 21, 30, 31, 32, 33, 34, 35, 37, 39, 40, 41, 42, 44])
(104352, [32])
(104353, [0, 1, 2, 3, 4, 9, 11, 12, 17, 19, 21, 22, 30, 31, 32, 33, 34, 35, 40, 44])
(104354, [0, 3, 12, 21, 26, 32])
(104355, [2, 11, 21, 28, 31, 32])
(104356, [0, 2, 7, 8, 9, 12, 16, 17, 20, 23, 24, 27, 28, 30, 31, 32, 33, 34, 35, 39, 40, 41, 43, 44])
(104357, [0, 32])
(104358, [0, 1, 2, 3, 4, 5, 6, 7, 8, 9, 11, 12, 13, 14, 15, 16, 17, 18, 19, 20, 22, 23, 24, 25, 26, 27, 28, 29, 30, 31, 33, 34, 35, 36, 37, 38, 39, 40, 41, 42, 43, 44])
(104359, [1, 2, 3, 7, 8, 18, 19, 21, 31, 33, 35, 39])
(104360, [19, 35, 37])
(104361, [35])
(104362, [35])
(104363, [4, 6, 13, 15, 16, 35, 42, 43])
(104364, [35])
(104365, [35, 37])
(104366, [1, 2, 3, 4, 7, 9, 11, 13, 16, 18, 19, 21, 26, 30, 31, 33, 35, 37, 41, 43, 44])
(104367, [1, 4, 18, 30, 35])
(104368, [8, 9, 19, 35, 41])
(104369, [1, 2, 3, 4, 6, 8, 9, 14, 15, 18, 19, 20, 23, 26, 27, 28, 30, 31, 34, 35, 39, 41, 42, 43])
(104370, [2, 12, 14, 35])
(104371, [35])
(104372, [35])
(104373, [35])
(104374, [0, 9, 15, 19, 23, 28, 35, 42])
(104375, [0, 1, 2, 3, 6, 7, 9, 11, 12, 14, 16, 20, 21, 27, 28, 35, 38, 44])
(104376, [35])
(104377, [35])
(104378, [2, 3, 9, 11, 12, 14, 19, 22, 30, 34, 35, 40, 41, 44])
(104379, [4, 35])
(104380, [2, 6, 9, 17, 24, 26, 30, 35, 43, 44])
(104381, [35])
(104382, [35])
(104383, [35])
(104384, [35])
(104385, [0, 1, 2, 3, 9, 12, 16, 18, 19, 26, 31, 33, 35, 37, 44])
(104386, [35])
(104387, [1, 2, 9, 12, 15, 35, 40, 43])
(104388, [2, 35])
(104389, [35, 36, 43])
(104390, [35])
(104391, [1, 2, 5, 8, 11, 15, 18, 21, 22, 23, 30, 33, 35, 36, 39, 44])
(104392, [35])
(104393, [35])
(104394, [35])
(104395, [35])
(104396, [35])
(104397, [8, 18, 21, 23, 35, 43])
(104398, [0, 1, 2, 3, 6, 9, 11, 12, 15, 16, 17, 18, 21, 23, 35, 40])
(104399, [2, 17, 18, 26, 34])
(104400, [0, 1, 2, 3, 9, 11, 18, 23, 24, 34, 40, 41, 43])
(104401, [34])
(104402, [2, 26, 34])
(104403, [1, 2, 4, 6, 9, 13, 15, 17, 18, 24, 26, 31, 34, 41, 42, 43])
(104404, [0, 1, 2, 9, 13, 17, 18, 19, 24, 26, 30, 34, 41, 43])
(104405, [1, 3, 4, 6, 9, 12, 15, 17, 18, 19, 24, 26, 34, 41, 43, 44])
(104406, [0, 1, 2, 3, 6, 8, 9, 10, 11, 15, 17, 18, 20, 21, 23, 24, 26, 27, 30, 34, 37, 40, 41, 43, 44])
(104407, [34])
(104408, [1, 3, 4, 11, 15, 22, 30, 34, 41])
(104409, [3, 6, 11, 15, 18, 19, 24, 26, 30, 31, 33, 34, 39, 41, 44])
(104410, [1, 2, 4, 9, 12, 13, 16, 19, 20, 21, 30, 34, 40, 43, 44])
(104411, [34])
(104412, [34])
(104413, [1, 2, 3, 6, 12, 17, 18, 22, 23, 31, 33, 34, 44])
(104414, [0, 5, 18, 28, 34])
(104415, [1, 2, 6, 18, 34, 43])
(104416, [0, 1, 3, 4, 12, 19, 21, 26, 28, 34, 44])
(104417, [34])
(104418, [1, 24, 34, 43])
(104419, [1, 3, 8, 9, 12, 14, 15, 20, 30, 31, 33, 34, 41])
(104420, [34])
(104421, [0, 1, 2, 3, 4, 7, 11, 15, 16, 19, 34, 37, 38, 42])
(104422, [34])
(104423, [34])
(104424, [34])
(104425, [0, 2, 3, 9, 19, 30, 33, 34])
(104426, [34])
(104427, [34])
(104428, [0, 1, 2, 4, 5, 6, 8, 12, 16, 17, 18, 19, 22, 23, 34, 36, 41, 43, 44])
(104429, [0, 12, 17, 34])
(104430, [0, 1, 3, 11, 19, 20, 21, 31, 34, 44])
(104431, [23, 34])
(104432, [12, 14, 23, 34])
(104433, [2, 3, 11, 16, 34, 44])
(104434, [1, 2, 3, 20, 26, 31, 33, 41])
(104435, [2, 3, 12, 21, 26, 27, 33, 43])
(104436, [4, 27, 33, 43])
(104437, [33])
(104438, [33])
(104439, [33])
(104440, [7, 11, 17, 18, 33, 37, 41, 44])
(104441, [12, 33])
(104442, [13, 17, 26, 33, 36, 43, 44])
(104443, [33])
(104444, [9, 33, 43])
(104445, [0, 1, 2, 3, 4, 6, 7, 8, 9, 10, 11, 12, 13, 14, 15, 16, 17, 18, 20, 21, 23, 24, 26, 27, 28, 31, 33, 36, 39, 41, 42, 43, 44])
(104446, [33])
(104447, [33])
(104448, [11, 33])
(104449, [17, 33])
(104450, [33])
(104451, [33])
(104452, [3, 12, 22, 33])
(104453, [11, 13, 17, 19, 33])
(104454, [33])
(104455, [0, 2, 3, 6, 11, 12, 17, 18, 27, 31, 33, 39, 40, 41, 44])
(104456, [33])
(104457, [33])
(104458, [1, 3, 5, 8, 9, 15, 19, 21, 22, 23, 31, 33, 39])
(104459, [4, 33])
(104460, [33])
(104461, [2, 6, 15, 19, 33])
(104462, [33])
(104463, [6, 12, 21, 33, 44])
(104464, [33])
(104465, [1, 2, 3, 16, 21, 33, 41])
(104466, [0, 1, 4, 5, 9, 10, 11, 12, 16, 18, 22, 26, 27, 33, 39, 41, 44])
(104467, [33])
(104468, [1, 3, 7, 8, 9, 10, 12, 17, 18, 19, 21, 22, 33, 42, 44])
(104469, [0, 1, 2, 11, 12, 18, 33, 41, 44])
(104470, [0, 2, 6, 24, 31, 33, 41, 43])
(104471, [3, 6, 7, 17, 20, 26, 33, 40, 44])
(104472, [2, 9, 16, 31, 33])
(104473, [21, 31, 33])
(104474, [3, 8, 23, 31, 33])
(104475, [33])
(104476, [33])
(104477, [33])
(104478, [4, 5, 6, 8, 9, 22, 24, 26, 30, 31, 33])
(104479, [0, 1, 2, 3, 9, 11, 12, 17, 20, 31, 33, 40, 41, 42])
(104480, [0, 1, 2, 3, 6, 17, 21, 31, 33])
(104481, [0, 9, 16, 23, 26, 31, 33, 41])
(104482, [2, 3, 18, 19, 20, 29])
(104483, [0, 20])
(104484, [5, 7, 8, 9, 12, 20])
(104485, [0, 2, 3, 7, 12, 20])
(104486, [1, 6, 9, 19, 20])
(104487, [2, 3, 11, 12, 16, 17, 20, 24, 39, 40, 43, 44])
(104488, [1, 2, 3, 19, 20, 21, 22, 30])
(104489, [0, 1, 3, 7, 11, 12, 15, 20, 22, 26, 44])
(104490, [2, 3, 12, 15, 18, 20, 30])
(104491, [0, 1, 2, 6, 9, 10, 18, 20, 23, 41])
(104492, [15, 19, 20, 30, 44])
(104493, [0, 1, 2, 3, 4, 11, 12, 15, 16, 18, 20, 21, 23, 24, 26, 28, 30, 37, 38, 40, 41, 44])
(104494, [20])
(104495, [20])
(104496, [20])
(104497, [0, 1, 2, 7, 11, 20])
(104498, [1, 20])
(104499, [20])
(104500, [0, 2, 7, 9, 16, 17, 20, 23, 40])
(104501, [11, 13, 20, 30])
(104502, [0, 1, 3, 20, 31, 43])
(104503, [0, 2, 20, 42])
(104504, [16, 20, 30])
(104505, [4, 6, 9, 15, 20, 24, 27, 43])
(104506, [0, 12, 20])
(104507, [1, 3, 7, 20, 44])
(104508, [0, 1, 2, 3, 4, 6, 9, 12, 17, 20, 23, 28])
(104509, [1, 3, 12, 20, 29, 30, 38])
(104510, [0, 3, 20])
(104511, [0, 4, 9, 17, 20, 30])
(104512, [0, 2, 20, 41])
(104513, [4, 20])
(104514, [1, 2, 3, 4, 6, 9, 15, 16, 18, 19, 20, 21, 23, 26, 30, 36, 38, 41, 43, 44])
(104515, [18, 29])
(104516, [18])
(104517, [18])
(104518, [18])
(104519, [1, 7, 18])
(104520, [18])
(104521, [18])
(104522, [0, 18, 21])
(104523, [4, 18])
(104524, [4, 6, 8, 15, 18, 23, 26, 30, 43])
(104525, [18, 23])
(104526, [18])
(104527, [3, 18, 21, 23])
(104528, [18])
(104529, [18])
(104530, [1, 2, 3, 7, 9, 11, 13, 17, 18, 21, 44])
(104531, [0, 1, 2, 3, 9, 15, 18, 21, 22, 23])
(104532, [1, 2, 3, 6, 7, 8, 9, 11, 15, 16, 18, 19, 21, 23, 26])
(104533, [6, 7, 18, 21, 23, 37, 38, 44])
(104534, [18])
(104535, [1, 18, 21, 22])
(104536, [18])
(104537, [0, 3, 6, 9, 18])
(104538, [2, 18, 19])
(104539, [1, 18, 21])
(104540, [0, 1, 2, 3, 8, 16, 17, 18, 19, 24, 28, 29, 38, 41])
(104541, [15, 18, 23])
(104542, [18])
(104543, [18, 23, 37])
(104544, [17, 18, 26])
(104545, [1, 2, 3, 4, 6, 9, 15, 18, 19, 21, 22, 36, 44])
(104546, [1, 3, 5, 8, 9, 15, 16, 18, 21, 23, 41])
(104547, [18])
(104548, [18])
(104549, [18])
(104550, [18])
(104551, [18])
(104552, [3, 18])
(104553, [18])
(104554, [18])
(104555, [18, 23])
(104556, [18])
(104557, [0, 1, 3, 4, 7, 11, 12, 18, 19, 21, 37, 44])
(104558, [18])
(104559, [0, 18, 36])
(104560, [1, 3, 4, 6, 9, 10, 11, 15, 16, 17, 18, 19, 23, 24, 26, 42, 43, 44])
(104561, [2, 3, 6, 9, 12, 13, 17, 18, 19, 23, 27, 31, 41, 43])
(104562, [18])
(104563, [0, 18])
(104564, [18])
(104565, [18])
(104566, [18])
(104567, [18])
(104568, [1, 2, 6, 11, 14, 17, 18, 23, 44])
(104569, [18])
(104570, [2, 11, 14, 17, 18, 19, 30, 41, 44])
(104571, [18])
(104572, [18])
(104573, [0, 2, 3, 5, 9, 12, 18, 23, 26, 39])
(104574, [18])
(104575, [18])
(104576, [18])
(104577, [18])
(104578, [1, 18])
(104579, [8, 18, 23])
(104580, [3, 18])
(104581, [18])
(104582, [18])
(104583, [11, 18, 19])
(104584, [13, 18])
(104585, [18])
(104586, [18])
(104587, [18, 23])
(104588, [18])
(104589, [18])
(104590, [17, 18, 19, 30, 41])
(104591, [3, 9, 11, 12, 16, 18, 21, 23, 29, 44])
(104592, [3, 18])
(104593, [0, 2, 4, 7, 17, 18, 31])
(104594, [18])
(104595, [18])
(104596, [18])
(104597, [18])
(104598, [18])
(104599, [2, 18, 40])
(104600, [18])
(104601, [3, 12, 18, 19, 22, 26])
(104602, [18])
(104603, [18])
(104604, [18])
(104605, [3, 12, 15, 18, 19, 31])
(104606, [18])
(104607, [3, 18])
(104608, [13, 18])
(104609, [0, 2, 4, 16, 17, 18, 24, 27, 28, 42, 43, 44])
(104610, [1, 2, 8, 11, 18, 30, 44])
(104611, [18])
(104612, [18])
(104613, [0, 18])
(104614, [18])
(104615, [0, 18, 23])
(104616, [18])
(104617, [18])
(104618, [27])
(104619, [27])
(104620, [2, 4, 12, 15, 23, 27, 30, 31, 43])
(104621, [27])
(104622, [27])
(104623, [27])
(104624, [27])
(104625, [27])
(104626, [27])
(104627, [12, 16, 24, 27, 41, 43])
(104628, [1, 9, 11, 12, 15, 16, 21, 38, 43])
(104629, [1, 9])
(104630, [9, 21])
(104631, [3, 9])
(104632, [0, 1, 2, 3, 4, 9, 12, 16, 19, 21, 22, 23, 31, 37, 44])
(104633, [9])
(104634, [9, 24, 26, 41])
(104635, [9])
(104636, [0, 1, 9, 23, 26, 43])
(104637, [9, 19])
(104638, [1, 3, 9, 12, 16, 19, 22, 31, 38])
(104639, [9])
(104640, [1, 3, 7, 9, 12, 13, 19, 21, 30])
(104641, [1, 2, 9, 11, 15, 22, 44])
(104642, [0, 3, 9, 41, 44])
(104643, [9])
(104644, [0, 9, 15, 19, 43])
(104645, [9, 10, 12, 30])
(104646, [8, 9, 23, 43])
(104647, [9])
(104648, [9])
(104649, [4, 9])
(104650, [0, 1, 2, 3, 4, 9, 11, 12, 14, 19, 22, 24, 36, 39, 43, 44])
(104651, [9])
(104652, [9])
(104653, [2, 6, 9, 12, 23, 26, 30, 36, 41, 43, 44])
(104654, [9])
(104655, [9])
(104656, [0, 1, 2, 3, 9, 17, 42])
(104657, [9])
(104658, [9])
(104659, [9])
(104660, [9, 12, 23])
(104661, [1, 2, 3, 9, 11, 15, 16, 19, 21, 22, 26])
(104662, [9])
(104663, [9])
(104664, [2, 9])
(104665, [9])
(104666, [2, 9, 19, 24, 26, 41, 43, 44])
(104667, [9, 19])
(104668, [1, 9, 12])
(104669, [9])
(104670, [9, 31])
(104671, [0, 9, 31])
(104672, [9])
(104673, [9])
(104674, [9])
(104675, [9])
(104676, [1, 3, 9, 22, 44])
(104677, [0, 2, 9, 10, 12, 16, 42])
(104678, [2, 9])
(104679, [0])
(104680, [0, 1, 12, 39])
(104681, [0, 12])
(104682, [0])
(104683, [0])
(104684, [0])
(104685, [0])
(104686, [0])
(104687, [0])
(104688, [0, 12])
(104689, [0, 2, 24, 28, 44])
(104690, [0])
(104691, [0, 1, 12])
(104692, [0])
(104693, [0, 12])
(104694, [0])
(104695, [0])
(104696, [0])
(104697, [0])
(104698, [0])
(104699, [0, 12])
(104700, [0])
(104701, [0])
(104702, [0])
(104703, [0])
(104704, [0])
(104705, [0])
(104706, [0])
(104707, [0])
(104708, [0])
(104709, [0])
(104710, [0])
(104711, [0, 1, 44])
(104712, [0])
(104713, [0])
(104714, [0])
(104715, [0])
(104716, [0])
(104717, [0])
(104718, [0])
(104719, [0, 13, 41])
(104720, [0])
(104721, [0, 12])
(104722, [0])
(104723, [0])
(104724, [0])
(104725, [0])
(104726, [0])
(104727, [0])
(104728, [0, 1, 43])
(104729, [0, 3, 11, 12])
(104730, [0])
(104731, [0])
(104732, [0])
(104733, [0, 1, 4, 12, 14, 30])
(104734, [0])
(104735, [0, 3])
(104736, [0])
(104737, [0])
(104738, [0])
(104739, [0])
(104740, [0, 12])
(104741, [0, 1, 3, 10, 12, 16, 29])
(104742, [0])
(104743, [0])
(104744, [0])
(104745, [0, 3, 12])
(104746, [0, 3, 7, 12])
(104747, [0])
(104748, [0, 23])
(104749, [0])
(104750, [0, 3])
(104751, [0])
(104752, [0])
(104753, [0])
(104754, [0])
(104755, [0])
(104756, [0])
(104757, [0])
(104758, [0, 2, 12])
(104759, [0, 1, 12])
(104760, [0])
(104761, [0])
(104762, [0])
(104763, [0])
(104764, [0])
(104765, [0, 3, 11, 24, 26])
(104766, [0])
(104767, [0, 2, 3, 4, 11, 19, 26, 43, 44])
(104768, [0])
(104769, [0])
(104770, [0])
(104771, [0, 12])
(104772, [0])
(104773, [0, 14])
(104774, [0])
(104775, [0])
(104776, [0])
(104777, [0])
(104778, [0])
(104779, [0, 1, 21, 22, 23, 42])
(104780, [0, 1, 2, 3, 11, 21, 38])
(104781, [0])
(104782, [0])
(104783, [0])
(104784, [0])
(104785, [0])
(104786, [0])
(104787, [0])
(104788, [0])
(104789, [0])
(104790, [0])
(104791, [0])
(104792, [0])
(104793, [0])
(104794, [0])
(104795, [0])
(104796, [0])
(104797, [0, 4, 12])
(104798, [0])
(104799, [0])
(104800, [0])
(104801, [0, 21])
(104802, [0])
(104803, [0])
(104804, [0])
(104805, [0])
(104806, [0])
(104807, [0])
(104808, [0])
(104809, [0])
(104810, [0])
(104811, [0])
(104812, [0, 6])
(104813, [0])
(104814, [0])
(104815, [0])
(104816, [0])
(104817, [0])
(104818, [0, 12])
(104819, [0])
(104820, [0, 14])
(104821, [0])
(104822, [0])
(104823, [0])
(104824, [0, 12])
(104825, [0])
(104826, [0])
(104827, [0])
(104828, [0, 1, 3, 4, 16, 22, 23])
(104829, [0])
(104830, [0, 12])
(104831, [0])
(104832, [0])
(104833, [0])
(104834, [0, 3, 12, 16, 22])
(104835, [0])
(104836, [0])
(104837, [0])
(104838, [0])
(104839, [0])
(104840, [0])
(104841, [0])
(104842, [0])
(104843, [0])
(104844, [0])
(104845, [0])
(104846, [0])
(104847, [0])
(104848, [0])
(104849, [0, 4, 15, 19, 43])
(104850, [0, 2, 14, 24, 36])
(104851, [0])
(104852, [0, 2, 16, 21, 23])
(104853, [0])
(104854, [0])
(104855, [0])
(104856, [0])
(104857, [0])
(104858, [0])
(104859, [0, 4, 11, 24])
(104860, [0])
(104861, [0])
(104862, [0])
(104863, [0])
(104864, [0])
(104865, [0])
(104866, [0])
(104867, [0, 23])
(104868, [0])
(104869, [0])
(104870, [0])
(104871, [0])
(104872, [0])
(104873, [0])
(104874, [0])
(104875, [0])
(104876, [0, 1, 2, 26])
(104877, [0])
(104878, [0])
(104879, [0])
(104880, [0])
(104881, [0])
(104882, [0])
(104883, [0])
(104884, [0])
(104885, [0])
(104886, [0])
(104887, [0])
(104888, [0, 42])
(104889, [0])
(104890, [0])
(104891, [0])
(104892, [0])
(104893, [0])
(104894, [0])
(104895, [0])
(104896, [0])
(104897, [0])
(104898, [0])
(104899, [0])
(104900, [0])
(104901, [0])
(104902, [0])
(104903, [0])
(104904, [0])
(104905, [0])
(104906, [0, 1, 3, 19, 31])
(104907, [0])
(104908, [0, 1, 3, 11, 12, 43])
(104909, [0])
(104910, [0])
(104911, [11, 43])
(104912, [11])
(104913, [11])
(104914, [2, 11, 14, 15, 17, 24, 44])
(104915, [1, 2, 3, 11, 12, 14, 16, 17, 19, 22, 26, 36, 39, 44])
(104916, [11])
(104917, [11, 17])
(104918, [6, 10, 11, 30, 31])
(104919, [3, 11])
(104920, [1, 11])
(104921, [11])
(104922, [11])
(104923, [11, 17, 41])
(104924, [11])
(104925, [11, 26])
(104926, [11])
(104927, [3, 11, 12, 22])
(104928, [11])
(104929, [3, 11, 17, 39])
(104930, [11])
(104931, [11])
(104932, [11])
(104933, [11])
(104934, [11, 13])
(104935, [11])
(104936, [11])
(104937, [1, 3, 11, 16, 21, 26])
(104938, [7])
(104939, [1, 7, 8, 15, 21])
(104940, [1, 7, 19, 43, 44])
(104941, [4, 7, 43])
(104942, [7])
(104943, [7])
(104944, [1, 3, 7, 26, 31, 42])
(104945, [7])
(104946, [7])
(104947, [7])
(104948, [1, 7])
(104949, [2, 7])
(104950, [7])
(104951, [7, 14])
(104952, [4, 7, 26])
(104953, [7])
(104954, [29])
(104955, [3, 6, 19, 29])
(104956, [12, 16, 22])
(104957, [16])
(104958, [14, 16, 41])
(104959, [1, 16, 19, 22])
(104960, [16])
(104961, [12, 15, 16])
(104962, [16])
(104963, [3, 16, 19, 26])
(104964, [16])
(104965, [16])
(104966, [1, 3, 12, 16])
(104967, [16])
(104968, [16])
(104969, [1, 3, 15, 21, 22, 30, 38, 42])
(104970, [42])
(104971, [2, 22, 42])
(104972, [1, 2, 3, 12, 17, 21, 23, 26, 30, 42])
(104973, [42])
(104974, [42])
(104975, [6, 21, 31])
(104976, [1, 2, 4, 6, 12, 23, 39, 41])
(104977, [6])
(104978, [1, 6, 14, 19, 22])
(104979, [6])
(104980, [6])
(104981, [6, 14])
(104982, [6])
(104983, [2, 4, 6, 40, 44])
(104984, [1, 3, 6, 15, 17, 19, 22, 44])
(104985, [2, 3, 6, 19])
(104986, [6])
(104987, [28])
(104988, [17])
(104989, [17])
(104990, [17])
(104991, [17])
(104992, [17])
(104993, [17])
(104994, [3, 12, 17, 21, 24, 26])
(104995, [2, 17])
(104996, [17])
(104997, [17, 36])
(104998, [1, 17, 41])
(104999, [15, 17])
(105000, [12, 17])
(105001, [17])
(105002, [17])
(105003, [17])
(105004, [4, 17])
(105005, [17])
(105006, [17, 22])
(105007, [1])
(105008, [1, 22])
(105009, [1, 3])
(105010, [1, 3])
(105011, [1])
(105012, [1, 3])
(105013, [1, 23])
(105014, [1, 3])
(105015, [1, 3])
(105016, [1])
(105017, [1, 3])
(105018, [1, 3, 5, 23, 30])
(105019, [1])
(105020, [1])
(105021, [1, 3, 8, 21, 40])
(105022, [1])
(105023, [1, 31])
(105024, [1, 21, 22, 23, 24])
(105025, [1, 15])
(105026, [1, 3])
(105027, [1, 2, 3, 4])
(105028, [1])
(105029, [1, 3, 12, 21, 23, 31])
(105030, [1])
(105031, [1])
(105032, [1, 12])
(105033, [1])
(105034, [1, 3, 15, 23, 26, 44])
(105035, [1])
(105036, [1])
(105037, [1, 4, 21])
(105038, [1])
(105039, [1, 3])
(105040, [1, 3])
(105041, [1, 26])
(105042, [1, 2])
(105043, [1, 3, 12, 14, 26])
(105044, [10])
(105045, [10])
(105046, [10])
(105047, [10])
(105048, [10])
(105049, [10])
(105050, [2, 10, 44])
(105051, [10])
(105052, [10])
(105053, [10])
(105054, [10])
(105055, [10])
(105056, [10])
(105057, [10, 41])
(105058, [10])
(105059, [13, 19, 23, 26])
(105060, [3, 5, 8, 12, 19, 22, 23, 24])
(105061, [4, 19])
(105062, [19])
(105063, [19])
(105064, [19])
(105065, [19, 23, 26])
(105066, [2, 5, 15, 19, 23])
(105067, [19])
(105068, [19])
(105069, [19])
(105070, [19])
(105071, [19])
(105072, [19])
(105073, [3, 19, 39])
(105074, [4, 19])
(105075, [19])
(105076, [19])
(105077, [19, 40])
(105078, [19])
(105079, [19, 30])
(105080, [2, 19, 21, 22])
(105081, [19])
(105082, [8, 19, 21, 23])
(105083, [19])
(105084, [19])
(105085, [19])
(105086, [19, 30])
(105087, [5, 12, 19, 23, 30, 31])
(105088, [26])
(105089, [23, 26])
(105090, [26])
(105091, [26])
(105092, [26])
(105093, [26])
(105094, [13, 26, 41])
(105095, [21, 26, 41])
(105096, [26, 41])
(105097, [23, 26, 31, 43])
(105098, [3, 26])
(105099, [2, 3, 26])
(105100, [26])
(105101, [26, 41])
(105102, [24, 26])
(105103, [26])
(105104, [26])
(105105, [26])
(105106, [8])
(105107, [2, 8])
(105108, [8, 23])
(105109, [8, 23])
(105110, [8, 23, 40])
(105111, [8])
(105112, [8])
(105113, [8])
(105114, [8])
(105115, [8])
(105116, [8, 37])
(105117, [8])
(105118, [8, 30])
(105119, [8])
(105120, [8, 21])
(105121, [8])
(105122, [5, 8, 12])
(105123, [8, 41])
(105124, [21])
(105125, [21])
(105126, [12, 21])
(105127, [21])
(105128, [21])
(105129, [21])
(105130, [21])
(105131, [21])
(105132, [21])
(105133, [21])
(105134, [21])
(105135, [21])
(105136, [21])
(105137, [21, 39])
(105138, [21])
(105139, [21])
(105140, [21])
(105141, [2, 21])
(105142, [21, 36])
(105143, [21])
(105144, [21, 41, 43])
(105145, [21])
(105146, [21])
(105147, [21])
(105148, [21])
(105149, [21])
(105150, [21])
(105151, [21])
(105152, [21])
(105153, [21])
(105154, [21])
(105155, [21])
(105156, [21])
(105157, [21])
(105158, [21])
(105159, [21])
(105160, [21])
(105161, [3, 21])
(105162, [21])
(105163, [21])
(105164, [21])
(105165, [4, 21])
(105166, [21])
(105167, [3, 21])
(105168, [21])
(105169, [21])
(105170, [21])
(105171, [21])
(105172, [2, 24, 44])
(105173, [43, 44])
(105174, [44])
(105175, [41, 44])
(105176, [44])
(105177, [2, 44])
(105178, [44])
(105179, [44])
(105180, [44])
(105181, [12, 44])
(105182, [44])
(105183, [43])
(105184, [43])
(105185, [43])
(105186, [4, 43])
(105187, [43])
(105188, [43])
(105189, [13, 14, 43])
(105190, [43])
(105191, [43])
(105192, [43])
(105193, [4, 23, 30, 39, 43])
(105194, [43])
(105195, [43])
(105196, [43])
(105197, [43])
(105198, [43])
(105199, [43])
(105200, [22, 23, 43])
(105201, [43])
(105202, [36])
(105203, [36])
(105204, [36])
(105205, [36])
(105206, [36])
(105207, [36])
(105208, [36])
(105209, [36])
(105210, [36])
(105211, [36])
(105212, [36])
(105213, [36])
(105214, [36])
(105215, [36])
(105216, [36])
(105217, [36])
(105218, [36])
(105219, [31])
(105220, [31])
(105221, [31])
(105222, [31])
(105223, [12, 31, 39])
(105224, [12, 31])
(105225, [31])
(105226, [31])
(105227, [31])
(105228, [3, 23, 31])
(105229, [31])
(105230, [31])
(105231, [31])
(105232, [12, 31])
(105233, [3, 31])
(105234, [31])
(105235, [31])
(105236, [31])
(105237, [30])
(105238, [30])
(105239, [23, 30])
(105240, [30])
(105241, [4, 30])
(105242, [37])
(105243, [37])
(105244, [37])
(105245, [37])
(105246, [39])
(105247, [39])
(105248, [39])
(105249, [39])
(105250, [39])
(105251, [39])
(105252, [39])
(105253, [22, 39])
(105254, [39])
(105255, [39])
(105256, [39])
(105257, [2, 14, 41])
(105258, [41])
(105259, [41])
(105260, [41])
(105261, [2, 41])
(105262, [41])
(105263, [41])
(105264, [41])
(105265, [13, 41])
(105266, [41])
(105267, [41])
(105268, [41])
(105269, [24])
(105270, [24])
(105271, [24])
(105272, [24])
(105273, [24])
(105274, [2, 24])
(105275, [24])
(105276, [24])
(105277, [24])
(105278, [23])
(105279, [23])
(105280, [23])
(105281, [23])
(105282, [23])
(105283, [23])
(105284, [23])
(105285, [23])
(105286, [23])
(105287, [23])
(105288, [23])
(105289, [23])
(105290, [23])
(105291, [23])
(105292, [15, 23])
(105293, [23])
(105294, [23])
(105295, [23])
(105296, [23])
(105297, [23])
(105298, [23])
(105299, [23])
(105300, [23])
(105301, [23])
(105302, [23])
(105303, [23])
(105304, [23])
(105305, [23])
(105306, [23])
(105307, [23])
(105308, [23])
(105309, [23])
(105310, [23])
(105311, [23])
(105312, [23])
(105313, [23])
(105314, [23])
(105315, [23])
(105316, [23])
(105317, [23])
(105318, [23])
(105319, [23])
(105320, [23])
(105321, [23])
(105322, [23])
(105323, [23])
(105324, [23])
(105325, [23])
(105326, [23])
(105327, [23])
(105328, [23])
(105329, [23])
(105330, [23])
(105331, [23])
(105332, [23])
(105333, [4])
(105334, [4])
(105335, [4])
(105336, [4])
(105337, [4])
(105338, [4])
(105339, [4])
(105340, [4])
(105341, [4])
(105342, [4])
(105343, [4])
(105344, [4])
(105345, [4])
(105346, [4])
(105347, [2, 4, 22])
(105348, [4])
(105349, [4])
(105350, [4])
(105351, [4])
(105352, [4])
(105353, [4])
(105354, [15])
(105355, [15])
(105356, [14, 15])
(105357, [15])
(105358, [15])
(105359, [15])
(105360, [15])
(105361, [15])
(105362, [3, 15])
(105363, [15])
(105364, [15])
(105365, [3])
(105366, [3])
(105367, [3])
(105368, [3])
(105369, [3])
(105370, [3])
(105371, [3])
(105372, [3])
(105373, [3, 12])
(105374, [3])
(105375, [3])
(105376, [3])
(105377, [3])
(105378, [3])
(105379, [3])
(105380, [3])
(105381, [3])
(105382, [3])
(105383, [3])
(105384, [3])
(105385, [3])
(105386, [3])
(105387, [3])
(105388, [3])
(105389, [3])
(105390, [3])
(105391, [3])
(105392, [3])
(105393, [12])
(105394, [12])
(105395, [12])
(105396, [12])
(105397, [12])
(105398, [12])
(105399, [12])
(105400, [12])
(105401, [12])
(105402, [12])
(105403, [12])
(105404, [12])
(105405, [12])
(105406, [12])
(105407, [12])
(105408, [12])
(105409, [12])
(105410, [12])
(105411, [12])
(105412, [12])
(105413, [12])
(105414, [12])
(105415, [12])
(105416, [12])
(105417, [12])
(105418, [12])
(105419, [12])
(105420, [12])
(105421, [12])
(105422, [12])
(105423, [12])
(105424, [12])
(105425, [12])
(105426, [12])
(105427, [12])
(105428, [12])
(105429, [12])
(105430, [12])
(105431, [12])
(105432, [12])
(105433, [12])
(105434, [12])
(105435, [12])
(105436, [12])
(105437, [12])
(105438, [12])
(105439, [12])
(105440, [12])
(105441, [12])
(105442, [12])
(105443, [12])
(105444, [12])
(105445, [12])
(105446, [12])
(105447, [12])
(105448, [12])
(105449, [12])
(105450, [12])
(105451, [12])
(105452, [12])
(105453, [12])
(105454, [12])
(105455, [12])
(105456, [12])
(105457, [12])
(105458, [40])
(105459, [40])
(105460, [40])
(105461, [40])
(105462, [40])
(105463, [2])
(105464, [2])
(105465, [2])
(105466, [2])
(105467, [2])
(105468, [2])
(105469, [2])
(105470, [2])
(105471, [2])
(105472, [2])
(105473, [2])
(105474, [2])
(105475, [2, 13])
(105476, [2])
(105477, [2])
(105478, [2])
(105479, [2])
(105480, [2])
(105481, [2])
(105482, [2])
(105483, [2])
(105484, [2])
(105485, [2])
(105486, [2])
(105487, [2])
(105488, [2])
(105489, [2])
(105490, [2])
(105491, [2])
(105492, [2])
(105493, [2])
(105494, [2])
(105495, [2])
(105496, [2])
(105497, [2])
(105498, [2])
(105499, [2])
(105500, [2])
(105501, [2])
(105502, [2])
(105503, [2])
(105504, [2])
(105505, [2])
(105506, [2])
(105507, [2])
(105508, [2])
(105509, [2])
(105510, [2])
(105511, [2])
(105512, [2])
(105513, [2])
(105514, [2])
(105515, [2])
(105516, [2])
(105517, [2])
(105518, [2])
(105519, [2])
(105520, [2])
(105521, [2])
(105522, [2])
(105523, [2])
(105524, [2])
(105525, [2])
(105526, [2])
(105527, [2])
(105528, [2])
(105529, [2])
(105530, [2])
(105531, [2])
(105532, [2])
(105533, [2])
(105534, [2])
(105535, [2])
(105536, [2])
(105537, [2])
(105538, [2])
(105539, [2])
(105540, [2])
(105541, [2])
(105542, [2])
(105543, [2])
(105544, [2])
(105545, [2])
(105546, [2])
(105547, [2])
(105548, [2])
(105549, [13])
(105550, [13])
(105551, [13])
(105552, [13])
(105553, [5])
(105554, [5])
(105555, [5])
(105556, [5])
(105557, [5])
(105558, [5])
(105559, [5])
(105560, [5])
(105561, [5])
(105562, [5])
(105563, [5])
(105564, [5])
(105565, [5])
(105566, [14])
(105567, [14])
(105568, [14])
(105569, [14])
(105570, [14])
(105571, [14])
(105572, [14])
(105573, [14])
(105574, [14])
(105575, [14])
(105576, [14])
(105577, [14])
(105578, [14])
(105579, [14])
(105580, [14])
(105581, [14])
(105582, [14])
(105583, [14])
(105584, [14])
(105585, [14])
(105586, [14])
(105587, [22])
(105588, [22])
(105589, [22])
(105590, [22])
(105591, [22])
(105592, [22])
(105593, [22])
