(54776, [0, 2, 30, 31, 32, 33, 34])
(54777, [1, 2, 3, 4, 5, 6, 7, 8, 9, 11, 12, 14, 15, 16, 17, 18, 19, 20, 21, 22, 23, 24, 25, 26, 29, 30, 31, 32, 33, 34, 35, 36, 37, 38, 39, 40, 41, 42, 43, 44])
(54778, [0, 1, 2, 3, 4, 5, 6, 7, 8, 9, 10, 11, 12, 13, 14, 15, 16, 17, 18, 19, 20, 21, 22, 23, 24, 25, 26, 27, 28, 29, 30, 31, 32, 33, 34, 35, 36, 37, 38, 39, 40, 41, 42, 43, 44])
(54779, [0, 1, 2, 3, 4, 5, 6, 7, 8, 9, 10, 11, 12, 13, 14, 15, 16, 17, 18, 19, 20, 21, 22, 23, 24, 25, 26, 27, 28, 29, 30, 31, 32, 33, 34, 35, 36, 37, 38, 39, 40, 41, 42, 43, 44])
(54780, [0, 1, 2, 3, 4, 5, 6, 7, 8, 9, 11, 12, 13, 15, 16, 17, 18, 19, 20, 21, 22, 23, 24, 26, 27, 29, 30, 31, 32, 33, 34, 35, 36, 37, 38, 39, 40, 41, 42, 43])
(54781, [0, 1, 2, 3, 4, 5, 6, 7, 8, 9, 10, 11, 12, 13, 14, 15, 16, 17, 18, 19, 20, 21, 22, 23, 24, 25, 26, 27, 28, 29, 30, 31, 32, 33, 34, 35, 36, 37, 38, 39, 40, 41, 42, 43, 44])
(54782, [0, 1, 2, 3, 4, 5, 6, 7, 8, 9, 10, 11, 12, 13, 14, 15, 16, 17, 18, 19, 20, 21, 22, 23, 24, 25, 26, 27, 28, 29, 30, 31, 32, 33, 34, 35, 36, 37, 38, 39, 40, 41, 42, 43, 44])
(54783, [8, 17, 18, 32])
(54784, [0, 1, 2, 3, 4, 5, 6, 7, 8, 9, 10, 11, 12, 13, 14, 15, 16, 17, 18, 19, 20, 21, 22, 23, 24, 25, 26, 27, 28, 29, 30, 31, 32, 33, 34, 35, 36, 37, 38, 39, 40, 41, 42, 43, 44])
(54785, [0, 2, 4, 14, 15, 23, 25, 26, 30, 32, 39, 41])
(54786, [0, 1, 2, 3, 4, 6, 7, 8, 9, 10, 11, 12, 13, 14, 15, 16, 17, 18, 19, 20, 21, 22, 23, 24, 25, 26, 27, 28, 29, 30, 31, 32, 33, 34, 35, 36, 39, 40, 41, 42, 43, 44])
(54787, [0, 2, 7, 9, 12, 32, 43])
(54788, [0, 1, 2, 3, 4, 6, 8, 9, 11, 12, 13, 14, 15, 16, 17, 18, 19, 20, 21, 22, 23, 24, 26, 28, 30, 31, 32, 33, 34, 35, 37, 40, 41, 43, 44])
(54789, [0, 1, 2, 3, 4, 5, 6, 7, 8, 9, 10, 11, 12, 13, 14, 15, 16, 17, 18, 19, 20, 21, 22, 23, 24, 25, 26, 27, 28, 29, 30, 31, 32, 33, 34, 35, 37, 38, 39, 40, 41, 42, 43, 44])
(54790, [0, 1, 2, 3, 4, 7, 9, 11, 12, 13, 15, 16, 17, 18, 19, 20, 21, 23, 26, 30, 31, 32, 33, 34, 36, 42, 44])
(54791, [0, 1, 2, 3, 4, 5, 6, 7, 8, 9, 10, 11, 12, 13, 14, 15, 16, 17, 18, 19, 20, 21, 22, 23, 24, 25, 26, 27, 28, 29, 30, 31, 32, 33, 34, 35, 36, 37, 38, 39, 40, 41, 42, 43, 44])
(54792, [0, 1, 2, 3, 6, 9, 11, 12, 14, 15, 17, 18, 19, 24, 25, 27, 28, 29, 30, 31, 32, 33, 34, 36, 40, 43, 44])
(54793, [0, 1, 2, 3, 4, 6, 8, 9, 10, 11, 12, 13, 14, 15, 16, 17, 18, 19, 21, 22, 23, 24, 25, 26, 27, 29, 30, 31, 32, 33, 34, 35, 38, 39, 41, 42, 43, 44])
(54794, [0, 2, 4, 6, 8, 9, 11, 12, 13, 15, 16, 17, 18, 19, 21, 22, 23, 24, 26, 30, 31, 32, 34, 38, 40, 41, 42, 43, 44])
(54795, [0, 1, 2, 3, 4, 5, 6, 7, 8, 9, 11, 12, 13, 15, 16, 17, 18, 19, 20, 21, 22, 23, 24, 26, 30, 31, 32, 33, 34, 35, 36, 40, 41, 43, 44])
(54796, [0, 2, 3, 4, 7, 11, 12, 14, 22, 26, 30, 32, 36, 43, 44])
(54797, [0, 1, 2, 3, 4, 6, 7, 9, 10, 11, 12, 13, 14, 15, 17, 18, 23, 24, 26, 30, 31, 32, 33, 36, 40, 41, 42, 43, 44])
(54798, [1, 2, 3, 4, 5, 6, 7, 8, 9, 10, 11, 12, 13, 14, 15, 16, 17, 19, 20, 21, 23, 24, 25, 26, 27, 28, 30, 31, 32, 33, 35, 36, 39, 40, 41, 42, 43, 44])
(54799, [1, 3, 4, 9, 12, 16, 19, 24, 31, 32, 42, 44])
(54800, [0, 1, 2, 3, 4, 5, 6, 7, 8, 9, 10, 11, 12, 13, 14, 15, 16, 17, 18, 19, 20, 21, 22, 23, 24, 25, 26, 27, 28, 29, 30, 31, 32, 33, 34, 35, 36, 37, 38, 39, 40, 41, 42, 43, 44])
(54801, [0, 1, 2, 3, 4, 5, 6, 7, 8, 9, 10, 11, 12, 13, 14, 15, 16, 17, 18, 19, 20, 21, 22, 23, 24, 26, 27, 28, 30, 31, 32, 33, 34, 35, 36, 37, 39, 40, 41, 42, 43, 44])
(54802, [1, 3, 7, 8, 9, 13, 14, 19, 20, 21, 22, 23, 26, 31, 32, 33, 34, 36, 41, 42, 43, 44])
(54803, [0, 1, 2, 3, 4, 6, 7, 8, 9, 10, 11, 12, 13, 14, 15, 16, 17, 18, 19, 20, 21, 23, 24, 25, 26, 27, 28, 29, 30, 31, 32, 33, 34, 36, 37, 38, 40, 41, 42, 43, 44])
(54804, [0, 1, 2, 3, 4, 6, 7, 9, 10, 11, 12, 13, 14, 15, 16, 17, 18, 19, 20, 21, 23, 24, 25, 26, 28, 30, 31, 32, 33, 34, 36, 39, 40, 41, 42, 43, 44])
(54805, [0, 1, 2, 3, 4, 6, 8, 9, 11, 15, 18, 19, 21, 22, 23, 26, 30, 31, 32, 33, 34, 35, 38, 40, 44])
(54806, [0, 2, 4, 5, 11, 13, 17, 18, 19, 23, 24, 26, 30, 32])
(54807, [11, 26, 31, 32, 41])
(54808, [2, 4, 15, 32])
(54809, [0, 1, 2, 3, 4, 6, 9, 10, 11, 12, 14, 15, 16, 17, 18, 19, 20, 24, 25, 26, 27, 28, 30, 31, 32, 33, 34, 40, 41, 43, 44])
(54810, [32, 33])
(54811, [0, 1, 2, 3, 4, 9, 11, 12, 14, 15, 17, 19, 24, 26, 28, 30, 31, 32, 33, 40, 41, 43, 44])
(54812, [1, 2, 3, 4, 6, 7, 9, 10, 11, 12, 13, 14, 15, 16, 17, 19, 20, 21, 22, 23, 24, 25, 26, 27, 29, 30, 31, 32, 33, 34, 35, 36, 39, 40, 41, 42, 43, 44])
(54813, [0, 4, 6, 11, 12, 16, 18, 19, 24, 30, 31, 32, 33, 39, 41])
(54814, [15, 21, 30, 32, 41])
(54815, [0, 1, 2, 3, 4, 5, 6, 9, 11, 12, 14, 15, 16, 17, 18, 19, 20, 21, 22, 23, 26, 30, 31, 32, 33, 34, 38, 40, 41, 42, 43, 44])
(54816, [2, 4, 15, 24, 32, 44])
(54817, [0, 2, 3, 7, 11, 12, 15, 24, 26, 28, 30, 31, 32, 33, 34, 35, 41, 43])
(54818, [0, 1, 2, 6, 9, 14, 15, 18, 23, 31, 32, 33, 34, 40, 43])
(54819, [2, 32])
(54820, [0, 1, 2, 3, 4, 9, 12, 18, 19, 24, 26, 31, 32, 34, 40, 43])
(54821, [0, 1, 3, 7, 9, 10, 12, 15, 17, 19, 20, 24, 26, 30, 31, 32, 34, 41, 43, 44])
(54822, [0, 1, 2, 3, 4, 5, 6, 7, 8, 9, 11, 12, 13, 14, 15, 16, 17, 18, 19, 20, 21, 22, 23, 24, 26, 30, 31, 32, 33, 34, 35, 36, 37, 39, 40, 41, 43, 44])
(54823, [1, 3, 4, 6, 7, 8, 9, 11, 12, 15, 16, 18, 19, 22, 23, 27, 29, 30, 31, 32, 33, 39, 41, 43, 44])
(54824, [0, 1, 3, 4, 7, 9, 11, 15, 16, 17, 20, 21, 26, 32, 33, 43])
(54825, [0, 2, 3, 4, 12, 18, 20, 21, 28, 32, 34])
(54826, [0, 1, 2, 3, 6, 9, 11, 13, 18, 19, 26, 30, 31, 32, 33, 34, 41, 42, 43, 44])
(54827, [0, 2, 12, 14, 17, 19, 32, 33])
(54828, [32])
(54829, [1, 2, 3, 6, 7, 9, 12, 15, 17, 19, 24, 27, 28, 30, 31, 32, 33, 34, 35, 39, 41, 43, 44])
(54830, [0, 2, 6, 7, 11, 12, 18, 20, 23, 28, 32, 33, 34, 36, 37, 41, 44])
(54831, [1, 3, 4, 6, 9, 11, 15, 18, 21, 22, 23, 24, 29, 30, 31, 32, 33, 34, 35, 36, 38, 40, 43, 44])
(54832, [1, 2, 3, 4, 6, 8, 9, 11, 12, 16, 17, 18, 19, 21, 22, 23, 27, 29, 30, 31, 32, 33, 34, 36, 37, 39, 40, 41, 43, 44])
(54833, [1, 3, 8, 12, 18, 19, 21, 22, 23, 32, 33, 35, 37, 43])
(54834, [0, 1, 2, 3, 4, 5, 8, 9, 11, 12, 13, 14, 16, 17, 18, 20, 22, 23, 26, 27, 28, 29, 32, 33, 34, 37, 40, 41, 42, 43, 44])
(54835, [0, 1, 2, 3, 4, 6, 7, 8, 9, 11, 12, 15, 17, 18, 19, 22, 23, 26, 27, 28, 31, 32, 33, 34, 35, 36, 41, 43])
(54836, [1, 3, 4, 6, 9, 12, 14, 15, 18, 19, 22, 23, 24, 30, 32])
(54837, [0, 1, 2, 6, 9, 15, 19, 20, 23, 26, 32, 35, 43, 44])
(54838, [1, 2, 6, 9, 12, 14, 15, 23, 24, 30, 32, 35, 41, 42, 43, 44])
(54839, [0, 1, 2, 3, 4, 6, 7, 9, 10, 11, 12, 13, 16, 17, 18, 19, 20, 21, 22, 23, 24, 26, 28, 30, 31, 32, 33, 34, 35, 37, 38, 40, 43, 44])
(54840, [0, 1, 2, 6, 9, 12, 14, 15, 18, 20, 23, 27, 32, 41])
(54841, [2, 6, 12, 18, 23, 27, 31, 32])
(54842, [0, 3, 8, 9, 13, 16, 22, 25, 26, 27, 30, 31, 32, 33, 41])
(54843, [0, 1, 2, 3, 4, 5, 6, 7, 8, 9, 11, 12, 13, 15, 16, 17, 18, 19, 20, 21, 22, 23, 24, 26, 27, 30, 31, 32, 33, 35, 37, 38, 39, 40, 41, 42, 43, 44])
(54844, [0, 1, 2, 3, 4, 6, 9, 11, 12, 15, 19, 21, 22, 23, 24, 26, 30, 31, 32, 34, 37, 41, 43, 44])
(54845, [1, 2, 3, 8, 9, 15, 17, 18, 19, 21, 23, 24, 26, 29, 30, 31, 32, 33, 34, 43])
(54846, [3, 6, 9, 15, 18, 19, 22, 30, 32, 33, 38, 44])
(54847, [32])
(54848, [0, 1, 2, 3, 11, 12, 13, 14, 16, 19, 26, 28, 30, 31, 32, 42, 43, 44])
(54849, [3, 6, 9, 19, 23, 26, 30, 31, 32, 35, 43, 44])
(54850, [6, 8, 11, 17, 18, 19, 32, 41, 44])
(54851, [0, 2, 3, 9, 11, 12, 15, 18, 19, 20, 22, 26, 31, 32, 33, 39])
(54852, [1, 2, 3, 6, 9, 12, 15, 16, 17, 19, 24, 28, 32, 43, 44])
(54853, [32])
(54854, [1, 2, 4, 13, 14, 15, 17, 19, 21, 32, 40, 41, 43])
(54855, [0, 1, 2, 3, 8, 9, 12, 15, 17, 18, 22, 23, 31, 32, 33, 35, 37])
(54856, [0, 3, 11, 12, 32, 44])
(54857, [0, 1, 2, 3, 4, 6, 7, 9, 10, 11, 12, 14, 15, 16, 17, 18, 19, 21, 24, 30, 31, 32, 33, 34, 36, 40, 41, 42, 43, 44])
(54858, [0, 1, 2, 7, 9, 12, 13, 15, 17, 18, 19, 21, 24, 26, 29, 31, 32, 33, 34, 36, 39, 41, 42, 43])
(54859, [32])
(54860, [8, 32])
(54861, [0, 1, 2, 3, 4, 7, 9, 11, 12, 13, 14, 15, 16, 17, 18, 19, 20, 21, 22, 23, 24, 25, 26, 28, 30, 31, 32, 33, 34, 38, 39, 41, 42, 43, 44])
(54862, [2, 3, 6, 11, 32, 34, 44])
(54863, [1, 3, 8, 13, 18, 19, 29, 30, 31, 32, 33, 34])
(54864, [0, 1, 3, 11, 15, 18, 20, 32, 34, 40, 42])
(54865, [1, 2, 3, 6, 11, 19, 21, 26, 30, 31, 32, 36, 39, 44])
(54866, [0, 1, 2, 5, 9, 10, 11, 12, 15, 16, 18, 23, 24, 26, 27, 28, 32, 40, 42, 43])
(54867, [1, 3, 18, 30, 31, 32, 34, 36, 41])
(54868, [0, 1, 2, 3, 4, 6, 7, 8, 9, 10, 11, 12, 14, 15, 16, 17, 18, 19, 21, 22, 23, 26, 27, 29, 30, 31, 32, 33, 34, 35, 38, 39, 40, 41, 42, 43, 44])
(54869, [0, 1, 2, 3, 4, 5, 6, 7, 8, 9, 10, 11, 12, 13, 14, 15, 16, 17, 18, 19, 20, 21, 22, 23, 24, 25, 26, 27, 28, 29, 30, 31, 32, 33, 34, 35, 36, 37, 38, 39, 40, 41, 42, 43, 44])
(54870, [9, 30, 32])
(54871, [3, 4, 6, 9, 12, 13, 15, 16, 23, 24, 26, 30, 32, 34, 41, 43])
(54872, [2, 3, 6, 15, 18, 19, 24, 26, 31, 32, 33, 34, 38])
(54873, [1, 2, 3, 12, 15, 31, 32, 34, 39, 42])
(54874, [2, 3, 17, 32, 34, 40, 44])
(54875, [32])
(54876, [0, 1, 2, 3, 4, 6, 9, 11, 12, 14, 15, 16, 17, 18, 19, 21, 24, 26, 27, 28, 30, 31, 32, 33, 34, 35, 36, 41, 43, 44])
(54877, [32])
(54878, [1, 2, 3, 12, 13, 17, 28, 32, 33, 34])
(54879, [1, 6, 32])
(54880, [0, 1, 2, 3, 4, 6, 7, 9, 11, 12, 13, 14, 15, 16, 18, 19, 20, 22, 23, 24, 26, 27, 29, 32, 33, 34, 35, 37, 38, 40, 41, 42, 43, 44])
(54881, [2, 4, 11, 14, 15, 17, 19, 25, 26, 28, 31, 32, 33, 34, 36, 39, 40, 41, 44])
(54882, [0, 1, 2, 3, 6, 7, 11, 12, 16, 17, 20, 26, 32, 33, 34, 36, 42, 43, 44])
(54883, [2, 3, 7, 11, 19, 24, 27, 30, 32, 33])
(54884, [35])
(54885, [35, 37])
(54886, [35])
(54887, [35])
(54888, [11, 15, 23, 35, 43])
(54889, [11, 35, 44])
(54890, [35])
(54891, [1, 2, 3, 4, 5, 6, 7, 8, 11, 12, 13, 15, 17, 18, 19, 21, 22, 23, 24, 26, 30, 31, 33, 34, 35, 39, 40, 41, 43, 44])
(54892, [1, 2, 3, 9, 11, 12, 16, 18, 19, 20, 21, 33, 35, 39, 41])
(54893, [35])
(54894, [35])
(54895, [35])
(54896, [35])
(54897, [10, 35])
(54898, [0, 1, 2, 3, 4, 7, 8, 9, 10, 11, 12, 13, 14, 15, 16, 17, 18, 19, 20, 21, 22, 23, 25, 26, 30, 31, 33, 34, 35, 36, 39, 40, 42, 43])
(54899, [35])
(54900, [1, 2, 3, 5, 8, 12, 15, 19, 23, 31, 35, 36, 37, 43])
(54901, [35])
(54902, [35])
(54903, [0, 1, 2, 3, 4, 6, 7, 9, 11, 12, 14, 15, 18, 19, 20, 21, 22, 23, 25, 27, 30, 31, 34, 35, 39, 40, 41, 42, 44])
(54904, [1, 2, 3, 6, 9, 11, 14, 15, 17, 19, 24, 26, 30, 34, 35, 40, 41, 43, 44])
(54905, [35])
(54906, [0, 1, 2, 3, 6, 9, 15, 16, 19, 21, 22, 23, 29, 35, 38, 43, 44])
(54907, [1, 2, 3, 4, 7, 11, 12, 18, 19, 22, 31, 35, 36, 40, 42, 43])
(54908, [3, 8, 35])
(54909, [35, 37, 39])
(54910, [35])
(54911, [0, 1, 3, 9, 11, 14, 16, 18, 19, 21, 35, 44])
(54912, [35])
(54913, [1, 3, 5, 6, 8, 9, 12, 18, 22, 23, 24, 30, 33, 35, 37])
(54914, [35])
(54915, [35])
(54916, [0, 1, 3, 6, 12, 13, 15, 16, 18, 19, 26, 28, 34, 35, 43])
(54917, [18, 23, 35])
(54918, [15, 18, 19, 23, 35])
(54919, [1, 7, 9, 11, 14, 15, 17, 19, 33, 35, 41, 44])
(54920, [35])
(54921, [8, 23, 35])
(54922, [1, 4, 19, 21, 35])
(54923, [35])
(54924, [1, 2, 3, 4, 5, 6, 8, 9, 11, 13, 15, 17, 18, 19, 21, 23, 25, 29, 30, 33, 34, 35, 36, 37, 40, 41, 43, 44])
(54925, [34])
(54926, [30, 34])
(54927, [2, 4, 15, 23, 26, 34])
(54928, [0, 1, 4, 8, 9, 10, 11, 12, 16, 23, 34, 36])
(54929, [1, 7, 9, 11, 12, 31, 33, 34])
(54930, [0, 1, 2, 3, 9, 10, 12, 14, 16, 18, 34, 42])
(54931, [34])
(54932, [0, 1, 2, 3, 7, 9, 10, 11, 12, 15, 16, 17, 19, 20, 21, 22, 26, 30, 34, 41, 42, 44])
(54933, [1, 3, 6, 11, 12, 17, 18, 19, 20, 21, 23, 24, 26, 30, 31, 33, 34, 44])
(54934, [2, 4, 9, 11, 15, 17, 26, 30, 31, 33, 34, 40, 41])
(54935, [2, 4, 6, 11, 13, 14, 15, 17, 19, 25, 26, 30, 33, 34, 40, 44])
(54936, [1, 3, 11, 34, 41])
(54937, [34])
(54938, [0, 1, 2, 3, 4, 6, 7, 9, 11, 12, 17, 19, 20, 24, 25, 26, 31, 34, 36, 37, 40, 44])
(54939, [34, 43, 44])
(54940, [3, 30, 34])
(54941, [1, 3, 8, 9, 17, 18, 20, 21, 34])
(54942, [1, 2, 3, 4, 7, 9, 11, 12, 13, 14, 15, 16, 17, 18, 20, 21, 23, 26, 28, 30, 31, 33, 34, 40, 42, 44])
(54943, [0, 2, 11, 23, 24, 26, 27, 34])
(54944, [34])
(54945, [0, 34])
(54946, [5, 7, 8, 18, 19, 21, 34])
(54947, [34])
(54948, [34])
(54949, [34])
(54950, [34])
(54951, [0, 1, 2, 3, 4, 5, 7, 8, 11, 12, 17, 18, 19, 20, 21, 22, 23, 24, 26, 29, 30, 33, 34, 39, 42, 43, 44])
(54952, [1, 2, 4, 11, 13, 15, 17, 19, 22, 24, 28, 30, 31, 33, 34, 36, 39, 40])
(54953, [2, 14, 20, 21, 23, 34, 44])
(54954, [0, 17, 34])
(54955, [34])
(54956, [0, 12, 34])
(54957, [34])
(54958, [6, 8, 30, 34])
(54959, [23, 24, 31, 34])
(54960, [1, 2, 3, 15, 16, 18, 20, 24, 26, 34, 43])
(54961, [34])
(54962, [34])
(54963, [31, 34, 43])
(54964, [34])
(54965, [0, 1, 2, 3, 9, 10, 11, 14, 19, 22, 30, 34, 36, 44])
(54966, [34])
(54967, [0, 2, 3, 7, 9, 11, 12, 13, 14, 15, 24, 26, 31, 34, 36, 40, 42, 43, 44])
(54968, [2, 5, 11, 12, 13, 16, 17, 19, 23, 24, 28, 31, 34, 36, 40, 41, 43])
(54969, [1, 2, 3, 4, 7, 9, 11, 17, 19, 24, 26, 31, 34, 39, 40, 41, 44])
(54970, [34])
(54971, [0, 34])
(54972, [3, 7, 9, 34])
(54973, [34, 41])
(54974, [2, 3, 5, 9, 15, 18, 34, 43])
(54975, [3, 19, 26, 31, 34, 41])
(54976, [1, 3, 7, 20, 34])
(54977, [1, 19, 24, 34])
(54978, [1, 2, 6, 9, 11, 13, 15, 16, 19, 21, 22, 23, 24, 33, 34, 41, 43])
(54979, [1, 3, 12, 30, 34, 36])
(54980, [34])
(54981, [20, 34])
(54982, [23, 30, 31, 33, 34])
(54983, [0, 1, 2, 3, 4, 8, 9, 11, 12, 15, 21, 22, 23, 30, 34, 36, 37])
(54984, [15, 34])
(54985, [34])
(54986, [0, 1, 2, 3, 6, 7, 9, 12, 14, 16, 18, 19, 20, 25, 26, 28, 31, 33, 34, 36, 40, 41, 44])
(54987, [34])
(54988, [15, 30, 34])
(54989, [34])
(54990, [34])
(54991, [0, 12, 34])
(54992, [0, 1, 2, 3, 7, 9, 10, 12, 15, 16, 17, 19, 20, 22, 23, 33, 34, 38, 42, 44])
(54993, [1, 2, 3, 4, 16, 18, 20, 31, 34, 40, 44])
(54994, [19, 23, 34])
(54995, [34])
(54996, [34])
(54997, [34])
(54998, [2, 26, 34, 41, 44])
(54999, [3, 11, 17, 27, 34, 40])
(55000, [1, 2, 9, 11, 15, 30, 33, 34, 41])
(55001, [33])
(55002, [9, 18, 23, 33])
(55003, [33])
(55004, [33])
(55005, [33])
(55006, [33])
(55007, [11, 33])
(55008, [33])
(55009, [33])
(55010, [10, 19, 33])
(55011, [1, 2, 3, 10, 12, 14, 17, 18, 19, 22, 23, 24, 31, 33, 43])
(55012, [1, 15, 16, 30, 33, 40, 43])
(55013, [30, 31, 33])
(55014, [1, 2, 4, 6, 8, 12, 15, 18, 19, 21, 22, 26, 33, 40])
(55015, [1, 2, 3, 4, 14, 15, 17, 26, 28, 33, 41])
(55016, [2, 4, 7, 26, 33])
(55017, [11, 19, 33])
(55018, [26, 33])
(55019, [33])
(55020, [30, 33])
(55021, [33])
(55022, [1, 3, 18, 20, 23, 33, 42])
(55023, [2, 22, 33])
(55024, [2, 33])
(55025, [18, 33])
(55026, [3, 9, 26, 30, 31, 33, 41])
(55027, [33])
(55028, [0, 30, 33])
(55029, [4, 33])
(55030, [18, 19, 33, 43])
(55031, [3, 33])
(55032, [33])
(55033, [0, 3, 11, 12, 33])
(55034, [33])
(55035, [33])
(55036, [0, 1, 3, 4, 12, 22, 31, 33])
(55037, [33])
(55038, [1, 3, 16, 18, 30, 33])
(55039, [3, 13, 21, 31, 33, 43])
(55040, [17, 19, 23, 31, 33, 41, 43])
(55041, [3, 9, 12, 28, 33, 41])
(55042, [8, 18, 30, 33])
(55043, [33, 42])
(55044, [33])
(55045, [33])
(55046, [33, 39])
(55047, [2, 33])
(55048, [2, 9, 11, 12, 17, 19, 31, 33, 41])
(55049, [0, 1, 3, 4, 11, 20, 23])
(55050, [20])
(55051, [0, 3, 9, 11, 20, 31, 38, 44])
(55052, [20])
(55053, [20])
(55054, [1, 2, 15, 20, 31])
(55055, [7, 20])
(55056, [9, 12, 20, 43])
(55057, [0, 1, 2, 9, 10, 16, 20, 21, 31])
(55058, [1, 11, 17, 20])
(55059, [3, 7, 11, 15, 20, 44])
(55060, [3, 6, 20, 21])
(55061, [20])
(55062, [7, 20])
(55063, [0, 2, 3, 4, 16, 20, 26, 30, 44])
(55064, [20])
(55065, [20])
(55066, [1, 9, 11, 15, 20, 26, 43, 44])
(55067, [0, 1, 3, 18, 20, 21, 36, 41])
(55068, [0, 1, 2, 3, 4, 7, 11, 12, 13, 17, 19, 20, 39, 44])
(55069, [0, 10, 20])
(55070, [20])
(55071, [20])
(55072, [20])
(55073, [20, 21])
(55074, [4, 11, 14, 20, 31, 40])
(55075, [1, 2, 3, 4, 6, 8, 9, 11, 12, 13, 16, 17, 19, 20, 21, 22, 23, 26, 29, 30, 38, 39, 44])
(55076, [20])
(55077, [0, 2, 3, 4, 11, 13, 15, 17, 18, 20, 21, 23, 26, 30, 31, 36, 41, 43])
(55078, [18])
(55079, [18])
(55080, [0, 18, 21, 23])
(55081, [1, 8, 18, 23, 29])
(55082, [18])
(55083, [3, 18])
(55084, [18])
(55085, [18, 23])
(55086, [2, 3, 18, 30, 43])
(55087, [18])
(55088, [3, 18, 23])
(55089, [18])
(55090, [18])
(55091, [18, 43])
(55092, [18, 23])
(55093, [18])
(55094, [15, 18, 19])
(55095, [18])
(55096, [8, 13, 17, 18, 22, 23, 30, 31, 44])
(55097, [18])
(55098, [0, 18])
(55099, [0, 3, 18])
(55100, [18])
(55101, [18])
(55102, [3, 11, 18, 44])
(55103, [0, 2, 18])
(55104, [18])
(55105, [18])
(55106, [18])
(55107, [18])
(55108, [15, 18, 30])
(55109, [18])
(55110, [18])
(55111, [18])
(55112, [18])
(55113, [18])
(55114, [18])
(55115, [6, 18, 19, 40])
(55116, [18])
(55117, [0, 4, 6, 18])
(55118, [1, 3, 5, 18, 41, 43])
(55119, [18])
(55120, [0, 2, 3, 12, 18, 19, 41, 44])
(55121, [1, 8, 18, 21])
(55122, [18])
(55123, [18])
(55124, [18])
(55125, [18])
(55126, [15, 18])
(55127, [2, 3, 9, 13, 16, 18, 19, 23, 26, 30, 41, 43])
(55128, [18])
(55129, [18, 23])
(55130, [18, 44])
(55131, [18])
(55132, [4, 18])
(55133, [18])
(55134, [12, 18, 26, 31])
(55135, [18])
(55136, [6, 18, 31])
(55137, [18])
(55138, [18, 30])
(55139, [18])
(55140, [18])
(55141, [18])
(55142, [18])
(55143, [18, 23, 43])
(55144, [0, 18])
(55145, [18])
(55146, [2, 4, 9, 13, 15, 18, 19, 24, 41, 43])
(55147, [18])
(55148, [18])
(55149, [18])
(55150, [18])
(55151, [2, 6, 18])
(55152, [2, 18])
(55153, [18])
(55154, [18])
(55155, [18])
(55156, [18])
(55157, [18])
(55158, [18])
(55159, [1, 18, 19])
(55160, [18])
(55161, [18])
(55162, [18])
(55163, [8, 12, 18, 21, 23])
(55164, [2, 18])
(55165, [1, 3, 9, 11, 13, 15, 18, 26, 31, 41])
(55166, [18])
(55167, [18])
(55168, [18])
(55169, [3, 18])
(55170, [1, 3, 9, 11, 18, 23])
(55171, [0, 2, 3, 7, 12, 15, 18, 26, 31, 41])
(55172, [18])
(55173, [0, 1, 3, 7, 12, 13, 18, 21, 26, 30, 40])
(55174, [0, 2, 12, 18])
(55175, [18])
(55176, [18])
(55177, [18])
(55178, [0, 1, 2, 3, 4, 6, 9, 11, 12, 15, 16, 18, 22, 26, 39, 42, 43, 44])
(55179, [18])
(55180, [1, 3, 8, 11, 16, 17, 18, 19, 21, 22, 23, 44])
(55181, [18])
(55182, [18])
(55183, [0, 1, 2, 3, 12, 15, 27, 28, 40, 41])
(55184, [0, 1, 3, 12, 16, 21, 26, 27, 42])
(55185, [27])
(55186, [27])
(55187, [27])
(55188, [27])
(55189, [9])
(55190, [9])
(55191, [9])
(55192, [9])
(55193, [2, 9, 26])
(55194, [9])
(55195, [3, 9, 12])
(55196, [4, 9, 16, 43])
(55197, [1, 9])
(55198, [9])
(55199, [8, 9, 17, 31, 44])
(55200, [9])
(55201, [0, 1, 9, 12, 15, 16, 23, 24, 30, 31, 41])
(55202, [9])
(55203, [0, 3, 4, 9, 19, 23, 43])
(55204, [4, 9, 15, 24])
(55205, [0, 2, 9, 12, 43])
(55206, [9])
(55207, [6, 9, 12, 13, 24, 43])
(55208, [2, 9, 14, 17, 23, 41])
(55209, [2, 9, 14, 22, 30])
(55210, [2, 3, 9])
(55211, [9, 21])
(55212, [0, 3, 9, 42])
(55213, [9])
(55214, [9])
(55215, [9])
(55216, [9])
(55217, [6, 9, 23])
(55218, [9])
(55219, [1, 3, 9, 19, 22])
(55220, [6, 9, 31])
(55221, [9])
(55222, [0, 9, 12, 16, 23, 26, 30, 31, 38])
(55223, [9])
(55224, [9])
(55225, [1, 9])
(55226, [9])
(55227, [9, 28])
(55228, [9])
(55229, [9, 11, 41])
(55230, [9])
(55231, [2, 9])
(55232, [9])
(55233, [9])
(55234, [9])
(55235, [9])
(55236, [9])
(55237, [9])
(55238, [1, 3, 5, 9, 10, 12])
(55239, [9])
(55240, [1, 2, 3, 9, 16, 19, 21, 44])
(55241, [7, 9, 12, 16, 19, 26, 30, 31, 41])
(55242, [2, 9, 44])
(55243, [0])
(55244, [0, 12])
(55245, [0, 12])
(55246, [0, 12])
(55247, [0, 12])
(55248, [0, 12])
(55249, [0, 12])
(55250, [0])
(55251, [0])
(55252, [0])
(55253, [0, 2, 3, 6, 12])
(55254, [0])
(55255, [0])
(55256, [0])
(55257, [0])
(55258, [0])
(55259, [0, 12])
(55260, [0, 1, 8, 12, 21])
(55261, [0])
(55262, [0])
(55263, [0, 2])
(55264, [0, 11, 26])
(55265, [0])
(55266, [0])
(55267, [0])
(55268, [0])
(55269, [0, 1, 3, 7, 11, 12, 15, 19, 21, 22])
(55270, [0])
(55271, [0, 26])
(55272, [0])
(55273, [0])
(55274, [0])
(55275, [0])
(55276, [0])
(55277, [0])
(55278, [0])
(55279, [0])
(55280, [0])
(55281, [0])
(55282, [0])
(55283, [0])
(55284, [0])
(55285, [0])
(55286, [0])
(55287, [0])
(55288, [0])
(55289, [0])
(55290, [0])
(55291, [0])
(55292, [0])
(55293, [0])
(55294, [0])
(55295, [0])
(55296, [0])
(55297, [0])
(55298, [0])
(55299, [0])
(55300, [0])
(55301, [0, 2, 3, 7, 10, 11, 12, 16, 19, 21, 23])
(55302, [0])
(55303, [0])
(55304, [0])
(55305, [0])
(55306, [0])
(55307, [0])
(55308, [0])
(55309, [0])
(55310, [0])
(55311, [0])
(55312, [0])
(55313, [0])
(55314, [0, 1, 3, 11, 19, 44])
(55315, [0])
(55316, [0])
(55317, [0, 12, 31])
(55318, [0])
(55319, [0])
(55320, [0])
(55321, [0])
(55322, [0, 3, 21, 23, 28, 44])
(55323, [0, 12])
(55324, [0])
(55325, [0])
(55326, [0])
(55327, [0])
(55328, [0])
(55329, [0])
(55330, [0])
(55331, [0])
(55332, [0])
(55333, [0])
(55334, [0])
(55335, [0])
(55336, [0])
(55337, [0])
(55338, [0, 12])
(55339, [0])
(55340, [0])
(55341, [0])
(55342, [0, 12])
(55343, [0])
(55344, [0])
(55345, [0, 21])
(55346, [0])
(55347, [0, 4, 12])
(55348, [0])
(55349, [0])
(55350, [0])
(55351, [0])
(55352, [0, 1, 23, 30])
(55353, [0])
(55354, [0, 16])
(55355, [0])
(55356, [0])
(55357, [0])
(55358, [0])
(55359, [0])
(55360, [0])
(55361, [0])
(55362, [0])
(55363, [0])
(55364, [0, 2, 43])
(55365, [0, 17])
(55366, [0, 3])
(55367, [0])
(55368, [0])
(55369, [0, 26])
(55370, [0])
(55371, [0])
(55372, [0])
(55373, [0])
(55374, [0])
(55375, [0])
(55376, [0])
(55377, [0])
(55378, [0])
(55379, [0])
(55380, [0])
(55381, [0, 1, 3, 12])
(55382, [0])
(55383, [0])
(55384, [0])
(55385, [0])
(55386, [0, 7])
(55387, [0])
(55388, [0])
(55389, [0])
(55390, [0])
(55391, [0])
(55392, [0])
(55393, [0])
(55394, [0, 1])
(55395, [0])
(55396, [0])
(55397, [0])
(55398, [0])
(55399, [0])
(55400, [0])
(55401, [0])
(55402, [0])
(55403, [0])
(55404, [0, 10])
(55405, [0])
(55406, [0])
(55407, [0, 2, 12])
(55408, [0])
(55409, [0])
(55410, [0])
(55411, [0])
(55412, [0])
(55413, [0])
(55414, [0])
(55415, [0])
(55416, [0])
(55417, [0])
(55418, [0])
(55419, [0])
(55420, [0])
(55421, [0])
(55422, [0, 2, 12, 19, 24, 28, 41])
(55423, [0])
(55424, [0])
(55425, [0, 1, 3, 15, 30])
(55426, [0])
(55427, [0])
(55428, [0, 10, 12, 16])
(55429, [0, 3, 4])
(55430, [0])
(55431, [0])
(55432, [0])
(55433, [0])
(55434, [0])
(55435, [0])
(55436, [0])
(55437, [0])
(55438, [0])
(55439, [0, 5])
(55440, [0])
(55441, [0])
(55442, [0, 8])
(55443, [0])
(55444, [0])
(55445, [0])
(55446, [0])
(55447, [0])
(55448, [0])
(55449, [0])
(55450, [0, 1])
(55451, [0])
(55452, [0])
(55453, [0, 1, 3, 4, 5, 7, 23, 44])
(55454, [0])
(55455, [0])
(55456, [0])
(55457, [0])
(55458, [0])
(55459, [0])
(55460, [0])
(55461, [0])
(55462, [0])
(55463, [0])
(55464, [0])
(55465, [0])
(55466, [0])
(55467, [0, 1, 3, 12, 19, 36, 39, 40, 41, 44])
(55468, [0])
(55469, [0])
(55470, [0, 3, 13, 15, 26])
(55471, [0])
(55472, [0, 2])
(55473, [0])
(55474, [0])
(55475, [0])
(55476, [0])
(55477, [0])
(55478, [0, 6])
(55479, [0])
(55480, [0])
(55481, [0])
(55482, [0])
(55483, [0])
(55484, [0])
(55485, [0])
(55486, [0])
(55487, [0])
(55488, [0])
(55489, [0])
(55490, [0])
(55491, [0])
(55492, [0, 3])
(55493, [0, 22])
(55494, [0])
(55495, [0])
(55496, [0])
(55497, [0])
(55498, [0])
(55499, [0])
(55500, [0, 1, 2, 24, 36])
(55501, [0])
(55502, [0])
(55503, [0])
(55504, [0])
(55505, [0])
(55506, [0])
(55507, [0])
(55508, [0])
(55509, [0])
(55510, [0])
(55511, [0])
(55512, [0])
(55513, [0])
(55514, [0])
(55515, [0])
(55516, [11])
(55517, [11, 24, 30])
(55518, [1, 3, 8, 11, 21, 23, 44])
(55519, [11])
(55520, [11])
(55521, [1, 2, 3, 11, 21, 22, 26, 38])
(55522, [11])
(55523, [1, 11, 41])
(55524, [2, 11, 24, 41, 44])
(55525, [3, 11, 12, 21, 26, 42, 43])
(55526, [2, 6, 11])
(55527, [11])
(55528, [11])
(55529, [11])
(55530, [3, 11, 12, 44])
(55531, [11, 28])
(55532, [3, 11, 44])
(55533, [11, 41])
(55534, [11, 24])
(55535, [11, 12])
(55536, [11])
(55537, [7])
(55538, [1, 7, 8, 19, 21, 42])
(55539, [7])
(55540, [7])
(55541, [7])
(55542, [7])
(55543, [7])
(55544, [7])
(55545, [7])
(55546, [7])
(55547, [7])
(55548, [7])
(55549, [7])
(55550, [3, 7])
(55551, [1, 3, 7, 21, 23])
(55552, [7])
(55553, [29])
(55554, [29, 31])
(55555, [3, 16])
(55556, [16])
(55557, [16])
(55558, [4, 16, 30])
(55559, [16, 43])
(55560, [2, 16])
(55561, [12, 16])
(55562, [10, 16, 17])
(55563, [16])
(55564, [16])
(55565, [16])
(55566, [16])
(55567, [16, 21])
(55568, [42])
(55569, [31, 42])
(55570, [42])
(55571, [2, 6, 14, 17, 36, 40])
(55572, [6])
(55573, [6])
(55574, [6, 26, 41])
(55575, [6])
(55576, [3, 6, 12, 15, 17, 23, 24, 31, 44])
(55577, [6, 23])
(55578, [6, 41])
(55579, [6, 15, 23, 26, 30, 31])
(55580, [6])
(55581, [2, 4, 6, 19, 23, 24, 43])
(55582, [6])
(55583, [6])
(55584, [2, 6, 28, 40])
(55585, [6])
(55586, [6, 8, 14, 43])
(55587, [3, 28, 36])
(55588, [8, 14, 28])
(55589, [28])
(55590, [28])
(55591, [17])
(55592, [17, 41])
(55593, [17])
(55594, [17])
(55595, [17])
(55596, [17])
(55597, [17, 26, 44])
(55598, [17])
(55599, [17])
(55600, [17])
(55601, [2, 17])
(55602, [2, 17, 40, 41, 43])
(55603, [8, 12, 17, 22])
(55604, [14, 17, 19, 22, 36])
(55605, [17])
(55606, [17, 24])
(55607, [17])
(55608, [17])
(55609, [17])
(55610, [17, 26, 41])
(55611, [1, 3])
(55612, [1, 3])
(55613, [1])
(55614, [1])
(55615, [1, 2, 3])
(55616, [1, 3])
(55617, [1, 3, 22, 31, 44])
(55618, [1])
(55619, [1, 3, 8, 12, 23])
(55620, [1, 21, 37])
(55621, [1])
(55622, [1])
(55623, [1, 19, 44])
(55624, [1])
(55625, [1, 3])
(55626, [1])
(55627, [1])
(55628, [1, 2, 40, 44])
(55629, [1])
(55630, [1, 15, 24])
(55631, [1])
(55632, [1])
(55633, [1, 3])
(55634, [1])
(55635, [1])
(55636, [1, 3])
(55637, [1, 3])
(55638, [1, 21])
(55639, [1])
(55640, [1, 3])
(55641, [1, 21, 44])
(55642, [1, 36])
(55643, [1, 15])
(55644, [1, 8, 13])
(55645, [1])
(55646, [1, 2])
(55647, [1, 2])
(55648, [1, 3])
(55649, [1])
(55650, [1, 3, 44])
(55651, [1])
(55652, [1])
(55653, [10])
(55654, [10])
(55655, [10])
(55656, [10])
(55657, [2, 3, 10, 19, 22, 23])
(55658, [10])
(55659, [10])
(55660, [10, 23])
(55661, [10])
(55662, [10])
(55663, [19])
(55664, [19])
(55665, [19])
(55666, [19])
(55667, [3, 15, 19, 31])
(55668, [19])
(55669, [2, 19])
(55670, [3, 19])
(55671, [19])
(55672, [3, 19])
(55673, [3, 13, 19, 26])
(55674, [19])
(55675, [3, 19, 43])
(55676, [19])
(55677, [19])
(55678, [19])
(55679, [19])
(55680, [8, 15, 19, 26])
(55681, [19])
(55682, [19])
(55683, [19])
(55684, [3, 12, 19, 21, 26])
(55685, [19])
(55686, [15, 19])
(55687, [19])
(55688, [19])
(55689, [19])
(55690, [19])
(55691, [2, 13, 19, 44])
(55692, [19])
(55693, [19])
(55694, [19])
(55695, [19])
(55696, [26])
(55697, [26])
(55698, [26])
(55699, [2, 26])
(55700, [24, 26])
(55701, [26])
(55702, [3, 13, 26])
(55703, [3, 24, 26, 38, 43])
(55704, [26])
(55705, [23, 26])
(55706, [26])
(55707, [26])
(55708, [21, 26])
(55709, [26])
(55710, [26])
(55711, [13, 24, 26, 41])
(55712, [26])
(55713, [26])
(55714, [24, 26])
(55715, [26])
(55716, [8])
(55717, [8])
(55718, [8])
(55719, [8])
(55720, [8])
(55721, [8])
(55722, [8])
(55723, [8])
(55724, [8])
(55725, [8])
(55726, [8])
(55727, [8])
(55728, [21])
(55729, [21])
(55730, [21])
(55731, [21])
(55732, [21])
(55733, [12, 21])
(55734, [3, 21])
(55735, [21])
(55736, [21])
(55737, [21])
(55738, [21, 23])
(55739, [21])
(55740, [21])
(55741, [21])
(55742, [21])
(55743, [21])
(55744, [3, 21])
(55745, [21])
(55746, [14, 21, 25, 40, 41])
(55747, [21])
(55748, [21])
(55749, [2, 21])
(55750, [21])
(55751, [21])
(55752, [21])
(55753, [21])
(55754, [21])
(55755, [21])
(55756, [21, 23])
(55757, [21])
(55758, [21])
(55759, [21])
(55760, [21])
(55761, [21])
(55762, [3, 12, 21])
(55763, [21])
(55764, [21])
(55765, [21])
(55766, [21])
(55767, [21, 44])
(55768, [21, 36])
(55769, [21])
(55770, [21])
(55771, [3, 21])
(55772, [21])
(55773, [21])
(55774, [21])
(55775, [21, 23])
(55776, [21])
(55777, [21])
(55778, [44])
(55779, [44])
(55780, [3, 44])
(55781, [44])
(55782, [44])
(55783, [44])
(55784, [44])
(55785, [24, 44])
(55786, [44])
(55787, [44])
(55788, [44])
(55789, [44])
(55790, [43])
(55791, [43])
(55792, [31, 43])
(55793, [43])
(55794, [43])
(55795, [30, 43])
(55796, [43])
(55797, [43])
(55798, [43])
(55799, [43])
(55800, [43])
(55801, [43])
(55802, [43])
(55803, [43])
(55804, [43])
(55805, [43])
(55806, [2, 12, 43])
(55807, [43])
(55808, [43])
(55809, [43])
(55810, [43])
(55811, [43])
(55812, [43])
(55813, [41, 43])
(55814, [43])
(55815, [43])
(55816, [43])
(55817, [38])
(55818, [36])
(55819, [36])
(55820, [36])
(55821, [36])
(55822, [36])
(55823, [36])
(55824, [36])
(55825, [36])
(55826, [36])
(55827, [36])
(55828, [36])
(55829, [36])
(55830, [36])
(55831, [36])
(55832, [36])
(55833, [36])
(55834, [36])
(55835, [36])
(55836, [36])
(55837, [36])
(55838, [31])
(55839, [31])
(55840, [31])
(55841, [31])
(55842, [31])
(55843, [31])
(55844, [31])
(55845, [31])
(55846, [31])
(55847, [31])
(55848, [30])
(55849, [2, 30])
(55850, [30])
(55851, [30])
(55852, [5, 30])
(55853, [39])
(55854, [39])
(55855, [39])
(55856, [39])
(55857, [39])
(55858, [2, 39])
(55859, [41])
(55860, [12, 41])
(55861, [41])
(55862, [15, 41])
(55863, [41])
(55864, [41])
(55865, [41])
(55866, [41])
(55867, [41])
(55868, [41])
(55869, [41])
(55870, [41])
(55871, [41])
(55872, [41])
(55873, [41])
(55874, [41])
(55875, [41])
(55876, [24])
(55877, [24])
(55878, [24])
(55879, [24])
(55880, [24])
(55881, [24])
(55882, [24])
(55883, [23])
(55884, [23])
(55885, [15, 23])
(55886, [23])
(55887, [23])
(55888, [23])
(55889, [23])
(55890, [23])
(55891, [23])
(55892, [23])
(55893, [23])
(55894, [23])
(55895, [23])
(55896, [23])
(55897, [23])
(55898, [23])
(55899, [4, 23])
(55900, [23])
(55901, [23])
(55902, [23])
(55903, [23])
(55904, [23])
(55905, [23])
(55906, [23])
(55907, [23])
(55908, [23])
(55909, [23])
(55910, [23])
(55911, [23])
(55912, [23])
(55913, [2, 23])
(55914, [23])
(55915, [23])
(55916, [23])
(55917, [23])
(55918, [23])
(55919, [23])
(55920, [23])
(55921, [23])
(55922, [23])
(55923, [23])
(55924, [22, 23])
(55925, [23])
(55926, [23])
(55927, [23])
(55928, [23])
(55929, [23])
(55930, [23])
(55931, [23])
(55932, [23])
(55933, [23])
(55934, [23])
(55935, [23])
(55936, [2, 4])
(55937, [4])
(55938, [4])
(55939, [4])
(55940, [4])
(55941, [4])
(55942, [4])
(55943, [4])
(55944, [4])
(55945, [4])
(55946, [4])
(55947, [4])
(55948, [4])
(55949, [4])
(55950, [4])
(55951, [4])
(55952, [4])
(55953, [4])
(55954, [4])
(55955, [4])
(55956, [4])
(55957, [15])
(55958, [15])
(55959, [15])
(55960, [15])
(55961, [15])
(55962, [15])
(55963, [15])
(55964, [15])
(55965, [15])
(55966, [15])
(55967, [15])
(55968, [15])
(55969, [15])
(55970, [3])
(55971, [3])
(55972, [3])
(55973, [3])
(55974, [3])
(55975, [3])
(55976, [3])
(55977, [3])
(55978, [3])
(55979, [3])
(55980, [3])
(55981, [3])
(55982, [3])
(55983, [3])
(55984, [3])
(55985, [3])
(55986, [3])
(55987, [3])
(55988, [3])
(55989, [3])
(55990, [3])
(55991, [3])
(55992, [3])
(55993, [3])
(55994, [3])
(55995, [3, 12])
(55996, [3])
(55997, [12])
(55998, [12])
(55999, [12, 40])
(56000, [12])
(56001, [12])
(56002, [12])
(56003, [12])
(56004, [12])
(56005, [12])
(56006, [12])
(56007, [12])
(56008, [12])
(56009, [12])
(56010, [12])
(56011, [12])
(56012, [12])
(56013, [12])
(56014, [12])
(56015, [12])
(56016, [12])
(56017, [12])
(56018, [12])
(56019, [12])
(56020, [12])
(56021, [12])
(56022, [12])
(56023, [12])
(56024, [12])
(56025, [12])
(56026, [12])
(56027, [12])
(56028, [12])
(56029, [12])
(56030, [12])
(56031, [12])
(56032, [12])
(56033, [12])
(56034, [12])
(56035, [12])
(56036, [12])
(56037, [12])
(56038, [12])
(56039, [12])
(56040, [12])
(56041, [12])
(56042, [12])
(56043, [12])
(56044, [12])
(56045, [12])
(56046, [12])
(56047, [12])
(56048, [12])
(56049, [12])
(56050, [12])
(56051, [12])
(56052, [12])
(56053, [12])
(56054, [12])
(56055, [12])
(56056, [12])
(56057, [12])
(56058, [12])
(56059, [12])
(56060, [12])
(56061, [12])
(56062, [40])
(56063, [40])
(56064, [40])
(56065, [40])
(56066, [2, 40])
(56067, [40])
(56068, [40])
(56069, [2])
(56070, [2])
(56071, [2])
(56072, [2])
(56073, [2])
(56074, [2])
(56075, [2])
(56076, [2])
(56077, [2])
(56078, [2])
(56079, [2])
(56080, [2])
(56081, [2])
(56082, [2])
(56083, [2])
(56084, [2])
(56085, [2])
(56086, [2])
(56087, [2])
(56088, [2])
(56089, [2])
(56090, [2])
(56091, [2])
(56092, [2])
(56093, [2])
(56094, [2])
(56095, [2])
(56096, [2])
(56097, [2])
(56098, [2])
(56099, [2])
(56100, [2])
(56101, [2])
(56102, [2])
(56103, [2])
(56104, [2])
(56105, [2])
(56106, [2])
(56107, [2])
(56108, [2])
(56109, [2])
(56110, [2])
(56111, [2])
(56112, [2])
(56113, [2])
(56114, [2])
(56115, [2])
(56116, [2])
(56117, [2])
(56118, [2])
(56119, [2])
(56120, [2])
(56121, [2])
(56122, [2])
(56123, [2])
(56124, [2])
(56125, [2])
(56126, [2])
(56127, [2])
(56128, [2])
(56129, [2])
(56130, [2])
(56131, [2])
(56132, [2])
(56133, [2])
(56134, [2])
(56135, [2])
(56136, [2])
(56137, [2])
(56138, [2])
(56139, [2])
(56140, [2])
(56141, [2])
(56142, [2])
(56143, [13])
(56144, [5])
(56145, [5])
(56146, [5])
(56147, [5])
(56148, [5])
(56149, [14])
(56150, [14])
(56151, [14])
(56152, [14])
(56153, [14])
(56154, [14])
(56155, [14])
(56156, [14])
(56157, [14])
(56158, [14])
(56159, [14])
(56160, [14])
(56161, [14])
(56162, [14])
(56163, [14])
(56164, [14])
(56165, [14])
(56166, [14])
(56167, [14])
(56168, [14])
(56169, [14])
(56170, [14])
(56171, [14])
(56172, [14])
(56173, [14])
(56174, [14])
(56175, [14])
(56176, [14])
(56177, [14])
(56178, [14])
(56179, [14])
(56180, [14])
(56181, [22])
(56182, [22])
(56183, [22, 25])
(56184, [22])
(56185, [22])
(56186, [22])
(56187, [22])
(56188, [22])
(56189, [22])
(56190, [22])
(56191, [22])
(56192, [22])
(56193, [25])
