(4171, [0, 1, 2, 3, 4, 5, 6, 7, 8, 9, 10, 11, 12, 13, 14, 15, 16, 17, 18, 19, 20, 21, 22, 23, 24, 25, 26, 27, 28, 29, 30, 31, 32, 33, 34, 35, 36, 37, 38, 39, 40, 41, 42, 43, 44])
(4172, [17, 18, 32])
(4173, [0, 1, 2, 3, 4, 5, 6, 7, 8, 9, 10, 11, 12, 13, 14, 15, 16, 17, 18, 19, 20, 21, 22, 23, 24, 25, 26, 27, 28, 29, 30, 31, 32, 33, 34, 35, 36, 37, 38, 39, 40, 41, 42, 43, 44])
(4174, [0, 1, 2, 3, 4, 5, 6, 7, 8, 9, 10, 11, 12, 13, 14, 15, 16, 17, 18, 19, 20, 21, 22, 23, 24, 25, 26, 27, 28, 29, 30, 31, 32, 33, 34, 35, 36, 37, 38, 39, 40, 41, 42, 43, 44])
(4175, [0, 1, 2, 3, 4, 5, 6, 7, 8, 9, 10, 11, 12, 13, 14, 15, 16, 17, 18, 19, 20, 21, 22, 23, 24, 25, 26, 27, 28, 29, 30, 31, 32, 33, 34, 35, 36, 37, 38, 39, 40, 41, 42, 43, 44])
(4176, [3, 4, 5, 8, 12, 15, 16, 17, 18, 19, 21, 22, 23, 24, 25, 27, 29, 30, 31, 32, 35, 37, 43])
(4177, [0, 1, 2, 3, 4, 5, 6, 7, 8, 9, 11, 12, 13, 15, 16, 17, 18, 19, 20, 21, 22, 23, 24, 26, 29, 30, 31, 32, 33, 34, 35, 36, 37, 39, 40, 41, 43, 44])
(4178, [0, 1, 2, 3, 4, 6, 7, 8, 9, 11, 12, 13, 14, 15, 16, 17, 18, 20, 23, 24, 25, 26, 27, 28, 30, 31, 32, 33, 34, 38, 39, 40, 41, 43, 44])
(4179, [0, 1, 2, 3, 4, 5, 6, 7, 9, 11, 12, 13, 14, 15, 16, 17, 18, 19, 20, 23, 24, 26, 27, 31, 32, 33, 34, 36, 40, 41, 43, 44])
(4180, [0, 1, 2, 3, 4, 6, 7, 9, 11, 13, 14, 15, 16, 17, 18, 19, 20, 21, 24, 26, 27, 28, 32, 36, 39, 40, 41, 43, 44])
(4181, [0, 1, 2, 3, 4, 6, 7, 8, 9, 10, 11, 12, 13, 14, 15, 16, 17, 18, 19, 20, 21, 22, 23, 24, 26, 27, 28, 30, 31, 32, 33, 34, 36, 39, 40, 41, 43, 44])
(4182, [1, 2, 3, 4, 5, 6, 7, 8, 12, 13, 16, 17, 18, 19, 21, 22, 23, 26, 27, 30, 31, 32, 33, 34, 35, 41, 42, 44])
(4183, [0, 1, 2, 3, 4, 5, 6, 7, 8, 9, 10, 11, 12, 13, 14, 15, 16, 17, 18, 19, 20, 21, 22, 23, 24, 26, 27, 28, 29, 30, 31, 32, 33, 34, 35, 36, 37, 38, 39, 40, 41, 42, 43, 44])
(4184, [1, 2, 3, 4, 6, 7, 8, 9, 11, 12, 13, 14, 15, 16, 17, 18, 19, 21, 23, 24, 26, 27, 28, 30, 31, 32, 33, 34, 36, 37, 39, 41, 42, 43, 44])
(4185, [0, 1, 2, 3, 4, 5, 6, 7, 8, 9, 10, 11, 12, 13, 14, 15, 16, 17, 18, 19, 20, 21, 23, 24, 26, 27, 28, 30, 31, 32, 33, 34, 35, 37, 40, 41, 42, 43, 44])
(4186, [0, 1, 2, 3, 4, 5, 6, 7, 8, 9, 11, 12, 13, 14, 15, 16, 17, 18, 19, 21, 22, 23, 24, 26, 29, 30, 31, 32, 33, 34, 35, 37, 40, 41, 42, 43, 44])
(4187, [3, 6, 8, 9, 10, 12, 18, 19, 23, 30, 32, 35, 38, 41, 44])
(4188, [0, 2, 4, 9, 11, 15, 17, 24, 26, 30, 31, 32, 34, 40, 41])
(4189, [0, 1, 2, 3, 4, 6, 7, 8, 9, 11, 12, 14, 15, 16, 17, 18, 19, 20, 21, 22, 23, 24, 26, 28, 30, 31, 32, 33, 34, 35, 36, 38, 39, 40, 41, 42, 43, 44])
(4190, [0, 1, 2, 3, 4, 5, 7, 8, 9, 10, 11, 12, 13, 14, 15, 16, 17, 18, 19, 20, 21, 22, 23, 24, 25, 26, 28, 29, 30, 31, 32, 33, 34, 35, 36, 37, 38, 40, 41, 42, 43, 44])
(4191, [0, 1, 2, 3, 4, 6, 7, 8, 11, 12, 13, 15, 16, 17, 18, 19, 20, 21, 22, 23, 26, 27, 30, 31, 32, 33, 34, 35, 37, 39, 40, 41, 42, 43, 44])
(4192, [1, 3, 12, 21, 29, 30, 32, 34])
(4193, [0, 1, 2, 3, 4, 5, 6, 7, 8, 9, 10, 11, 12, 13, 14, 15, 16, 17, 18, 19, 20, 21, 22, 23, 24, 25, 26, 28, 30, 31, 32, 33, 34, 35, 37, 38, 39, 40, 41, 42, 43, 44])
(4194, [0, 1, 2, 3, 4, 6, 7, 8, 9, 11, 12, 13, 14, 15, 16, 17, 18, 19, 20, 23, 24, 26, 27, 28, 29, 30, 31, 32, 33, 34, 35, 36, 39, 40, 41, 42, 43, 44])
(4195, [0, 1, 2, 3, 4, 5, 6, 7, 8, 9, 11, 12, 15, 16, 18, 19, 23, 24, 26, 27, 30, 31, 32, 33, 35, 40, 42, 43, 44])
(4196, [0, 1, 2, 3, 4, 6, 7, 9, 10, 11, 12, 13, 14, 15, 16, 18, 19, 20, 21, 22, 23, 24, 26, 27, 30, 31, 32, 33, 34, 35, 39, 40, 42, 43, 44])
(4197, [1, 2, 4, 6, 9, 10, 11, 14, 15, 16, 17, 18, 19, 24, 26, 30, 31, 32, 33, 34, 41, 43])
(4198, [0, 1, 2, 3, 7, 9, 11, 13, 15, 17, 18, 20, 25, 26, 27, 30, 31, 32, 33, 34, 41])
(4199, [1, 2, 4, 6, 7, 9, 11, 14, 15, 17, 18, 30, 31, 32, 33, 34, 39, 42, 43])
(4200, [0, 1, 2, 3, 6, 7, 9, 11, 12, 13, 16, 17, 18, 19, 20, 21, 22, 23, 26, 30, 31, 32, 33, 34, 35, 37, 38, 41, 42, 43, 44])
(4201, [0, 1, 2, 3, 6, 7, 9, 11, 12, 13, 14, 15, 16, 17, 18, 19, 20, 21, 22, 23, 24, 26, 28, 29, 30, 31, 32, 33, 34, 35, 38, 40, 41, 42, 43, 44])
(4202, [0, 1, 3, 9, 21, 26, 31, 32, 33])
(4203, [0, 1, 2, 3, 4, 6, 7, 9, 11, 12, 13, 14, 15, 16, 17, 18, 19, 20, 23, 24, 26, 27, 28, 30, 31, 32, 33, 34, 35, 37, 39, 40, 41, 42, 43, 44])
(4204, [0, 4, 9, 12, 14, 15, 16, 23, 30, 32, 40])
(4205, [0, 1, 3, 4, 9, 11, 12, 15, 21, 22, 27, 30, 31, 32, 33, 41, 42, 44])
(4206, [0, 1, 2, 3, 4, 6, 7, 9, 10, 11, 12, 13, 15, 16, 18, 19, 20, 21, 22, 23, 24, 26, 29, 30, 32, 33, 34, 35, 39, 41, 42, 43, 44])
(4207, [0, 1, 3, 9, 11, 14, 16, 18, 19, 21, 22, 30, 31, 32, 33, 43, 44])
(4208, [0, 1, 2, 3, 4, 6, 7, 9, 11, 12, 14, 15, 16, 17, 18, 19, 20, 21, 22, 23, 24, 25, 26, 28, 30, 31, 32, 33, 38, 39, 40, 41, 42, 43, 44])
(4209, [0, 1, 2, 3, 4, 6, 8, 12, 14, 15, 17, 18, 19, 21, 22, 23, 30, 32, 33, 34, 35, 36, 40, 43])
(4210, [4, 14, 15, 31, 32, 41])
(4211, [0, 3, 12, 17, 20, 30, 32, 34, 40, 44])
(4212, [0, 1, 2, 3, 4, 5, 6, 7, 9, 10, 11, 12, 13, 14, 15, 16, 17, 18, 19, 21, 22, 24, 26, 27, 28, 30, 31, 32, 33, 34, 35, 39, 40, 41, 42, 43, 44])
(4213, [1, 7, 15, 18, 32, 36])
(4214, [6, 9, 15, 16, 17, 19, 23, 32, 39])
(4215, [32])
(4216, [0, 1, 2, 3, 4, 6, 8, 11, 15, 16, 17, 18, 19, 20, 21, 22, 23, 24, 29, 30, 31, 32, 33, 34, 35, 40, 42, 43, 44])
(4217, [23, 32])
(4218, [2, 3, 6, 8, 13, 15, 18, 23, 24, 30, 32, 33, 34, 41, 43, 44])
(4219, [0, 1, 2, 3, 9, 11, 13, 16, 17, 23, 26, 32, 34, 40, 41])
(4220, [1, 2, 12, 15, 20, 24, 26, 32, 41])
(4221, [3, 4, 6, 15, 23, 30, 32, 34, 36, 41, 43])
(4222, [1, 2, 3, 6, 11, 15, 17, 18, 19, 20, 21, 23, 26, 30, 31, 32, 34, 37, 44])
(4223, [1, 2, 3, 4, 5, 6, 7, 8, 9, 11, 12, 13, 14, 15, 16, 17, 19, 20, 21, 22, 23, 26, 28, 30, 32, 34, 36, 39, 40, 41, 42, 43, 44])
(4224, [0, 1, 2, 3, 4, 6, 7, 8, 9, 10, 11, 12, 13, 14, 15, 16, 17, 18, 19, 20, 23, 24, 26, 27, 28, 30, 31, 32, 33, 34, 35, 36, 37, 39, 40, 41, 42, 43, 44])
(4225, [11, 32])
(4226, [1, 3, 18, 32])
(4227, [4, 5, 8, 12, 14, 15, 16, 17, 18, 19, 21, 22, 23, 27, 31, 32, 33, 35, 43])
(4228, [0, 2, 3, 4, 12, 14, 17, 19, 32, 34, 44])
(4229, [15, 23, 30, 32, 38])
(4230, [11, 32])
(4231, [0, 2, 14, 24, 27, 32, 35, 41, 43])
(4232, [0, 1, 2, 3, 4, 6, 7, 8, 9, 11, 12, 15, 16, 17, 18, 19, 20, 21, 22, 23, 26, 27, 30, 31, 32, 33, 34, 35, 38, 39, 41, 42, 44])
(4233, [1, 3, 12, 14, 16, 18, 21, 23, 31, 32, 35, 39, 43])
(4234, [32])
(4235, [1, 3, 4, 5, 6, 7, 9, 11, 19, 20, 29, 32, 39, 44])
(4236, [2, 6, 9, 11, 12, 15, 18, 23, 24, 26, 28, 31, 32, 40, 44])
(4237, [0, 1, 2, 3, 9, 12, 15, 17, 21, 28, 30, 31, 32, 33, 34, 35, 41, 42, 44])
(4238, [0, 1, 2, 3, 4, 5, 6, 7, 8, 9, 10, 11, 12, 13, 14, 15, 16, 17, 18, 19, 20, 21, 22, 23, 26, 27, 28, 29, 30, 31, 32, 33, 34, 35, 36, 38, 39, 41, 42, 43, 44])
(4239, [15, 19, 23, 32, 43])
(4240, [0, 1, 2, 3, 6, 12, 15, 19, 20, 21, 22, 26, 32, 33])
(4241, [1, 5, 6, 18, 32, 39, 40, 44])
(4242, [1, 3, 4, 6, 7, 8, 9, 12, 16, 18, 21, 22, 30, 31, 32, 33, 34, 37, 38, 42, 43])
(4243, [32])
(4244, [0, 1, 2, 3, 7, 9, 10, 11, 13, 14, 15, 17, 18, 19, 20, 23, 26, 30, 31, 32, 33, 34, 35, 40, 44])
(4245, [0, 1, 3, 4, 6, 7, 8, 9, 11, 12, 18, 19, 21, 29, 30, 31, 32, 33, 35])
(4246, [0, 1, 2, 3, 4, 5, 7, 8, 9, 11, 12, 16, 17, 18, 19, 20, 21, 22, 23, 26, 28, 30, 31, 32, 34, 35, 37, 38, 39, 40, 41, 42, 43, 44])
(4247, [1, 2, 3, 4, 6, 7, 9, 11, 12, 15, 18, 19, 24, 29, 30, 31, 32, 33, 34, 38, 43])
(4248, [4, 6, 8, 9, 18, 19, 22, 30, 31, 32, 34, 38, 39])
(4249, [1, 2, 3, 9, 15, 19, 20, 23, 24, 26, 31, 32, 42, 43])
(4250, [2, 6, 9, 24, 31, 32, 41])
(4251, [19, 31, 32, 33])
(4252, [1, 2, 3, 7, 8, 9, 12, 14, 15, 17, 18, 19, 24, 26, 30, 31, 32, 33, 34, 40, 42, 43, 44])
(4253, [0, 1, 2, 3, 4, 10, 12, 14, 16, 19, 23, 30, 32, 34, 36])
(4254, [32, 34])
(4255, [0, 1, 2, 3, 17, 19, 30, 32, 44])
(4256, [32])
(4257, [0, 9, 12, 31, 32, 34])
(4258, [0, 1, 2, 3, 7, 11, 12, 13, 15, 18, 19, 24, 26, 32, 33, 42, 44])
(4259, [0, 2, 9, 12, 14, 15, 19, 26, 29, 30, 32, 33, 34, 41, 42])
(4260, [0, 1, 2, 3, 4, 6, 7, 8, 9, 11, 12, 13, 17, 18, 19, 20, 24, 26, 28, 32, 33, 34, 35, 36, 43, 44])
(4261, [19, 21, 22, 32])
(4262, [9, 11, 16, 19, 30, 32, 41])
(4263, [0, 1, 2, 3, 4, 5, 6, 8, 9, 11, 12, 13, 14, 16, 17, 18, 19, 21, 23, 24, 25, 26, 28, 31, 32, 34, 36, 40, 41, 42, 43, 44])
(4264, [2, 32])
(4265, [32, 33])
(4266, [0, 1, 2, 3, 4, 5, 6, 7, 8, 9, 11, 12, 14, 15, 16, 17, 18, 19, 20, 21, 23, 24, 26, 28, 30, 31, 32, 33, 34, 40, 41, 43, 44])
(4267, [0, 1, 10, 11, 12, 16, 23, 28, 32])
(4268, [2, 3, 5, 6, 7, 11, 12, 15, 16, 18, 19, 20, 23, 24, 26, 30, 31, 32, 33, 34, 42, 43, 44])
(4269, [0, 1, 2, 3, 4, 11, 12, 13, 15, 21, 26, 31, 32, 33, 34, 41, 44])
(4270, [0, 2, 4, 13, 15, 23, 31, 32, 33, 41, 43])
(4271, [1, 2, 3, 4, 5, 7, 8, 9, 11, 12, 13, 14, 15, 17, 19, 20, 21, 22, 23, 24, 26, 30, 31, 32, 33, 34, 35, 40, 41, 42, 43, 44])
(4272, [31, 32])
(4273, [2, 4, 7, 11, 12, 13, 15, 20, 21, 23, 30, 31, 32, 39, 40, 41, 43, 44])
(4274, [0, 1, 3, 9, 11, 12, 15, 16, 17, 19, 20, 21, 24, 31, 32, 33, 34, 40, 42])
(4275, [0, 1, 3, 9, 11, 12, 13, 15, 21, 22, 23, 31, 32, 33])
(4276, [1, 2, 3, 6, 7, 11, 12, 13, 14, 16, 18, 19, 20, 21, 22, 24, 25, 27, 30, 31, 32, 34, 41, 42, 44])
(4277, [0, 2, 4, 9, 18, 19, 23, 32, 35])
(4278, [32])
(4279, [1, 2, 3, 4, 6, 9, 12, 13, 14, 15, 17, 18, 24, 25, 32, 34, 40, 41, 43])
(4280, [0, 12, 32])
(4281, [0, 1, 3, 6, 7, 8, 12, 15, 18, 19, 20, 21, 26, 31, 32, 34, 42, 44])
(4282, [0, 1, 3, 5, 7, 8, 10, 12, 15, 16, 17, 18, 21, 23, 26, 28, 29, 30, 32, 33, 34, 35, 37, 42, 43, 44])
(4283, [3, 32, 34])
(4284, [1, 3, 4, 5, 8, 9, 11, 12, 15, 16, 18, 19, 20, 21, 22, 23, 24, 29, 30, 31, 32, 33, 35, 41, 44])
(4285, [0, 1, 2, 3, 4, 5, 6, 7, 8, 9, 10, 11, 12, 13, 14, 16, 18, 19, 20, 21, 22, 23, 24, 25, 26, 27, 28, 29, 30, 31, 33, 34, 35, 36, 37, 38, 39, 40, 41, 42, 43, 44])
(4286, [0, 1, 2, 3, 4, 5, 6, 7, 8, 9, 10, 11, 12, 13, 14, 16, 17, 18, 19, 20, 21, 22, 23, 24, 25, 26, 27, 28, 29, 30, 31, 33, 34, 35, 36, 37, 38, 39, 40, 41, 42, 43, 44])
(4287, [5, 16, 18, 19, 21, 23, 35, 36, 38, 43])
(4288, [0, 1, 2, 3, 6, 11, 12, 15, 16, 17, 20, 34, 35, 36, 39, 42, 43])
(4289, [35])
(4290, [35])
(4291, [9, 12, 26, 30, 31, 35])
(4292, [2, 3, 7, 18, 35])
(4293, [1, 3, 4, 8, 13, 17, 18, 19, 21, 22, 26, 33, 34, 35, 41, 43])
(4294, [35])
(4295, [15, 18, 23, 35])
(4296, [0, 1, 3, 5, 6, 8, 11, 12, 17, 18, 23, 33, 35, 36, 40, 43])
(4297, [35])
(4298, [35])
(4299, [0, 1, 3, 4, 7, 18, 22, 23, 27, 31, 35, 41, 42, 43, 44])
(4300, [0, 3, 12, 21, 26, 28, 35, 37, 42])
(4301, [1, 8, 9, 11, 16, 21, 27, 35])
(4302, [8, 18, 21, 23, 35, 43])
(4303, [35])
(4304, [1, 2, 3, 4, 6, 9, 11, 15, 18, 26, 30, 35, 41, 43])
(4305, [1, 3, 8, 9, 11, 15, 18, 19, 23, 24, 30, 31, 35])
(4306, [2, 6, 24, 35])
(4307, [35])
(4308, [35])
(4309, [35])
(4310, [1, 3, 12, 21, 22, 31, 35, 44])
(4311, [0, 3, 21, 34])
(4312, [1, 3, 4, 9, 11, 12, 14, 19, 21, 28, 31, 34, 44])
(4313, [26, 34])
(4314, [1, 9, 23, 34])
(4315, [2, 9, 15, 18, 26, 30, 34, 44])
(4316, [18, 28, 34])
(4317, [1, 2, 3, 4, 7, 9, 12, 14, 15, 16, 17, 19, 20, 21, 26, 28, 30, 33, 34, 39, 40, 41, 42, 43, 44])
(4318, [2, 3, 9, 18, 26, 31, 33, 34])
(4319, [0, 31, 34])
(4320, [34])
(4321, [34])
(4322, [0, 1, 2, 3, 4, 7, 11, 12, 13, 15, 16, 18, 19, 20, 21, 22, 26, 27, 30, 31, 33, 34, 40, 41, 42, 43])
(4323, [1, 2, 3, 4, 6, 9, 11, 12, 15, 16, 19, 21, 22, 26, 29, 30, 31, 33, 34, 42, 43])
(4324, [14, 34])
(4325, [1, 3, 5, 8, 11, 12, 15, 21, 23, 31, 33, 34, 39])
(4326, [1, 2, 3, 4, 9, 11, 12, 15, 16, 17, 19, 34, 43])
(4327, [0, 1, 2, 3, 7, 8, 9, 12, 15, 20, 22, 25, 26, 30, 31, 34, 41])
(4328, [33, 34])
(4329, [0, 2, 14, 30, 34, 36])
(4330, [0, 1, 2, 3, 6, 7, 9, 11, 15, 16, 17, 18, 19, 20, 21, 22, 24, 26, 31, 33, 34, 39, 42, 43, 44])
(4331, [15, 17, 30, 34])
(4332, [30, 31, 34])
(4333, [0, 1, 3, 9, 12, 16, 19, 21, 22, 23, 33, 34, 39, 42, 44])
(4334, [12, 34])
(4335, [0, 1, 3, 7, 12, 19, 26, 33, 34, 41, 42])
(4336, [34])
(4337, [2, 6, 26, 31, 34, 41, 43])
(4338, [0, 1, 2, 3, 4, 5, 6, 7, 9, 10, 11, 12, 13, 17, 19, 21, 23, 24, 26, 27, 28, 30, 34, 36, 37, 38, 41, 42, 43, 44])
(4339, [2, 3, 9, 10, 11, 12, 13, 16, 19, 20, 22, 26, 33, 34, 41, 42, 43, 44])
(4340, [0, 1, 2, 3, 7, 10, 12, 20, 22, 24, 34, 42, 44])
(4341, [34])
(4342, [34])
(4343, [0, 12, 13, 18, 23, 24, 26, 31, 34, 41, 43, 44])
(4344, [0, 1, 3, 7, 21, 34, 42])
(4345, [34, 44])
(4346, [34])
(4347, [2, 12, 15, 20, 24, 26, 34, 41])
(4348, [2, 12, 34])
(4349, [23, 34])
(4350, [3, 8, 9, 14, 19, 20, 28, 33, 34])
(4351, [9, 15, 24, 34, 41])
(4352, [34])
(4353, [34])
(4354, [1, 3, 9, 11, 12, 18, 26, 31, 34, 44])
(4355, [0, 1, 3, 9, 10, 11, 12, 14, 16, 18, 20, 21, 23, 24, 31, 34, 40, 41, 43, 44])
(4356, [34])
(4357, [1, 2, 3, 8, 19, 21, 34])
(4358, [3, 31, 34])
(4359, [4, 11, 23, 26, 34, 44])
(4360, [34])
(4361, [3, 12, 16, 31, 34])
(4362, [34])
(4363, [20, 34])
(4364, [0, 34])
(4365, [10, 23, 34])
(4366, [34])
(4367, [15, 34, 40])
(4368, [0, 34])
(4369, [1, 2, 8, 9, 11, 15, 23, 30, 31, 34, 43])
(4370, [0, 2, 3, 4, 9, 11, 15, 21, 23, 24, 26, 34, 40])
(4371, [12, 34])
(4372, [34])
(4373, [33])
(4374, [33])
(4375, [0, 1, 9, 11, 12, 15, 16, 17, 18, 20, 21, 22, 24, 26, 30, 33, 43, 44])
(4376, [33])
(4377, [1, 2, 11, 12, 13, 17, 21, 26, 27, 28, 30, 33, 43, 44])
(4378, [23, 33])
(4379, [33])
(4380, [33])
(4381, [1, 2, 3, 6, 8, 17, 18, 19, 21, 22, 23, 26, 31, 33])
(4382, [2, 4, 11, 13, 19, 26, 33, 41, 43])
(4383, [0, 1, 2, 3, 7, 10, 11, 12, 15, 16, 19, 20, 31, 33, 38, 40, 41, 43])
(4384, [33])
(4385, [2, 9, 16, 19, 33])
(4386, [1, 2, 3, 4, 6, 7, 9, 11, 12, 13, 15, 18, 20, 23, 24, 26, 28, 30, 31, 33, 39, 41, 43, 44])
(4387, [2, 3, 20, 23, 30, 33, 43])
(4388, [3, 23, 33])
(4389, [33])
(4390, [33])
(4391, [2, 3, 14, 33, 43])
(4392, [2, 18, 28, 33, 36, 43])
(4393, [33])
(4394, [0, 9, 23, 24, 26, 33, 41])
(4395, [33])
(4396, [0, 1, 2, 3, 4, 6, 9, 12, 15, 16, 25, 27, 33, 40, 41, 43, 44])
(4397, [2, 4, 11, 20, 24, 31, 33, 43, 44])
(4398, [33])
(4399, [0, 1, 3, 4, 6, 7, 11, 12, 15, 19, 20, 24, 26, 33, 44])
(4400, [1, 2, 3, 9, 16, 22, 33, 40])
(4401, [3, 9, 13, 15, 19, 33, 40])
(4402, [1, 2, 3, 4, 6, 7, 12, 14, 15, 17, 19, 25, 30, 33, 36, 40, 44])
(4403, [0, 2, 16, 19, 26, 28, 33, 44])
(4404, [33])
(4405, [2, 17, 33])
(4406, [8, 18, 31, 33])
(4407, [0, 1, 2, 4, 6, 7, 9, 11, 12, 16, 18, 31, 33, 37, 41, 43])
(4408, [33])
(4409, [18, 33])
(4410, [33])
(4411, [0, 1, 2, 3, 5, 7, 9, 11, 13, 15, 16, 17, 21, 30, 33, 42, 43, 44])
(4412, [0, 2, 15, 20, 28, 38])
(4413, [1, 3, 20, 21])
(4414, [20, 21])
(4415, [2, 7, 12, 14, 16, 17, 18, 20, 31, 40, 43])
(4416, [15, 20])
(4417, [0, 1, 2, 3, 4, 6, 7, 9, 10, 11, 12, 16, 17, 18, 19, 20, 21, 25, 28, 29, 30, 31, 38, 39, 40, 41, 42, 43, 44])
(4418, [2, 20])
(4419, [1, 2, 3, 6, 9, 16, 19, 20, 26])
(4420, [20])
(4421, [0, 1, 2, 4, 6, 18, 20, 41])
(4422, [3, 20])
(4423, [20])
(4424, [20, 43])
(4425, [1, 3, 11, 20, 21])
(4426, [2, 3, 9, 15, 17, 19, 20, 22, 31, 40])
(4427, [0, 1, 3, 6, 9, 16, 18, 19, 20, 22, 41, 43, 44])
(4428, [2, 3, 8, 9, 15, 16, 20, 26, 44])
(4429, [0, 2, 3, 7, 12, 20, 41])
(4430, [1, 5, 20])
(4431, [0, 2, 14, 20, 31, 40, 41, 43])
(4432, [0, 2, 9, 15, 19, 20, 22, 24, 40, 41])
(4433, [0, 1, 2, 3, 9, 12, 20, 26, 43])
(4434, [18])
(4435, [18])
(4436, [18])
(4437, [18])
(4438, [18])
(4439, [18])
(4440, [18])
(4441, [2, 3, 12, 18, 22, 23, 24, 43])
(4442, [18])
(4443, [0, 2, 7, 18, 19])
(4444, [18])
(4445, [18, 19])
(4446, [18])
(4447, [18])
(4448, [1, 2, 3, 6, 7, 11, 13, 15, 18, 44])
(4449, [9, 12, 18, 26, 28, 31, 43])
(4450, [11, 16, 18, 37, 43, 44])
(4451, [18, 40])
(4452, [2, 17, 18, 26, 44])
(4453, [18, 28])
(4454, [2, 3, 4, 18])
(4455, [18, 19])
(4456, [18, 21, 29, 31, 43])
(4457, [18])
(4458, [0, 18, 28])
(4459, [11, 18, 22])
(4460, [1, 9, 18, 31])
(4461, [2, 9, 11, 17, 18])
(4462, [18])
(4463, [18])
(4464, [18])
(4465, [1, 3, 18, 29, 44])
(4466, [3, 15, 18, 26, 41])
(4467, [18, 36])
(4468, [13, 15, 18, 43])
(4469, [18])
(4470, [1, 3, 11, 13, 18, 23, 44])
(4471, [18])
(4472, [18, 23])
(4473, [18])
(4474, [18])
(4475, [18])
(4476, [18])
(4477, [0, 18])
(4478, [18])
(4479, [18])
(4480, [18])
(4481, [0, 16, 18, 23, 26])
(4482, [1, 3, 18, 21])
(4483, [18])
(4484, [18])
(4485, [18])
(4486, [0, 1, 3, 6, 9, 11, 17, 18, 30])
(4487, [18])
(4488, [18])
(4489, [1, 3, 4, 18, 43])
(4490, [18])
(4491, [18])
(4492, [18])
(4493, [18])
(4494, [18])
(4495, [18])
(4496, [3, 18])
(4497, [18])
(4498, [18])
(4499, [18])
(4500, [18])
(4501, [18])
(4502, [18])
(4503, [0, 2, 4, 15, 18, 24])
(4504, [1, 3, 12, 18, 21, 27])
(4505, [18])
(4506, [18])
(4507, [18])
(4508, [18])
(4509, [18])
(4510, [1, 18])
(4511, [9, 18])
(4512, [18])
(4513, [18])
(4514, [1, 18])
(4515, [18])
(4516, [18])
(4517, [18])
(4518, [1, 2, 3, 9, 11, 18, 26, 41, 44])
(4519, [18])
(4520, [18])
(4521, [18])
(4522, [18])
(4523, [8, 18, 44])
(4524, [18])
(4525, [18])
(4526, [3, 18, 31])
(4527, [11, 18])
(4528, [5, 9, 10, 18, 24, 26, 41])
(4529, [18])
(4530, [9, 15, 18])
(4531, [0, 3, 8, 12, 15, 18])
(4532, [18])
(4533, [4, 6, 10, 12, 13, 15, 16, 18, 19, 21, 23, 36, 41])
(4534, [18])
(4535, [4, 6, 8, 9, 15, 18, 28, 43])
(4536, [3, 9, 12, 18])
(4537, [18])
(4538, [3, 5, 6, 9, 12, 13, 15, 18, 23, 24, 26])
(4539, [0, 12, 18])
(4540, [2, 4, 6, 9, 15, 27, 28])
(4541, [3, 27])
(4542, [27])
(4543, [27])
(4544, [27])
(4545, [27])
(4546, [12, 26, 27])
(4547, [3, 21, 27])
(4548, [27])
(4549, [2, 9, 26])
(4550, [9])
(4551, [0, 2, 3, 9, 12, 19, 23, 31])
(4552, [9, 21, 28])
(4553, [2, 6, 9, 19])
(4554, [0, 9, 15, 19, 28, 43])
(4555, [9])
(4556, [1, 3, 4, 9, 11, 12, 13, 21, 22, 23, 30, 40, 41, 44])
(4557, [0, 1, 3, 9])
(4558, [1, 2, 3, 4, 8, 9, 11, 12, 13, 15, 16, 19, 21, 23, 30, 39, 41, 44])
(4559, [9, 31])
(4560, [9])
(4561, [3, 9])
(4562, [0, 3, 9, 12, 17, 21, 22, 26, 31, 44])
(4563, [9])
(4564, [9])
(4565, [9, 12])
(4566, [1, 8, 9, 23])
(4567, [9])
(4568, [9])
(4569, [9])
(4570, [9, 23])
(4571, [1, 3, 9, 13, 15, 16, 19, 22, 23, 26, 31, 40, 41])
(4572, [9, 11, 15, 19, 26, 31])
(4573, [6, 9, 14, 15, 30, 36])
(4574, [9, 43])
(4575, [9])
(4576, [9])
(4577, [9])
(4578, [9])
(4579, [7, 9])
(4580, [6, 9, 15, 19, 26])
(4581, [9])
(4582, [9])
(4583, [9])
(4584, [9])
(4585, [9])
(4586, [9])
(4587, [0, 9, 12])
(4588, [9, 13, 39, 41])
(4589, [9, 26])
(4590, [9])
(4591, [9])
(4592, [0, 9])
(4593, [2, 9, 28])
(4594, [9])
(4595, [9])
(4596, [0, 1, 7, 9, 15, 16])
(4597, [0, 3, 9, 11, 12])
(4598, [9, 12])
(4599, [9])
(4600, [9, 12])
(4601, [9])
(4602, [0, 1, 9, 12, 21, 22, 36, 41])
(4603, [6, 9])
(4604, [9])
(4605, [0, 9])
(4606, [9])
(4607, [9])
(4608, [0, 1, 3, 7, 12])
(4609, [0])
(4610, [0])
(4611, [0])
(4612, [0, 3, 8])
(4613, [0])
(4614, [0])
(4615, [0])
(4616, [0])
(4617, [0])
(4618, [0, 12])
(4619, [0])
(4620, [0])
(4621, [0, 12])
(4622, [0, 12])
(4623, [0])
(4624, [0])
(4625, [0])
(4626, [0])
(4627, [0])
(4628, [0, 12])
(4629, [0])
(4630, [0])
(4631, [0])
(4632, [0])
(4633, [0])
(4634, [0])
(4635, [0])
(4636, [0])
(4637, [0])
(4638, [0])
(4639, [0, 1, 43])
(4640, [0])
(4641, [0])
(4642, [0])
(4643, [0])
(4644, [0, 12, 41])
(4645, [0])
(4646, [0])
(4647, [0])
(4648, [0])
(4649, [0, 12])
(4650, [0])
(4651, [0, 12])
(4652, [0])
(4653, [0])
(4654, [0, 3, 5, 14, 15, 16, 17, 28])
(4655, [0])
(4656, [0, 22, 30])
(4657, [0])
(4658, [0])
(4659, [0, 12])
(4660, [0])
(4661, [0])
(4662, [0])
(4663, [0])
(4664, [0])
(4665, [0])
(4666, [0])
(4667, [0, 12])
(4668, [0])
(4669, [0])
(4670, [0])
(4671, [0])
(4672, [0])
(4673, [0])
(4674, [0])
(4675, [0, 17])
(4676, [0])
(4677, [0, 11, 22])
(4678, [0])
(4679, [0])
(4680, [0, 22])
(4681, [0])
(4682, [0])
(4683, [0])
(4684, [0, 12, 21, 23])
(4685, [0])
(4686, [0])
(4687, [0, 12])
(4688, [0])
(4689, [0, 12])
(4690, [0])
(4691, [0, 4])
(4692, [0])
(4693, [0, 4, 5, 11, 12, 23, 26, 41, 44])
(4694, [0, 12])
(4695, [0])
(4696, [0])
(4697, [0])
(4698, [0])
(4699, [0])
(4700, [0])
(4701, [0])
(4702, [0])
(4703, [0])
(4704, [0])
(4705, [0])
(4706, [0])
(4707, [0])
(4708, [0])
(4709, [0])
(4710, [0])
(4711, [0])
(4712, [0])
(4713, [0])
(4714, [0])
(4715, [0])
(4716, [0])
(4717, [0])
(4718, [0])
(4719, [0])
(4720, [0])
(4721, [0])
(4722, [0])
(4723, [0])
(4724, [0, 1, 2, 30, 31])
(4725, [0])
(4726, [0, 12])
(4727, [0])
(4728, [0])
(4729, [0])
(4730, [0])
(4731, [0])
(4732, [0])
(4733, [0])
(4734, [0])
(4735, [0])
(4736, [0])
(4737, [0])
(4738, [0, 3, 19, 21, 31, 41])
(4739, [0, 2])
(4740, [0, 3])
(4741, [0])
(4742, [0, 6, 15, 17, 23])
(4743, [0])
(4744, [0])
(4745, [0])
(4746, [0, 4])
(4747, [0])
(4748, [0])
(4749, [0])
(4750, [0])
(4751, [0])
(4752, [0])
(4753, [0])
(4754, [0])
(4755, [0])
(4756, [0, 12])
(4757, [0])
(4758, [0, 43])
(4759, [0])
(4760, [0])
(4761, [0])
(4762, [0])
(4763, [0])
(4764, [0])
(4765, [0])
(4766, [0])
(4767, [0])
(4768, [0, 3, 19, 21])
(4769, [0])
(4770, [0])
(4771, [0, 1, 3, 12, 21, 37, 40])
(4772, [0, 12])
(4773, [0, 12])
(4774, [0])
(4775, [0])
(4776, [0])
(4777, [0])
(4778, [0])
(4779, [0])
(4780, [0])
(4781, [0])
(4782, [0])
(4783, [0])
(4784, [0, 4])
(4785, [0])
(4786, [0])
(4787, [0])
(4788, [0])
(4789, [0])
(4790, [0])
(4791, [0, 41])
(4792, [0])
(4793, [0])
(4794, [0])
(4795, [0])
(4796, [0])
(4797, [0])
(4798, [0])
(4799, [0, 12])
(4800, [0])
(4801, [0])
(4802, [0, 12, 38])
(4803, [0, 12])
(4804, [0])
(4805, [0])
(4806, [0, 26])
(4807, [0, 8, 11, 17, 38, 44])
(4808, [0])
(4809, [0])
(4810, [0])
(4811, [0])
(4812, [0])
(4813, [0])
(4814, [0])
(4815, [0])
(4816, [0])
(4817, [0])
(4818, [0])
(4819, [0, 1, 7, 16, 42])
(4820, [0])
(4821, [0, 4, 6, 11, 12, 15, 16, 41, 43, 44])
(4822, [0])
(4823, [0])
(4824, [0])
(4825, [0])
(4826, [0])
(4827, [0, 12, 17])
(4828, [0])
(4829, [0, 1, 2, 3, 8, 11, 17, 19, 43, 44])
(4830, [0])
(4831, [0, 1, 12])
(4832, [0])
(4833, [0])
(4834, [0])
(4835, [0])
(4836, [0])
(4837, [0])
(4838, [0])
(4839, [0])
(4840, [0])
(4841, [0, 15])
(4842, [0])
(4843, [0])
(4844, [0, 2, 12])
(4845, [0])
(4846, [0, 3, 12, 16, 23])
(4847, [0])
(4848, [0])
(4849, [0, 2])
(4850, [0])
(4851, [0, 3, 4, 14])
(4852, [0])
(4853, [0])
(4854, [0])
(4855, [11])
(4856, [11])
(4857, [6, 11, 40])
(4858, [11, 16, 23])
(4859, [11])
(4860, [3, 11, 12])
(4861, [11])
(4862, [1, 11])
(4863, [1, 8, 11, 19, 42])
(4864, [1, 3, 11, 15, 24, 30])
(4865, [2, 11, 12, 14, 15, 26, 40])
(4866, [11, 13])
(4867, [11])
(4868, [11, 24, 44])
(4869, [2, 11, 15, 19, 22])
(4870, [11, 25])
(4871, [11])
(4872, [11])
(4873, [11])
(4874, [11])
(4875, [11])
(4876, [11])
(4877, [1, 2, 11, 12, 16, 19, 21, 22, 30, 41, 44])
(4878, [11, 15])
(4879, [7])
(4880, [1, 2, 3, 7, 26, 30])
(4881, [7])
(4882, [3, 4, 7, 44])
(4883, [7])
(4884, [7])
(4885, [7])
(4886, [7])
(4887, [7])
(4888, [7])
(4889, [7, 30])
(4890, [7])
(4891, [1, 2, 3, 4, 12, 19, 21, 22, 29])
(4892, [3, 4, 21, 29, 41])
(4893, [29])
(4894, [16, 23])
(4895, [16])
(4896, [16])
(4897, [16, 19, 26, 44])
(4898, [16])
(4899, [16])
(4900, [16])
(4901, [16])
(4902, [1, 16, 17, 21, 31])
(4903, [16])
(4904, [16, 43])
(4905, [6, 16, 19, 26])
(4906, [16])
(4907, [16])
(4908, [16])
(4909, [16])
(4910, [16])
(4911, [42])
(4912, [2, 15, 17, 19, 31, 42, 44])
(4913, [6])
(4914, [6, 15])
(4915, [6])
(4916, [6])
(4917, [6])
(4918, [6, 15])
(4919, [4, 6])
(4920, [6])
(4921, [6])
(4922, [2, 3, 4, 6, 24, 30])
(4923, [6])
(4924, [6, 44])
(4925, [3, 4, 28, 39])
(4926, [28])
(4927, [2, 28, 31])
(4928, [28, 36])
(4929, [1, 2, 4, 17])
(4930, [17])
(4931, [17])
(4932, [17])
(4933, [17, 19])
(4934, [14, 17])
(4935, [14, 15, 17, 24, 26, 41, 43])
(4936, [17])
(4937, [17])
(4938, [17, 41])
(4939, [2, 17, 26, 40, 41])
(4940, [17])
(4941, [17, 40])
(4942, [17])
(4943, [17])
(4944, [12, 17])
(4945, [17])
(4946, [17])
(4947, [17, 22])
(4948, [17])
(4949, [2, 17, 36])
(4950, [17])
(4951, [17])
(4952, [17])
(4953, [2, 17, 26])
(4954, [17])
(4955, [1, 2, 3, 4, 15, 17, 31, 36, 43])
(4956, [1, 3, 17])
(4957, [17])
(4958, [17, 41])
(4959, [17])
(4960, [1, 21, 23, 24])
(4961, [1])
(4962, [1, 3, 21, 26])
(4963, [1, 3, 12, 44])
(4964, [1, 3, 23, 31])
(4965, [1, 3, 19, 23])
(4966, [1, 3, 26])
(4967, [1])
(4968, [1, 22, 44])
(4969, [1, 3])
(4970, [1])
(4971, [1])
(4972, [1])
(4973, [1])
(4974, [1, 5])
(4975, [1])
(4976, [1, 23])
(4977, [1])
(4978, [1, 4, 30])
(4979, [1])
(4980, [1])
(4981, [1])
(4982, [1, 2, 31])
(4983, [1, 19])
(4984, [1, 3, 21])
(4985, [1, 3, 30, 31])
(4986, [1, 3, 21])
(4987, [1])
(4988, [1, 19, 21, 22])
(4989, [1])
(4990, [10])
(4991, [10])
(4992, [10])
(4993, [10, 19])
(4994, [10])
(4995, [10])
(4996, [10])
(4997, [10])
(4998, [10])
(4999, [10])
(5000, [8, 19, 21])
(5001, [19])
(5002, [5, 8, 19, 21])
(5003, [19])
(5004, [19])
(5005, [19, 22])
(5006, [19])
(5007, [19, 41])
(5008, [19])
(5009, [2, 19])
(5010, [2, 19])
(5011, [19])
(5012, [19])
(5013, [2, 19, 31])
(5014, [19])
(5015, [19])
(5016, [19, 31])
(5017, [19, 22])
(5018, [19])
(5019, [26, 41])
(5020, [26])
(5021, [2, 12, 21, 26, 40, 41])
(5022, [26])
(5023, [26])
(5024, [26])
(5025, [26])
(5026, [26, 43])
(5027, [26])
(5028, [2, 3, 13, 26, 41])
(5029, [26])
(5030, [26])
(5031, [26])
(5032, [2, 26, 36, 39, 41, 43])
(5033, [26])
(5034, [26, 31])
(5035, [26, 44])
(5036, [26])
(5037, [26])
(5038, [26])
(5039, [26, 36])
(5040, [8])
(5041, [8])
(5042, [8, 23])
(5043, [8, 23])
(5044, [8])
(5045, [8])
(5046, [8])
(5047, [8])
(5048, [8])
(5049, [8])
(5050, [8])
(5051, [8])
(5052, [21])
(5053, [12, 21, 37])
(5054, [12, 21])
(5055, [21])
(5056, [21])
(5057, [21])
(5058, [21])
(5059, [21])
(5060, [21])
(5061, [21])
(5062, [21])
(5063, [21])
(5064, [21])
(5065, [21])
(5066, [21])
(5067, [21])
(5068, [3, 21])
(5069, [21])
(5070, [21])
(5071, [21])
(5072, [21])
(5073, [21])
(5074, [21])
(5075, [21])
(5076, [21])
(5077, [21])
(5078, [21])
(5079, [21])
(5080, [21])
(5081, [21])
(5082, [21])
(5083, [21])
(5084, [21])
(5085, [21])
(5086, [21])
(5087, [21])
(5088, [44])
(5089, [24, 44])
(5090, [44])
(5091, [44])
(5092, [44])
(5093, [44])
(5094, [44])
(5095, [44])
(5096, [44])
(5097, [44])
(5098, [2, 44])
(5099, [24, 44])
(5100, [2, 3, 12, 44])
(5101, [44])
(5102, [44])
(5103, [44])
(5104, [44])
(5105, [2, 12, 44])
(5106, [44])
(5107, [44])
(5108, [44])
(5109, [44])
(5110, [2, 44])
(5111, [4, 40, 44])
(5112, [44])
(5113, [44])
(5114, [44])
(5115, [43])
(5116, [43])
(5117, [43])
(5118, [43])
(5119, [43])
(5120, [43])
(5121, [43])
(5122, [43])
(5123, [43])
(5124, [43])
(5125, [43])
(5126, [43])
(5127, [43])
(5128, [43])
(5129, [43])
(5130, [43])
(5131, [43])
(5132, [43])
(5133, [43])
(5134, [2, 43])
(5135, [3, 43])
(5136, [43])
(5137, [3, 24, 43])
(5138, [43])
(5139, [43])
(5140, [2, 23, 31, 43])
(5141, [43])
(5142, [43])
(5143, [43])
(5144, [43])
(5145, [43])
(5146, [38])
(5147, [38])
(5148, [36])
(5149, [36])
(5150, [36])
(5151, [36])
(5152, [36])
(5153, [36])
(5154, [36])
(5155, [36])
(5156, [36])
(5157, [36])
(5158, [36])
(5159, [36])
(5160, [4, 36])
(5161, [36])
(5162, [36])
(5163, [12, 36])
(5164, [36])
(5165, [36])
(5166, [36])
(5167, [36])
(5168, [36])
(5169, [36])
(5170, [36])
(5171, [36])
(5172, [36])
(5173, [36])
(5174, [36])
(5175, [36])
(5176, [14, 36])
(5177, [36])
(5178, [36])
(5179, [36])
(5180, [36])
(5181, [36])
(5182, [36])
(5183, [31])
(5184, [30, 31])
(5185, [31])
(5186, [31])
(5187, [31])
(5188, [31])
(5189, [31])
(5190, [31])
(5191, [31])
(5192, [31])
(5193, [31])
(5194, [31])
(5195, [15, 31, 39])
(5196, [31])
(5197, [2, 3, 12, 31])
(5198, [31])
(5199, [31])
(5200, [31])
(5201, [30])
(5202, [30])
(5203, [30])
(5204, [30])
(5205, [30])
(5206, [30])
(5207, [30])
(5208, [30])
(5209, [37])
(5210, [37])
(5211, [37])
(5212, [37])
(5213, [3, 37])
(5214, [2, 3, 37])
(5215, [39])
(5216, [39])
(5217, [39])
(5218, [39])
(5219, [39])
(5220, [39])
(5221, [41])
(5222, [41])
(5223, [2, 12, 41])
(5224, [41])
(5225, [41])
(5226, [41])
(5227, [41])
(5228, [41])
(5229, [41])
(5230, [2, 14, 41])
(5231, [41])
(5232, [41])
(5233, [41])
(5234, [41])
(5235, [24, 41])
(5236, [41])
(5237, [41])
(5238, [13, 41])
(5239, [41])
(5240, [41])
(5241, [41])
(5242, [41])
(5243, [41])
(5244, [41])
(5245, [3, 41])
(5246, [3, 14, 41])
(5247, [41])
(5248, [41])
(5249, [41])
(5250, [41])
(5251, [14, 41])
(5252, [41])
(5253, [41])
(5254, [24])
(5255, [24])
(5256, [24])
(5257, [2, 24])
(5258, [24])
(5259, [24])
(5260, [24])
(5261, [24])
(5262, [24])
(5263, [24])
(5264, [23])
(5265, [23])
(5266, [23])
(5267, [23])
(5268, [23])
(5269, [23])
(5270, [23])
(5271, [23])
(5272, [23])
(5273, [23])
(5274, [23])
(5275, [23])
(5276, [23])
(5277, [23])
(5278, [23])
(5279, [23])
(5280, [23])
(5281, [12, 23])
(5282, [23])
(5283, [23])
(5284, [23])
(5285, [23])
(5286, [23])
(5287, [23])
(5288, [23])
(5289, [23])
(5290, [23])
(5291, [23])
(5292, [23])
(5293, [23])
(5294, [23])
(5295, [23])
(5296, [23])
(5297, [23])
(5298, [23])
(5299, [23])
(5300, [23])
(5301, [23])
(5302, [23])
(5303, [23])
(5304, [23])
(5305, [23])
(5306, [23])
(5307, [23])
(5308, [23])
(5309, [23])
(5310, [23])
(5311, [23])
(5312, [23])
(5313, [23])
(5314, [23])
(5315, [23])
(5316, [23])
(5317, [23])
(5318, [4])
(5319, [4])
(5320, [4])
(5321, [4])
(5322, [4])
(5323, [4])
(5324, [4])
(5325, [4])
(5326, [4])
(5327, [4])
(5328, [4])
(5329, [4])
(5330, [4])
(5331, [4])
(5332, [4])
(5333, [4])
(5334, [2, 4])
(5335, [4])
(5336, [4])
(5337, [4])
(5338, [4, 12])
(5339, [15])
(5340, [15])
(5341, [15])
(5342, [2, 15])
(5343, [15])
(5344, [15])
(5345, [15])
(5346, [15])
(5347, [15])
(5348, [15])
(5349, [15])
(5350, [15])
(5351, [15])
(5352, [15])
(5353, [3])
(5354, [3])
(5355, [3, 12])
(5356, [3])
(5357, [3])
(5358, [3])
(5359, [3])
(5360, [3])
(5361, [3, 12])
(5362, [3])
(5363, [3])
(5364, [3])
(5365, [3])
(5366, [3])
(5367, [3])
(5368, [3])
(5369, [3])
(5370, [3])
(5371, [3])
(5372, [3])
(5373, [2, 3, 25])
(5374, [3])
(5375, [3])
(5376, [3])
(5377, [3])
(5378, [3])
(5379, [3])
(5380, [3])
(5381, [2, 3, 12])
(5382, [12])
(5383, [12])
(5384, [12])
(5385, [12])
(5386, [12])
(5387, [12])
(5388, [12])
(5389, [12])
(5390, [12])
(5391, [12])
(5392, [12])
(5393, [12])
(5394, [12])
(5395, [12])
(5396, [12])
(5397, [12])
(5398, [12])
(5399, [12])
(5400, [12])
(5401, [12])
(5402, [12])
(5403, [12])
(5404, [12])
(5405, [12])
(5406, [12])
(5407, [12, 14])
(5408, [12])
(5409, [12])
(5410, [12])
(5411, [12])
(5412, [12])
(5413, [12])
(5414, [12])
(5415, [12])
(5416, [12])
(5417, [12])
(5418, [12])
(5419, [12])
(5420, [12])
(5421, [12])
(5422, [12])
(5423, [12])
(5424, [12])
(5425, [12])
(5426, [12])
(5427, [12])
(5428, [12])
(5429, [12])
(5430, [12])
(5431, [12])
(5432, [12])
(5433, [12])
(5434, [12])
(5435, [12])
(5436, [12])
(5437, [12])
(5438, [12])
(5439, [12])
(5440, [12])
(5441, [12])
(5442, [12])
(5443, [12])
(5444, [12])
(5445, [12])
(5446, [12])
(5447, [12])
(5448, [12])
(5449, [12])
(5450, [12])
(5451, [12])
(5452, [12])
(5453, [12])
(5454, [12])
(5455, [12])
(5456, [40])
(5457, [40])
(5458, [2, 40])
(5459, [2])
(5460, [2])
(5461, [2])
(5462, [2])
(5463, [2])
(5464, [2])
(5465, [2])
(5466, [2])
(5467, [2])
(5468, [2])
(5469, [2])
(5470, [2])
(5471, [2])
(5472, [2])
(5473, [2])
(5474, [2])
(5475, [2])
(5476, [2])
(5477, [2])
(5478, [2])
(5479, [2])
(5480, [2])
(5481, [2])
(5482, [2])
(5483, [2])
(5484, [2])
(5485, [2])
(5486, [2])
(5487, [2])
(5488, [2, 14])
(5489, [2])
(5490, [2])
(5491, [2])
(5492, [2])
(5493, [2])
(5494, [2])
(5495, [2])
(5496, [2])
(5497, [2])
(5498, [2])
(5499, [2])
(5500, [2])
(5501, [2])
(5502, [2])
(5503, [2])
(5504, [2])
(5505, [2])
(5506, [2])
(5507, [2])
(5508, [2])
(5509, [2])
(5510, [2])
(5511, [2, 14])
(5512, [2])
(5513, [2])
(5514, [2])
(5515, [2])
(5516, [2])
(5517, [2])
(5518, [2])
(5519, [2])
(5520, [2])
(5521, [2])
(5522, [2])
(5523, [2])
(5524, [2])
(5525, [2])
(5526, [2])
(5527, [13])
(5528, [5])
(5529, [5])
(5530, [5])
(5531, [5])
(5532, [5])
(5533, [5])
(5534, [5])
(5535, [5])
(5536, [5])
(5537, [5])
(5538, [5])
(5539, [5])
(5540, [5])
(5541, [14])
(5542, [14])
(5543, [14])
(5544, [14])
(5545, [14])
(5546, [14])
(5547, [14])
(5548, [14])
(5549, [14])
(5550, [14])
(5551, [14])
(5552, [14])
(5553, [14])
(5554, [22])
(5555, [22])
(5556, [22])
(5557, [22])
(5558, [22])
(5559, [22])
(5560, [22])
(5561, [22])
(5562, [25])
