(56194, [0, 1, 2, 3, 4, 5, 6, 7, 8, 9, 10, 11, 12, 13, 14, 16, 17, 18, 19, 20, 21, 22, 23, 24, 25, 26, 27, 28, 29, 30, 31, 32, 33, 34, 35, 36, 37, 38, 39, 40, 41, 42, 43, 44])
(56195, [0, 1, 2, 3, 4, 5, 6, 7, 8, 9, 10, 11, 12, 13, 14, 15, 16, 17, 18, 19, 20, 21, 22, 23, 24, 25, 26, 27, 28, 29, 30, 31, 32, 33, 34, 35, 36, 37, 38, 39, 40, 41, 42, 43, 44])
(56196, [32])
(56197, [4, 17, 32])
(56198, [0, 1, 2, 3, 4, 5, 6, 7, 8, 9, 10, 11, 12, 13, 14, 15, 16, 17, 18, 19, 20, 21, 22, 23, 24, 25, 26, 27, 28, 29, 30, 31, 32, 33, 34, 35, 36, 37, 38, 39, 40, 41, 42, 43, 44])
(56199, [0, 1, 3, 4, 17, 19, 21, 32, 37, 38])
(56200, [0, 1, 2, 3, 4, 5, 6, 7, 8, 9, 10, 11, 12, 13, 14, 15, 16, 17, 18, 19, 20, 21, 22, 23, 24, 25, 26, 27, 28, 29, 30, 31, 32, 33, 34, 35, 36, 37, 38, 39, 40, 41, 42, 43, 44])
(56201, [0, 1, 2, 3, 4, 5, 6, 7, 8, 9, 10, 11, 12, 13, 14, 15, 16, 18, 19, 20, 21, 22, 23, 24, 25, 26, 27, 28, 29, 30, 31, 32, 33, 34, 35, 36, 37, 38, 39, 40, 41, 42, 43, 44])
(56202, [0, 1, 2, 3, 4, 5, 6, 7, 8, 9, 10, 11, 12, 13, 14, 15, 16, 17, 18, 19, 20, 21, 22, 23, 24, 25, 26, 27, 28, 29, 30, 31, 32, 33, 34, 35, 36, 37, 38, 39, 40, 41, 42, 43, 44])
(56203, [0, 1, 2, 3, 4, 5, 6, 7, 8, 9, 10, 11, 12, 13, 14, 15, 16, 17, 18, 19, 20, 21, 22, 23, 24, 25, 26, 27, 28, 29, 30, 31, 32, 33, 34, 35, 36, 37, 38, 39, 40, 41, 42, 43, 44])
(56204, [4, 6, 17, 19, 21, 23, 24, 26, 31, 32, 44])
(56205, [0, 1, 2, 3, 4, 6, 7, 8, 9, 11, 12, 13, 14, 15, 16, 17, 19, 20, 23, 24, 28, 30, 31, 32, 33, 34, 36, 40, 41, 42, 43, 44])
(56206, [0, 1, 2, 3, 4, 5, 8, 9, 14, 15, 16, 18, 19, 20, 22, 23, 24, 28, 30, 31, 32, 33, 34, 38, 40, 41, 43])
(56207, [1, 2, 3, 4, 5, 7, 8, 18, 19, 20, 22, 23, 24, 26, 27, 29, 30, 31, 32, 33, 34, 35, 43, 44])
(56208, [0, 1, 2, 3, 4, 6, 7, 8, 9, 11, 12, 13, 14, 15, 16, 17, 18, 19, 20, 21, 23, 24, 26, 28, 30, 31, 32, 33, 34, 39, 40, 41, 43, 44])
(56209, [1, 3, 7, 16, 32, 39])
(56210, [18, 19, 32])
(56211, [1, 2, 3, 4, 6, 7, 9, 11, 15, 17, 19, 22, 23, 24, 26, 30, 31, 32, 33, 34, 38, 39, 40, 41, 43, 44])
(56212, [1, 2, 3, 4, 5, 6, 7, 8, 9, 10, 11, 12, 13, 14, 15, 16, 17, 18, 19, 20, 21, 22, 23, 24, 25, 26, 27, 28, 30, 31, 32, 33, 34, 35, 36, 37, 38, 39, 40, 41, 42, 43, 44])
(56213, [0, 18, 24, 25, 26, 32, 33, 36, 41])
(56214, [0, 1, 2, 3, 4, 5, 7, 8, 9, 10, 11, 12, 15, 16, 17, 18, 19, 20, 21, 22, 23, 24, 26, 30, 31, 32, 33, 34, 35, 37, 38, 39, 40, 41, 42, 44])
(56215, [7, 30, 31, 32])
(56216, [32])
(56217, [0, 2, 4, 6, 9, 12, 13, 14, 15, 17, 24, 26, 30, 31, 32, 33, 36, 37, 41, 43])
(56218, [1, 2, 3, 6, 7, 11, 13, 17, 18, 19, 22, 23, 26, 31, 32, 33, 42, 44])
(56219, [4, 9, 32, 33, 40, 43])
(56220, [1, 2, 3, 4, 9, 11, 13, 14, 15, 16, 17, 18, 19, 20, 21, 23, 24, 26, 27, 30, 31, 32, 33, 34, 39, 40, 41, 43, 44])
(56221, [0, 1, 2, 3, 4, 5, 6, 7, 8, 9, 11, 12, 13, 14, 15, 16, 17, 18, 19, 20, 21, 22, 23, 24, 25, 26, 27, 28, 29, 30, 31, 32, 33, 34, 35, 36, 37, 38, 39, 40, 41, 42, 43, 44])
(56222, [0, 1, 2, 3, 4, 6, 9, 11, 12, 13, 14, 15, 16, 17, 18, 19, 20, 23, 24, 25, 26, 27, 28, 30, 31, 32, 33, 34, 35, 36, 40, 41, 43, 44])
(56223, [0, 5, 8, 12, 15, 30, 32, 34, 41])
(56224, [2, 3, 26, 31, 32, 34])
(56225, [0, 1, 3, 7, 9, 10, 12, 18, 32, 33, 43])
(56226, [0, 1, 2, 3, 4, 6, 8, 9, 10, 11, 12, 13, 14, 15, 16, 17, 18, 19, 20, 21, 23, 24, 26, 30, 31, 32, 33, 34, 36, 40, 41, 43, 44])
(56227, [9, 18, 24, 26, 30, 31, 32, 33, 34])
(56228, [9, 11, 15, 17, 18, 30, 31, 32, 33, 34, 35, 41])
(56229, [2, 11, 14, 17, 32])
(56230, [0, 1, 2, 3, 4, 5, 6, 7, 9, 11, 12, 15, 16, 17, 18, 19, 20, 23, 24, 26, 31, 32, 33, 34, 35, 38, 42, 44])
(56231, [1, 2, 3, 11, 24, 32, 33, 41, 43])
(56232, [1, 2, 3, 4, 6, 7, 9, 11, 18, 19, 21, 23, 26, 27, 31, 32, 34, 41, 43])
(56233, [1, 2, 3, 4, 6, 7, 9, 11, 12, 13, 15, 16, 17, 18, 19, 21, 23, 24, 26, 27, 30, 31, 32, 33, 34, 40, 41, 42, 43, 44])
(56234, [0, 32])
(56235, [32])
(56236, [1, 2, 3, 15, 26, 32, 43])
(56237, [1, 2, 3, 4, 7, 9, 13, 14, 15, 16, 17, 18, 19, 20, 21, 22, 23, 24, 26, 31, 32, 33, 34, 38, 40, 41, 43, 44])
(56238, [0, 1, 2, 3, 4, 5, 6, 8, 9, 11, 12, 15, 18, 19, 21, 22, 23, 24, 26, 31, 32, 33, 34, 35, 41])
(56239, [0, 1, 2, 3, 4, 6, 8, 9, 11, 12, 13, 14, 15, 16, 17, 18, 19, 20, 21, 22, 23, 26, 27, 30, 31, 32, 33, 34, 37, 38, 40, 41, 43, 44])
(56240, [1, 2, 3, 6, 9, 11, 15, 22, 32, 33, 40, 44])
(56241, [0, 2, 4, 7, 9, 11, 12, 13, 14, 15, 17, 18, 19, 20, 24, 26, 31, 32, 33, 36, 40, 41, 43, 44])
(56242, [1, 4, 6, 9, 11, 13, 14, 15, 16, 17, 18, 19, 23, 30, 31, 32, 33, 34, 36, 44])
(56243, [1, 2, 3, 4, 11, 13, 14, 15, 17, 18, 19, 23, 24, 26, 32, 33, 34, 36, 37, 43, 44])
(56244, [0, 1, 2, 12, 16, 23, 24, 32, 33, 42])
(56245, [0, 2, 3, 4, 9, 11, 15, 17, 19, 25, 26, 32, 34, 35, 40, 43, 44])
(56246, [19, 31, 32, 34, 40])
(56247, [1, 2, 3, 4, 7, 8, 9, 11, 12, 13, 14, 15, 16, 18, 20, 22, 24, 26, 30, 32, 34, 35, 36, 41, 42, 44])
(56248, [11, 12, 13, 19, 24, 26, 32, 41])
(56249, [1, 2, 3, 4, 7, 8, 11, 12, 13, 15, 16, 19, 20, 21, 22, 23, 26, 27, 30, 31, 32, 34, 35, 36, 38, 40, 42, 43])
(56250, [0, 4, 6, 21, 22, 30, 31, 32, 33, 34])
(56251, [1, 3, 4, 7, 9, 15, 19, 24, 31, 32, 34, 39, 43])
(56252, [9, 18, 20, 23, 32, 33, 43])
(56253, [0, 1, 2, 3, 4, 5, 6, 7, 8, 9, 11, 12, 13, 14, 15, 16, 17, 18, 19, 20, 21, 22, 23, 24, 26, 29, 30, 31, 32, 33, 34, 39, 40, 41, 42, 43, 44])
(56254, [6, 7, 9, 23, 30, 31, 32, 34])
(56255, [1, 3, 4, 6, 9, 11, 12, 15, 19, 20, 21, 22, 30, 31, 32, 33, 34, 44])
(56256, [14, 32, 43])
(56257, [1, 2, 3, 4, 5, 6, 7, 8, 9, 11, 12, 15, 18, 19, 20, 22, 23, 27, 29, 30, 31, 32, 33, 34, 35, 38, 39, 41, 43, 44])
(56258, [14, 32])
(56259, [0, 1, 3, 4, 6, 7, 9, 10, 11, 12, 15, 16, 18, 19, 20, 21, 23, 26, 29, 32, 33, 41, 42, 43, 44])
(56260, [1, 3, 16, 18, 21, 22, 30, 32, 41])
(56261, [15, 32])
(56262, [4, 8, 12, 15, 16, 18, 23, 32, 35])
(56263, [1, 2, 3, 4, 5, 7, 8, 9, 11, 12, 13, 15, 16, 17, 18, 19, 21, 22, 23, 24, 26, 28, 31, 32, 38, 39, 43, 44])
(56264, [1, 2, 3, 4, 9, 11, 12, 15, 18, 19, 21, 24, 26, 29, 32, 35, 37, 38, 39, 43, 44])
(56265, [4, 9, 18, 26, 32, 34, 40, 41, 43])
(56266, [9, 22, 23, 32, 33, 44])
(56267, [3, 4, 15, 30, 32, 34, 40, 43])
(56268, [32])
(56269, [2, 3, 13, 16, 17, 32])
(56270, [2, 11, 26, 32])
(56271, [0, 1, 3, 4, 7, 9, 11, 15, 18, 21, 22, 23, 26, 30, 31, 32, 33, 34, 35, 36, 41])
(56272, [31, 32])
(56273, [0, 2, 4, 6, 9, 11, 12, 14, 15, 16, 17, 18, 23, 24, 26, 30, 31, 32, 33, 34, 40, 43])
(56274, [1, 2, 3, 6, 7, 9, 11, 12, 13, 15, 16, 21, 23, 24, 26, 30, 32, 33, 41, 43])
(56275, [0, 2, 9, 12, 15, 18, 23, 31, 32, 35, 41, 43])
(56276, [0, 1, 2, 4, 6, 9, 11, 12, 16, 17, 18, 23, 24, 26, 31, 32, 34, 41, 43])
(56277, [0, 1, 2, 3, 6, 7, 8, 9, 11, 12, 15, 16, 17, 18, 19, 21, 22, 23, 24, 26, 27, 30, 31, 32, 33, 34, 35, 36, 38, 39, 41, 43, 44])
(56278, [1, 2, 3, 9, 15, 16, 17, 18, 19, 21, 22, 26, 30, 32, 33, 34, 41, 43, 44])
(56279, [1, 9, 31, 32, 36, 43])
(56280, [0, 1, 2, 3, 6, 8, 9, 11, 12, 15, 16, 18, 19, 21, 22, 29, 30, 31, 32, 33, 44])
(56281, [1, 3, 5, 7, 8, 11, 15, 18, 21, 22, 23, 29, 32, 36, 38, 41, 43])
(56282, [1, 2, 3, 4, 7, 9, 10, 11, 12, 13, 14, 15, 16, 17, 19, 20, 21, 22, 23, 24, 25, 26, 27, 28, 30, 31, 32, 33, 34, 36, 39, 40, 41, 42, 43, 44])
(56283, [0, 2, 11, 19, 32, 40, 43])
(56284, [30, 31, 32, 33, 34, 37])
(56285, [2, 24, 27, 28, 31, 32])
(56286, [6, 16, 23, 32, 34])
(56287, [2, 12, 15, 16, 24, 32, 34])
(56288, [1, 3, 7, 11, 31, 32, 33, 41, 44])
(56289, [9, 11, 18, 23, 24, 31, 32, 33, 40, 41, 43, 44])
(56290, [23, 32])
(56291, [1, 2, 3, 4, 6, 9, 11, 12, 13, 14, 15, 16, 17, 18, 19, 21, 23, 24, 26, 27, 29, 30, 31, 32, 33, 34, 35, 36, 37, 39, 40, 41, 43, 44])
(56292, [0, 1, 2, 3, 4, 5, 6, 7, 8, 9, 11, 12, 13, 14, 15, 16, 17, 18, 19, 21, 22, 23, 24, 26, 27, 29, 30, 31, 32, 33, 34, 35, 36, 37, 43, 44])
(56293, [0, 1, 2, 3, 9, 12, 15, 19, 21, 24, 32, 33, 38, 41])
(56294, [0, 1, 2, 3, 4, 6, 7, 8, 9, 10, 11, 12, 13, 14, 15, 16, 18, 19, 21, 22, 23, 24, 26, 29, 30, 31, 32, 33, 34, 35, 39, 41, 42, 44])
(56295, [0, 1, 2, 3, 7, 8, 9, 11, 12, 19, 21, 30, 32, 33, 35, 39, 42, 44])
(56296, [32])
(56297, [0, 1, 3, 8, 9, 11, 12, 18, 19, 21, 23, 24, 26, 30, 32, 33, 41, 44])
(56298, [1, 3, 5, 8, 12, 26, 32])
(56299, [2, 18, 26, 32, 43])
(56300, [0, 3, 12, 18, 23, 28, 32])
(56301, [2, 32])
(56302, [0, 1, 2, 3, 4, 7, 8, 10, 12, 15, 16, 17, 18, 19, 21, 22, 23, 26, 27, 32, 33, 34, 35, 37, 44])
(56303, [0, 3, 32])
(56304, [3, 6, 12, 23, 26, 32])
(56305, [32])
(56306, [0, 1, 2, 4, 9, 12, 14, 15, 17, 24, 27, 28, 30, 31, 32, 33, 34, 36, 37, 41, 43])
(56307, [0, 1, 2, 3, 4, 5, 6, 7, 8, 9, 10, 11, 12, 13, 14, 16, 18, 19, 20, 21, 22, 23, 24, 25, 26, 27, 28, 29, 30, 31, 33, 34, 35, 36, 37, 38, 39, 40, 41, 42, 43, 44])
(56308, [12, 31, 33, 35])
(56309, [1, 35])
(56310, [0, 1, 2, 3, 4, 5, 6, 7, 9, 11, 12, 13, 15, 16, 17, 18, 19, 20, 21, 22, 23, 24, 26, 29, 30, 31, 35, 36, 37, 38, 40, 43, 44])
(56311, [1, 2, 3, 12, 15, 16, 18, 19, 24, 30, 31, 35, 37, 43])
(56312, [35])
(56313, [1, 2, 35])
(56314, [0, 1, 2, 3, 5, 8, 11, 13, 15, 17, 19, 21, 22, 30, 31, 35, 40, 41, 43, 44])
(56315, [8, 21, 35])
(56316, [1, 2, 15, 35])
(56317, [2, 3, 5, 8, 12, 15, 17, 18, 21, 23, 24, 27, 35, 43])
(56318, [2, 4, 15, 23, 35, 43])
(56319, [0, 1, 2, 3, 4, 5, 7, 8, 9, 10, 11, 12, 13, 14, 15, 16, 17, 19, 20, 21, 23, 24, 26, 28, 30, 31, 34, 35, 37, 38, 41, 42, 43, 44])
(56320, [21, 35])
(56321, [35])
(56322, [35])
(56323, [12, 35])
(56324, [35])
(56325, [35])
(56326, [35])
(56327, [2, 35])
(56328, [0, 1, 3, 4, 6, 9, 12, 13, 15, 16, 35, 36, 41])
(56329, [18, 19, 23, 35, 37, 39])
(56330, [35])
(56331, [4, 21, 35])
(56332, [35])
(56333, [35])
(56334, [35])
(56335, [35])
(56336, [35])
(56337, [35])
(56338, [0, 1, 2, 3, 4, 6, 9, 10, 11, 12, 13, 14, 15, 19, 23, 24, 26, 27, 30, 31, 33, 34, 35, 41, 43])
(56339, [35])
(56340, [35])
(56341, [2, 35])
(56342, [35])
(56343, [35])
(56344, [2, 3, 15, 35, 37])
(56345, [1, 3, 4, 5, 6, 7, 9, 15, 16, 18, 19, 23, 26, 27, 31, 35, 37, 38, 41, 43])
(56346, [35])
(56347, [31, 35])
(56348, [0, 1, 2, 3, 12, 15, 17, 18, 20, 23, 24, 28, 30, 33, 34, 35, 36, 37, 39, 43, 44])
(56349, [0, 1, 4, 7, 13, 19, 23, 28, 35, 41])
(56350, [1, 3, 5, 11, 15, 16, 17, 19, 21, 22, 24, 30, 31, 33, 34, 44])
(56351, [0, 1, 2, 3, 4, 5, 7, 9, 11, 12, 15, 16, 17, 18, 19, 20, 21, 22, 23, 26, 30, 31, 33, 34, 39, 40, 41, 42, 44])
(56352, [34])
(56353, [34])
(56354, [0, 1, 2, 4, 9, 11, 12, 15, 16, 19, 21, 23, 26, 27, 31, 34, 36, 41])
(56355, [0, 12, 15, 21, 30, 33, 34])
(56356, [11, 21, 34])
(56357, [2, 6, 9, 15, 17, 30, 34])
(56358, [0, 1, 3, 11, 12, 17, 18, 19, 26, 34, 42])
(56359, [1, 2, 3, 4, 11, 12, 14, 15, 17, 19, 23, 24, 30, 34, 36, 41, 43])
(56360, [34])
(56361, [1, 30, 34])
(56362, [1, 2, 3, 9, 11, 15, 17, 22, 24, 30, 34, 39])
(56363, [9, 11, 23, 28, 34, 41, 43])
(56364, [34])
(56365, [2, 4, 21, 34, 41])
(56366, [34])
(56367, [1, 7, 8, 9, 12, 15, 17, 22, 23, 30, 34, 36, 40, 41])
(56368, [34])
(56369, [0, 1, 3, 4, 11, 20, 33, 34, 36])
(56370, [18, 19, 23, 29, 31, 33, 34, 40, 44])
(56371, [34])
(56372, [1, 8, 11, 16, 19, 24, 31, 33, 34])
(56373, [11, 34, 40])
(56374, [1, 2, 3, 7, 18, 19, 23, 30, 31, 33, 34, 44])
(56375, [0, 1, 3, 12, 30, 34])
(56376, [2, 34])
(56377, [0, 1, 3, 6, 9, 18, 20, 34])
(56378, [1, 9, 26, 31, 34, 38, 41, 43, 44])
(56379, [1, 3, 4, 6, 11, 12, 18, 21, 31, 33, 34, 39, 43, 44])
(56380, [0, 3, 4, 7, 24, 34])
(56381, [34])
(56382, [1, 2, 3, 4, 7, 9, 11, 13, 21, 31, 33, 34, 36, 37, 41, 43, 44])
(56383, [34])
(56384, [0, 1, 2, 3, 11, 12, 14, 15, 17, 19, 26, 34])
(56385, [34])
(56386, [0, 9, 12, 18, 29, 34])
(56387, [0, 1, 3, 4, 9, 12, 15, 21, 24, 30, 34])
(56388, [2, 15, 23, 31, 34])
(56389, [2, 18, 30, 34])
(56390, [34])
(56391, [31, 34])
(56392, [34])
(56393, [3, 7, 23, 26, 30, 31, 33, 34, 38])
(56394, [18, 34])
(56395, [0, 34])
(56396, [33])
(56397, [1, 2, 3, 4, 8, 9, 15, 16, 18, 23, 24, 30, 31, 33, 41, 43])
(56398, [0, 2, 3, 11, 14, 33, 43])
(56399, [0, 2, 9, 12, 14, 17, 18, 24, 26, 33, 36, 40, 41, 43])
(56400, [1, 2, 3, 4, 7, 18, 28, 29, 33])
(56401, [33])
(56402, [33])
(56403, [1, 4, 6, 13, 15, 16, 19, 30, 33])
(56404, [30, 33, 44])
(56405, [33])
(56406, [33, 42])
(56407, [1, 3, 9, 12, 20, 22, 33, 41, 42])
(56408, [1, 2, 3, 9, 14, 31, 33, 40, 41, 44])
(56409, [1, 2, 3, 4, 5, 6, 9, 11, 12, 13, 16, 17, 18, 19, 20, 21, 22, 23, 24, 30, 31, 33, 41, 42, 43, 44])
(56410, [0, 2, 4, 14, 19, 23, 33])
(56411, [0, 1, 2, 3, 4, 6, 7, 9, 11, 12, 13, 16, 17, 18, 19, 21, 23, 24, 26, 28, 29, 30, 33, 37, 38, 39, 41, 43, 44])
(56412, [33])
(56413, [4, 6, 33])
(56414, [1, 2, 3, 11, 12, 18, 19, 22, 30, 33, 44])
(56415, [0, 2, 3, 4, 15, 30, 33, 36])
(56416, [1, 3, 5, 6, 9, 11, 12, 20, 26, 33, 43])
(56417, [0, 1, 2, 3, 14, 18, 21, 31, 33, 40, 44])
(56418, [8, 23, 33])
(56419, [24, 33, 43])
(56420, [0, 12, 33])
(56421, [33])
(56422, [0, 3, 20, 33, 36, 41])
(56423, [6, 9, 31, 33, 38])
(56424, [1, 2, 3, 4, 6, 8, 11, 15, 16, 17, 18, 20, 23, 26, 27, 28, 33, 37, 41, 43])
(56425, [2, 18, 19, 23, 26, 31, 33, 44])
(56426, [2, 12, 18, 31, 33])
(56427, [1, 3, 6, 7, 8, 9, 16, 18, 19, 21, 23, 26, 30, 31, 33])
(56428, [33])
(56429, [1, 2, 8, 9, 19, 24, 26, 33])
(56430, [33])
(56431, [3, 4, 11, 19, 20, 21, 26, 30, 33])
(56432, [0, 1, 3, 13, 17, 22, 23, 30, 33, 42, 43])
(56433, [2, 9, 10, 15, 19, 20, 22, 24, 28, 30, 44])
(56434, [1, 3, 20, 21])
(56435, [0, 3, 9, 17, 18, 20, 22, 44])
(56436, [20])
(56437, [1, 2, 9, 12, 14, 20, 44])
(56438, [0, 1, 2, 3, 9, 15, 17, 18, 20, 31, 40, 43])
(56439, [20])
(56440, [0, 2, 6, 9, 12, 20, 42, 43])
(56441, [1, 2, 3, 6, 8, 9, 11, 13, 14, 15, 16, 17, 19, 20, 21, 23, 26, 27, 31, 41, 42, 43])
(56442, [20])
(56443, [20])
(56444, [0, 1, 3, 12, 16, 20, 21, 30, 42])
(56445, [20])
(56446, [0, 1, 3, 20, 26])
(56447, [1, 2, 11, 20, 21, 44])
(56448, [1, 2, 3, 7, 9, 11, 12, 13, 14, 15, 17, 19, 20, 22, 23, 24, 26, 29, 30, 36, 38, 40, 41, 44])
(56449, [0, 3, 4, 6, 8, 9, 11, 14, 15, 17, 19, 20, 23, 31, 36, 42])
(56450, [0, 1, 3, 19, 20, 44])
(56451, [0, 20])
(56452, [1, 4, 9, 15, 20, 41, 43])
(56453, [2, 6, 15, 20, 31])
(56454, [20])
(56455, [1, 20])
(56456, [20])
(56457, [20])
(56458, [1, 3, 7, 11, 19, 20, 22])
(56459, [1, 2, 15, 16, 20, 31, 40])
(56460, [0, 12, 20])
(56461, [1, 2, 3, 8, 9, 12, 14, 19, 20, 23, 26, 30, 40, 41, 43])
(56462, [0, 1, 3, 4, 11, 12, 17, 20, 39])
(56463, [0, 7, 20])
(56464, [0, 20])
(56465, [1, 11, 20])
(56466, [20])
(56467, [20])
(56468, [18])
(56469, [2, 6, 11, 15, 18, 23, 29, 38, 40])
(56470, [3, 9, 12, 18, 31, 43])
(56471, [18, 30, 37, 43])
(56472, [18])
(56473, [18])
(56474, [2, 18])
(56475, [15, 18])
(56476, [18, 23])
(56477, [18])
(56478, [18])
(56479, [18, 23])
(56480, [8, 16, 18, 23, 40, 43])
(56481, [18, 23])
(56482, [2, 18])
(56483, [4, 18])
(56484, [2, 8, 9, 18, 19, 23, 29, 39, 44])
(56485, [6, 14, 18, 19, 22, 30, 43])
(56486, [0, 2, 4, 15, 16, 18, 19, 26, 43])
(56487, [18])
(56488, [2, 6, 17, 18, 21, 44])
(56489, [18])
(56490, [18])
(56491, [2, 18, 19])
(56492, [2, 7, 11, 17, 18, 23, 36, 44])
(56493, [18, 40])
(56494, [1, 2, 3, 16, 18, 22, 23, 24, 42, 43, 44])
(56495, [1, 3, 9, 12, 15, 18, 19, 21, 22, 26, 36, 43])
(56496, [0, 11, 12, 15, 18, 43, 44])
(56497, [15, 18, 23])
(56498, [12, 18])
(56499, [18])
(56500, [18])
(56501, [18])
(56502, [18])
(56503, [18])
(56504, [18])
(56505, [15, 18, 23])
(56506, [18])
(56507, [1, 18, 29])
(56508, [18])
(56509, [18])
(56510, [18])
(56511, [18, 23])
(56512, [18])
(56513, [18])
(56514, [18])
(56515, [0, 7, 11, 18, 30])
(56516, [18])
(56517, [18])
(56518, [18])
(56519, [0, 18])
(56520, [14, 18])
(56521, [18])
(56522, [18])
(56523, [18])
(56524, [18])
(56525, [18])
(56526, [18])
(56527, [18])
(56528, [1, 18, 41])
(56529, [18])
(56530, [1, 2, 18, 40, 43])
(56531, [18])
(56532, [18])
(56533, [18])
(56534, [0, 2, 3, 5, 12, 18, 22, 23])
(56535, [18])
(56536, [18])
(56537, [18])
(56538, [18])
(56539, [18])
(56540, [6, 9, 15, 18, 23, 41])
(56541, [18])
(56542, [18])
(56543, [8, 18, 41, 43])
(56544, [18])
(56545, [18])
(56546, [3, 12, 18, 23])
(56547, [18])
(56548, [18])
(56549, [18])
(56550, [12, 18])
(56551, [4, 18])
(56552, [2, 18])
(56553, [18])
(56554, [18])
(56555, [18])
(56556, [18])
(56557, [0, 12, 18, 25, 41])
(56558, [0, 18, 30, 31])
(56559, [18])
(56560, [18])
(56561, [18])
(56562, [1, 3, 18])
(56563, [18])
(56564, [18])
(56565, [18])
(56566, [0, 1, 11, 12, 18, 23, 30])
(56567, [18])
(56568, [18])
(56569, [18])
(56570, [27])
(56571, [27])
(56572, [0, 6, 9, 10, 27, 36])
(56573, [1, 2, 3, 9, 11, 12, 15, 16, 17, 19, 21, 23, 24, 27, 40, 41, 43])
(56574, [4, 9, 15, 19, 22, 27, 30, 38])
(56575, [27])
(56576, [3, 6, 27, 37])
(56577, [2, 6, 9, 12, 17, 23, 28])
(56578, [9])
(56579, [2, 3, 9, 19, 21, 23, 26, 40, 43])
(56580, [9, 10, 12, 21, 23, 24, 28, 43])
(56581, [9, 12, 16])
(56582, [9])
(56583, [2, 3, 9, 16, 26, 43])
(56584, [6, 9, 23, 43])
(56585, [9, 12, 23])
(56586, [7, 9])
(56587, [0, 1, 3, 9, 19, 22, 38])
(56588, [0, 3, 6, 9, 11, 14, 15, 41, 43])
(56589, [3, 9, 12, 16, 19, 23])
(56590, [8, 9, 23])
(56591, [9])
(56592, [9])
(56593, [9])
(56594, [0, 2, 9, 16, 19, 22])
(56595, [6, 9, 15, 17, 26])
(56596, [9])
(56597, [2, 9, 19, 37, 43])
(56598, [0, 9])
(56599, [2, 9])
(56600, [1, 3, 9, 21, 22])
(56601, [9])
(56602, [9])
(56603, [9, 41])
(56604, [9])
(56605, [0, 2, 7, 9, 12, 19, 26])
(56606, [1, 3, 9, 15, 26, 43])
(56607, [2, 9, 43])
(56608, [9])
(56609, [1, 3, 6, 9, 21, 22, 23, 24, 31, 38, 41, 43])
(56610, [4, 9, 39])
(56611, [9])
(56612, [1, 3, 4, 9, 11, 12, 19, 21, 38])
(56613, [9])
(56614, [9])
(56615, [9])
(56616, [9])
(56617, [1, 3, 9, 16, 26])
(56618, [9, 12, 16, 23, 30, 42])
(56619, [9, 10, 19])
(56620, [0, 3, 9, 16, 19, 23, 44])
(56621, [3, 9, 15, 21, 23])
(56622, [9])
(56623, [9])
(56624, [9])
(56625, [9])
(56626, [9])
(56627, [0, 2, 7, 9, 11, 19])
(56628, [0, 9])
(56629, [9])
(56630, [9])
(56631, [9])
(56632, [9])
(56633, [9, 40, 41])
(56634, [0, 9])
(56635, [0])
(56636, [0])
(56637, [0])
(56638, [0, 3])
(56639, [0])
(56640, [0])
(56641, [0])
(56642, [0, 2])
(56643, [0])
(56644, [0, 4, 14, 30, 43])
(56645, [0, 2, 11, 25])
(56646, [0])
(56647, [0])
(56648, [0])
(56649, [0, 12])
(56650, [0, 2, 17])
(56651, [0])
(56652, [0])
(56653, [0, 12])
(56654, [0])
(56655, [0])
(56656, [0])
(56657, [0])
(56658, [0])
(56659, [0])
(56660, [0])
(56661, [0])
(56662, [0])
(56663, [0])
(56664, [0])
(56665, [0])
(56666, [0, 12])
(56667, [0])
(56668, [0])
(56669, [0])
(56670, [0])
(56671, [0, 1])
(56672, [0, 12])
(56673, [0, 1, 2, 3, 12])
(56674, [0])
(56675, [0, 10, 12, 24])
(56676, [0])
(56677, [0])
(56678, [0])
(56679, [0])
(56680, [0])
(56681, [0, 15])
(56682, [0])
(56683, [0])
(56684, [0, 36])
(56685, [0])
(56686, [0])
(56687, [0])
(56688, [0])
(56689, [0])
(56690, [0])
(56691, [0, 2, 11])
(56692, [0, 12])
(56693, [0])
(56694, [0, 1])
(56695, [0])
(56696, [0])
(56697, [0])
(56698, [0])
(56699, [0])
(56700, [0])
(56701, [0])
(56702, [0])
(56703, [0])
(56704, [0])
(56705, [0])
(56706, [0])
(56707, [0, 2, 12])
(56708, [0, 12, 23])
(56709, [0, 12])
(56710, [0, 23])
(56711, [0])
(56712, [0, 15, 30])
(56713, [0])
(56714, [0])
(56715, [0, 19])
(56716, [0])
(56717, [0, 2, 3, 4, 7, 11, 14, 17, 22, 26, 30, 31])
(56718, [0, 4])
(56719, [0])
(56720, [0])
(56721, [0, 1, 3, 12, 13, 39, 41])
(56722, [0, 2, 3, 11, 12, 15, 26])
(56723, [0, 12])
(56724, [0])
(56725, [0])
(56726, [0, 1, 3, 15, 23, 26, 28, 42])
(56727, [0, 2])
(56728, [0])
(56729, [0])
(56730, [0])
(56731, [0])
(56732, [0])
(56733, [0])
(56734, [0, 12])
(56735, [0, 3, 6, 17])
(56736, [0, 2])
(56737, [0])
(56738, [0])
(56739, [0, 1, 11, 40, 44])
(56740, [0])
(56741, [0])
(56742, [0])
(56743, [0])
(56744, [0])
(56745, [0])
(56746, [0])
(56747, [0])
(56748, [0])
(56749, [0])
(56750, [0])
(56751, [0])
(56752, [0])
(56753, [0, 2, 23])
(56754, [0])
(56755, [0])
(56756, [0])
(56757, [0])
(56758, [0])
(56759, [0, 28])
(56760, [0])
(56761, [0])
(56762, [0])
(56763, [0])
(56764, [0])
(56765, [0])
(56766, [0, 6, 12, 16])
(56767, [0])
(56768, [0])
(56769, [0])
(56770, [0])
(56771, [0])
(56772, [0])
(56773, [0])
(56774, [0, 12, 16])
(56775, [0])
(56776, [0])
(56777, [0])
(56778, [0])
(56779, [0])
(56780, [0])
(56781, [0])
(56782, [0])
(56783, [0])
(56784, [0, 2, 12])
(56785, [0])
(56786, [0])
(56787, [0])
(56788, [0])
(56789, [0])
(56790, [0])
(56791, [0, 36])
(56792, [0])
(56793, [0, 1])
(56794, [0])
(56795, [0])
(56796, [0])
(56797, [0])
(56798, [0, 30])
(56799, [0])
(56800, [0])
(56801, [0])
(56802, [0])
(56803, [0])
(56804, [0])
(56805, [0])
(56806, [0, 2, 3])
(56807, [0, 12])
(56808, [0])
(56809, [0])
(56810, [0])
(56811, [0])
(56812, [0])
(56813, [0])
(56814, [0, 23])
(56815, [0])
(56816, [0])
(56817, [0])
(56818, [0])
(56819, [0])
(56820, [0])
(56821, [0, 12])
(56822, [0, 1, 3, 12, 19, 22, 26, 42])
(56823, [0])
(56824, [0])
(56825, [0])
(56826, [0])
(56827, [0])
(56828, [0])
(56829, [0])
(56830, [0])
(56831, [0])
(56832, [0])
(56833, [0])
(56834, [0])
(56835, [0])
(56836, [0])
(56837, [0])
(56838, [0, 14])
(56839, [0])
(56840, [0])
(56841, [0])
(56842, [0])
(56843, [0])
(56844, [0])
(56845, [0])
(56846, [0])
(56847, [0, 3])
(56848, [0])
(56849, [0])
(56850, [0, 1, 3, 15, 17])
(56851, [0])
(56852, [0])
(56853, [0])
(56854, [0])
(56855, [0, 23])
(56856, [0])
(56857, [0])
(56858, [0])
(56859, [0])
(56860, [0])
(56861, [0])
(56862, [0])
(56863, [0, 3])
(56864, [0])
(56865, [0])
(56866, [0])
(56867, [0])
(56868, [0, 3, 23])
(56869, [0])
(56870, [0])
(56871, [0])
(56872, [0])
(56873, [0])
(56874, [0])
(56875, [0])
(56876, [0])
(56877, [0])
(56878, [0])
(56879, [0])
(56880, [0])
(56881, [0])
(56882, [0])
(56883, [0])
(56884, [0])
(56885, [0])
(56886, [0, 3])
(56887, [0])
(56888, [0])
(56889, [0])
(56890, [0])
(56891, [0])
(56892, [0])
(56893, [0])
(56894, [0, 3, 21])
(56895, [0])
(56896, [0])
(56897, [0])
(56898, [0])
(56899, [0])
(56900, [0, 3])
(56901, [0])
(56902, [0])
(56903, [11, 12, 41])
(56904, [1, 8, 11, 37, 43, 44])
(56905, [3, 11, 12, 41])
(56906, [11, 12, 44])
(56907, [7, 11, 21, 23, 30, 43])
(56908, [2, 11, 12, 15, 26, 31])
(56909, [1, 3, 6, 11, 12, 16, 23, 31])
(56910, [11])
(56911, [11])
(56912, [11, 12])
(56913, [11])
(56914, [2, 11])
(56915, [11])
(56916, [1, 3, 11, 12, 21, 22, 23])
(56917, [3, 11, 30, 36, 41, 44])
(56918, [11, 44])
(56919, [11])
(56920, [11])
(56921, [3, 11, 17])
(56922, [7])
(56923, [7, 16])
(56924, [7])
(56925, [7])
(56926, [7])
(56927, [1, 3, 7, 19, 21, 24, 26, 30])
(56928, [1, 3, 7])
(56929, [7])
(56930, [7])
(56931, [7])
(56932, [7])
(56933, [1, 3, 6, 7, 10, 19, 23, 26, 41])
(56934, [2, 3, 7, 17, 36])
(56935, [1, 2, 3, 7, 8, 26, 31])
(56936, [1, 19, 29])
(56937, [29])
(56938, [29])
(56939, [16])
(56940, [16])
(56941, [16])
(56942, [16])
(56943, [16, 23])
(56944, [16, 17, 19, 36, 44])
(56945, [16, 23])
(56946, [2, 12, 16, 26, 36])
(56947, [3, 16, 19, 31])
(56948, [16])
(56949, [16])
(56950, [16])
(56951, [2, 16])
(56952, [4, 16])
(56953, [16, 23])
(56954, [16])
(56955, [12, 21, 42])
(56956, [1, 3, 26, 30, 42])
(56957, [42])
(56958, [6, 43])
(56959, [6])
(56960, [6, 15, 26, 43])
(56961, [6, 23])
(56962, [6])
(56963, [2, 3, 4, 6, 12, 19, 23, 26, 30, 31])
(56964, [6, 15, 30, 43])
(56965, [6])
(56966, [6])
(56967, [4, 6])
(56968, [6])
(56969, [6])
(56970, [1, 2, 3, 6, 19, 21, 26, 31, 41, 43])
(56971, [28])
(56972, [28])
(56973, [19, 28, 37])
(56974, [28])
(56975, [28])
(56976, [28])
(56977, [2, 14, 26, 28])
(56978, [17])
(56979, [12, 17])
(56980, [17, 25])
(56981, [17])
(56982, [17, 44])
(56983, [17, 19])
(56984, [17])
(56985, [8, 17])
(56986, [17, 19])
(56987, [17])
(56988, [17])
(56989, [1, 12, 17, 44])
(56990, [2, 17, 41])
(56991, [17])
(56992, [17])
(56993, [17])
(56994, [17])
(56995, [2, 14, 17])
(56996, [17, 41, 43])
(56997, [1])
(56998, [1])
(56999, [1, 3, 21, 22, 39])
(57000, [1])
(57001, [1, 3, 21, 22, 26])
(57002, [1, 3, 21])
(57003, [1, 3])
(57004, [1, 12])
(57005, [1])
(57006, [1, 8, 19])
(57007, [1])
(57008, [1, 3, 4, 21, 41])
(57009, [1])
(57010, [1])
(57011, [1, 3, 44])
(57012, [1, 3, 26, 43])
(57013, [1, 3])
(57014, [1, 21])
(57015, [1])
(57016, [1])
(57017, [1, 3, 44])
(57018, [1, 3, 44])
(57019, [1])
(57020, [1, 3])
(57021, [1])
(57022, [1, 3, 21])
(57023, [1, 3])
(57024, [1])
(57025, [1, 2, 23, 38])
(57026, [1])
(57027, [1, 19, 39])
(57028, [1, 3, 12, 23])
(57029, [1])
(57030, [1, 12, 43, 44])
(57031, [1])
(57032, [1])
(57033, [1])
(57034, [1])
(57035, [1, 3, 15])
(57036, [1, 3, 19])
(57037, [1, 3, 21])
(57038, [10])
(57039, [10, 12])
(57040, [10])
(57041, [10])
(57042, [2, 10])
(57043, [10])
(57044, [10])
(57045, [10])
(57046, [10])
(57047, [10])
(57048, [10])
(57049, [10])
(57050, [10])
(57051, [10])
(57052, [10])
(57053, [5, 8, 19, 21, 24])
(57054, [19])
(57055, [19, 23])
(57056, [19])
(57057, [19])
(57058, [19])
(57059, [19])
(57060, [19, 21, 22, 23])
(57061, [19])
(57062, [19, 39])
(57063, [19])
(57064, [19])
(57065, [19])
(57066, [19])
(57067, [19])
(57068, [19])
(57069, [3, 19])
(57070, [2, 14, 15, 19, 21, 23])
(57071, [2, 19])
(57072, [19])
(57073, [14, 19, 22, 26, 39, 43])
(57074, [19])
(57075, [19])
(57076, [19])
(57077, [19])
(57078, [26])
(57079, [26])
(57080, [26])
(57081, [4, 26, 44])
(57082, [26])
(57083, [26])
(57084, [26, 31])
(57085, [3, 26, 44])
(57086, [26])
(57087, [26])
(57088, [26])
(57089, [26])
(57090, [26])
(57091, [2, 26])
(57092, [26, 43])
(57093, [26])
(57094, [26])
(57095, [26])
(57096, [26])
(57097, [26])
(57098, [4, 8])
(57099, [8, 30, 31, 39])
(57100, [8])
(57101, [8])
(57102, [8])
(57103, [8])
(57104, [8])
(57105, [8])
(57106, [8])
(57107, [8])
(57108, [8])
(57109, [8])
(57110, [8])
(57111, [8])
(57112, [3, 8])
(57113, [8, 23])
(57114, [8])
(57115, [8])
(57116, [8])
(57117, [8])
(57118, [8])
(57119, [21])
(57120, [21])
(57121, [21])
(57122, [21])
(57123, [21])
(57124, [21])
(57125, [3, 21])
(57126, [21])
(57127, [21])
(57128, [21])
(57129, [21])
(57130, [21])
(57131, [21])
(57132, [21])
(57133, [21])
(57134, [3, 21])
(57135, [21])
(57136, [21])
(57137, [21])
(57138, [21, 23, 43])
(57139, [21, 39])
(57140, [21])
(57141, [21])
(57142, [21])
(57143, [21])
(57144, [21])
(57145, [21])
(57146, [21])
(57147, [21])
(57148, [15, 44])
(57149, [44])
(57150, [44])
(57151, [44])
(57152, [44])
(57153, [44])
(57154, [44])
(57155, [44])
(57156, [12, 44])
(57157, [44])
(57158, [36, 39, 44])
(57159, [44])
(57160, [44])
(57161, [44])
(57162, [44])
(57163, [43])
(57164, [2, 43])
(57165, [15, 43])
(57166, [43])
(57167, [43])
(57168, [41, 43])
(57169, [2, 22, 43])
(57170, [43])
(57171, [43])
(57172, [15, 23, 43])
(57173, [43])
(57174, [43])
(57175, [2, 4, 41, 43])
(57176, [41, 43])
(57177, [43])
(57178, [43])
(57179, [43])
(57180, [30, 43])
(57181, [43])
(57182, [4, 22, 43])
(57183, [43])
(57184, [43])
(57185, [4, 41, 43])
(57186, [38])
(57187, [38])
(57188, [38])
(57189, [38])
(57190, [36])
(57191, [36])
(57192, [36])
(57193, [14, 36])
(57194, [36])
(57195, [36])
(57196, [36])
(57197, [36])
(57198, [36])
(57199, [36])
(57200, [36])
(57201, [36])
(57202, [36])
(57203, [36])
(57204, [2, 36])
(57205, [36])
(57206, [36])
(57207, [36])
(57208, [36])
(57209, [36])
(57210, [36])
(57211, [36])
(57212, [36])
(57213, [36])
(57214, [5, 23, 31])
(57215, [31])
(57216, [31])
(57217, [31])
(57218, [31])
(57219, [12, 31])
(57220, [31])
(57221, [3, 31])
(57222, [31])
(57223, [30])
(57224, [30])
(57225, [3, 5, 12, 23, 30])
(57226, [30])
(57227, [30])
(57228, [30])
(57229, [30])
(57230, [37])
(57231, [37])
(57232, [37])
(57233, [37])
(57234, [39])
(57235, [39])
(57236, [39])
(57237, [39])
(57238, [12, 39])
(57239, [12, 40, 41])
(57240, [4, 15, 41])
(57241, [41])
(57242, [41])
(57243, [41])
(57244, [13, 41])
(57245, [41])
(57246, [41])
(57247, [41])
(57248, [41])
(57249, [2, 41])
(57250, [41])
(57251, [41])
(57252, [41])
(57253, [41])
(57254, [41])
(57255, [41])
(57256, [41])
(57257, [14, 41])
(57258, [24])
(57259, [24])
(57260, [24])
(57261, [24])
(57262, [24])
(57263, [24])
(57264, [24])
(57265, [24])
(57266, [24])
(57267, [24])
(57268, [23])
(57269, [23])
(57270, [23])
(57271, [23])
(57272, [23])
(57273, [23])
(57274, [23])
(57275, [23])
(57276, [23])
(57277, [23])
(57278, [23])
(57279, [23])
(57280, [23])
(57281, [23])
(57282, [23])
(57283, [23])
(57284, [23])
(57285, [23])
(57286, [23])
(57287, [23])
(57288, [23])
(57289, [23])
(57290, [23])
(57291, [23])
(57292, [23])
(57293, [23])
(57294, [23])
(57295, [23])
(57296, [23])
(57297, [23])
(57298, [23])
(57299, [2, 23])
(57300, [23])
(57301, [23])
(57302, [23])
(57303, [23])
(57304, [23])
(57305, [23])
(57306, [2, 23])
(57307, [23])
(57308, [23])
(57309, [23])
(57310, [23])
(57311, [23])
(57312, [22, 23])
(57313, [23])
(57314, [23])
(57315, [23])
(57316, [23])
(57317, [23])
(57318, [23])
(57319, [23])
(57320, [23])
(57321, [23])
(57322, [23])
(57323, [23])
(57324, [23])
(57325, [23])
(57326, [23])
(57327, [23])
(57328, [23])
(57329, [23])
(57330, [23])
(57331, [23])
(57332, [23])
(57333, [23])
(57334, [4])
(57335, [4])
(57336, [4])
(57337, [4])
(57338, [4])
(57339, [4])
(57340, [4])
(57341, [4])
(57342, [4])
(57343, [4])
(57344, [4])
(57345, [2, 4])
(57346, [4])
(57347, [4])
(57348, [4])
(57349, [4])
(57350, [4])
(57351, [4])
(57352, [4])
(57353, [4])
(57354, [4])
(57355, [15])
(57356, [15])
(57357, [15])
(57358, [15])
(57359, [15])
(57360, [15])
(57361, [15])
(57362, [15])
(57363, [15])
(57364, [15])
(57365, [15])
(57366, [3, 15])
(57367, [15])
(57368, [15])
(57369, [15])
(57370, [15])
(57371, [3])
(57372, [3, 12])
(57373, [3])
(57374, [3])
(57375, [3])
(57376, [3])
(57377, [3])
(57378, [3, 12])
(57379, [3])
(57380, [3])
(57381, [3])
(57382, [3])
(57383, [3])
(57384, [3])
(57385, [3])
(57386, [3])
(57387, [3])
(57388, [3])
(57389, [3])
(57390, [3, 12])
(57391, [3])
(57392, [3])
(57393, [3])
(57394, [3])
(57395, [3])
(57396, [3])
(57397, [12])
(57398, [12])
(57399, [12])
(57400, [12])
(57401, [12])
(57402, [12])
(57403, [12])
(57404, [12])
(57405, [12])
(57406, [12])
(57407, [12])
(57408, [12])
(57409, [12])
(57410, [12])
(57411, [12])
(57412, [12])
(57413, [12])
(57414, [12])
(57415, [12])
(57416, [12])
(57417, [12])
(57418, [12])
(57419, [12])
(57420, [12])
(57421, [12])
(57422, [12])
(57423, [12])
(57424, [12])
(57425, [12])
(57426, [12])
(57427, [12])
(57428, [12])
(57429, [12])
(57430, [12])
(57431, [12])
(57432, [12])
(57433, [12])
(57434, [12])
(57435, [12, 40])
(57436, [12])
(57437, [12])
(57438, [12])
(57439, [12])
(57440, [12])
(57441, [12])
(57442, [12])
(57443, [12])
(57444, [12])
(57445, [12])
(57446, [12])
(57447, [12])
(57448, [12])
(57449, [12])
(57450, [12])
(57451, [12])
(57452, [12])
(57453, [12])
(57454, [12])
(57455, [12])
(57456, [12])
(57457, [12])
(57458, [12])
(57459, [12])
(57460, [12])
(57461, [12])
(57462, [12])
(57463, [12])
(57464, [12])
(57465, [12])
(57466, [12])
(57467, [12])
(57468, [12])
(57469, [12])
(57470, [12])
(57471, [12])
(57472, [12])
(57473, [12])
(57474, [12, 40])
(57475, [12])
(57476, [12])
(57477, [40])
(57478, [40])
(57479, [40])
(57480, [40])
(57481, [2])
(57482, [2])
(57483, [2])
(57484, [2])
(57485, [2])
(57486, [2])
(57487, [2])
(57488, [2])
(57489, [2])
(57490, [2])
(57491, [2])
(57492, [2])
(57493, [2])
(57494, [2])
(57495, [2])
(57496, [2])
(57497, [2])
(57498, [2])
(57499, [2])
(57500, [2])
(57501, [2])
(57502, [2])
(57503, [2])
(57504, [2])
(57505, [2])
(57506, [2])
(57507, [2])
(57508, [2])
(57509, [2])
(57510, [2])
(57511, [2])
(57512, [2])
(57513, [2])
(57514, [2])
(57515, [2])
(57516, [2])
(57517, [2])
(57518, [2])
(57519, [2])
(57520, [2])
(57521, [2])
(57522, [2])
(57523, [2])
(57524, [2])
(57525, [2])
(57526, [2])
(57527, [2])
(57528, [2])
(57529, [2])
(57530, [2])
(57531, [2])
(57532, [2])
(57533, [2])
(57534, [2])
(57535, [2])
(57536, [2])
(57537, [2])
(57538, [2])
(57539, [2])
(57540, [2])
(57541, [2])
(57542, [2])
(57543, [2])
(57544, [2])
(57545, [2])
(57546, [2])
(57547, [2])
(57548, [2])
(57549, [2])
(57550, [2])
(57551, [2])
(57552, [2])
(57553, [2])
(57554, [2])
(57555, [2])
(57556, [2])
(57557, [2, 22])
(57558, [2])
(57559, [2])
(57560, [13])
(57561, [13])
(57562, [13])
(57563, [13])
(57564, [5])
(57565, [5])
(57566, [5])
(57567, [5])
(57568, [5])
(57569, [14])
(57570, [14])
(57571, [14])
(57572, [14])
(57573, [14])
(57574, [14])
(57575, [14])
(57576, [14])
(57577, [14])
(57578, [14])
(57579, [14])
(57580, [14])
(57581, [14])
(57582, [14])
(57583, [14])
(57584, [14])
(57585, [14])
(57586, [14])
(57587, [14])
(57588, [14])
(57589, [14])
(57590, [14])
(57591, [14])
(57592, [14])
(57593, [14])
(57594, [14])
(57595, [14])
(57596, [14])
(57597, [14])
(57598, [22])
(57599, [22])
(57600, [22])
(57601, [22])
(57602, [22])
(57603, [22])
(57604, [25])
(57605, [25])
(57606, [25])
