(102891, [32, 35, 34, 33, 20, 18, 27, 9, 0, 11, 7, 29, 16, 42, 6, 28, 17, 1, 10, 19, 26, 8, 21, 44, 43, 38, 36, 31, 30, 37, 39, 41, 24, 23, 4, 15, 3, 12, 40, 2, 13, 5, 14, 22, 25])
(102892, [32, 17])
(102893, [32, 35, 34, 33, 20, 18, 27, 9, 0, 11, 7, 29, 16, 42, 6, 28, 17, 1, 10, 19, 26, 8, 21, 44, 43, 38, 36, 31, 30, 37, 39, 41, 24, 23, 4, 15, 3, 12, 40, 2, 13, 5, 14, 22, 25])
(102894, [32, 35, 34, 33, 20, 18, 27, 9, 0, 11, 7, 29, 16, 42, 6, 28, 17, 1, 10, 19, 26, 8, 21, 44, 43, 38, 36, 31, 30, 37, 39, 41, 24, 23, 4, 15, 3, 12, 40, 2, 13, 5, 14, 22, 25])
(102895, [32, 35, 34, 33, 20, 18, 27, 9, 0, 11, 7, 29, 16, 42, 6, 28, 17, 1, 10, 19, 26, 8, 21, 44, 43, 38, 36, 31, 30, 37, 39, 41, 24, 23, 4, 15, 3, 12, 40, 2, 13, 5, 14, 22, 25])
(102896, [32, 34, 33, 17, 1, 19, 4, 14, 22])
(102897, [32, 34, 18, 9, 0, 17, 26, 44, 23, 15, 12, 2, 22])
(102898, [32, 35, 34, 33, 20, 18, 27, 9, 0, 11, 7, 29, 16, 42, 6, 28, 1, 10, 19, 26, 8, 21, 44, 43, 38, 36, 31, 30, 37, 39, 41, 24, 23, 4, 3, 12, 40, 2, 13, 5, 14, 22, 25])
(102899, [32, 35, 34, 33, 20, 18, 27, 9, 0, 11, 7, 29, 16, 42, 6, 28, 17, 1, 10, 19, 26, 8, 21, 44, 43, 38, 36, 31, 30, 37, 39, 41, 24, 23, 4, 15, 3, 12, 40, 2, 13, 5, 14, 22, 25])
(102900, [32, 35, 34, 33, 20, 18, 27, 9, 0, 11, 7, 29, 16, 42, 6, 28, 17, 1, 10, 19, 26, 8, 21, 44, 43, 38, 36, 31, 30, 37, 39, 41, 24, 23, 4, 15, 3, 12, 40, 2, 13, 5, 14, 22, 25])
(102901, [32, 35, 34, 33, 20, 18, 9, 0, 11, 7, 29, 16, 42, 6, 17, 1, 19, 26, 8, 21, 44, 43, 38, 36, 31, 30, 37, 39, 41, 24, 23, 4, 15, 3, 12, 40, 2, 13, 5, 14, 22, 25])
(102902, [32, 34, 33, 20, 18, 9, 0, 11, 16, 42, 6, 17, 1, 26, 21, 44, 43, 31, 30, 39, 24, 4, 15, 3, 12, 40, 2, 22])
(102903, [32, 20, 18, 0, 7, 16, 1, 10, 19, 43, 3, 12, 13])
(102904, [32, 34, 33, 20, 18, 27, 9, 0, 11, 7, 16, 6, 28, 17, 1, 19, 26, 43, 30, 39, 41, 24, 23, 4, 15, 3, 12, 40, 2, 14])
(102905, [32, 11, 6, 28, 1, 19, 26, 30, 41, 24, 23, 15, 3])
(102906, [32, 30])
(102907, [32, 35, 34, 33, 20, 9, 0, 6, 1, 19, 26, 44, 43, 36, 31, 30, 37, 41, 24, 23, 4, 15, 3, 12, 40, 2, 13, 14])
(102908, [32, 35, 34, 33, 20, 18, 27, 9, 0, 11, 7, 16, 42, 6, 28, 17, 1, 10, 19, 26, 8, 44, 43, 38, 36, 31, 30, 39, 41, 24, 23, 4, 15, 3, 12, 40, 2, 13, 14, 22])
(102909, [32, 35, 34, 20, 27, 9, 0, 11, 7, 16, 42, 17, 1, 19, 26, 8, 44, 43, 30, 41, 24, 4, 15, 3, 12, 40, 2, 14, 22])
(102910, [32, 34, 33, 18, 9, 11, 1, 21, 44, 31, 3, 2, 22])
(102911, [32, 35, 34, 33, 27, 9, 0, 11, 7, 16, 17, 1, 26, 8, 21, 44, 31, 30, 41, 23, 4, 3, 12, 40, 2, 13, 5])
(102912, [32, 34, 20, 0, 11, 28, 17, 1, 26, 21, 44, 43, 36, 30, 24, 15, 3, 40, 2, 14, 25])
(102913, [32, 35, 33, 18, 9, 0, 11, 16, 6, 17, 19, 43, 36, 30, 39, 23, 4, 15, 12, 40, 2, 5, 25])
(102914, [32, 34, 33, 8, 21, 31, 30, 41, 23, 4, 3])
(102915, [32, 20, 27, 0, 7, 16, 26, 44, 15, 3, 12, 2])
(102916, [32, 33, 9, 0, 11, 7, 17, 1, 26, 4, 3, 2, 13])
(102917, [32, 18])
(102918, [32, 34, 33, 18, 9, 0, 11, 1, 19, 26, 8, 44, 36, 31, 30, 23, 3, 12, 40, 2])
(102919, [32, 35, 34, 33, 20, 18, 9, 0, 11, 7, 29, 16, 42, 6, 17, 1, 19, 26, 8, 21, 44, 43, 38, 36, 31, 30, 37, 39, 41, 24, 23, 4, 15, 3, 12, 40, 2, 13, 14, 22])
(102920, [32, 34, 18, 9, 17, 1, 19, 26, 21, 44, 31, 30, 4, 15, 3, 40, 2, 13])
(102921, [32, 34, 33, 20, 18, 9, 0, 7, 16, 42, 1, 10, 26, 44, 31, 30, 41, 23, 15, 3, 2])
(102922, [32, 27, 0, 7, 16, 17, 44, 43, 31, 12, 13])
(102923, [32, 35, 34, 33, 20, 18, 27, 9, 11, 16, 6, 28, 17, 1, 10, 19, 26, 21, 44, 43, 38, 36, 31, 30, 37, 41, 24, 23, 4, 15, 3, 12, 40, 2, 13, 14, 22])
(102924, [32, 18, 27, 9, 6, 19, 36, 31, 30, 39, 41, 24, 4, 15, 3, 12, 40, 2])
(102925, [32, 35, 34, 33, 20, 18, 9, 0, 11, 7, 29, 16, 6, 28, 17, 1, 10, 19, 26, 8, 21, 44, 43, 36, 31, 30, 37, 39, 41, 24, 23, 4, 15, 3, 12, 40, 2, 5, 14, 22])
(102926, [32])
(102927, [32, 34, 33, 20, 18, 6, 1, 44, 43, 38, 31, 30, 41, 24, 23, 4, 3, 13, 22])
(102928, [32, 27, 9, 0, 11, 16, 6, 1, 19, 43, 31, 41, 23])
(102929, [32, 35, 34, 33, 20, 18, 27, 9, 0, 7, 16, 42, 6, 28, 17, 1, 10, 19, 26, 8, 43, 36, 31, 30, 37, 41, 24, 23, 4, 15, 3, 12, 2, 14])
(102930, [32, 34, 33, 18, 27, 11, 6, 28, 17, 1, 19, 26, 8, 21, 44, 43, 38, 36, 31, 30, 39, 4, 15, 3, 40, 2, 13, 5, 14, 22, 25])
(102931, [32, 18, 9, 1, 19, 31, 30, 15, 3])
(102932, [32, 34, 33, 20, 18, 0, 11, 16, 6, 1, 19, 26, 8, 21, 44, 31, 30, 37, 39, 41, 23, 4, 15, 3, 12, 40, 2, 5, 14])
(102933, [32, 33, 18, 11, 6, 17, 26, 43, 30, 41, 23])
(102934, [32, 34, 33, 0, 1, 8, 21, 44, 31, 23, 4, 15, 3, 22])
(102935, [32, 6, 26, 31, 30, 4, 15, 14])
(102936, [32, 16, 19, 26, 8, 21, 44, 43, 31, 30, 4, 15, 3, 40, 25])
(102937, [32, 33, 20, 18, 11, 7, 16, 6, 1, 10, 19, 44, 43, 38, 30, 24, 23, 4, 15, 3, 40, 2, 13, 14, 22])
(102938, [32, 41, 4, 14])
(102939, [32, 31, 24, 4, 15, 14])
(102940, [32, 35, 34, 20, 18, 27, 9, 0, 11, 7, 16, 42, 6, 28, 17, 1, 10, 19, 26, 8, 21, 44, 43, 38, 31, 37, 39, 41, 24, 23, 4, 15, 3, 12, 40, 2, 13, 5, 14, 22])
(102941, [32, 35, 34, 33, 20, 27, 9, 0, 11, 7, 16, 42, 28, 17, 1, 19, 26, 21, 44, 38, 31, 30, 24, 4, 15, 3, 12, 40, 2, 13, 22, 25])
(102942, [32])
(102943, [32, 0, 7, 1])
(102944, [32, 33, 18, 11, 17, 26, 44, 36, 31, 23])
(102945, [32, 34, 9, 11, 7, 16, 28, 1, 19, 26, 43, 31, 23, 4, 15, 40, 2, 14])
(102946, [32, 35, 34, 33, 20, 9, 0, 11, 7, 16, 42, 6, 17, 1, 10, 19, 26, 8, 21, 44, 43, 38, 36, 31, 30, 37, 39, 41, 24, 23, 4, 15, 3, 12, 40, 2, 5, 14, 22])
(102947, [32, 35, 34, 33, 20, 18, 27, 9, 0, 11, 7, 16, 42, 28, 17, 1, 19, 26, 8, 44, 43, 38, 36, 31, 30, 41, 24, 15, 3, 12, 2, 13, 14, 22, 25])
(102948, [32, 34, 20, 18, 9, 0, 11, 7, 16, 28, 17, 1, 19, 26, 21, 44, 43, 31, 30, 41, 24, 23, 4, 15, 3, 12, 2, 13, 14])
(102949, [32, 35, 34, 1, 43, 31, 30, 41, 23, 40, 14])
(102950, [32, 33, 0, 11, 16, 1, 21, 31, 30, 4, 3, 2, 14])
(102951, [32, 34, 33, 27, 9, 0, 11, 16, 42, 6, 17, 1, 19, 26, 8, 21, 44, 43, 31, 30, 39, 41, 24, 23, 15, 3, 2, 13, 22])
(102952, [32, 1])
(102953, [32, 35, 33, 20, 18, 27, 9, 0, 11, 16, 42, 6, 1, 10, 26, 43, 36, 31, 30, 41, 24, 23, 4, 15, 3, 12, 2, 14])
(102954, [32, 33, 6, 26, 4, 3, 12, 13])
(102955, [32, 9, 1, 24, 12, 40])
(102956, [32, 9, 0, 16, 23, 4, 15, 40])
(102957, [32, 35, 9, 0, 42, 6, 17, 1, 26, 8, 44, 43, 31, 30, 23, 4, 15, 3, 12, 2, 5])
(102958, [32, 34, 18, 0, 4, 15, 2, 14])
(102959, [32, 0, 29, 19, 44, 36, 24, 2])
(102960, [32, 34, 33, 18, 9, 0, 11, 7, 29, 16, 42, 6, 17, 1, 19, 26, 8, 21, 44, 43, 38, 31, 30, 37, 39, 41, 24, 23, 4, 15, 3, 12, 40, 2, 13, 5, 22, 25])
(102961, [32, 34, 33, 18, 9, 11, 7, 29, 16, 6, 1, 19, 44, 43, 36, 30, 39, 23, 4, 15, 3, 2, 5])
(102962, [32, 35, 34, 33, 20, 18, 27, 0, 11, 16, 6, 1, 19, 21, 44, 43, 36, 37, 24, 4, 15, 3, 12, 40, 2, 14])
(102963, [32, 35, 11, 1, 26, 8, 21, 44, 4, 3, 5])
(102964, [32, 6])
(102965, [32, 33, 20, 9, 0, 11, 7, 29, 42, 1, 19, 21, 36, 31, 30, 41, 4, 15, 3, 12, 2, 13, 14, 22])
(102966, [32, 34, 33, 11, 6, 1, 19, 26, 43, 31, 30, 41, 23, 15, 2])
(102967, [32, 35, 34, 33, 20, 18, 27, 9, 11, 7, 16, 42, 6, 17, 1, 10, 19, 26, 8, 21, 44, 43, 38, 31, 30, 37, 39, 41, 24, 23, 4, 15, 3, 12, 40, 2, 22])
(102968, [32, 34, 33, 20, 18, 9, 0, 11, 16, 42, 17, 1, 19, 8, 21, 44, 31, 30, 41, 24, 4, 15, 3, 12, 2, 13, 14, 22])
(102969, [32, 34])
(102970, [32, 35, 34, 18, 11, 6, 17, 1, 19, 26, 21, 44, 43, 31, 41, 24, 4, 15, 3, 13, 22])
(102971, [32, 18, 19, 24, 2, 14])
(102972, [32, 34, 33, 18, 9, 0, 11, 16, 42, 28, 1, 10, 26, 8, 44, 43, 36, 31, 41, 24, 23, 4, 3, 12, 2, 14, 22])
(102973, [32, 18, 1, 43, 3, 12])
(102974, [32, 35, 34, 33, 20, 18, 27, 9, 0, 11, 7, 16, 42, 28, 17, 1, 10, 19, 26, 8, 21, 44, 43, 38, 31, 30, 39, 41, 24, 23, 15, 3, 12, 2, 13, 5, 14])
(102975, [32, 34, 0, 7, 29, 16, 1, 43, 31, 30, 41, 24, 23, 3])
(102976, [32, 34, 33, 20, 18, 9, 0, 11, 7, 16, 28, 17, 10, 26, 44, 43, 31, 30, 39, 41, 24, 23, 4, 15, 3, 12, 40, 2, 13, 14, 22, 25])
(102977, [32, 33, 27, 9, 0, 11, 16, 6, 28, 19, 26, 44, 43, 31, 30, 39, 24, 23, 4, 15, 3, 12, 2, 22, 25])
(102978, [32, 31, 30])
(102979, [32, 34, 33, 18, 9, 0, 11, 7, 6, 17, 1, 19, 26, 44, 43, 36, 31, 30, 41, 24, 15, 3, 12, 40, 2, 13, 14, 25])
(102980, [32, 34, 18, 23])
(102981, [32, 9, 16, 26, 8, 43, 31, 24, 23, 2, 5, 14])
(102982, [32, 1, 23, 4, 3])
(102983, [32, 34, 18, 17, 8, 44, 31, 30, 23, 15, 3, 2])
(102984, [32, 9, 19, 37, 3, 12])
(102985, [32, 33, 18, 0, 11, 16, 6, 1, 26, 44, 38, 31, 30, 24, 15, 3, 12, 2])
(102986, [32, 1, 39, 3])
(102987, [32, 34, 33, 9, 11, 17, 31, 41, 24, 40])
(102988, [32, 35, 34, 33, 18, 27, 9, 11, 7, 16, 42, 6, 17, 1, 19, 26, 8, 21, 44, 43, 38, 36, 31, 30, 37, 39, 41, 24, 23, 4, 15, 3, 12, 40, 2, 13, 5, 14, 22])
(102989, [32, 34, 20, 9, 11, 16, 28, 17, 1, 19, 26, 21, 44, 31, 30, 39, 24, 4, 15, 3, 12, 40, 2])
(102990, [32, 20, 0, 11, 17, 19, 44, 43, 38, 39, 41, 24, 3, 12, 14])
(102991, [32, 9, 7, 19, 44, 3])
(102992, [32, 34, 33, 20, 18, 27, 9, 0, 11, 7, 16, 6, 17, 10, 19, 26, 44, 43, 38, 36, 31, 41, 24, 23, 4, 3, 12, 40, 2, 13, 14])
(102993, [32])
(102994, [32, 20, 18, 0, 11, 7, 29, 6, 1, 26, 8, 21, 23, 4, 3, 12, 2, 22])
(102995, [32, 34, 20, 0, 42, 6, 1, 19, 8, 21, 44, 31, 37, 4, 15, 3, 12, 14, 22])
(102996, [32, 36])
(102997, [32, 17])
(102998, [32, 34, 0, 1, 8, 41, 3])
(102999, [32, 35, 34, 33, 18, 27, 9, 0, 11, 16, 6, 28, 17, 1, 19, 26, 44, 43, 31, 30, 41, 23, 4, 15, 3, 12, 40, 2, 5])
(103000, [32, 18, 43, 41])
(103001, [32, 35, 34, 33, 20, 18, 27, 9, 0, 11, 7, 16, 6, 28, 17, 19, 26, 44, 43, 38, 36, 30, 39, 41, 24, 23, 4, 15, 12, 40, 2, 13, 14, 25])
(103002, [32, 35, 34, 33, 20, 18, 27, 9, 11, 29, 16, 42, 17, 1, 10, 19, 26, 8, 21, 41, 23, 4, 15, 3, 12, 2, 13, 22])
(103003, [32, 0, 43, 15])
(103004, [32])
(103005, [32, 9, 0, 1, 19, 39, 3, 2])
(103006, [35])
(103007, [35])
(103008, [35, 2])
(103009, [35, 21])
(103010, [35, 6, 1, 3, 2])
(103011, [35, 9, 0, 7, 29, 16, 6, 1, 10, 39, 23, 3, 22])
(103012, [35])
(103013, [35])
(103014, [35])
(103015, [35, 34, 20, 11, 1, 10, 19, 26, 21, 43, 30, 23, 15, 3, 12, 5, 22])
(103016, [35, 34, 33, 20, 0, 7, 42, 6, 1, 30, 39, 23, 3, 2])
(103017, [35])
(103018, [35, 20, 9, 0, 7, 6, 17, 1, 19, 26, 44, 43, 31, 30, 4, 15, 3, 12, 2, 5])
(103019, [35, 9, 0, 7, 16, 6, 12, 40, 2])
(103020, [35])
(103021, [35])
(103022, [35, 16, 42, 1, 19, 21, 43, 37, 41, 24, 23, 4, 15, 3, 12, 5])
(103023, [35, 34, 0, 42, 1, 26, 31, 41, 15, 3, 2])
(103024, [35, 20, 27, 9, 0, 11, 42, 28, 1, 19, 26, 41, 24, 3, 12, 2])
(103025, [35, 34, 27, 9, 0, 16, 42, 28, 1, 10, 19, 26, 8, 21, 44, 43, 30, 23, 15, 3, 12, 2, 22])
(103026, [35])
(103027, [35])
(103028, [35, 18, 16, 44, 23])
(103029, [35])
(103030, [35])
(103031, [35])
(103032, [35, 18, 8, 23, 3])
(103033, [35])
(103034, [35])
(103035, [35, 34, 33, 0, 31])
(103036, [35, 34, 20, 27, 9, 0, 11, 7, 16, 28, 17, 1, 10, 19, 26, 8, 44, 38, 31, 30, 4, 15, 3, 12, 2, 5, 14, 22])
(103037, [35, 34, 33, 9, 11, 7, 16, 17, 1, 19, 26, 21, 44, 43, 36, 31, 41, 24, 4, 15, 3, 2, 13, 5, 14, 22])
(103038, [35])
(103039, [35])
(103040, [35])
(103041, [35, 1, 44, 37])
(103042, [35])
(103043, [35])
(103044, [35, 20, 0])
(103045, [34, 33, 20, 7, 42, 1, 8, 21, 43, 3])
(103046, [34, 33, 0, 1, 31, 15, 3, 12, 2, 13])
(103047, [34])
(103048, [34, 11])
(103049, [34, 18, 44])
(103050, [34, 7, 16, 1, 19, 26, 44, 43, 4, 3, 12, 2])
(103051, [34, 3])
(103052, [34, 18, 0, 30, 15, 12, 2])
(103053, [34, 0])
(103054, [34, 12])
(103055, [34, 1, 13])
(103056, [34, 1, 43, 24, 40, 2, 14])
(103057, [34])
(103058, [34, 18, 6, 8, 43, 31, 30, 37, 24, 23, 15, 12, 2, 5])
(103059, [34, 17])
(103060, [34])
(103061, [34, 33, 18, 0, 11, 1, 19, 44, 41, 15, 3, 2])
(103062, [34])
(103063, [34, 2])
(103064, [34, 11, 7, 1, 19, 26, 44, 43, 24, 4, 3, 2, 14])
(103065, [34, 18, 9, 29, 42, 17, 1, 19, 31, 30, 3, 12])
(103066, [34, 33, 18, 0, 16, 17, 1, 19, 8, 44, 31, 24, 23, 3, 40, 14])
(103067, [34, 18, 19, 21])
(103068, [34])
(103069, [34])
(103070, [34])
(103071, [34, 1, 19, 26, 31, 3, 25])
(103072, [34, 20, 11, 7, 1, 19, 8, 21, 3, 22])
(103073, [34, 33, 3])
(103074, [34, 33, 20, 19, 26, 4])
(103075, [34, 1, 26, 31, 2])
(103076, [34, 20, 0, 11, 43, 30, 15, 3, 12, 5])
(103077, [34, 15])
(103078, [34, 18, 16, 44])
(103079, [34, 11, 30, 12])
(103080, [34, 0])
(103081, [34, 18, 28, 31, 24, 23, 2])
(103082, [34, 33, 18, 9, 16, 6, 1, 19, 26, 8, 44, 43, 31, 30, 15, 3, 12, 2])
(103083, [34, 33, 20, 9, 0, 11, 7, 6, 26, 43, 31, 41, 24, 23, 15])
(103084, [34, 18, 9, 0, 28, 41, 12, 40, 14])
(103085, [34, 18, 12])
(103086, [34, 18, 17, 19, 43, 31, 30, 23, 15])
(103087, [34])
(103088, [34, 9, 0, 11, 16, 26, 43, 31, 23, 3, 12, 2])
(103089, [34])
(103090, [34, 0, 31, 37, 12])
(103091, [34, 20, 9, 0, 11, 7, 16, 42, 28, 1, 10, 19, 26, 8, 21, 44, 43, 36, 31, 30, 39, 23, 4, 3, 12, 2, 14, 22])
(103092, [34])
(103093, [34])
(103094, [34])
(103095, [34, 0, 19, 21, 44, 23, 12])
(103096, [34, 18, 30, 4])
(103097, [34, 8, 31, 30, 3])
(103098, [33])
(103099, [33, 18, 17, 26, 2, 13, 14])
(103100, [33, 0, 26, 4, 40, 2])
(103101, [33, 0, 26, 14])
(103102, [33, 31])
(103103, [33, 9, 6, 39, 15])
(103104, [33, 7, 30])
(103105, [33])
(103106, [33, 0])
(103107, [33, 9, 0, 42, 6, 17, 1, 10, 19, 21, 43, 38, 31, 30, 15, 3, 12, 14])
(103108, [33])
(103109, [33, 20, 9, 0, 16, 42, 6, 10, 26, 43, 24, 4, 12, 2])
(103110, [33])
(103111, [33, 0, 6, 28, 36, 3, 2])
(103112, [33, 6, 1, 19, 8, 43, 3, 12])
(103113, [33])
(103114, [33])
(103115, [33, 2])
(103116, [33, 7])
(103117, [33])
(103118, [33, 11, 17, 44])
(103119, [33, 18, 11, 17, 1, 19, 44, 43, 15, 3, 2, 14])
(103120, [33, 1, 19])
(103121, [33, 18, 9, 0, 16, 6, 28, 17, 1, 19, 36, 41, 23, 4, 15, 3, 12, 2, 22])
(103122, [33, 16, 1, 3])
(103123, [33, 18, 9, 0, 7, 16, 6, 17, 1, 10, 19, 8, 43, 37, 41, 24, 23, 3, 12, 13, 22])
(103124, [33])
(103125, [33, 44, 30])
(103126, [33])
(103127, [33])
(103128, [33])
(103129, [33])
(103130, [33])
(103131, [33, 18])
(103132, [33, 31, 23, 12])
(103133, [33, 44])
(103134, [33])
(103135, [33, 2])
(103136, [33, 9, 11, 16, 1, 41, 3, 12])
(103137, [33, 27, 16, 17, 1, 19, 26, 44, 4, 3])
(103138, [33, 18, 1, 26, 15, 3])
(103139, [33, 20, 18, 42, 6, 31, 2])
(103140, [33, 9, 6, 19, 43, 31, 12, 2])
(103141, [33, 18, 9, 0, 42, 1, 26, 41, 4, 15, 3, 12, 2, 13])
(103142, [33, 40])
(103143, [33])
(103144, [20, 9, 17, 10, 19, 8, 3, 13])
(103145, [20])
(103146, [20, 9, 0, 16, 1, 21, 23, 15, 3, 12])
(103147, [20, 1, 31, 37, 2])
(103148, [20, 26])
(103149, [20])
(103150, [20, 9, 0, 11, 17, 1, 19, 44, 36, 31, 4, 2, 14])
(103151, [20, 0, 3])
(103152, [20, 0, 11, 6, 26, 3, 12, 2, 5])
(103153, [20, 18, 27, 9, 11, 16, 42, 6, 17, 1, 19, 21, 44, 43, 36, 31, 30, 41, 24, 23, 15, 3, 40, 2])
(103154, [20, 0, 11, 16, 1, 19, 26, 21, 44, 41, 2, 22])
(103155, [20, 11])
(103156, [20, 1, 3])
(103157, [20, 11, 6, 26, 43, 12])
(103158, [20])
(103159, [20])
(103160, [20, 0, 1, 21, 44, 39, 3, 12, 2])
(103161, [20, 18, 27, 9, 11, 7, 16, 42, 1, 19, 26, 21, 44, 43, 24, 3, 12, 2, 14, 22])
(103162, [20])
(103163, [20])
(103164, [20])
(103165, [20, 0, 3, 12])
(103166, [20])
(103167, [20, 18, 27, 9, 15, 3, 12])
(103168, [20, 3])
(103169, [20, 6, 10, 24, 13])
(103170, [20, 0, 1, 12])
(103171, [20, 2])
(103172, [20, 9, 7, 29, 16, 1, 3, 12, 13])
(103173, [20, 21])
(103174, [20, 3])
(103175, [20])
(103176, [20, 1, 19, 21, 36, 37, 3, 2])
(103177, [20])
(103178, [20])
(103179, [20, 0, 1, 44, 3, 12])
(103180, [20])
(103181, [18, 30, 39, 23, 15, 40])
(103182, [18, 19, 21, 3, 40])
(103183, [18])
(103184, [18])
(103185, [18])
(103186, [18, 9, 0, 7, 29, 42, 28, 17, 1, 19, 8, 21, 44, 43, 38, 37, 39, 24, 23, 3, 12, 2])
(103187, [18, 16, 10, 19, 21, 44, 23, 4, 15, 2, 13])
(103188, [18, 0, 16, 19, 21, 37, 39, 41, 40, 2, 22])
(103189, [18, 6, 1, 19, 26, 43, 31, 30, 24, 23, 4, 15, 3])
(103190, [18])
(103191, [18])
(103192, [18, 1, 19, 21, 30, 41, 15, 3, 2, 13])
(103193, [18, 23])
(103194, [18])
(103195, [18])
(103196, [18])
(103197, [18, 26, 15, 22])
(103198, [18])
(103199, [18, 1, 19, 21, 44, 3])
(103200, [18, 16, 19, 44, 2, 13])
(103201, [18])
(103202, [18, 0, 16, 1, 19, 26, 21, 44, 36, 3, 12])
(103203, [18, 11, 1, 44, 31, 3])
(103204, [18, 19, 26, 21, 44, 38, 36, 31, 23, 4, 15, 3, 40])
(103205, [18, 9, 0, 12])
(103206, [18, 1, 44, 12])
(103207, [18, 11, 1, 19, 8, 41, 3, 12, 2, 5, 22])
(103208, [18, 0, 6, 17, 1, 36, 4, 15, 3])
(103209, [18])
(103210, [18])
(103211, [18])
(103212, [18, 28, 43, 23, 15])
(103213, [18])
(103214, [18, 27, 9, 0, 42, 1, 10, 39, 3, 12, 2])
(103215, [18, 23, 3])
(103216, [18])
(103217, [18])
(103218, [18, 0])
(103219, [18])
(103220, [18, 4, 2])
(103221, [18])
(103222, [18])
(103223, [18, 11, 8])
(103224, [18, 28, 19, 21, 43, 39, 3])
(103225, [18, 21, 3, 2])
(103226, [18])
(103227, [18, 44, 36, 41, 15])
(103228, [18])
(103229, [18, 26, 12])
(103230, [18, 30])
(103231, [18])
(103232, [18])
(103233, [18])
(103234, [18])
(103235, [18])
(103236, [18])
(103237, [18, 9, 11, 26, 44, 30, 41, 15, 13])
(103238, [18])
(103239, [18])
(103240, [18, 11, 1, 19, 36, 39, 41, 3])
(103241, [18])
(103242, [18, 44, 23])
(103243, [18, 7])
(103244, [18])
(103245, [18])
(103246, [18])
(103247, [18])
(103248, [18])
(103249, [18, 43, 30, 23])
(103250, [18, 9, 17, 19, 36, 30, 24, 23, 15, 2])
(103251, [18])
(103252, [18])
(103253, [18])
(103254, [18])
(103255, [18])
(103256, [18])
(103257, [18])
(103258, [18, 0, 26, 43, 30, 41, 23, 15, 12, 2, 13, 25])
(103259, [18, 2])
(103260, [18, 23])
(103261, [18])
(103262, [18, 7, 1, 19, 3])
(103263, [18, 0])
(103264, [18])
(103265, [18])
(103266, [18])
(103267, [18, 0, 31, 30, 3, 12])
(103268, [18])
(103269, [18, 19])
(103270, [18, 0, 16, 17, 1, 19, 21, 24, 23, 4, 3, 2, 22])
(103271, [18, 0, 6, 44, 41, 4, 14])
(103272, [18])
(103273, [18])
(103274, [18])
(103275, [27])
(103276, [27, 9, 16, 6, 37, 41, 23, 15, 12])
(103277, [27, 23, 2])
(103278, [27])
(103279, [27])
(103280, [27, 11, 44, 36, 24, 12, 2])
(103281, [27])
(103282, [27])
(103283, [27])
(103284, [27, 36])
(103285, [27])
(103286, [27, 6, 12])
(103287, [27])
(103288, [9, 0, 6, 26, 43, 41, 15, 3, 40, 2, 14])
(103289, [9])
(103290, [9])
(103291, [9, 11, 1, 26, 21, 44, 15, 3, 12, 40, 2, 25])
(103292, [9, 8, 36, 23, 2])
(103293, [9])
(103294, [9, 6])
(103295, [9])
(103296, [9, 26, 23, 2])
(103297, [9, 21])
(103298, [9, 16, 1, 2])
(103299, [9])
(103300, [9, 44, 43, 41])
(103301, [9])
(103302, [9])
(103303, [9, 29, 19, 43, 41])
(103304, [9, 22])
(103305, [9])
(103306, [9])
(103307, [9])
(103308, [9])
(103309, [9, 16, 1, 19, 26, 43, 31, 39, 41, 23, 4, 15, 12, 2, 22])
(103310, [9])
(103311, [9])
(103312, [9])
(103313, [9, 2])
(103314, [9, 0, 12, 40, 13])
(103315, [9])
(103316, [9])
(103317, [9, 19, 44, 23, 2, 14])
(103318, [9])
(103319, [9])
(103320, [9, 0, 31, 4])
(103321, [9])
(103322, [9, 10, 31, 12])
(103323, [9])
(103324, [9, 43, 41, 24, 12, 2])
(103325, [9, 0, 26, 38, 2])
(103326, [9, 19])
(103327, [9])
(103328, [9])
(103329, [9])
(103330, [9, 19, 43, 14])
(103331, [9])
(103332, [9, 11, 16, 6, 1, 19, 23, 3, 2])
(103333, [9])
(103334, [9])
(103335, [9, 6, 28, 31, 24, 3, 12])
(103336, [9, 0, 7, 10, 30, 12, 2])
(103337, [9, 19, 3])
(103338, [9])
(103339, [9, 11, 26, 43, 41, 23])
(103340, [9])
(103341, [9, 11, 30, 15, 40, 2])
(103342, [9, 41, 40, 2])
(103343, [9])
(103344, [9, 7, 6, 1, 44, 43, 31, 30, 23, 3, 12])
(103345, [9, 19])
(103346, [9])
(103347, [9, 43])
(103348, [9])
(103349, [9])
(103350, [9, 6, 1, 2])
(103351, [9, 26])
(103352, [0])
(103353, [0])
(103354, [0, 12])
(103355, [0])
(103356, [0, 3, 12])
(103357, [0, 11, 19, 3])
(103358, [0])
(103359, [0])
(103360, [0])
(103361, [0])
(103362, [0, 12])
(103363, [0, 11, 6, 1, 31, 24, 4, 15, 3])
(103364, [0])
(103365, [0, 12])
(103366, [0, 12])
(103367, [0])
(103368, [0, 28, 26, 15, 3, 12])
(103369, [0])
(103370, [0])
(103371, [0, 3])
(103372, [0, 1, 24, 23, 12, 2])
(103373, [0])
(103374, [0])
(103375, [0, 11, 6, 26, 31, 41, 24, 23, 3, 12, 2])
(103376, [0, 17, 1, 12])
(103377, [0])
(103378, [0])
(103379, [0])
(103380, [0])
(103381, [0])
(103382, [0, 11, 16, 42, 43, 3, 12, 2])
(103383, [0])
(103384, [0])
(103385, [0])
(103386, [0, 3, 12])
(103387, [0])
(103388, [0])
(103389, [0])
(103390, [0, 42, 19, 21, 44, 30])
(103391, [0])
(103392, [0, 44, 31, 12])
(103393, [0, 6, 41, 24, 4, 15, 3, 40])
(103394, [0])
(103395, [0])
(103396, [0])
(103397, [0])
(103398, [0])
(103399, [0])
(103400, [0])
(103401, [0])
(103402, [0, 12])
(103403, [0, 19, 30, 24, 2, 14])
(103404, [0])
(103405, [0, 19, 12])
(103406, [0])
(103407, [0])
(103408, [0])
(103409, [0])
(103410, [0])
(103411, [0])
(103412, [0])
(103413, [0])
(103414, [0])
(103415, [0, 43, 39])
(103416, [0])
(103417, [0])
(103418, [0, 12])
(103419, [0])
(103420, [0])
(103421, [0])
(103422, [0])
(103423, [0])
(103424, [0, 12])
(103425, [0])
(103426, [0])
(103427, [0])
(103428, [0])
(103429, [0])
(103430, [0])
(103431, [0])
(103432, [0])
(103433, [0])
(103434, [0, 16, 10, 19, 12])
(103435, [0])
(103436, [0])
(103437, [0, 17])
(103438, [0, 12])
(103439, [0])
(103440, [0])
(103441, [0])
(103442, [0])
(103443, [0, 1, 21, 3, 12])
(103444, [0])
(103445, [0, 1, 21, 3])
(103446, [0, 12])
(103447, [0])
(103448, [0])
(103449, [0])
(103450, [0])
(103451, [0])
(103452, [0])
(103453, [0])
(103454, [0])
(103455, [0, 44, 3, 12, 13])
(103456, [0])
(103457, [0])
(103458, [0])
(103459, [0])
(103460, [0, 12])
(103461, [0])
(103462, [0, 1, 19, 43, 41, 23, 4, 2, 14])
(103463, [0])
(103464, [0])
(103465, [0])
(103466, [0, 3])
(103467, [0])
(103468, [0])
(103469, [0])
(103470, [0])
(103471, [0])
(103472, [0])
(103473, [0])
(103474, [0])
(103475, [0])
(103476, [0, 12])
(103477, [0, 11, 6, 43, 23, 4, 2])
(103478, [0, 12])
(103479, [0, 11, 26, 43, 15, 12, 2])
(103480, [0, 1, 12])
(103481, [0])
(103482, [0])
(103483, [0])
(103484, [0])
(103485, [0])
(103486, [0])
(103487, [0])
(103488, [0])
(103489, [0, 36, 37])
(103490, [0])
(103491, [0])
(103492, [0])
(103493, [0])
(103494, [0, 15, 3])
(103495, [0, 2])
(103496, [0])
(103497, [0])
(103498, [0, 23])
(103499, [0])
(103500, [0])
(103501, [0])
(103502, [0])
(103503, [0])
(103504, [0])
(103505, [0])
(103506, [0])
(103507, [0, 10, 12])
(103508, [0])
(103509, [0])
(103510, [0])
(103511, [0])
(103512, [0])
(103513, [0])
(103514, [0])
(103515, [0, 26])
(103516, [0])
(103517, [0])
(103518, [0, 8, 3])
(103519, [0, 16, 17, 10, 40, 2, 14])
(103520, [0, 19, 14])
(103521, [0])
(103522, [0])
(103523, [0])
(103524, [0])
(103525, [0])
(103526, [0])
(103527, [0])
(103528, [0])
(103529, [0])
(103530, [0])
(103531, [0])
(103532, [0])
(103533, [0])
(103534, [0])
(103535, [0])
(103536, [0, 12])
(103537, [0])
(103538, [0, 41])
(103539, [0])
(103540, [0, 16])
(103541, [0])
(103542, [0])
(103543, [0, 16, 41])
(103544, [0])
(103545, [0])
(103546, [0])
(103547, [0])
(103548, [0])
(103549, [0])
(103550, [0])
(103551, [0])
(103552, [0])
(103553, [0])
(103554, [0])
(103555, [0])
(103556, [0])
(103557, [0])
(103558, [0])
(103559, [0])
(103560, [0])
(103561, [0])
(103562, [0])
(103563, [0])
(103564, [0])
(103565, [0])
(103566, [0])
(103567, [0])
(103568, [0])
(103569, [0])
(103570, [0])
(103571, [0])
(103572, [0])
(103573, [0])
(103574, [0])
(103575, [0])
(103576, [0])
(103577, [11])
(103578, [11])
(103579, [11])
(103580, [11, 1, 22])
(103581, [11, 29, 1, 19, 21, 4, 15, 3, 22])
(103582, [11])
(103583, [11])
(103584, [11, 6, 44, 36, 31, 39, 41, 4, 12, 2, 22])
(103585, [11, 13])
(103586, [11, 6, 19, 43, 15, 2])
(103587, [11])
(103588, [11, 6, 1, 44, 3])
(103589, [11])
(103590, [11])
(103591, [11, 1, 19, 44, 5])
(103592, [11, 17, 26, 24, 40])
(103593, [11, 36, 2])
(103594, [11])
(103595, [11])
(103596, [11])
(103597, [11])
(103598, [7])
(103599, [7])
(103600, [7, 26, 41])
(103601, [7])
(103602, [7, 21, 3])
(103603, [7])
(103604, [7, 1, 26, 43, 14])
(103605, [7])
(103606, [7])
(103607, [7, 1])
(103608, [7, 26, 2])
(103609, [7, 26, 43])
(103610, [29, 1])
(103611, [29])
(103612, [29])
(103613, [16, 2])
(103614, [16, 3])
(103615, [16])
(103616, [16, 1, 26])
(103617, [16])
(103618, [16, 28])
(103619, [16])
(103620, [16])
(103621, [16])
(103622, [16, 2])
(103623, [16])
(103624, [16])
(103625, [16, 23])
(103626, [16, 17, 1])
(103627, [16])
(103628, [16])
(103629, [16, 1, 5])
(103630, [16])
(103631, [16])
(103632, [16])
(103633, [42])
(103634, [42])
(103635, [42, 43, 12])
(103636, [6, 24, 4])
(103637, [6, 36])
(103638, [6])
(103639, [6])
(103640, [6])
(103641, [6, 15, 12])
(103642, [6])
(103643, [6, 21, 24, 15, 2])
(103644, [6, 1, 30, 41, 24, 4, 15, 2])
(103645, [6])
(103646, [6])
(103647, [6])
(103648, [6])
(103649, [6])
(103650, [6])
(103651, [6, 28, 2])
(103652, [6, 19, 26, 43, 23, 2])
(103653, [6, 26, 25])
(103654, [6, 1, 43, 31, 41, 4])
(103655, [6, 44, 2])
(103656, [28])
(103657, [28])
(103658, [28, 15, 2])
(103659, [17])
(103660, [17])
(103661, [17, 2])
(103662, [17, 39, 14])
(103663, [17])
(103664, [17, 1, 31, 3, 40, 2])
(103665, [17])
(103666, [17])
(103667, [17, 1])
(103668, [17, 19, 41])
(103669, [17])
(103670, [17])
(103671, [17, 2])
(103672, [17, 1, 3])
(103673, [17, 19, 26, 44, 3, 2, 22, 25])
(103674, [17])
(103675, [17])
(103676, [17])
(103677, [17, 31, 15])
(103678, [17, 12])
(103679, [1])
(103680, [1, 3])
(103681, [1, 12])
(103682, [1])
(103683, [1, 3])
(103684, [1, 26, 3])
(103685, [1, 19, 26, 31, 12])
(103686, [1, 30, 4])
(103687, [1, 3])
(103688, [1, 26, 8, 21, 23, 3])
(103689, [1])
(103690, [1])
(103691, [1, 40])
(103692, [1, 3])
(103693, [1])
(103694, [1])
(103695, [1, 44])
(103696, [1, 3])
(103697, [1, 12])
(103698, [1, 3])
(103699, [1, 3, 2])
(103700, [1])
(103701, [1, 19, 3, 2])
(103702, [1])
(103703, [1, 30, 3])
(103704, [1])
(103705, [1])
(103706, [1])
(103707, [1])
(103708, [1])
(103709, [1])
(103710, [1])
(103711, [1])
(103712, [10])
(103713, [10])
(103714, [10])
(103715, [10])
(103716, [10])
(103717, [10])
(103718, [10])
(103719, [10])
(103720, [19, 26, 43, 41, 4, 12])
(103721, [19])
(103722, [19, 43, 22])
(103723, [19, 4])
(103724, [19, 22])
(103725, [19, 3])
(103726, [19])
(103727, [19])
(103728, [19])
(103729, [19, 41, 12])
(103730, [19])
(103731, [19, 41, 2])
(103732, [19])
(103733, [19])
(103734, [19, 8, 3])
(103735, [19])
(103736, [19, 2, 13])
(103737, [19, 12])
(103738, [19])
(103739, [19])
(103740, [19, 41])
(103741, [19, 26, 3])
(103742, [19, 21, 2])
(103743, [19])
(103744, [19])
(103745, [19])
(103746, [26])
(103747, [26, 5])
(103748, [26])
(103749, [26, 2])
(103750, [26])
(103751, [26, 43])
(103752, [26])
(103753, [26])
(103754, [26])
(103755, [26])
(103756, [26])
(103757, [26])
(103758, [26, 4])
(103759, [26, 21])
(103760, [26])
(103761, [26])
(103762, [26])
(103763, [26])
(103764, [26, 43, 15])
(103765, [26])
(103766, [26])
(103767, [26])
(103768, [8, 5])
(103769, [8, 31, 37, 3, 22])
(103770, [8])
(103771, [8])
(103772, [8])
(103773, [8])
(103774, [8])
(103775, [8])
(103776, [8])
(103777, [8])
(103778, [8])
(103779, [8])
(103780, [21])
(103781, [21])
(103782, [21])
(103783, [21])
(103784, [21])
(103785, [21, 2])
(103786, [21, 15])
(103787, [21])
(103788, [21, 44])
(103789, [21, 3, 12])
(103790, [21])
(103791, [21])
(103792, [21, 30])
(103793, [21])
(103794, [21])
(103795, [21])
(103796, [21])
(103797, [21])
(103798, [21])
(103799, [21])
(103800, [21])
(103801, [21])
(103802, [21])
(103803, [21])
(103804, [21])
(103805, [21])
(103806, [21, 44])
(103807, [21])
(103808, [21])
(103809, [21])
(103810, [21])
(103811, [44])
(103812, [44, 36])
(103813, [44, 14])
(103814, [44, 12, 5])
(103815, [44])
(103816, [44, 12, 2])
(103817, [44])
(103818, [44, 39])
(103819, [44])
(103820, [44])
(103821, [44])
(103822, [44])
(103823, [44])
(103824, [44])
(103825, [44])
(103826, [44, 43])
(103827, [44])
(103828, [43])
(103829, [43])
(103830, [43])
(103831, [43])
(103832, [43, 24, 2, 14])
(103833, [43])
(103834, [43, 24, 15, 13])
(103835, [43, 2, 14])
(103836, [43, 12])
(103837, [43])
(103838, [43])
(103839, [43, 14])
(103840, [43])
(103841, [43])
(103842, [43, 2])
(103843, [43])
(103844, [43, 12])
(103845, [43])
(103846, [43])
(103847, [43])
(103848, [43])
(103849, [43])
(103850, [36])
(103851, [36, 41, 14])
(103852, [36])
(103853, [36])
(103854, [36])
(103855, [36])
(103856, [36])
(103857, [36])
(103858, [36])
(103859, [36])
(103860, [36])
(103861, [36])
(103862, [36])
(103863, [36])
(103864, [36])
(103865, [36])
(103866, [36])
(103867, [36])
(103868, [36])
(103869, [36])
(103870, [36])
(103871, [36])
(103872, [36])
(103873, [36])
(103874, [31])
(103875, [31])
(103876, [31])
(103877, [31])
(103878, [31, 4])
(103879, [31])
(103880, [31])
(103881, [31])
(103882, [31])
(103883, [31])
(103884, [31, 4, 3])
(103885, [31])
(103886, [31, 39, 23, 12, 2])
(103887, [31])
(103888, [31, 12])
(103889, [31])
(103890, [31])
(103891, [30])
(103892, [30])
(103893, [30])
(103894, [30, 15, 3])
(103895, [30])
(103896, [30])
(103897, [30])
(103898, [30])
(103899, [30])
(103900, [30])
(103901, [30])
(103902, [37])
(103903, [39])
(103904, [39])
(103905, [39])
(103906, [39])
(103907, [39])
(103908, [39])
(103909, [41, 24, 2])
(103910, [41])
(103911, [41])
(103912, [41])
(103913, [41])
(103914, [41])
(103915, [41, 2])
(103916, [41, 13])
(103917, [41])
(103918, [41])
(103919, [41, 15])
(103920, [41, 2])
(103921, [41])
(103922, [41])
(103923, [41])
(103924, [41])
(103925, [41, 12])
(103926, [41])
(103927, [41, 12])
(103928, [24])
(103929, [24, 15, 2])
(103930, [24])
(103931, [24])
(103932, [24])
(103933, [24])
(103934, [24])
(103935, [24, 2])
(103936, [24, 15])
(103937, [23])
(103938, [23])
(103939, [23])
(103940, [23])
(103941, [23])
(103942, [23])
(103943, [23])
(103944, [23, 2])
(103945, [23])
(103946, [23])
(103947, [23])
(103948, [23])
(103949, [23])
(103950, [23])
(103951, [23])
(103952, [23])
(103953, [23])
(103954, [23])
(103955, [23])
(103956, [23])
(103957, [23])
(103958, [23])
(103959, [23])
(103960, [23])
(103961, [23])
(103962, [23])
(103963, [23])
(103964, [23])
(103965, [23])
(103966, [23])
(103967, [23])
(103968, [23])
(103969, [23])
(103970, [23])
(103971, [23])
(103972, [23])
(103973, [23])
(103974, [23])
(103975, [23])
(103976, [23])
(103977, [23])
(103978, [23])
(103979, [23])
(103980, [23])
(103981, [23])
(103982, [23])
(103983, [23])
(103984, [23])
(103985, [23])
(103986, [23])
(103987, [23])
(103988, [4])
(103989, [4])
(103990, [4])
(103991, [4])
(103992, [4])
(103993, [4])
(103994, [4])
(103995, [4])
(103996, [4])
(103997, [4])
(103998, [4])
(103999, [4])
(104000, [4])
(104001, [4])
(104002, [4])
(104003, [4])
(104004, [4])
(104005, [4])
(104006, [4])
(104007, [4, 3])
(104008, [4])
(104009, [4])
(104010, [4])
(104011, [4])
(104012, [4])
(104013, [15])
(104014, [15])
(104015, [15])
(104016, [15])
(104017, [15])
(104018, [15])
(104019, [15])
(104020, [15])
(104021, [15])
(104022, [15])
(104023, [15])
(104024, [15])
(104025, [15])
(104026, [15])
(104027, [3])
(104028, [3])
(104029, [3])
(104030, [3])
(104031, [3])
(104032, [3])
(104033, [3])
(104034, [3])
(104035, [3])
(104036, [3])
(104037, [3])
(104038, [3])
(104039, [3])
(104040, [3])
(104041, [3])
(104042, [3])
(104043, [3])
(104044, [3])
(104045, [3])
(104046, [3])
(104047, [3])
(104048, [3])
(104049, [3])
(104050, [3])
(104051, [3])
(104052, [3])
(104053, [3])
(104054, [3])
(104055, [3])
(104056, [3])
(104057, [3])
(104058, [3])
(104059, [3])
(104060, [3])
(104061, [3])
(104062, [12])
(104063, [12])
(104064, [12])
(104065, [12])
(104066, [12])
(104067, [12])
(104068, [12])
(104069, [12])
(104070, [12])
(104071, [12])
(104072, [12])
(104073, [12])
(104074, [12])
(104075, [12])
(104076, [12])
(104077, [12])
(104078, [12])
(104079, [12])
(104080, [12])
(104081, [12])
(104082, [12])
(104083, [12])
(104084, [12])
(104085, [12])
(104086, [12])
(104087, [12])
(104088, [12])
(104089, [12])
(104090, [12])
(104091, [12])
(104092, [12])
(104093, [12])
(104094, [12])
(104095, [12])
(104096, [12])
(104097, [12])
(104098, [12])
(104099, [12])
(104100, [12])
(104101, [12])
(104102, [12])
(104103, [12])
(104104, [12])
(104105, [12])
(104106, [12, 13])
(104107, [12])
(104108, [12])
(104109, [12])
(104110, [12])
(104111, [12])
(104112, [12])
(104113, [12])
(104114, [12])
(104115, [12])
(104116, [12])
(104117, [12])
(104118, [12])
(104119, [12])
(104120, [12])
(104121, [12])
(104122, [12])
(104123, [12])
(104124, [12])
(104125, [12])
(104126, [12])
(104127, [12])
(104128, [12])
(104129, [12])
(104130, [12])
(104131, [12])
(104132, [12])
(104133, [12])
(104134, [12])
(104135, [12])
(104136, [12])
(104137, [40])
(104138, [40])
(104139, [40, 2])
(104140, [40])
(104141, [40, 22])
(104142, [40])
(104143, [2])
(104144, [2])
(104145, [2])
(104146, [2])
(104147, [2])
(104148, [2])
(104149, [2])
(104150, [2])
(104151, [2])
(104152, [2])
(104153, [2])
(104154, [2])
(104155, [2])
(104156, [2])
(104157, [2])
(104158, [2])
(104159, [2])
(104160, [2])
(104161, [2])
(104162, [2])
(104163, [2])
(104164, [2])
(104165, [2])
(104166, [2])
(104167, [2])
(104168, [2])
(104169, [2])
(104170, [2])
(104171, [2])
(104172, [2])
(104173, [2])
(104174, [2])
(104175, [2])
(104176, [2])
(104177, [2])
(104178, [2])
(104179, [2])
(104180, [2])
(104181, [2])
(104182, [2, 13, 14, 22])
(104183, [2])
(104184, [2])
(104185, [2])
(104186, [2])
(104187, [2])
(104188, [2])
(104189, [2])
(104190, [2])
(104191, [2])
(104192, [2])
(104193, [2])
(104194, [2])
(104195, [2])
(104196, [2])
(104197, [2])
(104198, [2])
(104199, [2])
(104200, [2])
(104201, [2])
(104202, [2])
(104203, [2])
(104204, [2])
(104205, [2])
(104206, [2])
(104207, [2])
(104208, [2])
(104209, [2])
(104210, [2])
(104211, [2])
(104212, [13])
(104213, [13])
(104214, [13])
(104215, [13])
(104216, [13])
(104217, [5])
(104218, [5])
(104219, [5])
(104220, [5])
(104221, [5])
(104222, [5])
(104223, [5])
(104224, [5])
(104225, [14])
(104226, [14])
(104227, [14])
(104228, [14])
(104229, [14])
(104230, [14])
(104231, [14])
(104232, [14])
(104233, [14])
(104234, [14])
(104235, [14])
(104236, [14])
(104237, [14])
(104238, [14])
(104239, [22])
(104240, [22])
(104241, [22])
(104242, [22])
(104243, [22])
(104244, [22])
(104245, [22])
(104246, [25])
