(17946, [32, 35, 34, 33, 20, 18, 27, 9, 0, 11, 7, 29, 16, 42, 6, 28, 17, 1, 10, 19, 26, 8, 21, 44, 43, 38, 36, 31, 30, 37, 39, 41, 24, 23, 4, 15, 3, 12, 40, 2, 13, 5, 14, 22, 25])
(17947, [32, 35, 34, 33, 20, 18, 27, 9, 0, 11, 7, 29, 16, 42, 6, 28, 17, 1, 10, 19, 26, 8, 21, 44, 43, 38, 36, 31, 30, 37, 39, 41, 24, 23, 4, 15, 3, 12, 40, 2, 13, 5, 14, 22, 25])
(17948, [32, 35, 34, 33, 20, 18, 27, 9, 0, 11, 7, 29, 16, 42, 6, 28, 17, 1, 10, 19, 26, 8, 21, 44, 43, 38, 36, 31, 30, 37, 39, 41, 24, 23, 4, 15, 3, 12, 40, 2, 13, 5, 14, 22, 25])
(17949, [32, 35, 34, 33, 20, 18, 27, 9, 0, 11, 7, 29, 16, 42, 6, 28, 17, 1, 10, 19, 26, 8, 21, 44, 43, 38, 36, 31, 30, 37, 39, 41, 24, 23, 4, 15, 3, 12, 40, 2, 13, 5, 14, 22, 25])
(17950, [32, 18, 17, 21, 22])
(17951, [32, 35, 20, 0, 11, 7, 16, 42, 17, 1, 19, 8, 21, 44, 31, 23, 3, 12, 2, 5])
(17952, [32, 35, 34, 33, 20, 18, 27, 9, 0, 11, 7, 29, 16, 42, 6, 28, 17, 1, 10, 19, 26, 8, 21, 44, 43, 38, 36, 31, 30, 37, 39, 41, 24, 23, 4, 15, 3, 12, 40, 2, 13, 5, 14, 22, 25])
(17953, [32, 35, 34, 33, 20, 18, 27, 9, 0, 11, 7, 29, 16, 42, 6, 28, 17, 1, 10, 19, 26, 8, 21, 44, 43, 38, 36, 31, 30, 37, 39, 41, 24, 23, 4, 15, 3, 12, 40, 2, 13, 5, 14, 22, 25])
(17954, [32, 34, 33, 9, 16, 1, 19, 31, 30, 3, 2])
(17955, [32, 35, 34, 33, 20, 18, 27, 9, 0, 11, 16, 42, 6, 17, 1, 26, 8, 21, 44, 43, 38, 31, 30, 23, 4, 15, 3, 12, 2, 13, 5, 22])
(17956, [32, 34, 33, 20, 18, 27, 9, 0, 7, 29, 42, 6, 1, 21, 44, 31, 30, 24, 23, 4, 15, 3, 12, 5, 22])
(17957, [32, 35, 34, 33, 20, 18, 27, 9, 0, 11, 7, 16, 42, 6, 28, 17, 1, 10, 19, 26, 8, 21, 44, 43, 36, 31, 30, 37, 39, 41, 24, 23, 4, 15, 3, 12, 40, 2, 13, 14, 25])
(17958, [32, 2])
(17959, [32, 35, 34, 33, 18, 27, 9, 0, 11, 7, 29, 16, 42, 6, 17, 1, 19, 26, 8, 21, 44, 43, 38, 31, 30, 37, 39, 41, 24, 23, 4, 15, 3, 12, 2, 5, 14, 22])
(17960, [32, 35, 34, 33, 20, 18, 9, 0, 11, 7, 29, 16, 6, 17, 1, 19, 26, 8, 21, 44, 43, 31, 30, 37, 39, 41, 24, 23, 4, 15, 3, 12, 40, 2, 13, 5, 22])
(17961, [32, 35, 34, 33, 20, 18, 9, 0, 11, 7, 16, 42, 6, 28, 17, 1, 10, 19, 8, 21, 44, 43, 38, 31, 30, 37, 39, 41, 24, 23, 4, 15, 3, 12, 40, 2, 13, 5, 25])
(17962, [32, 34, 33, 20, 18, 27, 9, 11, 7, 16, 6, 28, 17, 1, 10, 19, 26, 8, 21, 44, 43, 38, 31, 30, 41, 24, 23, 4, 15, 3, 12, 40, 2, 13, 5, 14, 22, 25])
(17963, [32, 35, 34, 33, 20, 18, 27, 9, 11, 7, 16, 6, 28, 17, 1, 19, 26, 8, 21, 44, 43, 36, 31, 30, 37, 23, 4, 15, 3, 12, 40, 2, 5, 14, 22, 25])
(17964, [32, 35, 34, 33, 20, 18, 27, 9, 0, 11, 7, 16, 42, 6, 17, 1, 19, 26, 8, 21, 44, 43, 38, 36, 31, 30, 37, 39, 41, 24, 23, 4, 15, 3, 12, 40, 2, 13, 5, 14, 22])
(17965, [32, 35, 34, 33, 18, 9, 11, 7, 29, 16, 6, 17, 1, 19, 8, 21, 44, 43, 31, 30, 37, 39, 41, 24, 23, 4, 15, 3, 12, 2, 13, 5, 22])
(17966, [32, 11, 16, 43, 12, 2])
(17967, [32, 34, 33, 20, 9, 0, 6, 28, 1, 10, 26, 8, 31, 30, 39, 41, 24, 15, 3, 12, 2])
(17968, [32, 35, 34, 33, 20, 9, 0, 11, 16, 42, 6, 17, 1, 10, 19, 26, 21, 43, 38, 31, 30, 41, 23, 15, 3, 2, 5, 14, 22])
(17969, [32, 35, 34, 33, 20, 18, 9, 11, 7, 16, 17, 1, 19, 26, 21, 44, 43, 38, 36, 31, 30, 39, 41, 24, 23, 4, 15, 3, 40, 2, 13, 14, 22])
(17970, [32, 35, 34, 33, 20, 18, 9, 16, 42, 6, 28, 17, 1, 10, 19, 26, 8, 21, 44, 43, 38, 31, 30, 39, 41, 24, 23, 4, 15, 3, 12, 40, 2, 13, 5, 14, 22])
(17971, [32, 35, 34, 33, 18, 9, 0, 11, 29, 6, 1, 19, 26, 8, 21, 44, 43, 38, 31, 30, 39, 41, 23, 4, 15, 3, 12, 40, 2, 13, 5, 14, 22])
(17972, [32, 34, 33, 20, 9, 0, 11, 7, 29, 16, 6, 1, 19, 26, 8, 21, 44, 43, 36, 31, 30, 39, 23, 4, 15, 3, 12, 2, 13, 14])
(17973, [32, 17, 31, 30, 41, 24, 15, 13])
(17974, [32])
(17975, [32, 34, 33, 18, 9, 42, 6, 17, 1, 19, 21, 44, 43, 30, 41, 4, 3, 12, 22, 25])
(17976, [32, 35, 34, 33, 20, 18, 9, 0, 11, 7, 29, 16, 42, 6, 17, 1, 10, 19, 26, 8, 21, 44, 43, 36, 31, 30, 37, 41, 24, 23, 4, 15, 3, 12, 40, 2, 13, 5, 14, 25])
(17977, [32, 35, 34, 33, 18, 27, 9, 0, 11, 7, 29, 16, 28, 17, 10, 19, 26, 8, 21, 44, 43, 36, 31, 30, 41, 24, 23, 4, 15, 12, 40, 2, 5, 14, 22])
(17978, [32, 35, 34, 33, 20, 18, 27, 9, 0, 11, 7, 29, 16, 42, 6, 17, 1, 19, 26, 8, 21, 44, 43, 36, 31, 30, 41, 24, 23, 4, 15, 3, 12, 40, 2, 13, 22, 25])
(17979, [32, 34, 33, 18, 9, 11, 26, 43, 36, 31, 30, 41, 24, 3, 2, 13, 14])
(17980, [32, 34, 20, 6, 17, 1, 19, 43, 31, 37, 23])
(17981, [32, 35, 34, 33, 20, 18, 27, 9, 0, 11, 7, 29, 16, 42, 6, 17, 1, 10, 19, 26, 8, 21, 44, 43, 31, 30, 37, 39, 41, 24, 23, 4, 15, 3, 12, 40, 2, 22])
(17982, [32, 34, 33, 20, 18, 9, 0, 11, 16, 6, 1, 19, 26, 44, 36, 31, 30, 41, 24, 4, 15, 3, 12, 2, 13, 14])
(17983, [32, 35, 9, 11, 29, 16, 1, 19, 21, 44, 31, 30, 23, 3, 22])
(17984, [32, 18, 9, 11, 7, 17, 1, 43, 31, 41, 4, 3, 2])
(17985, [32, 9, 16, 1, 23, 3])
(17986, [32, 34, 33, 18, 11, 1, 19, 44, 31, 30, 4, 3, 12])
(17987, [32, 34, 18, 11, 7, 17, 1, 19, 26, 31, 3])
(17988, [32, 2])
(17989, [32, 33, 18, 27, 9, 0, 6, 1, 19, 26, 21, 43, 30, 24, 23, 4, 15, 3, 12, 2, 14])
(17990, [32, 33, 18, 27, 0, 11, 16, 42, 6, 28, 1, 26, 36, 31, 37, 41, 23, 4, 15, 12, 2, 13, 5])
(17991, [32, 27, 1, 19, 31, 4, 2])
(17992, [32, 34, 33, 20, 9, 0, 11, 7, 16, 42, 17, 1, 10, 26, 21, 44, 36, 31, 23, 4, 15, 3, 12, 40, 2, 14])
(17993, [32, 6, 43, 30, 41, 24, 23, 4, 15, 40, 2, 14])
(17994, [32, 18, 0, 7, 42, 6, 26, 44, 43, 3, 13])
(17995, [32, 33, 20, 9, 0, 11, 7, 16, 6, 1, 19, 44, 43, 36, 31, 30, 41, 23, 3, 12, 2, 13])
(17996, [32, 33, 30, 15])
(17997, [32, 35, 33, 18, 9, 11, 16, 42, 6, 17, 19, 8, 21, 43, 31, 30, 37, 39, 23, 3, 40, 2, 14, 22])
(17998, [32, 34, 18, 9, 0, 11, 7, 1, 19, 26, 8, 21, 44, 43, 41, 24, 4, 15, 3, 12, 40, 2, 5, 22])
(17999, [32, 35, 34, 33, 20, 18, 0, 11, 29, 6, 1, 44, 43, 31, 30, 41, 3, 12, 2, 22])
(18000, [32, 18, 42, 1, 19, 26, 21, 44, 31, 30, 37, 24, 23, 4, 3, 12, 2, 5])
(18001, [32, 34, 33, 18, 27, 9, 11, 7, 29, 16, 6, 17, 1, 10, 19, 26, 21, 44, 43, 38, 36, 31, 30, 37, 41, 24, 23, 4, 15, 3, 12, 2, 13, 14, 22, 25])
(18002, [32, 35, 34, 9, 0, 16, 6, 26, 44, 43, 36, 41, 23, 4, 3, 12, 2, 13, 14])
(18003, [32, 34, 33, 18, 9, 0, 11, 16, 6, 1, 10, 26, 8, 21, 43, 31, 30, 41, 24, 23, 4, 15, 12, 40, 13, 5])
(18004, [32, 33, 20, 18, 27, 0, 11, 7, 42, 6, 17, 1, 19, 26, 44, 43, 31, 30, 41, 23, 4, 15, 3, 40, 2, 13, 14, 25])
(18005, [32, 34, 9, 0, 6, 43, 31, 15])
(18006, [32])
(18007, [32, 9, 1, 3])
(18008, [32, 12])
(18009, [32, 35, 33, 18, 27, 29, 16, 17, 19, 8, 21, 44, 43, 31, 30, 39, 23, 4, 15, 12, 5, 22])
(18010, [32, 33, 18, 0, 26, 31, 30, 23, 4, 15])
(18011, [32, 34, 33, 18, 9, 0, 11, 7, 42, 6, 1, 19, 26, 44, 43, 31, 30, 39, 41, 24, 23, 4, 15, 3, 40, 2, 13])
(18012, [32, 35, 0, 6, 1, 26, 21, 44, 43, 31, 30, 41, 4, 3, 40, 2, 13, 22])
(18013, [32, 34, 33, 18, 0, 7, 29, 17, 1, 8, 31, 30, 39, 24, 23, 4, 15, 3, 2, 22])
(18014, [32])
(18015, [32, 1])
(18016, [32, 18, 27, 16, 6, 15, 2, 14])
(18017, [32, 9, 0, 42, 23, 3, 12])
(18018, [32, 34, 33, 18, 9, 11, 42, 6, 1, 19, 8, 21, 31, 30, 41, 23, 4, 15, 3, 12, 40, 2, 13, 14])
(18019, [32, 35, 34, 9, 0, 11, 16, 6, 1, 26, 39, 23, 4, 15, 3, 12, 40, 2])
(18020, [32])
(18021, [32, 20, 9, 6, 26, 8, 30, 24, 4, 15])
(18022, [32, 18, 27, 9, 0, 16, 6, 1, 19, 26, 44, 43, 36, 31, 39, 41, 24, 23, 4, 3, 2, 13, 14])
(18023, [32, 9, 0, 43, 12])
(18024, [32, 35, 34, 33, 20, 18, 27, 9, 11, 7, 16, 42, 6, 28, 17, 1, 10, 19, 26, 8, 21, 44, 43, 38, 36, 31, 30, 37, 41, 24, 23, 4, 15, 3, 12, 40, 2, 13, 5, 14, 22])
(18025, [32, 18, 43, 23, 2])
(18026, [32, 18, 6, 43, 30, 23])
(18027, [32])
(18028, [32, 35, 20, 18, 27, 0, 11, 16, 6, 17, 10, 19, 26, 44, 43, 36, 30, 37, 41, 23, 4, 15, 3, 12, 40, 2, 13, 14])
(18029, [32, 34, 18, 0, 6, 28, 17, 1, 10, 8, 21, 43, 38, 31, 30, 39, 41, 24, 23, 4, 15, 2, 14])
(18030, [32, 33, 20, 27, 9, 17, 1, 26, 44, 43, 31, 30, 41, 24, 23, 40, 2])
(18031, [32])
(18032, [32, 34, 33, 20, 18, 9, 0, 11, 7, 16, 6, 17, 1, 19, 26, 44, 43, 38, 31, 30, 39, 24, 23, 4, 15, 3, 12, 40, 2, 13])
(18033, [32, 35, 34, 33, 20, 11, 16, 42, 17, 1, 10, 19, 26, 8, 21, 44, 43, 38, 31, 30, 37, 41, 23, 3, 12, 2, 13, 5, 14])
(18034, [32, 34, 19, 21, 41])
(18035, [32, 33])
(18036, [32, 34, 20, 9, 0, 11, 7, 6, 26, 43, 36, 31, 37, 41, 15, 12, 13])
(18037, [32, 33, 31, 30, 24])
(18038, [32, 9, 6, 1, 26, 44, 43, 31, 41, 24, 12, 2, 25])
(18039, [32, 34, 11, 1, 19, 21, 44, 43, 31, 41, 23, 3])
(18040, [32, 34, 33, 20, 18, 9, 0, 6, 28, 1, 19, 26, 44, 43, 31, 30, 39, 41, 24, 4, 15, 3, 40, 2, 13, 14, 25])
(18041, [32, 18, 26, 43])
(18042, [32, 10, 43, 2])
(18043, [32, 1, 10, 23, 3, 2])
(18044, [32, 9, 0, 1, 19, 26, 21, 44, 43, 31, 41, 15, 3, 13])
(18045, [32, 33, 9, 11, 16, 1, 19, 26, 8, 44, 43, 31, 30, 3])
(18046, [32, 19, 15, 2])
(18047, [32, 26, 31, 30, 24, 2])
(18048, [32])
(18049, [32, 35, 34, 33, 18, 9, 0, 11, 16, 17, 1, 10, 19, 26, 21, 44, 43, 31, 41, 24, 23, 4, 15, 3, 12, 40, 2, 5, 22])
(18050, [32, 34, 33, 18, 11, 1, 3])
(18051, [32, 12])
(18052, [32, 20, 18, 19, 8, 43, 31, 30, 23, 3, 2, 5])
(18053, [32, 16, 2])
(18054, [32, 33, 7, 17, 1, 21, 41, 3, 12, 2])
(18055, [32, 34, 33, 18, 9, 0, 11, 7, 16, 42, 6, 1, 26, 8, 44, 43, 36, 30, 24, 4, 15, 3, 12, 2, 13])
(18056, [32, 33, 7, 26, 44, 3, 40, 25])
(18057, [32, 34, 16, 26, 43, 36, 41, 4])
(18058, [32, 34, 33, 18, 17, 1, 19, 39, 23, 4, 3])
(18059, [32, 34, 20, 9, 0, 28, 10, 44, 31, 30, 3, 12])
(18060, [32, 6, 19, 8, 43, 41, 24, 3, 14])
(18061, [32, 33, 17, 19, 26, 31, 2])
(18062, [35])
(18063, [35])
(18064, [35])
(18065, [35, 34, 33, 9, 16, 17, 1, 19, 44, 39, 3, 12, 2])
(18066, [35])
(18067, [35, 18, 11, 6, 8, 43, 15, 12, 22])
(18068, [35])
(18069, [35, 27, 42, 26])
(18070, [35, 9, 16, 10, 8, 21, 44, 41, 23, 3, 12, 5])
(18071, [35, 34, 33, 1, 3])
(18072, [35])
(18073, [35])
(18074, [35, 8, 39, 23, 2, 5])
(18075, [35])
(18076, [35])
(18077, [35, 34, 33, 20, 18, 9, 0, 11, 6, 28, 17, 19, 26, 21, 44, 24, 23, 15, 3, 12, 2])
(18078, [35, 9, 21, 41])
(18079, [35, 34, 9, 0, 11, 29])
(18080, [35, 0, 11, 1, 21, 23, 3])
(18081, [35, 18, 23, 3])
(18082, [35, 34, 20, 9, 16, 1, 10, 26, 43, 36, 41, 23, 15, 12])
(18083, [35, 1, 4, 3, 2])
(18084, [35])
(18085, [35])
(18086, [35, 33, 18, 11, 7, 6, 19, 26, 38, 31, 30, 4, 3])
(18087, [35, 9, 6, 19, 43, 30, 41, 4, 2, 14])
(18088, [35])
(18089, [35])
(18090, [35, 33, 18, 9, 11, 16, 17, 1, 8, 44, 43, 15, 12, 2, 13, 22])
(18091, [35])
(18092, [35, 33, 18, 11, 17, 1, 8, 21, 30, 37, 23, 15, 3, 12, 40, 22])
(18093, [35])
(18094, [35, 33, 18, 27, 9, 0, 11, 7, 42, 28, 17, 1, 19, 26, 44, 43, 31, 30, 41, 24, 23, 4, 15, 3, 12, 40, 2, 13, 14])
(18095, [35, 1, 40])
(18096, [35, 18, 19, 3, 12])
(18097, [35, 34, 33, 18, 11, 29, 17, 19, 26, 36, 31, 41, 24, 15, 3, 14, 22])
(18098, [35, 34, 18, 9, 11, 7, 6, 17, 1, 19, 26, 8, 21, 44, 43, 38, 31, 30, 39, 41, 24, 23, 4, 15, 3, 12, 40, 13])
(18099, [35, 21, 3, 12])
(18100, [35])
(18101, [34, 18, 27, 9, 0, 11, 16, 1, 10, 19, 44, 43, 38, 31, 24, 23, 4, 3, 12, 2])
(18102, [34, 29, 42, 19, 21, 30])
(18103, [34, 33, 18, 11, 16, 6, 1, 19, 26, 21, 44, 43, 38, 36, 31, 30, 23, 4, 15, 3, 40, 2, 13])
(18104, [34, 31])
(18105, [34, 11, 3, 2])
(18106, [34, 44])
(18107, [34, 18])
(18108, [34, 0, 1, 10, 44, 43, 23, 3, 12])
(18109, [34, 18, 0, 5])
(18110, [34, 18, 16, 1, 44, 30, 3])
(18111, [34, 9, 11, 7, 29, 6, 17, 19, 26, 44, 38, 31, 37, 4, 2])
(18112, [34, 33, 20, 18, 9, 11, 7, 6, 17, 1, 19, 26, 44, 43, 30, 39, 24, 4, 15, 3, 40, 2, 13, 22])
(18113, [34, 9, 16, 17, 1, 43, 31, 3, 12, 2, 13])
(18114, [34, 20, 0, 1, 21, 37, 3, 12, 2])
(18115, [34, 9, 1, 19, 26, 21, 44, 39, 4, 3])
(18116, [34])
(18117, [34, 19])
(18118, [34, 11, 7, 1, 44, 38, 4, 3, 12])
(18119, [34])
(18120, [34, 33, 31, 30])
(18121, [34, 15, 3, 2])
(18122, [34])
(18123, [34, 20, 0, 11, 28, 17, 26, 43, 36, 24, 4, 2, 14])
(18124, [34])
(18125, [34])
(18126, [34, 20, 0, 11, 26, 21, 44, 24, 12])
(18127, [34, 1, 3])
(18128, [34, 33, 20, 0, 7, 16, 19, 26, 43, 36, 31, 37, 41, 23, 4, 15, 12, 2, 13, 5, 14])
(18129, [34, 33, 9, 17, 10, 30, 24, 40])
(18130, [34, 33])
(18131, [34, 3])
(18132, [34, 18, 7, 1, 37, 12, 5])
(18133, [34])
(18134, [34, 20, 18, 9, 7, 28, 1, 19, 8, 23, 3, 2])
(18135, [34, 18])
(18136, [34, 9])
(18137, [34, 0, 12])
(18138, [34, 33, 20, 9, 0, 11, 7, 16, 17, 1, 10, 43, 36, 30, 4, 15, 3, 12, 2])
(18139, [34])
(18140, [34])
(18141, [34, 18, 27, 9, 11, 16, 6, 17, 26, 44, 43, 31, 30, 41, 24, 23, 4, 15, 3, 12, 40, 2, 13, 14])
(18142, [34, 20, 1])
(18143, [34])
(18144, [34, 20, 9, 0, 11, 7, 28, 17, 10, 26, 8, 43, 31, 41, 24, 4, 12, 2, 14])
(18145, [34, 18, 9, 0, 7, 6, 28, 1, 31, 24, 23, 4, 15, 3, 12, 40, 2])
(18146, [34, 18, 9, 0, 11, 7, 6, 10, 43, 38, 37, 39, 41, 24, 12, 2])
(18147, [34, 18, 9, 0, 7, 16, 6, 1, 31, 30, 4, 15, 3, 12, 2, 14])
(18148, [34, 33, 20, 18, 9, 0, 11, 7, 6, 1, 19, 44, 43, 31, 30, 23, 15, 3, 12, 2])
(18149, [34, 0, 12])
(18150, [34, 33, 9, 0, 16, 28, 17, 1, 19, 8, 21, 23, 15, 3, 12, 2, 22])
(18151, [34])
(18152, [34])
(18153, [34])
(18154, [34])
(18155, [34, 9, 4])
(18156, [33, 20, 9, 0, 6, 26, 43, 36, 41, 24, 4, 15, 2, 13])
(18157, [33, 9, 0, 11, 7, 16, 6, 17, 1, 19, 26, 21, 44, 43, 38, 31, 39, 41, 24, 4, 15, 3, 40, 2, 22])
(18158, [33])
(18159, [33])
(18160, [33])
(18161, [33, 36])
(18162, [33, 9, 0, 7, 16, 6, 1, 19, 8, 21, 38, 31, 30, 37, 41, 24, 23, 4, 15, 3, 12, 40, 2, 13])
(18163, [33, 11, 23])
(18164, [33, 9, 0, 11, 16, 42, 17, 19, 44, 43, 30, 24, 23, 15, 3, 12, 40, 2, 22])
(18165, [33, 24])
(18166, [33])
(18167, [33, 11, 7, 1, 26, 31, 39, 24, 23, 15, 3])
(18168, [33, 18, 9, 11, 29, 1, 19, 8, 43, 31, 30, 23, 4, 3, 12, 2])
(18169, [33])
(18170, [33])
(18171, [33, 9, 0, 6, 10, 31, 3, 12])
(18172, [33, 3])
(18173, [33, 18, 0, 11, 6, 1, 44, 31, 30, 15, 3, 12])
(18174, [33])
(18175, [33, 21, 15, 12])
(18176, [33])
(18177, [33, 18, 30])
(18178, [33, 0, 11, 6, 1, 19, 21, 44, 30, 4, 3, 2, 13])
(18179, [33, 18])
(18180, [33, 18, 0, 31])
(18181, [33, 18, 0, 19, 22])
(18182, [33, 42, 1, 31])
(18183, [33, 27, 19, 43, 30, 41, 24, 4, 15, 14])
(18184, [33, 11])
(18185, [33])
(18186, [33])
(18187, [33, 18, 11, 17, 19, 26, 31, 37, 41, 23, 3, 22])
(18188, [33, 11, 42, 17, 1, 19, 31, 23, 4])
(18189, [33, 31])
(18190, [33, 19, 30])
(18191, [33])
(18192, [33])
(18193, [33])
(18194, [33, 0, 39, 41])
(18195, [33, 20, 18, 29, 1, 44, 31, 30, 39, 15, 3, 40])
(18196, [33, 31])
(18197, [33, 18, 9, 19, 26, 44, 30, 41, 12, 40, 13])
(18198, [33, 6, 19, 26, 24, 23])
(18199, [33, 20, 3])
(18200, [20, 19, 8, 21, 24])
(18201, [20, 11, 1, 23, 3])
(18202, [20])
(18203, [20, 12])
(18204, [20, 9, 11, 16, 42, 6, 1, 10, 26, 44, 31, 30, 39, 41, 15, 3, 12, 40, 2, 14, 22])
(18205, [20, 18, 12, 2])
(18206, [20, 9, 31])
(18207, [20])
(18208, [20, 1, 10, 37, 39, 23, 15, 3, 2, 13])
(18209, [20, 42, 4, 3])
(18210, [20, 18, 0, 7, 1, 19, 4, 3, 22])
(18211, [20])
(18212, [20, 0])
(18213, [20, 19])
(18214, [20, 18, 16])
(18215, [20, 9, 11, 28, 17, 1, 19, 26, 21, 24, 15, 3, 12, 22])
(18216, [20, 14])
(18217, [20, 1, 36, 3, 12, 2])
(18218, [20])
(18219, [20, 3])
(18220, [20, 18, 27, 9, 0, 11, 42, 19, 26, 44, 31, 41, 3, 12, 2])
(18221, [20, 1])
(18222, [20, 26, 21, 3, 12])
(18223, [20, 0, 16, 19, 26, 12])
(18224, [20, 6])
(18225, [20, 9, 0, 28, 8, 36, 15, 12, 5])
(18226, [20, 12])
(18227, [20])
(18228, [20, 0, 16, 1, 8, 23])
(18229, [20, 1, 19, 44, 12, 2])
(18230, [20, 0, 6, 1, 21, 43, 23, 4, 12, 2])
(18231, [18])
(18232, [18])
(18233, [18])
(18234, [18])
(18235, [18])
(18236, [18])
(18237, [18, 9, 0, 10, 26, 37, 41, 13])
(18238, [18, 9, 6, 43, 31, 3])
(18239, [18])
(18240, [18])
(18241, [18])
(18242, [18, 7, 1, 19, 26, 21, 31, 24, 3, 12, 40, 2])
(18243, [18, 1, 19, 12, 2, 5])
(18244, [18, 27])
(18245, [18, 0, 1, 44])
(18246, [18, 19])
(18247, [18, 9, 11, 1, 19, 44, 43, 38, 37, 15, 3])
(18248, [18])
(18249, [18, 0, 16, 42])
(18250, [18, 11, 7, 16, 17, 1, 19, 44, 37, 3, 2])
(18251, [18, 21, 23, 15, 12])
(18252, [18])
(18253, [18, 22])
(18254, [18, 3])
(18255, [18])
(18256, [18, 12, 40])
(18257, [18])
(18258, [18])
(18259, [18, 11, 23])
(18260, [18])
(18261, [18])
(18262, [18])
(18263, [18, 17, 19, 3, 12])
(18264, [18])
(18265, [18])
(18266, [18])
(18267, [18])
(18268, [18])
(18269, [18])
(18270, [18, 27, 0, 7, 42, 28, 1, 19, 21, 38, 24, 4, 15, 3, 12, 2, 22])
(18271, [18])
(18272, [18, 1, 21, 41, 23])
(18273, [18, 7, 26, 36])
(18274, [18])
(18275, [18, 6, 43, 23])
(18276, [18])
(18277, [18, 19, 43])
(18278, [18])
(18279, [18, 6, 41, 2])
(18280, [18, 9, 11, 6, 31])
(18281, [18])
(18282, [18])
(18283, [18])
(18284, [18])
(18285, [18, 36])
(18286, [18])
(18287, [18])
(18288, [18])
(18289, [18])
(18290, [18])
(18291, [18])
(18292, [18])
(18293, [18])
(18294, [18])
(18295, [18, 9, 11, 28, 1, 26, 43, 31, 41, 4, 15, 12, 40, 2, 13])
(18296, [18, 9, 22])
(18297, [18, 1, 8, 43, 23, 15])
(18298, [18])
(18299, [18, 30])
(18300, [18])
(18301, [18, 1])
(18302, [18, 6, 2])
(18303, [18, 6, 4])
(18304, [18])
(18305, [18, 9, 11, 16, 1, 8, 15, 12])
(18306, [18])
(18307, [18])
(18308, [18, 0, 6, 23])
(18309, [18, 1])
(18310, [18])
(18311, [18])
(18312, [18, 17, 10, 26, 44, 43, 41, 24, 3, 13, 14])
(18313, [18])
(18314, [18])
(18315, [18])
(18316, [18])
(18317, [18])
(18318, [27])
(18319, [27, 16, 39, 2, 14])
(18320, [27, 0, 11, 1, 21, 31, 41, 3, 12])
(18321, [27, 9, 6, 43, 4, 2, 14])
(18322, [27, 0, 1, 21, 30, 23, 3, 2, 13])
(18323, [27])
(18324, [27])
(18325, [27])
(18326, [27])
(18327, [27, 43, 41])
(18328, [27])
(18329, [9, 8, 23, 5])
(18330, [9])
(18331, [9])
(18332, [9])
(18333, [9, 11, 17, 1, 43, 31, 3, 2, 14])
(18334, [9, 1, 19, 21, 43, 12])
(18335, [9])
(18336, [9, 0, 15])
(18337, [9, 42, 12, 40])
(18338, [9, 1])
(18339, [9, 0, 11, 28, 17, 19, 8, 21, 44, 23, 15, 12, 2, 14])
(18340, [9])
(18341, [9, 7, 42, 6, 24, 4, 3])
(18342, [9])
(18343, [9])
(18344, [9, 16, 17, 1, 19, 26, 44, 43, 23, 3, 40])
(18345, [9])
(18346, [9, 21, 23, 15, 3])
(18347, [9])
(18348, [9])
(18349, [9, 0, 17, 1, 41, 12])
(18350, [9])
(18351, [9])
(18352, [9])
(18353, [9])
(18354, [9, 16, 22])
(18355, [9])
(18356, [9])
(18357, [9])
(18358, [9, 11, 10, 2])
(18359, [9])
(18360, [9, 44])
(18361, [9])
(18362, [9])
(18363, [9, 0, 16, 6, 28, 1, 19, 26, 44, 4, 15, 3])
(18364, [9, 0, 19])
(18365, [9, 16])
(18366, [9, 0, 11, 16, 42, 1, 19, 21, 43, 23, 15, 3, 12, 14, 25])
(18367, [9, 43, 23, 4])
(18368, [9])
(18369, [9])
(18370, [9])
(18371, [9])
(18372, [9, 24])
(18373, [9])
(18374, [9])
(18375, [9])
(18376, [9, 16, 17, 43, 41, 12, 2])
(18377, [9])
(18378, [9, 4, 3, 2])
(18379, [9])
(18380, [9])
(18381, [9, 7, 12])
(18382, [9, 16, 23])
(18383, [9])
(18384, [9])
(18385, [9])
(18386, [9, 41])
(18387, [9])
(18388, [9])
(18389, [9])
(18390, [0, 19, 13])
(18391, [0, 39, 4])
(18392, [0, 12])
(18393, [0, 12])
(18394, [0])
(18395, [0])
(18396, [0])
(18397, [0, 12])
(18398, [0])
(18399, [0])
(18400, [0])
(18401, [0])
(18402, [0])
(18403, [0])
(18404, [0])
(18405, [0, 12])
(18406, [0, 29, 43])
(18407, [0])
(18408, [0])
(18409, [0])
(18410, [0])
(18411, [0])
(18412, [0])
(18413, [0])
(18414, [0, 3])
(18415, [0])
(18416, [0])
(18417, [0])
(18418, [0])
(18419, [0])
(18420, [0])
(18421, [0])
(18422, [0])
(18423, [0, 44, 2])
(18424, [0])
(18425, [0])
(18426, [0, 11, 16, 21, 30, 3, 2])
(18427, [0, 12])
(18428, [0])
(18429, [0])
(18430, [0])
(18431, [0])
(18432, [0, 21])
(18433, [0])
(18434, [0])
(18435, [0])
(18436, [0])
(18437, [0])
(18438, [0, 2])
(18439, [0])
(18440, [0, 26])
(18441, [0])
(18442, [0])
(18443, [0, 38, 31, 12])
(18444, [0])
(18445, [0])
(18446, [0, 7, 6, 1, 3, 12])
(18447, [0, 12])
(18448, [0])
(18449, [0])
(18450, [0])
(18451, [0])
(18452, [0, 12])
(18453, [0, 42, 19, 3])
(18454, [0, 26, 41])
(18455, [0])
(18456, [0])
(18457, [0])
(18458, [0])
(18459, [0])
(18460, [0])
(18461, [0])
(18462, [0])
(18463, [0])
(18464, [0, 12])
(18465, [0, 42])
(18466, [0])
(18467, [0])
(18468, [0])
(18469, [0, 6, 26])
(18470, [0, 16, 1, 19, 21, 44, 41, 23, 4])
(18471, [0])
(18472, [0, 3])
(18473, [0])
(18474, [0])
(18475, [0, 1, 26, 31, 3, 12, 40])
(18476, [0])
(18477, [0])
(18478, [0])
(18479, [0])
(18480, [0])
(18481, [0])
(18482, [0, 1, 12])
(18483, [0])
(18484, [0, 4])
(18485, [0])
(18486, [0])
(18487, [0])
(18488, [0])
(18489, [0, 39, 4, 22])
(18490, [0])
(18491, [0])
(18492, [0])
(18493, [0])
(18494, [0])
(18495, [0])
(18496, [0])
(18497, [0])
(18498, [0])
(18499, [0])
(18500, [0])
(18501, [0])
(18502, [0])
(18503, [0, 11, 17, 1, 19, 15, 3])
(18504, [0])
(18505, [0])
(18506, [0])
(18507, [0, 14])
(18508, [0, 16, 1, 21, 12, 22])
(18509, [0])
(18510, [0, 2])
(18511, [0])
(18512, [0])
(18513, [0])
(18514, [0])
(18515, [0])
(18516, [0])
(18517, [0, 19])
(18518, [0])
(18519, [0])
(18520, [0])
(18521, [0])
(18522, [0])
(18523, [0])
(18524, [0, 19, 21, 38, 15, 40, 2])
(18525, [0, 12])
(18526, [0])
(18527, [0])
(18528, [0, 1, 3, 2])
(18529, [0])
(18530, [0])
(18531, [0])
(18532, [0])
(18533, [0])
(18534, [0])
(18535, [0])
(18536, [0])
(18537, [0])
(18538, [0])
(18539, [0, 3])
(18540, [0])
(18541, [0])
(18542, [0])
(18543, [0, 7])
(18544, [0])
(18545, [0])
(18546, [0])
(18547, [0])
(18548, [0])
(18549, [0])
(18550, [0])
(18551, [0])
(18552, [0])
(18553, [0])
(18554, [0])
(18555, [0])
(18556, [0])
(18557, [0])
(18558, [0, 12])
(18559, [0])
(18560, [0])
(18561, [0])
(18562, [0])
(18563, [0])
(18564, [0])
(18565, [0])
(18566, [0])
(18567, [0])
(18568, [0])
(18569, [0])
(18570, [0, 12])
(18571, [0, 16, 2])
(18572, [0])
(18573, [0, 12, 2])
(18574, [0])
(18575, [0])
(18576, [0])
(18577, [0])
(18578, [0])
(18579, [0])
(18580, [0])
(18581, [0])
(18582, [0])
(18583, [0])
(18584, [0])
(18585, [0])
(18586, [0])
(18587, [0])
(18588, [0])
(18589, [0])
(18590, [0])
(18591, [0])
(18592, [0])
(18593, [0])
(18594, [0])
(18595, [0, 28, 36, 37, 3, 12])
(18596, [0])
(18597, [0])
(18598, [0])
(18599, [0])
(18600, [0])
(18601, [0])
(18602, [0])
(18603, [0])
(18604, [0, 1, 36])
(18605, [0, 39, 15, 3, 2, 14])
(18606, [0])
(18607, [0])
(18608, [0])
(18609, [0])
(18610, [0])
(18611, [0])
(18612, [0])
(18613, [0])
(18614, [0])
(18615, [0, 7, 6, 31, 15])
(18616, [0])
(18617, [0, 12])
(18618, [0])
(18619, [0, 3])
(18620, [0])
(18621, [0])
(18622, [0])
(18623, [0])
(18624, [0])
(18625, [0, 1, 19, 3])
(18626, [0])
(18627, [0])
(18628, [0])
(18629, [0])
(18630, [0])
(18631, [0])
(18632, [0])
(18633, [0])
(18634, [0])
(18635, [0])
(18636, [11, 44, 43, 23])
(18637, [11, 1, 19, 21, 44, 3])
(18638, [11, 19, 3])
(18639, [11])
(18640, [11, 12])
(18641, [11])
(18642, [11, 7, 44, 31, 24, 15, 13])
(18643, [11])
(18644, [11, 3])
(18645, [11, 1, 19, 21, 44, 30, 41, 2, 13])
(18646, [11])
(18647, [11])
(18648, [11])
(18649, [11])
(18650, [11])
(18651, [11, 26, 24, 2])
(18652, [11, 40])
(18653, [11, 26, 43])
(18654, [11, 1, 19, 23])
(18655, [11, 16, 31, 3, 12, 25])
(18656, [11])
(18657, [11])
(18658, [11])
(18659, [11])
(18660, [11])
(18661, [11])
(18662, [7, 44])
(18663, [7])
(18664, [7, 23])
(18665, [7, 3])
(18666, [7])
(18667, [7])
(18668, [7, 36, 2])
(18669, [7])
(18670, [7])
(18671, [7])
(18672, [7])
(18673, [7])
(18674, [7])
(18675, [29])
(18676, [29, 1, 19, 21, 15])
(18677, [16, 4])
(18678, [16])
(18679, [16, 30])
(18680, [16])
(18681, [16])
(18682, [16])
(18683, [16])
(18684, [16])
(18685, [16])
(18686, [16])
(18687, [16])
(18688, [42])
(18689, [42])
(18690, [42, 1, 44, 36, 31, 39])
(18691, [42, 1, 3, 22])
(18692, [6])
(18693, [6])
(18694, [6, 43])
(18695, [6])
(18696, [6])
(18697, [6])
(18698, [6])
(18699, [6, 2])
(18700, [6, 10])
(18701, [6])
(18702, [6])
(18703, [6, 1, 19, 3, 14, 22])
(18704, [6])
(18705, [28])
(18706, [28])
(18707, [17])
(18708, [17, 24, 40])
(18709, [17])
(18710, [17, 43, 40, 2])
(18711, [17, 1, 41])
(18712, [17])
(18713, [17, 12])
(18714, [17])
(18715, [17, 2])
(18716, [17])
(18717, [17, 1, 36, 2])
(18718, [17])
(18719, [17])
(18720, [17])
(18721, [17, 1, 31, 3, 12])
(18722, [17])
(18723, [17, 19, 8, 37, 14, 22, 25])
(18724, [17, 26, 4, 15])
(18725, [1])
(18726, [1, 39])
(18727, [1, 19, 21, 30, 3])
(18728, [1])
(18729, [1, 23])
(18730, [1])
(18731, [1, 19, 44, 37, 41, 3, 22])
(18732, [1, 3])
(18733, [1])
(18734, [1])
(18735, [1])
(18736, [1, 3])
(18737, [1, 39, 3])
(18738, [1])
(18739, [1, 4, 3])
(18740, [1])
(18741, [1])
(18742, [1, 3])
(18743, [1, 21, 3])
(18744, [1])
(18745, [1])
(18746, [1, 26])
(18747, [1, 2])
(18748, [1])
(18749, [1, 3])
(18750, [1, 3])
(18751, [1, 2])
(18752, [1])
(18753, [1, 3])
(18754, [1, 3])
(18755, [1])
(18756, [1])
(18757, [1, 44, 3])
(18758, [1])
(18759, [1, 2])
(18760, [1])
(18761, [1])
(18762, [1])
(18763, [1, 21, 3])
(18764, [10])
(18765, [10])
(18766, [10])
(18767, [10, 3, 2])
(18768, [10])
(18769, [10])
(18770, [10])
(18771, [10, 12])
(18772, [10])
(18773, [10])
(18774, [19])
(18775, [19, 26, 15, 2, 22])
(18776, [19])
(18777, [19, 36])
(18778, [19])
(18779, [19])
(18780, [19, 40])
(18781, [19])
(18782, [19])
(18783, [19])
(18784, [19, 40, 2, 14])
(18785, [19])
(18786, [19, 25])
(18787, [19, 2])
(18788, [19])
(18789, [19])
(18790, [19])
(18791, [19])
(18792, [19, 2, 14])
(18793, [19])
(18794, [19])
(18795, [19])
(18796, [19, 14])
(18797, [19])
(18798, [19, 23])
(18799, [19])
(18800, [19])
(18801, [19])
(18802, [19])
(18803, [19, 21, 43, 2, 22])
(18804, [26])
(18805, [26])
(18806, [26])
(18807, [26, 44])
(18808, [26, 23])
(18809, [26])
(18810, [26])
(18811, [26])
(18812, [26])
(18813, [26, 15])
(18814, [26])
(18815, [26])
(18816, [26])
(18817, [26])
(18818, [26])
(18819, [26, 41, 24, 13])
(18820, [8, 23, 5])
(18821, [8])
(18822, [8])
(18823, [8])
(18824, [8])
(18825, [8])
(18826, [8])
(18827, [8])
(18828, [8])
(18829, [8, 23, 2])
(18830, [8])
(18831, [8])
(18832, [8])
(18833, [8, 43, 41, 2])
(18834, [8])
(18835, [8])
(18836, [8])
(18837, [8])
(18838, [8])
(18839, [8, 39, 41])
(18840, [8])
(18841, [8])
(18842, [8])
(18843, [8])
(18844, [21])
(18845, [21])
(18846, [21, 23])
(18847, [21])
(18848, [21, 3])
(18849, [21, 2])
(18850, [21])
(18851, [21])
(18852, [21, 37, 4, 3, 12])
(18853, [21])
(18854, [21])
(18855, [21])
(18856, [21])
(18857, [21])
(18858, [21])
(18859, [21])
(18860, [21])
(18861, [21])
(18862, [21])
(18863, [21])
(18864, [21, 37])
(18865, [21])
(18866, [21])
(18867, [21])
(18868, [21])
(18869, [21])
(18870, [21])
(18871, [21])
(18872, [21])
(18873, [21])
(18874, [21, 3])
(18875, [21])
(18876, [21])
(18877, [21])
(18878, [21])
(18879, [21])
(18880, [21])
(18881, [21])
(18882, [21, 4])
(18883, [44])
(18884, [44])
(18885, [44])
(18886, [44, 3, 40, 25])
(18887, [44])
(18888, [44, 2])
(18889, [44])
(18890, [44])
(18891, [44])
(18892, [44])
(18893, [44])
(18894, [44])
(18895, [44])
(18896, [44])
(18897, [44, 3])
(18898, [44])
(18899, [43])
(18900, [43])
(18901, [43])
(18902, [43])
(18903, [43])
(18904, [43])
(18905, [43])
(18906, [43])
(18907, [43])
(18908, [43])
(18909, [43])
(18910, [43])
(18911, [43])
(18912, [43])
(18913, [43, 41, 23])
(18914, [43])
(18915, [43])
(18916, [43])
(18917, [43])
(18918, [43])
(18919, [43])
(18920, [43])
(18921, [43, 36])
(18922, [43, 2])
(18923, [43])
(18924, [43])
(18925, [43])
(18926, [38, 22])
(18927, [36])
(18928, [36])
(18929, [36])
(18930, [36])
(18931, [36, 14])
(18932, [36, 2, 14])
(18933, [36])
(18934, [36])
(18935, [36])
(18936, [36])
(18937, [36, 3])
(18938, [36])
(18939, [36])
(18940, [36])
(18941, [36])
(18942, [36])
(18943, [36])
(18944, [36, 2, 14])
(18945, [36])
(18946, [31, 30, 15])
(18947, [31, 40, 2])
(18948, [31])
(18949, [31])
(18950, [31])
(18951, [31])
(18952, [31, 3, 14])
(18953, [31])
(18954, [30])
(18955, [30])
(18956, [30])
(18957, [30])
(18958, [30])
(18959, [30, 23, 3, 12])
(18960, [30])
(18961, [30])
(18962, [30, 15])
(18963, [30])
(18964, [30, 39, 4])
(18965, [37])
(18966, [37])
(18967, [37])
(18968, [37])
(18969, [37])
(18970, [39])
(18971, [39])
(18972, [39])
(18973, [39, 23])
(18974, [39])
(18975, [39])
(18976, [41])
(18977, [41, 2, 14])
(18978, [41, 2])
(18979, [41])
(18980, [41])
(18981, [41])
(18982, [41])
(18983, [41])
(18984, [41])
(18985, [41])
(18986, [41, 13])
(18987, [41])
(18988, [41])
(18989, [41])
(18990, [41])
(18991, [41])
(18992, [41])
(18993, [41])
(18994, [24])
(18995, [24])
(18996, [24])
(18997, [24])
(18998, [24])
(18999, [24, 2])
(19000, [24])
(19001, [24])
(19002, [23])
(19003, [23])
(19004, [23])
(19005, [23])
(19006, [23])
(19007, [23])
(19008, [23])
(19009, [23])
(19010, [23])
(19011, [23])
(19012, [23])
(19013, [23])
(19014, [23])
(19015, [23])
(19016, [23])
(19017, [23, 2])
(19018, [23])
(19019, [23])
(19020, [23])
(19021, [23, 12])
(19022, [23])
(19023, [23])
(19024, [23])
(19025, [23])
(19026, [23])
(19027, [23])
(19028, [23, 4, 12])
(19029, [23])
(19030, [23])
(19031, [23])
(19032, [23])
(19033, [23])
(19034, [23])
(19035, [23])
(19036, [23])
(19037, [23])
(19038, [23])
(19039, [23])
(19040, [23])
(19041, [23])
(19042, [23])
(19043, [23])
(19044, [23])
(19045, [23])
(19046, [23])
(19047, [23])
(19048, [23])
(19049, [23])
(19050, [23])
(19051, [23])
(19052, [4])
(19053, [4])
(19054, [4])
(19055, [4, 3])
(19056, [4])
(19057, [4])
(19058, [4])
(19059, [4])
(19060, [4])
(19061, [4])
(19062, [4])
(19063, [4])
(19064, [4])
(19065, [4])
(19066, [4])
(19067, [4])
(19068, [4])
(19069, [4])
(19070, [4])
(19071, [4])
(19072, [4])
(19073, [15])
(19074, [15])
(19075, [15])
(19076, [15])
(19077, [15])
(19078, [15])
(19079, [15])
(19080, [15])
(19081, [15, 3])
(19082, [15, 3, 12, 2, 13])
(19083, [15])
(19084, [3])
(19085, [3])
(19086, [3])
(19087, [3])
(19088, [3])
(19089, [3])
(19090, [3])
(19091, [3])
(19092, [3])
(19093, [3])
(19094, [3])
(19095, [3])
(19096, [3])
(19097, [3])
(19098, [3])
(19099, [3])
(19100, [3])
(19101, [3])
(19102, [3])
(19103, [3])
(19104, [3])
(19105, [3])
(19106, [3, 12])
(19107, [3])
(19108, [3])
(19109, [3])
(19110, [3])
(19111, [12])
(19112, [12])
(19113, [12])
(19114, [12])
(19115, [12])
(19116, [12])
(19117, [12])
(19118, [12])
(19119, [12])
(19120, [12])
(19121, [12])
(19122, [12])
(19123, [12])
(19124, [12])
(19125, [12])
(19126, [12])
(19127, [12])
(19128, [12])
(19129, [12])
(19130, [12])
(19131, [12])
(19132, [12])
(19133, [12])
(19134, [12])
(19135, [12])
(19136, [12])
(19137, [12])
(19138, [12])
(19139, [12])
(19140, [12])
(19141, [12])
(19142, [12])
(19143, [12])
(19144, [12])
(19145, [12])
(19146, [12])
(19147, [12])
(19148, [12])
(19149, [12])
(19150, [12])
(19151, [12])
(19152, [12])
(19153, [12])
(19154, [12])
(19155, [12])
(19156, [12])
(19157, [12])
(19158, [12])
(19159, [12])
(19160, [12])
(19161, [12])
(19162, [12])
(19163, [12])
(19164, [12])
(19165, [12])
(19166, [12])
(19167, [12])
(19168, [12])
(19169, [12])
(19170, [12])
(19171, [12])
(19172, [12])
(19173, [12])
(19174, [12])
(19175, [12, 2])
(19176, [12])
(19177, [12])
(19178, [12])
(19179, [12])
(19180, [40])
(19181, [40])
(19182, [40])
(19183, [40, 2])
(19184, [40])
(19185, [40])
(19186, [40])
(19187, [40])
(19188, [2])
(19189, [2])
(19190, [2])
(19191, [2])
(19192, [2])
(19193, [2])
(19194, [2])
(19195, [2])
(19196, [2])
(19197, [2])
(19198, [2])
(19199, [2, 14])
(19200, [2])
(19201, [2])
(19202, [2])
(19203, [2])
(19204, [2])
(19205, [2])
(19206, [2])
(19207, [2])
(19208, [2])
(19209, [2])
(19210, [2])
(19211, [2])
(19212, [2, 14])
(19213, [2])
(19214, [2])
(19215, [2])
(19216, [2])
(19217, [2])
(19218, [2])
(19219, [2, 14])
(19220, [2])
(19221, [2])
(19222, [2])
(19223, [2])
(19224, [2])
(19225, [2])
(19226, [2])
(19227, [2])
(19228, [2])
(19229, [2])
(19230, [2])
(19231, [2])
(19232, [2])
(19233, [2])
(19234, [2])
(19235, [2])
(19236, [2])
(19237, [2])
(19238, [2])
(19239, [2])
(19240, [2])
(19241, [2])
(19242, [2])
(19243, [2])
(19244, [2])
(19245, [2])
(19246, [2])
(19247, [2])
(19248, [2])
(19249, [2])
(19250, [13])
(19251, [13])
(19252, [13])
(19253, [13])
(19254, [13])
(19255, [13])
(19256, [5])
(19257, [5])
(19258, [5])
(19259, [5])
(19260, [5])
(19261, [5])
(19262, [5])
(19263, [5])
(19264, [5])
(19265, [5])
(19266, [14])
(19267, [14])
(19268, [14])
(19269, [14])
(19270, [14])
(19271, [14])
(19272, [14])
(19273, [14])
(19274, [14])
(19275, [14])
(19276, [14])
(19277, [14])
(19278, [14])
(19279, [14])
(19280, [22])
(19281, [22])
(19282, [22])
(19283, [22])
(19284, [22])
(19285, [22])
(19286, [22])
(19287, [22])
(19288, [22])
(19289, [22])
(19290, [22])
(19291, [22])
(19292, [22])
(19293, [22])
