(0, [32, 35, 34, 33, 20, 18, 27, 9, 0, 11, 7, 29, 16, 42, 6, 28, 17, 1, 10, 19, 26, 8, 21, 44, 43, 38, 36, 31, 30, 37, 39, 41, 24, 23, 4, 15, 3, 12, 40, 2, 13, 5, 14, 22, 25])
(1, [32, 35, 34, 33, 20, 18, 27, 9, 0, 11, 7, 29, 16, 42, 6, 28, 17, 1, 10, 19, 26, 8, 21, 44, 43, 38, 36, 31, 30, 37, 39, 41, 24, 23, 4, 15, 3, 12, 40, 2, 13, 5, 14, 22, 25])
(2, [32, 35, 34, 33, 20, 18, 27, 9, 0, 11, 7, 29, 16, 42, 6, 28, 17, 1, 10, 19, 26, 8, 21, 44, 43, 38, 36, 31, 30, 37, 39, 41, 24, 23, 4, 15, 3, 12, 40, 2, 13, 5, 14, 22, 25])
(3, [32, 35, 18, 17, 8, 23, 12])
(4, [32, 35, 34, 33, 20, 18, 27, 9, 0, 11, 7, 29, 16, 42, 6, 28, 17, 1, 10, 19, 26, 8, 21, 44, 43, 38, 36, 31, 30, 37, 39, 41, 24, 23, 4, 15, 3, 12, 40, 2, 13, 5, 14, 22, 25])
(5, [32, 35, 34, 33, 20, 18, 27, 9, 0, 11, 7, 29, 16, 42, 6, 28, 17, 1, 10, 19, 26, 8, 21, 44, 43, 38, 36, 31, 30, 37, 39, 41, 24, 23, 4, 15, 3, 12, 40, 2, 13, 5, 14, 22, 25])
(6, [32, 35, 34, 33, 20, 18, 27, 9, 0, 11, 7, 29, 16, 42, 6, 28, 17, 1, 10, 19, 26, 8, 21, 44, 43, 38, 36, 31, 30, 37, 39, 41, 24, 23, 4, 15, 3, 12, 40, 2, 13, 5, 14, 22, 25])
(7, [32, 17, 1, 19, 4, 22])
(8, [32, 35, 34, 33, 20, 18, 27, 9, 0, 11, 7, 29, 16, 42, 6, 28, 1, 10, 19, 26, 8, 21, 44, 43, 38, 36, 31, 30, 37, 39, 41, 24, 23, 4, 15, 3, 12, 40, 2, 13, 5, 14, 22, 25])
(9, [32, 35, 34, 33, 20, 18, 27, 9, 0, 11, 7, 29, 16, 42, 6, 28, 17, 1, 10, 19, 26, 8, 21, 44, 43, 38, 36, 31, 30, 37, 39, 41, 24, 23, 4, 15, 3, 12, 40, 2, 13, 5, 14, 22, 25])
(10, [32, 35, 34, 33, 20, 18, 27, 9, 0, 11, 7, 29, 16, 42, 6, 28, 17, 1, 10, 19, 26, 8, 21, 44, 43, 38, 36, 31, 30, 37, 39, 41, 24, 23, 4, 15, 3, 12, 40, 2, 13, 5, 14, 22, 25])
(11, [32, 35, 34, 33, 20, 18, 27, 9, 0, 11, 7, 29, 16, 42, 6, 28, 17, 1, 10, 19, 26, 8, 21, 44, 43, 38, 36, 31, 30, 37, 39, 41, 24, 23, 4, 15, 3, 12, 40, 2, 13, 5, 14, 22, 25])
(12, [32, 35, 34, 33, 20, 18, 27, 9, 0, 11, 7, 16, 42, 6, 28, 17, 1, 10, 19, 26, 8, 21, 44, 43, 38, 36, 31, 30, 37, 39, 41, 24, 23, 4, 15, 3, 12, 40, 2, 13, 14, 22, 25])
(13, [32, 35, 34, 33, 20, 18, 27, 9, 0, 7, 29, 16, 42, 6, 28, 17, 1, 10, 19, 26, 8, 43, 31, 30, 37, 39, 41, 24, 23, 4, 15, 3, 12, 2, 5, 14])
(14, [32, 35, 18, 0, 8, 44, 30, 4, 3, 40, 2])
(15, [32, 34, 33, 18, 0, 11, 7, 17, 1, 19, 21, 43, 31, 30, 39, 41, 23, 4, 15, 3, 12, 2, 13, 22])
(16, [32, 35, 34, 33, 20, 18, 9, 0, 11, 7, 16, 17, 1, 19, 26, 21, 44, 31, 30, 41, 23, 4, 15, 3, 12, 40, 2, 14, 25])
(17, [32, 34, 33, 18, 27, 9, 11, 7, 29, 6, 28, 17, 1, 19, 26, 8, 21, 44, 43, 36, 30, 41, 24, 23, 4, 15, 3, 12, 2, 25])
(18, [32, 34, 33, 20, 18, 27, 9, 0, 11, 7, 29, 16, 42, 6, 28, 17, 1, 10, 19, 26, 8, 21, 44, 43, 38, 36, 31, 30, 37, 39, 41, 24, 23, 4, 15, 3, 12, 40, 2, 13, 5, 14, 22, 25])
(19, [32, 34, 33, 20, 18, 27, 9, 0, 11, 7, 29, 16, 42, 6, 28, 17, 1, 19, 26, 8, 21, 44, 43, 38, 36, 31, 30, 37, 39, 41, 24, 23, 4, 15, 3, 12, 40, 2, 13, 14])
(20, [32, 34, 33, 20, 18, 9, 0, 11, 7, 16, 42, 6, 17, 1, 19, 26, 8, 21, 44, 43, 38, 31, 30, 37, 41, 23, 4, 15, 3, 12, 2, 13, 22])
(21, [32, 35, 34, 33, 18, 9, 11, 29, 16, 6, 17, 1, 19, 26, 8, 21, 44, 31, 30, 39, 41, 24, 15, 3, 12, 40, 2, 14, 22])
(22, [32, 35, 34, 33, 20, 18, 27, 9, 0, 11, 7, 16, 42, 6, 28, 17, 1, 19, 26, 21, 44, 43, 36, 31, 30, 39, 41, 24, 23, 4, 15, 3, 12, 40, 2, 13, 5, 14, 22, 25])
(23, [32, 35, 34, 33, 20, 18, 27, 9, 0, 11, 7, 29, 16, 42, 6, 28, 17, 1, 10, 19, 26, 8, 21, 44, 43, 38, 36, 31, 30, 37, 39, 41, 24, 23, 4, 15, 3, 12, 40, 2, 13, 5, 14, 22, 25])
(24, [32, 34, 33, 18, 27, 9, 0, 11, 29, 16, 6, 17, 1, 10, 19, 26, 8, 21, 44, 43, 31, 30, 41, 24, 23, 15, 3, 12, 2, 5])
(25, [32, 35, 34, 33, 20, 18, 27, 9, 0, 11, 7, 29, 16, 42, 6, 17, 1, 19, 26, 21, 44, 43, 38, 36, 31, 30, 37, 39, 41, 24, 4, 15, 3, 12, 40, 2, 13, 14, 22, 25])
(26, [32, 34, 20, 18, 9, 11, 16, 6, 17, 19, 43, 30, 41, 24, 23, 4, 15, 3, 12, 40, 2, 14])
(27, [32, 33, 26, 2])
(28, [32, 34, 9, 0, 11, 7, 17, 26, 30, 41, 24, 4, 40, 2, 13, 14])
(29, [32])
(30, [32, 35, 9, 7, 16, 6, 28, 1, 43, 30, 41, 4, 15, 3, 40, 2])
(31, [32, 35, 33, 20, 18, 27, 0, 7, 16, 42, 6, 1, 21, 38, 30, 39, 23, 4, 15, 3, 12, 13, 22])
(32, [32, 34, 33, 18, 0, 11, 7, 16, 6, 28, 1, 19, 21, 30, 4, 15, 3, 2, 14, 25])
(33, [32, 33, 0, 11, 1, 21, 31, 41])
(34, [32, 11, 6, 1, 21, 30, 22])
(35, [32, 0, 7, 19, 26, 44, 30, 41, 4, 14, 25])
(36, [32, 9, 0, 16, 1, 19, 26, 21, 44, 43, 3, 12, 13, 22])
(37, [32, 35, 34, 33, 20, 18, 9, 0, 11, 7, 16, 42, 6, 17, 1, 10, 19, 26, 8, 21, 44, 43, 31, 30, 37, 41, 24, 23, 4, 15, 3, 12, 2, 5, 14])
(38, [32, 35, 34, 33, 18, 9, 11, 16, 6, 28, 17, 1, 19, 26, 8, 21, 44, 43, 38, 36, 31, 30, 37, 39, 41, 24, 23, 4, 15, 3, 12, 40, 2, 13, 5, 14, 22])
(39, [32, 27, 17, 43, 36, 31, 30, 41, 24, 4, 15, 3, 2])
(40, [32, 34, 33, 9, 0, 11, 7, 6, 1, 26, 44, 31, 15, 3, 2])
(41, [32, 34, 33, 18, 9, 0, 11, 7, 42, 6, 17, 1, 19, 26, 8, 21, 44, 43, 38, 30, 39, 41, 24, 23, 4, 15, 3, 12, 40, 2, 22])
(42, [32, 35, 33, 27, 9, 0, 11, 16, 6, 17, 1, 19, 26, 21, 44, 43, 36, 31, 41, 23, 3, 12, 2, 13, 5, 14, 22])
(43, [32, 35, 34, 33, 31, 30, 12, 13])
(44, [32, 34, 33, 9, 16, 17, 26, 44, 43, 41, 24, 4, 3, 12, 2, 13, 14])
(45, [32, 34, 33, 20, 18, 27, 0, 1, 19, 21, 43, 31, 30, 23, 15, 3, 12, 2, 14])
(46, [32, 27, 31, 30, 3, 12, 40, 2])
(47, [32, 34, 33, 20, 18, 9, 0, 11, 16, 6, 17, 1, 10, 19, 26, 44, 30, 23, 4, 15, 3, 12, 40, 2, 14, 25])
(48, [32, 35, 34, 33, 20, 18, 9, 11, 7, 16, 42, 17, 1, 26, 8, 44, 43, 31, 30, 37, 41, 4, 15, 3, 12, 2])
(49, [32, 35, 34, 33, 20, 0, 7, 42, 17, 1, 19, 26, 21, 31, 30, 37, 41, 15, 3, 12, 13, 22])
(50, [32, 20, 9, 11, 42, 6, 17, 1, 19, 21, 44, 43, 38, 31, 30, 41, 23, 15, 3])
(51, [32, 18, 8, 21, 44, 39, 41, 23, 5])
(52, [32, 34, 33, 20, 18, 27, 9, 0, 11, 7, 16, 42, 6, 17, 1, 10, 19, 26, 21, 44, 43, 38, 31, 30, 39, 41, 24, 23, 4, 15, 3, 12, 2, 22])
(53, [32])
(54, [32, 35, 34, 33, 18, 0, 11, 16, 42, 6, 1, 26, 8, 21, 43, 31, 30, 41, 23, 4, 15, 3, 12, 2])
(55, [32, 35, 9, 6, 43, 41, 23, 4, 15, 2])
(56, [32, 35, 34, 33, 18, 6, 17, 1, 21, 44, 31, 30, 23, 4, 3, 12, 2, 13])
(57, [32])
(58, [32, 19, 3, 2, 22])
(59, [32, 35, 34, 20, 18, 27, 9, 0, 11, 16, 42, 17, 1, 10, 19, 21, 44, 43, 31, 30, 41, 24, 23, 4, 15, 3, 12, 2, 13, 14])
(60, [32, 33, 9, 11, 29, 6, 1, 19, 44, 38, 31, 41, 23, 4, 3, 12, 22])
(61, [32, 35, 34, 33, 20, 18, 9, 0, 11, 7, 16, 6, 17, 1, 19, 26, 44, 43, 36, 31, 30, 39, 41, 24, 23, 4, 15, 3, 12, 2, 13, 14, 25])
(62, [32, 18, 8, 43, 36, 30, 15, 3])
(63, [32, 18, 0, 44, 43, 36, 41, 23, 4, 15, 40])
(64, [32, 33, 0, 11, 16, 17, 1, 26, 44, 43, 36, 31, 30, 37, 24, 4, 3, 12, 22])
(65, [32, 34, 20, 9, 0, 11, 7, 1, 10, 26, 44, 38, 31, 30, 39, 15, 3, 12, 40, 2])
(66, [32, 34, 18, 27, 9, 0, 16, 17, 10, 26, 43, 39, 41, 24, 4, 15, 12, 2, 14, 25])
(67, [32, 42, 1, 8, 21, 44, 43, 31, 30, 23, 15, 3, 12, 5, 22])
(68, [32, 9, 0, 1, 44, 31, 4, 3, 2, 22])
(69, [32, 35, 9, 0, 1, 19, 8, 43, 30, 41, 23, 4, 15, 3, 14])
(70, [32])
(71, [32, 34, 33, 20, 27, 9, 0, 7, 16, 42, 6, 1, 10, 37, 39, 41, 3, 12, 2, 13])
(72, [32, 35, 34, 33, 9, 7, 6, 17, 19, 26, 43, 31, 30, 4, 3, 12, 40, 2])
(73, [32, 35, 34, 33, 20, 18, 9, 0, 11, 7, 16, 42, 6, 17, 1, 10, 19, 26, 21, 44, 43, 31, 30, 41, 23, 3, 12, 13, 5])
(74, [32, 33, 31, 3, 13])
(75, [32, 34, 33, 18, 9, 6, 17, 1, 26, 21, 44, 43, 31, 30, 39, 41, 23, 3, 22])
(76, [32, 34, 20, 9, 0, 11, 17, 1, 26, 31, 39, 4, 3, 12, 2, 13])
(77, [32, 34, 20, 9, 0, 11, 7, 28, 17, 1, 10, 44, 36, 30, 41, 24, 3, 12, 2, 14])
(78, [32, 20, 1, 3])
(79, [32])
(80, [32, 35, 34, 28, 26, 8, 21, 30])
(81, [32, 18, 11, 1, 19, 21, 44, 31, 30, 39, 41, 15, 3, 2])
(82, [32, 35, 1, 3, 40, 2])
(83, [32])
(84, [32, 34, 20, 7, 10, 44, 43, 36, 31, 41, 24, 4, 12])
(85, [32, 33, 9, 0, 11, 7, 26, 43, 31, 30, 41, 24, 4, 3, 12, 2, 14])
(86, [32, 0])
(87, [32, 44])
(88, [32, 20, 18, 9, 0, 11, 7, 16, 42, 1, 10, 8, 41, 23, 15, 3, 12, 2])
(89, [32, 35, 20, 9, 29, 42, 6, 1, 19, 44, 38, 31, 30, 37, 3, 22])
(90, [32, 36, 2])
(91, [32, 11, 28, 17, 1, 19, 26, 21, 15, 2, 14])
(92, [32, 34, 33, 20, 0, 7, 17, 1, 19, 26, 44, 43, 31, 30, 4, 3, 12, 40])
(93, [32])
(94, [32, 34, 18, 43, 31, 30, 41, 24, 15, 2])
(95, [32, 34, 33, 20, 18, 9, 0, 11, 16, 42, 6, 28, 17, 1, 10, 8, 44, 36, 31, 39, 41, 24, 23, 4, 3, 12, 2, 14, 22])
(96, [32, 35, 9, 0, 17, 1, 19, 26, 24, 23, 4, 12, 2])
(97, [32, 33, 20, 0, 1, 26, 15, 3, 12])
(98, [32, 35, 33, 0, 11, 17, 19, 26, 43, 30, 39, 41, 23, 15, 3, 22])
(99, [32, 34, 33, 18, 9, 0, 11, 42, 17, 1, 10, 19, 26, 21, 44, 43, 41, 24, 23, 4, 15, 3, 12, 2, 13])
(100, [35, 34, 33, 18, 0, 11, 7, 16, 42, 1, 19, 21, 43, 31, 24, 4, 15, 3, 12, 40, 2, 13, 22])
(101, [35, 18, 23])
(102, [35])
(103, [35])
(104, [35, 34, 33, 18, 11, 17, 1, 26, 8, 21, 36, 24, 4, 12, 40, 2, 13])
(105, [35, 34, 33, 20, 18, 27, 9, 0, 11, 7, 29, 16, 42, 6, 28, 17, 1, 19, 26, 8, 21, 44, 43, 38, 36, 31, 30, 39, 41, 24, 23, 4, 15, 3, 12, 40, 2, 13, 5, 14, 22])
(106, [35, 18, 0, 36])
(107, [35, 18, 0, 16, 1, 19, 8, 21, 23, 4, 15, 3, 40, 2])
(108, [35, 34, 33, 18, 0, 11, 16, 42, 1, 19, 8, 21, 38, 31, 30, 23, 4, 3, 12, 2, 14, 22])
(109, [35])
(110, [35, 34, 33, 9, 11, 1, 10, 19, 21, 44, 43, 23, 3])
(111, [35, 18, 11, 7, 1, 26, 21, 44, 37, 39, 41, 4, 3, 12, 2, 14])
(112, [35, 34, 18, 27, 9, 0, 1, 19, 21, 44, 31, 30, 41, 23, 4, 3, 40, 2])
(113, [35, 34, 18, 9, 11, 6, 28, 26, 43, 31, 41, 4, 3, 40, 2, 13, 14])
(114, [35, 9, 6, 43, 23, 4, 15, 2])
(115, [35, 18, 31, 41])
(116, [35, 34, 20, 9, 7, 6, 1, 19, 26, 8, 44, 36, 41, 23, 4, 15, 3, 12, 40, 2, 13, 25])
(117, [35, 9, 24])
(118, [35])
(119, [35, 9, 28, 1, 23])
(120, [35, 18, 8, 23])
(121, [35])
(122, [35])
(123, [35])
(124, [35])
(125, [35, 33, 18, 0, 16, 6, 17, 1, 26, 8, 21, 44, 23, 4, 3, 12, 2, 22])
(126, [35])
(127, [35, 33, 0, 1, 8, 21, 43, 30, 39, 41, 3])
(128, [35, 34, 33, 20, 18, 0, 11, 7, 29, 16, 42, 1, 19, 44, 43, 30, 41, 3, 12, 2, 13, 14, 22])
(129, [35])
(130, [35, 18, 0, 11, 7, 16, 42, 6, 1, 19, 8, 21, 44, 43, 30, 39, 23, 3, 12, 2, 22])
(131, [35, 20, 7, 28, 26, 21, 44, 41, 23, 3, 12, 2])
(132, [35, 34, 6, 17, 19, 26, 44, 43, 36, 41, 4, 3, 12, 40, 2, 13])
(133, [35])
(134, [35, 18, 6, 1, 8, 23, 3, 12, 22])
(135, [35, 33, 18, 21, 44, 30, 41])
(136, [35, 34, 9, 0, 2, 5])
(137, [34, 33, 20, 18, 9, 42, 6, 17, 1, 19, 26, 8, 21, 31, 30, 37, 39, 24, 23, 4, 15, 3, 12, 2, 13, 14])
(138, [34, 31, 30, 23])
(139, [34, 20, 18, 9, 0, 11, 29, 1, 19, 26, 21, 44, 36, 30, 23, 15, 3, 12, 22])
(140, [34])
(141, [34, 33, 18, 11, 7, 17, 1, 19, 26, 21, 44, 43, 36, 30, 39, 24, 4, 15, 3, 40, 2, 13, 22])
(142, [34, 0, 26, 38, 41, 12, 40])
(143, [34, 18, 0, 6, 23, 12])
(144, [34, 6, 19, 21])
(145, [34, 33, 9, 21, 3])
(146, [34, 33, 20, 27, 9, 11, 29, 42, 17, 1, 44, 31, 15, 3, 2])
(147, [34, 11, 17, 26, 44, 36, 30, 41, 2, 13, 14])
(148, [34, 0, 11, 17, 19, 30, 3, 2])
(149, [34, 18, 1, 19, 8, 39, 23, 4, 15, 3, 12, 40, 2])
(150, [34])
(151, [34])
(152, [34])
(153, [34])
(154, [34, 9, 11, 1, 19, 44, 31, 4, 3, 12, 2])
(155, [34, 20, 18, 0, 16, 17, 1, 10, 26, 8, 21, 44, 43, 24, 23, 4, 15, 3, 12, 40, 2, 5])
(156, [34, 0])
(157, [34])
(158, [34, 0, 15])
(159, [34, 33, 28, 26, 15, 2, 14])
(160, [34, 33, 11, 16, 19, 31, 15, 2])
(161, [34, 20, 9, 11, 16, 1, 26, 30, 12, 2])
(162, [34, 33, 6, 1, 3])
(163, [34, 18, 19, 31, 4])
(164, [34, 17])
(165, [34, 9, 17, 21, 44, 30, 3, 13])
(166, [34, 0])
(167, [34, 33, 20, 18, 9, 0, 11, 7, 16, 42, 6, 17, 1, 10, 19, 26, 44, 36, 41, 23, 4, 3, 12, 2, 14, 22])
(168, [34])
(169, [34, 33, 30, 2])
(170, [34, 18, 0, 28, 15])
(171, [34, 18, 0, 28, 17, 1, 19, 26, 21, 44, 43, 4, 12, 40, 2])
(172, [34, 19])
(173, [34, 33, 20, 9, 0, 11, 7, 16, 42, 1, 19, 26, 21, 44, 43, 31, 30, 41, 23, 4, 3, 12, 40, 2, 13, 25])
(174, [34, 11, 17, 1, 19, 44, 3, 12, 40, 22])
(175, [34])
(176, [34, 33, 29, 1, 21, 30, 41, 3])
(177, [34])
(178, [34])
(179, [34, 28, 2, 25])
(180, [34, 0])
(181, [34, 33, 9, 11, 17, 10, 44, 31, 12])
(182, [34, 0])
(183, [34, 0])
(184, [34])
(185, [34, 18, 0, 11, 7, 1, 26, 8, 43, 31, 24, 23, 3])
(186, [34, 0])
(187, [34, 9, 23])
(188, [34, 10, 26, 36, 31, 12])
(189, [33])
(190, [33, 11, 17, 44, 31, 15])
(191, [33])
(192, [33, 0, 1, 19, 21, 3, 12])
(193, [33, 18, 17, 1, 15])
(194, [33, 11, 28, 17, 4, 2])
(195, [33])
(196, [33])
(197, [33, 11, 6, 28, 17, 1, 19, 31, 30, 39, 41, 24, 4, 3, 2, 13])
(198, [33, 20, 9, 0, 11, 7, 1, 19, 8, 21, 44, 4, 15, 3, 12, 40, 2])
(199, [33, 17, 19, 44, 31, 30, 39, 2])
(200, [33, 18, 1, 3])
(201, [33, 31])
(202, [33, 18, 0, 28, 1, 26, 21, 37, 41, 23, 3])
(203, [33])
(204, [33, 18, 11, 16, 19, 26, 8, 21, 31, 30, 37, 41, 24, 12, 2])
(205, [33, 18, 43])
(206, [33, 1])
(207, [33])
(208, [33, 26])
(209, [33, 9, 0, 7, 31, 3, 13])
(210, [33, 18, 9, 11, 1, 19, 26, 21, 44, 43, 31, 23, 4, 15, 3, 2, 22])
(211, [33, 18, 9, 11, 16, 1, 8, 21, 43, 31, 30, 23, 12, 2])
(212, [33, 16, 19, 21, 44, 38, 39, 15, 3, 22])
(213, [33, 9, 17, 19, 44, 30, 3])
(214, [33, 9, 0, 11, 6, 1, 19, 26, 43, 24, 4, 15, 2, 13, 14])
(215, [33])
(216, [33, 30, 15])
(217, [33, 3, 12])
(218, [33, 9, 11, 6, 17, 1, 31, 30, 41, 24, 40])
(219, [33, 9, 16, 10, 19, 36, 4, 15, 3, 12, 2])
(220, [33, 0, 7, 23])
(221, [33])
(222, [33])
(223, [33])
(224, [33, 17, 38, 2, 22])
(225, [33, 31, 23, 4])
(226, [33, 20, 18, 0, 11, 7, 16, 28, 17, 1, 10, 19, 8, 44, 43, 36, 39, 41, 23, 3, 12, 2, 13])
(227, [33])
(228, [33])
(229, [33])
(230, [33, 31, 3, 2, 22])
(231, [20, 21, 3])
(232, [20, 27, 21, 31, 3])
(233, [20])
(234, [20])
(235, [20])
(236, [20, 9, 7, 19, 15, 3, 12, 2])
(237, [20, 1, 30, 3, 2])
(238, [20, 0, 1, 26, 43, 2])
(239, [20, 42, 44, 30])
(240, [20, 1, 19, 21, 4, 3, 12])
(241, [20, 18])
(242, [20, 0])
(243, [20, 16, 22])
(244, [20, 18, 0, 6, 2])
(245, [20, 1, 3])
(246, [20, 29, 42, 1, 21, 3])
(247, [20, 0, 16, 15, 12, 2])
(248, [20])
(249, [20, 9, 0, 10, 12, 2])
(250, [20, 18, 11, 42, 17, 1, 19, 26, 21, 44, 43, 31, 3, 12, 2, 14])
(251, [20, 9, 0, 7, 16, 1, 8, 44, 43, 3, 12, 2])
(252, [20, 18, 0, 1, 21, 43, 23, 4, 15, 12, 14])
(253, [20])
(254, [20, 9, 0, 21, 31, 41, 12])
(255, [20, 16, 1, 12])
(256, [20, 9, 1, 31])
(257, [20, 18, 1, 36, 2])
(258, [20])
(259, [20, 6, 1])
(260, [18])
(261, [18, 36])
(262, [18])
(263, [18])
(264, [18])
(265, [18])
(266, [18])
(267, [18])
(268, [18])
(269, [18])
(270, [18])
(271, [18, 30, 23, 4])
(272, [18])
(273, [18, 9, 0, 11, 7, 17, 1, 19, 26, 43, 30, 23, 4, 15, 3])
(274, [18])
(275, [18])
(276, [18])
(277, [18])
(278, [18])
(279, [18])
(280, [18, 26, 41, 40])
(281, [18])
(282, [18])
(283, [18, 3])
(284, [18, 9, 11, 29, 1])
(285, [18])
(286, [18])
(287, [18])
(288, [18, 0, 1, 15, 3])
(289, [18, 9, 11, 6, 1, 43, 30, 37, 23, 4, 15, 3, 12, 2])
(290, [18, 8, 23])
(291, [18, 19, 44])
(292, [18, 6, 15])
(293, [18])
(294, [18, 29, 2, 14])
(295, [18])
(296, [18])
(297, [18, 1, 21, 15, 3])
(298, [18, 0, 30])
(299, [18])
(300, [18, 1])
(301, [18])
(302, [18, 27, 1, 19, 21, 44, 41, 24, 23, 4, 15, 3, 2, 13, 5])
(303, [18, 40, 2])
(304, [18, 31])
(305, [18, 16, 6, 1, 19, 43, 31, 41, 24])
(306, [18])
(307, [18])
(308, [18])
(309, [18])
(310, [18])
(311, [18, 21])
(312, [18])
(313, [18])
(314, [18])
(315, [18, 0, 26])
(316, [18])
(317, [18])
(318, [18])
(319, [18])
(320, [18, 11, 6, 8, 43, 31, 30, 37, 41, 23, 40, 2, 13])
(321, [18])
(322, [18])
(323, [18, 9, 0, 15])
(324, [18])
(325, [18])
(326, [18])
(327, [18, 28, 44, 43, 30, 2, 14])
(328, [18, 23, 15, 3])
(329, [18, 26, 43, 24, 2])
(330, [18])
(331, [18, 0, 42, 39, 3, 12])
(332, [18])
(333, [18])
(334, [18])
(335, [18])
(336, [18, 0, 6, 17, 1, 44, 43, 40, 2])
(337, [18, 27, 21, 44, 43, 2])
(338, [18])
(339, [18, 0, 7, 41, 3, 12, 2])
(340, [18])
(341, [18, 19, 22])
(342, [18])
(343, [18, 44, 41, 3, 2, 14])
(344, [18])
(345, [18])
(346, [18])
(347, [18, 31, 3])
(348, [18, 28])
(349, [18, 0, 12])
(350, [18])
(351, [18])
(352, [18, 19, 3, 2])
(353, [18])
(354, [18, 11])
(355, [27, 6, 21, 43, 30, 24, 4, 15, 3, 22])
(356, [27, 11, 17, 26, 44, 30, 4, 15, 12, 40, 2])
(357, [27])
(358, [27, 0, 1])
(359, [27])
(360, [27])
(361, [27])
(362, [27, 9, 0, 16, 28, 10, 44, 43, 36, 12, 40, 2, 14])
(363, [27])
(364, [9])
(365, [9])
(366, [9, 0, 12])
(367, [9, 11, 1, 19, 21, 36, 3, 12, 22])
(368, [9, 0, 11, 16, 26, 43, 3, 2])
(369, [9, 0, 11, 1, 19, 43, 36, 31, 41, 24, 23, 4, 15, 3, 12, 2, 14])
(370, [9])
(371, [9])
(372, [9])
(373, [9, 8, 43, 39, 3, 2])
(374, [9])
(375, [9, 23])
(376, [9])
(377, [9])
(378, [9])
(379, [9, 0, 7, 6, 17, 44, 41, 2])
(380, [9, 15])
(381, [9, 1, 21, 44, 23, 15, 40, 2])
(382, [9])
(383, [9, 26])
(384, [9, 36, 15])
(385, [9, 0])
(386, [9])
(387, [9, 10])
(388, [9])
(389, [9, 0, 44, 30])
(390, [9, 23, 14])
(391, [9, 11, 1, 43, 3])
(392, [9, 0, 10, 12])
(393, [9])
(394, [9])
(395, [9])
(396, [9, 0, 7, 16, 1, 19, 26, 21, 37, 41, 24, 4, 15, 2, 14, 22])
(397, [9, 21, 41, 2])
(398, [9, 19])
(399, [9])
(400, [9, 41])
(401, [9])
(402, [9])
(403, [9])
(404, [9, 0, 42, 23, 12])
(405, [9])
(406, [9])
(407, [9])
(408, [9])
(409, [9])
(410, [9])
(411, [9])
(412, [9])
(413, [9, 11, 17, 19, 21, 44, 2])
(414, [9])
(415, [9])
(416, [9, 0, 11, 17, 31])
(417, [9])
(418, [0, 1, 3])
(419, [0])
(420, [0])
(421, [0, 26, 44, 31, 30, 24])
(422, [0, 12])
(423, [0])
(424, [0, 7])
(425, [0])
(426, [0, 16, 42, 1])
(427, [0])
(428, [0])
(429, [0])
(430, [0])
(431, [0])
(432, [0])
(433, [0])
(434, [0, 36, 23, 14])
(435, [0])
(436, [0])
(437, [0])
(438, [0, 3, 12])
(439, [0])
(440, [0])
(441, [0, 12])
(442, [0])
(443, [0, 7, 28, 4, 12])
(444, [0])
(445, [0])
(446, [0])
(447, [0])
(448, [0])
(449, [0])
(450, [0])
(451, [0])
(452, [0])
(453, [0, 7, 29, 19, 8, 22])
(454, [0])
(455, [0])
(456, [0])
(457, [0, 12])
(458, [0])
(459, [0])
(460, [0])
(461, [0])
(462, [0])
(463, [0])
(464, [0])
(465, [0])
(466, [0])
(467, [0])
(468, [0])
(469, [0])
(470, [0])
(471, [0])
(472, [0])
(473, [0, 7, 1, 26, 44, 43, 30, 41, 24, 4, 3, 2, 13])
(474, [0])
(475, [0])
(476, [0])
(477, [0])
(478, [0])
(479, [0])
(480, [0])
(481, [0])
(482, [0])
(483, [0])
(484, [0])
(485, [0])
(486, [0])
(487, [0])
(488, [0])
(489, [0])
(490, [0])
(491, [0])
(492, [0])
(493, [0])
(494, [0, 2])
(495, [0])
(496, [0, 12])
(497, [0])
(498, [0])
(499, [0])
(500, [0])
(501, [0])
(502, [0])
(503, [0])
(504, [0, 29, 12])
(505, [0])
(506, [0])
(507, [0])
(508, [0])
(509, [0])
(510, [0])
(511, [0, 6])
(512, [0])
(513, [0])
(514, [0])
(515, [0])
(516, [0])
(517, [0])
(518, [0, 12])
(519, [0])
(520, [0])
(521, [0])
(522, [0])
(523, [0])
(524, [0])
(525, [0])
(526, [0])
(527, [0])
(528, [0])
(529, [0])
(530, [0])
(531, [0])
(532, [0])
(533, [0])
(534, [0])
(535, [0])
(536, [0])
(537, [0])
(538, [0])
(539, [0])
(540, [0])
(541, [0])
(542, [0])
(543, [0, 12])
(544, [0, 11, 13])
(545, [0])
(546, [0])
(547, [0])
(548, [0])
(549, [0])
(550, [0])
(551, [0, 12])
(552, [0, 3])
(553, [0])
(554, [0])
(555, [0, 14, 25])
(556, [0, 1, 3])
(557, [0])
(558, [0])
(559, [0])
(560, [0])
(561, [0])
(562, [0])
(563, [0])
(564, [0])
(565, [0])
(566, [0])
(567, [0])
(568, [0])
(569, [0, 12])
(570, [0])
(571, [0])
(572, [0])
(573, [0])
(574, [0])
(575, [0])
(576, [0])
(577, [0])
(578, [0])
(579, [0])
(580, [0])
(581, [0])
(582, [0])
(583, [0])
(584, [0])
(585, [0])
(586, [0])
(587, [0])
(588, [0, 23])
(589, [0])
(590, [0, 12])
(591, [0])
(592, [0])
(593, [0])
(594, [0, 16, 1, 3])
(595, [0])
(596, [0])
(597, [0])
(598, [0])
(599, [0])
(600, [0])
(601, [0])
(602, [0])
(603, [0])
(604, [0])
(605, [0])
(606, [0])
(607, [0, 12])
(608, [0])
(609, [0, 7])
(610, [0, 1, 10, 23, 3, 12, 2])
(611, [0])
(612, [0])
(613, [0])
(614, [0, 3])
(615, [0, 12])
(616, [0])
(617, [0])
(618, [0])
(619, [0, 43])
(620, [0])
(621, [0])
(622, [0])
(623, [0])
(624, [0])
(625, [0, 6, 31])
(626, [0])
(627, [0])
(628, [0])
(629, [0])
(630, [0, 1])
(631, [0])
(632, [0])
(633, [0])
(634, [0])
(635, [0])
(636, [0, 21, 23])
(637, [0])
(638, [0])
(639, [0])
(640, [0])
(641, [0])
(642, [0])
(643, [0])
(644, [0])
(645, [0])
(646, [0])
(647, [0])
(648, [0])
(649, [0])
(650, [0])
(651, [0])
(652, [0])
(653, [11])
(654, [11])
(655, [11, 44])
(656, [11])
(657, [11])
(658, [11])
(659, [11])
(660, [11, 7, 28, 17, 26, 36, 24, 15, 2, 14, 22])
(661, [11])
(662, [11, 17])
(663, [11, 17, 40])
(664, [11, 6, 1, 21, 3, 12])
(665, [11, 30])
(666, [11])
(667, [11])
(668, [11])
(669, [11, 7, 30, 3])
(670, [11])
(671, [11])
(672, [11])
(673, [11])
(674, [11, 36])
(675, [11])
(676, [11, 17, 44, 41, 2])
(677, [11, 26, 4])
(678, [11])
(679, [7, 1, 3])
(680, [7])
(681, [7, 12])
(682, [7, 29, 42, 6, 1, 26, 21, 44, 43, 31, 30, 24, 15, 3, 12, 5])
(683, [7])
(684, [7, 29, 37])
(685, [7])
(686, [7])
(687, [7])
(688, [7, 1, 30])
(689, [7, 1, 3])
(690, [29])
(691, [29])
(692, [16])
(693, [16])
(694, [16, 19, 26, 23])
(695, [16])
(696, [16])
(697, [16, 2])
(698, [16])
(699, [16])
(700, [16, 1, 2])
(701, [16, 42, 1, 19, 21, 38, 23, 3, 12])
(702, [16])
(703, [16, 12])
(704, [16])
(705, [16])
(706, [16])
(707, [16])
(708, [16])
(709, [16])
(710, [16, 19, 15])
(711, [42, 26, 8, 23, 3])
(712, [42])
(713, [42, 43, 12])
(714, [42])
(715, [6])
(716, [6, 1, 4])
(717, [6])
(718, [6, 26, 43, 36, 30, 41, 24, 4, 2])
(719, [6, 41])
(720, [6])
(721, [6, 2])
(722, [6])
(723, [6, 2])
(724, [6, 19, 26, 44, 24, 15, 3])
(725, [6, 24])
(726, [6])
(727, [6, 31])
(728, [6])
(729, [6, 14])
(730, [6, 3])
(731, [6])
(732, [6, 21, 44])
(733, [6])
(734, [28])
(735, [28])
(736, [28, 21, 41, 15, 14])
(737, [28, 15])
(738, [28])
(739, [28, 44, 22])
(740, [28])
(741, [28])
(742, [17, 26])
(743, [17, 19, 15, 3, 2])
(744, [17, 41, 2])
(745, [17])
(746, [17])
(747, [17, 1, 41])
(748, [17, 19, 3])
(749, [17])
(750, [17])
(751, [17])
(752, [17, 41, 24, 2])
(753, [17, 10, 2, 13])
(754, [17])
(755, [17, 21, 22])
(756, [17])
(757, [1, 3])
(758, [1, 31, 3])
(759, [1, 3])
(760, [1, 21, 3])
(761, [1])
(762, [1, 10, 3])
(763, [1])
(764, [1])
(765, [1])
(766, [1])
(767, [1, 3])
(768, [1, 3])
(769, [1, 26, 43, 23, 4])
(770, [1])
(771, [1])
(772, [1])
(773, [1])
(774, [1])
(775, [1])
(776, [1, 36, 3])
(777, [1])
(778, [1, 43, 3, 2])
(779, [1])
(780, [1, 21, 44, 3, 22])
(781, [1, 31])
(782, [1])
(783, [1, 3, 2])
(784, [1, 26, 21, 4, 12, 22])
(785, [1, 2])
(786, [1, 21])
(787, [1])
(788, [1, 21, 3])
(789, [10])
(790, [10])
(791, [10])
(792, [10, 21, 37, 3])
(793, [10])
(794, [10])
(795, [10])
(796, [10])
(797, [19, 15])
(798, [19])
(799, [19, 2])
(800, [19, 26, 24, 12, 2])
(801, [19])
(802, [19])
(803, [19])
(804, [19])
(805, [19])
(806, [19])
(807, [19])
(808, [19])
(809, [19])
(810, [19])
(811, [19, 21])
(812, [19])
(813, [19])
(814, [19])
(815, [19, 44])
(816, [19])
(817, [19, 30, 40, 2])
(818, [26, 43, 41, 24, 15])
(819, [26, 24])
(820, [26, 44])
(821, [26])
(822, [26])
(823, [26])
(824, [26])
(825, [26, 12])
(826, [26])
(827, [26])
(828, [26, 2])
(829, [26])
(830, [26])
(831, [26, 13])
(832, [26])
(833, [26])
(834, [26])
(835, [26])
(836, [26])
(837, [26])
(838, [26])
(839, [26, 12])
(840, [8, 15])
(841, [8])
(842, [8, 5])
(843, [8])
(844, [8])
(845, [8])
(846, [8, 5])
(847, [8])
(848, [8])
(849, [8])
(850, [8])
(851, [8])
(852, [8])
(853, [8])
(854, [8])
(855, [8, 23, 4])
(856, [8])
(857, [8, 23])
(858, [8])
(859, [8])
(860, [8])
(861, [8, 12])
(862, [8])
(863, [21])
(864, [21])
(865, [21])
(866, [21])
(867, [21])
(868, [21])
(869, [21, 3])
(870, [21])
(871, [21])
(872, [21])
(873, [21])
(874, [21, 22])
(875, [21])
(876, [21, 12])
(877, [21])
(878, [21])
(879, [21])
(880, [21])
(881, [21])
(882, [21])
(883, [21, 3])
(884, [21, 3])
(885, [21])
(886, [21])
(887, [21])
(888, [21])
(889, [21])
(890, [21])
(891, [21])
(892, [21])
(893, [21])
(894, [21, 30])
(895, [21])
(896, [21])
(897, [21])
(898, [21])
(899, [21])
(900, [21])
(901, [21, 3])
(902, [21])
(903, [21])
(904, [44])
(905, [44])
(906, [44])
(907, [44])
(908, [44])
(909, [44])
(910, [44])
(911, [44])
(912, [44])
(913, [44])
(914, [44])
(915, [44])
(916, [44])
(917, [44, 4])
(918, [44])
(919, [44])
(920, [44])
(921, [43])
(922, [43])
(923, [43, 30])
(924, [43])
(925, [43, 41, 4])
(926, [43])
(927, [43])
(928, [43])
(929, [43])
(930, [43, 40, 2])
(931, [43])
(932, [43])
(933, [43])
(934, [43])
(935, [43, 2])
(936, [43])
(937, [43])
(938, [43])
(939, [43])
(940, [43])
(941, [43, 23, 40])
(942, [38])
(943, [38])
(944, [36])
(945, [36])
(946, [36])
(947, [36])
(948, [36])
(949, [36, 2, 14])
(950, [36])
(951, [36])
(952, [36])
(953, [36, 30])
(954, [36])
(955, [36])
(956, [36, 2])
(957, [36])
(958, [36])
(959, [36])
(960, [36])
(961, [36, 2])
(962, [36])
(963, [36, 2])
(964, [36])
(965, [36])
(966, [36])
(967, [36])
(968, [31])
(969, [31])
(970, [31])
(971, [31])
(972, [31])
(973, [31])
(974, [31])
(975, [31, 15])
(976, [31])
(977, [31, 23])
(978, [30, 4])
(979, [30])
(980, [30, 22])
(981, [30, 41, 23])
(982, [30])
(983, [30])
(984, [37])
(985, [39])
(986, [39])
(987, [39])
(988, [39, 3])
(989, [39])
(990, [39])
(991, [39])
(992, [41])
(993, [41])
(994, [41, 2])
(995, [41])
(996, [41])
(997, [41])
(998, [41])
(999, [41, 12, 2])
(1000, [41])
(1001, [41])
(1002, [41])
(1003, [41])
(1004, [41, 2])
(1005, [41])
(1006, [41])
(1007, [41])
(1008, [41])
(1009, [41, 2, 14, 25])
(1010, [41, 14])
(1011, [41, 2])
(1012, [41, 2])
(1013, [41])
(1014, [24])
(1015, [24, 40])
(1016, [24])
(1017, [24])
(1018, [24])
(1019, [24])
(1020, [24])
(1021, [24, 12])
(1022, [24])
(1023, [24])
(1024, [24, 2])
(1025, [23])
(1026, [23])
(1027, [23])
(1028, [23])
(1029, [23])
(1030, [23])
(1031, [23])
(1032, [23])
(1033, [23])
(1034, [23])
(1035, [23])
(1036, [23])
(1037, [23])
(1038, [23])
(1039, [23])
(1040, [23, 4])
(1041, [23])
(1042, [23])
(1043, [23, 3])
(1044, [23])
(1045, [23])
(1046, [23])
(1047, [23])
(1048, [23])
(1049, [23])
(1050, [23])
(1051, [23])
(1052, [23])
(1053, [23])
(1054, [23])
(1055, [23])
(1056, [23])
(1057, [23])
(1058, [23])
(1059, [23])
(1060, [23])
(1061, [23])
(1062, [23])
(1063, [23])
(1064, [23])
(1065, [23])
(1066, [23])
(1067, [23])
(1068, [23])
(1069, [23])
(1070, [23])
(1071, [23])
(1072, [23])
(1073, [23])
(1074, [23, 2])
(1075, [23])
(1076, [23])
(1077, [23])
(1078, [23])
(1079, [23])
(1080, [23])
(1081, [23])
(1082, [23])
(1083, [23])
(1084, [23])
(1085, [23, 4])
(1086, [23])
(1087, [23])
(1088, [23])
(1089, [23])
(1090, [23])
(1091, [23])
(1092, [23])
(1093, [23])
(1094, [23])
(1095, [23])
(1096, [23])
(1097, [4])
(1098, [4])
(1099, [4, 2])
(1100, [4])
(1101, [4])
(1102, [4])
(1103, [4])
(1104, [4])
(1105, [4])
(1106, [4])
(1107, [4])
(1108, [4])
(1109, [4])
(1110, [4])
(1111, [4])
(1112, [4])
(1113, [15])
(1114, [15])
(1115, [15])
(1116, [15])
(1117, [15])
(1118, [15, 2])
(1119, [15])
(1120, [15])
(1121, [15])
(1122, [15])
(1123, [15])
(1124, [15])
(1125, [3])
(1126, [3])
(1127, [3, 12])
(1128, [3])
(1129, [3])
(1130, [3])
(1131, [3])
(1132, [3])
(1133, [3])
(1134, [3])
(1135, [3])
(1136, [3])
(1137, [3])
(1138, [3])
(1139, [3])
(1140, [3])
(1141, [3])
(1142, [3])
(1143, [3])
(1144, [3])
(1145, [3])
(1146, [3])
(1147, [3])
(1148, [3])
(1149, [3])
(1150, [3])
(1151, [3])
(1152, [12])
(1153, [12])
(1154, [12])
(1155, [12])
(1156, [12])
(1157, [12])
(1158, [12])
(1159, [12])
(1160, [12])
(1161, [12])
(1162, [12])
(1163, [12])
(1164, [12])
(1165, [12])
(1166, [12])
(1167, [12])
(1168, [12])
(1169, [12])
(1170, [12])
(1171, [12])
(1172, [12])
(1173, [12])
(1174, [12])
(1175, [12])
(1176, [12])
(1177, [12])
(1178, [12])
(1179, [12])
(1180, [12])
(1181, [12])
(1182, [12])
(1183, [12])
(1184, [12])
(1185, [12])
(1186, [12])
(1187, [12])
(1188, [12])
(1189, [12])
(1190, [12])
(1191, [12])
(1192, [12])
(1193, [12])
(1194, [12])
(1195, [12])
(1196, [12])
(1197, [12])
(1198, [12])
(1199, [12])
(1200, [12])
(1201, [12])
(1202, [12])
(1203, [12])
(1204, [12])
(1205, [12])
(1206, [12])
(1207, [12])
(1208, [12])
(1209, [12, 2])
(1210, [12])
(1211, [12])
(1212, [12])
(1213, [12])
(1214, [12])
(1215, [12])
(1216, [12])
(1217, [12])
(1218, [12])
(1219, [12])
(1220, [12])
(1221, [12])
(1222, [12])
(1223, [12])
(1224, [12])
(1225, [12])
(1226, [12])
(1227, [12])
(1228, [40])
(1229, [40])
(1230, [2])
(1231, [2])
(1232, [2])
(1233, [2])
(1234, [2])
(1235, [2])
(1236, [2])
(1237, [2])
(1238, [2, 14])
(1239, [2])
(1240, [2])
(1241, [2])
(1242, [2])
(1243, [2])
(1244, [2])
(1245, [2])
(1246, [2])
(1247, [2])
(1248, [2])
(1249, [2])
(1250, [2, 14])
(1251, [2])
(1252, [2])
(1253, [2])
(1254, [2])
(1255, [2])
(1256, [2])
(1257, [2])
(1258, [2])
(1259, [2])
(1260, [2])
(1261, [2])
(1262, [2])
(1263, [2])
(1264, [2])
(1265, [2])
(1266, [2])
(1267, [2])
(1268, [2])
(1269, [2])
(1270, [2])
(1271, [2])
(1272, [2])
(1273, [2])
(1274, [2])
(1275, [2])
(1276, [2])
(1277, [2, 14])
(1278, [2])
(1279, [2])
(1280, [2])
(1281, [2])
(1282, [2])
(1283, [2])
(1284, [2])
(1285, [2])
(1286, [2])
(1287, [2])
(1288, [2])
(1289, [2])
(1290, [2])
(1291, [2])
(1292, [2])
(1293, [2])
(1294, [2])
(1295, [2])
(1296, [2])
(1297, [2])
(1298, [2])
(1299, [2])
(1300, [2])
(1301, [13])
(1302, [13])
(1303, [13])
(1304, [13])
(1305, [13])
(1306, [5])
(1307, [5])
(1308, [5])
(1309, [5])
(1310, [5])
(1311, [5])
(1312, [14])
(1313, [14])
(1314, [14])
(1315, [14])
(1316, [14])
(1317, [14])
(1318, [14])
(1319, [14])
(1320, [14])
(1321, [14])
(1322, [14])
(1323, [14])
(1324, [14])
(1325, [14])
(1326, [14])
(1327, [22])
(1328, [22])
(1329, [22])
(1330, [22])
(1331, [22])
(1332, [22])
(1333, [22])
(1334, [22])
(1335, [22])
(1336, [22])
(1337, [22])
(1338, [22])
(1339, [22])
(1340, [22])
(1341, [25])
(1342, [25])
