(97477, [0, 1, 2, 3, 4, 5, 6, 7, 8, 9, 10, 11, 12, 13, 14, 16, 17, 18, 19, 20, 21, 22, 23, 24, 25, 26, 27, 28, 29, 30, 31, 32, 33, 34, 35, 36, 37, 38, 39, 40, 41, 42, 43, 44])
(97478, [1, 2, 3, 8, 12, 16, 17, 18, 19, 20, 30, 31, 32, 33, 34, 37, 40, 43, 44])
(97479, [0, 1, 2, 3, 4, 5, 6, 7, 8, 9, 10, 11, 12, 13, 14, 15, 16, 17, 18, 19, 20, 21, 22, 23, 24, 25, 26, 27, 28, 29, 30, 31, 32, 33, 34, 35, 36, 37, 38, 39, 40, 41, 42, 43, 44])
(97480, [0, 1, 2, 3, 4, 5, 6, 7, 8, 9, 10, 11, 12, 13, 14, 15, 16, 17, 18, 19, 20, 21, 22, 23, 24, 25, 26, 27, 28, 29, 30, 31, 32, 33, 34, 35, 36, 37, 38, 39, 40, 41, 42, 43, 44])
(97481, [0, 1, 2, 3, 4, 5, 6, 7, 8, 9, 10, 11, 12, 13, 14, 15, 16, 17, 18, 19, 20, 21, 22, 23, 24, 25, 26, 27, 28, 29, 30, 31, 32, 33, 34, 35, 36, 37, 38, 39, 40, 41, 42, 43, 44])
(97482, [0, 1, 2, 3, 4, 5, 6, 7, 8, 9, 10, 11, 12, 13, 14, 15, 16, 17, 18, 19, 20, 21, 22, 23, 24, 25, 26, 27, 28, 29, 30, 31, 32, 33, 34, 35, 36, 37, 38, 39, 40, 41, 42, 43, 44])
(97483, [0, 1, 2, 3, 4, 5, 6, 7, 8, 9, 10, 11, 12, 13, 14, 15, 16, 17, 18, 19, 20, 21, 22, 23, 24, 25, 26, 27, 28, 29, 30, 31, 32, 33, 34, 35, 36, 37, 38, 39, 40, 41, 42, 43, 44])
(97484, [0, 1, 2, 3, 4, 5, 6, 7, 8, 9, 10, 11, 12, 13, 14, 15, 16, 17, 18, 19, 20, 21, 22, 23, 24, 25, 26, 27, 28, 29, 30, 31, 32, 33, 34, 35, 36, 37, 38, 39, 40, 41, 42, 43, 44])
(97485, [0, 1, 2, 3, 4, 5, 6, 7, 8, 9, 10, 11, 12, 13, 14, 15, 16, 17, 18, 19, 20, 21, 22, 23, 24, 26, 27, 30, 31, 32, 33, 34, 35, 36, 38, 39, 40, 41, 42, 43, 44])
(97486, [0, 1, 2, 3, 4, 5, 6, 7, 8, 9, 10, 11, 12, 13, 14, 15, 16, 17, 18, 19, 20, 21, 22, 23, 24, 25, 26, 27, 28, 29, 30, 31, 32, 33, 34, 35, 36, 37, 38, 39, 40, 41, 42, 43, 44])
(97487, [0, 1, 2, 3, 4, 5, 6, 7, 8, 9, 11, 12, 13, 14, 15, 16, 17, 18, 19, 20, 21, 22, 23, 24, 25, 26, 27, 28, 30, 31, 32, 33, 34, 35, 36, 38, 39, 40, 41, 42, 43, 44])
(97488, [0, 1, 3, 4, 6, 9, 12, 13, 15, 16, 18, 29, 31, 32, 42, 43, 44])
(97489, [2, 3, 4, 6, 9, 12, 13, 14, 15, 16, 17, 23, 24, 26, 28, 29, 30, 31, 32, 35, 36, 40, 41, 43])
(97490, [1, 2, 3, 5, 7, 9, 11, 15, 18, 19, 23, 24, 30, 31, 32, 41])
(97491, [0, 1, 2, 3, 4, 6, 9, 10, 11, 12, 15, 16, 17, 18, 19, 24, 26, 29, 30, 31, 32, 33, 34, 35, 37, 38, 39, 40, 41, 42, 44])
(97492, [0, 1, 2, 3, 4, 6, 7, 9, 10, 11, 12, 13, 14, 15, 16, 17, 18, 19, 20, 21, 22, 23, 24, 26, 27, 28, 29, 30, 31, 32, 33, 34, 35, 36, 37, 39, 40, 41, 42, 43, 44])
(97493, [1, 2, 3, 4, 6, 7, 9, 11, 12, 13, 14, 15, 16, 17, 19, 21, 22, 24, 26, 31, 32, 33, 34, 35, 38, 40, 41, 42, 43, 44])
(97494, [0, 1, 2, 3, 4, 6, 9, 10, 11, 12, 13, 16, 17, 18, 19, 21, 24, 26, 31, 32, 33, 34, 40, 41, 44])
(97495, [2, 3, 9, 11, 16, 18, 19, 21, 23, 31, 32, 33, 34, 41, 44])
(97496, [1, 2, 3, 4, 5, 6, 7, 8, 9, 11, 12, 13, 15, 16, 17, 18, 19, 20, 21, 23, 24, 25, 26, 30, 31, 32, 33, 34, 38, 40, 41, 42, 43, 44])
(97497, [0, 1, 3, 9, 11, 12, 15, 16, 17, 18, 21, 23, 25, 27, 28, 31, 32, 34, 40, 42, 43, 44])
(97498, [4, 15, 31, 32, 33, 39])
(97499, [0, 1, 2, 3, 4, 5, 6, 7, 8, 9, 10, 11, 12, 14, 15, 16, 17, 18, 19, 20, 23, 24, 26, 30, 31, 32, 33, 34, 35, 36, 38, 40, 41, 43, 44])
(97500, [1, 2, 3, 4, 5, 6, 7, 9, 11, 12, 13, 14, 15, 16, 17, 18, 19, 21, 22, 23, 24, 25, 26, 27, 29, 30, 31, 32, 33, 34, 40, 42, 44])
(97501, [6, 8, 31, 32, 41])
(97502, [1, 2, 3, 4, 6, 7, 11, 12, 20, 26, 30, 31, 32, 33, 34, 40, 42])
(97503, [2, 3, 4, 6, 8, 9, 10, 12, 13, 14, 15, 17, 18, 19, 23, 24, 26, 30, 31, 32, 38, 39, 40, 41, 43, 44])
(97504, [0, 1, 2, 3, 4, 6, 7, 9, 10, 12, 14, 15, 16, 18, 19, 23, 27, 32, 33, 42, 43, 44])
(97505, [0, 1, 2, 3, 7, 8, 11, 12, 15, 17, 18, 19, 21, 23, 31, 32, 33, 35, 41, 43])
(97506, [1, 2, 3, 7, 10, 11, 13, 17, 18, 21, 23, 31, 32, 35, 41, 42, 44])
(97507, [1, 4, 6, 13, 19, 26, 30, 31, 32, 33, 35, 44])
(97508, [0, 1, 2, 3, 9, 11, 12, 17, 24, 26, 31, 32, 33, 34, 38, 41])
(97509, [2, 32, 43])
(97510, [1, 2, 3, 4, 5, 6, 9, 11, 12, 13, 15, 18, 19, 22, 30, 31, 32, 33, 34, 41, 43, 44])
(97511, [1, 2, 3, 4, 5, 6, 7, 9, 11, 12, 14, 15, 16, 17, 18, 19, 20, 21, 22, 23, 26, 28, 30, 31, 32, 33, 34, 36, 38, 39, 40, 41, 42, 43, 44])
(97512, [1, 3, 4, 5, 6, 7, 9, 11, 12, 13, 15, 16, 17, 18, 19, 20, 21, 22, 23, 24, 26, 27, 30, 31, 32, 33, 34, 35, 36, 40, 41, 42, 43, 44])
(97513, [1, 2, 3, 4, 7, 14, 15, 16, 20, 21, 24, 26, 30, 32, 44])
(97514, [1, 2, 6, 7, 11, 17, 22, 30, 31, 32, 33, 43])
(97515, [1, 2, 3, 4, 5, 6, 8, 9, 11, 12, 13, 14, 15, 16, 17, 18, 19, 21, 22, 23, 30, 31, 32, 33, 34, 35, 39, 41, 43, 44])
(97516, [1, 2, 3, 6, 7, 8, 9, 12, 14, 16, 17, 18, 19, 23, 30, 31, 32, 34, 39, 40, 41, 42, 44])
(97517, [0, 1, 2, 3, 6, 16, 17, 19, 29, 30, 32, 33, 34, 43, 44])
(97518, [1, 7, 8, 9, 15, 16, 18, 19, 20, 23, 30, 31, 32, 34, 43])
(97519, [0, 1, 2, 3, 4, 6, 13, 15, 17, 19, 30, 32, 35, 36, 37, 39, 40, 43])
(97520, [1, 2, 14, 18, 20, 27, 32, 34, 43, 44])
(97521, [1, 2, 3, 4, 6, 7, 11, 13, 15, 16, 17, 18, 19, 20, 21, 22, 23, 32, 33, 34, 40, 41, 42, 43, 44])
(97522, [0, 2, 3, 4, 11, 12, 13, 14, 17, 24, 26, 32, 41, 43])
(97523, [30, 32])
(97524, [0, 1, 2, 3, 4, 12, 16, 19, 20, 21, 22, 23, 27, 30, 31, 32, 33, 34, 38, 41, 44])
(97525, [0, 2, 4, 9, 12, 14, 15, 19, 32, 33, 40, 41, 43, 44])
(97526, [2, 9, 12, 15, 19, 32, 33])
(97527, [2, 32, 36])
(97528, [0, 1, 2, 3, 4, 6, 7, 8, 9, 11, 12, 13, 14, 15, 16, 17, 18, 19, 20, 21, 22, 23, 26, 28, 29, 30, 31, 32, 33, 34, 35, 36, 39, 40, 42, 43, 44])
(97529, [1, 2, 3, 4, 6, 7, 9, 11, 14, 15, 16, 17, 18, 19, 20, 21, 23, 25, 26, 28, 32, 40, 43, 44])
(97530, [0, 1, 2, 3, 6, 7, 8, 9, 10, 11, 12, 14, 15, 16, 17, 18, 19, 20, 21, 22, 30, 31, 32, 33, 34, 38, 39, 41, 43, 44])
(97531, [15, 32])
(97532, [1, 3, 4, 6, 8, 9, 11, 16, 19, 21, 22, 23, 30, 32, 35, 44])
(97533, [0, 2, 3, 4, 5, 6, 9, 12, 14, 15, 17, 18, 19, 23, 24, 26, 27, 30, 31, 32, 33, 34, 36, 38, 39, 40, 41, 43, 44])
(97534, [32])
(97535, [5, 8, 12, 15, 16, 18, 21, 23, 27, 32, 33, 35, 43])
(97536, [9, 21, 31, 32, 39, 43])
(97537, [0, 2, 3, 4, 11, 12, 13, 15, 17, 19, 24, 27, 30, 32, 41, 43, 44])
(97538, [0, 1, 2, 3, 7, 11, 12, 13, 14, 15, 16, 17, 18, 20, 21, 22, 23, 26, 28, 30, 31, 32, 33, 35, 41, 42, 43, 44])
(97539, [0, 4, 14, 19, 20, 21, 32])
(97540, [2, 5, 32, 43])
(97541, [2, 9, 14, 23, 26, 31, 32, 34, 41])
(97542, [1, 2, 3, 5, 6, 9, 12, 14, 16, 19, 26, 27, 28, 32, 33, 34, 38, 43])
(97543, [0, 1, 3, 6, 9, 12, 17, 18, 21, 31, 32, 34, 35, 40, 41, 44])
(97544, [1, 2, 3, 6, 7, 9, 11, 12, 15, 17, 18, 21, 23, 24, 30, 32, 33, 34, 35, 39, 42, 43, 44])
(97545, [32])
(97546, [0, 1, 2, 3, 4, 6, 7, 9, 11, 12, 13, 14, 15, 16, 17, 18, 19, 21, 22, 23, 26, 27, 32, 34, 35, 36, 39, 41, 42, 43, 44])
(97547, [0, 1, 2, 3, 4, 5, 6, 8, 9, 10, 12, 13, 14, 16, 19, 20, 21, 23, 28, 30, 31, 32, 33, 34, 35, 40, 41, 42, 43, 44])
(97548, [3, 4, 12, 18, 32, 36])
(97549, [0, 1, 2, 3, 4, 6, 7, 8, 9, 11, 12, 13, 14, 15, 16, 17, 18, 19, 20, 21, 22, 23, 24, 26, 27, 30, 31, 32, 33, 34, 35, 36, 37, 38, 39, 40, 41, 42, 43, 44])
(97550, [0, 1, 2, 3, 4, 6, 7, 9, 12, 13, 14, 15, 18, 19, 20, 23, 26, 31, 32, 34, 36, 37, 40, 41, 42, 44])
(97551, [1, 2, 3, 7, 8, 9, 10, 11, 12, 13, 15, 16, 18, 22, 26, 28, 30, 32, 33, 34, 35, 40, 41, 43, 44])
(97552, [0, 1, 2, 3, 4, 6, 7, 8, 9, 10, 11, 12, 16, 17, 18, 19, 21, 23, 25, 26, 27, 30, 31, 32, 34, 37, 38, 41, 42, 44])
(97553, [2, 6, 24, 31, 32])
(97554, [1, 2, 4, 6, 8, 9, 15, 19, 26, 31, 32, 43])
(97555, [0, 1, 2, 3, 4, 6, 9, 11, 12, 14, 15, 16, 17, 19, 20, 23, 24, 25, 26, 28, 31, 32, 34, 37, 40, 41, 43, 44])
(97556, [1, 2, 3, 4, 9, 11, 12, 14, 15, 17, 20, 26, 31, 32, 36, 40, 41, 43])
(97557, [0, 1, 2, 3, 4, 8, 9, 11, 12, 17, 19, 20, 24, 25, 26, 31, 32, 33, 34, 40, 41, 42, 44])
(97558, [9, 30, 32, 34, 35, 43])
(97559, [0, 1, 2, 3, 7, 10, 11, 19, 20, 26, 32, 34, 42])
(97560, [0, 1, 3, 6, 9, 11, 13, 15, 17, 18, 19, 20, 21, 23, 26, 30, 31, 32, 33, 34, 35, 43, 44])
(97561, [3, 32])
(97562, [0, 1, 2, 3, 4, 6, 8, 9, 11, 14, 15, 16, 18, 19, 22, 23, 24, 26, 27, 28, 30, 31, 32, 33, 34, 35, 39, 40, 41, 42, 43, 44])
(97563, [1, 3, 9, 11, 12, 13, 16, 18, 19, 21, 22, 32, 39, 42, 43, 44])
(97564, [2, 3, 6, 12, 15, 26, 32, 43])
(97565, [32])
(97566, [0, 3, 7, 12, 15, 20, 32])
(97567, [1, 3, 4, 12, 15, 26, 30, 31, 32, 33, 43])
(97568, [0, 11, 20, 32])
(97569, [0, 2, 4, 6, 7, 9, 11, 12, 13, 15, 17, 18, 19, 23, 24, 26, 30, 31, 32, 33, 41, 43, 44])
(97570, [2, 4, 6, 7, 18, 19, 32, 43])
(97571, [0, 7, 12, 17, 19, 24, 32, 33, 44])
(97572, [0, 2, 3, 4, 5, 6, 8, 9, 10, 11, 12, 13, 15, 16, 18, 22, 23, 26, 27, 30, 32, 38, 40, 41, 42, 43])
(97573, [0, 1, 2, 3, 4, 5, 6, 7, 8, 9, 10, 11, 12, 14, 15, 16, 18, 19, 20, 23, 24, 26, 29, 30, 31, 32, 34, 35, 37, 38, 39, 40, 41, 42, 43, 44])
(97574, [32])
(97575, [32])
(97576, [3, 15, 28, 30, 31, 32, 34, 41])
(97577, [2, 11, 13, 16, 19, 23, 31, 32, 33])
(97578, [19, 26, 30, 32, 33])
(97579, [0, 1, 2, 3, 4, 8, 11, 13, 16, 19, 23, 24, 26, 28, 31, 32, 33, 34, 35, 41, 43, 44])
(97580, [0, 1, 9, 15, 17, 21, 22, 26, 30, 32])
(97581, [0, 1, 2, 3, 6, 9, 11, 12, 15, 19, 23, 26, 31, 32, 33, 41, 44])
(97582, [0, 1, 2, 6, 11, 15, 17, 18, 32, 34, 36])
(97583, [0, 1, 2, 3, 4, 7, 11, 12, 13, 15, 17, 18, 19, 20, 21, 24, 25, 26, 28, 30, 31, 32, 34, 35])
(97584, [35])
(97585, [0, 1, 2, 3, 4, 5, 6, 7, 8, 11, 12, 13, 14, 15, 16, 18, 19, 20, 21, 22, 23, 24, 26, 29, 30, 31, 33, 34, 35, 36, 37, 42, 43])
(97586, [1, 2, 3, 16, 18, 19, 35, 41])
(97587, [35])
(97588, [1, 3, 7, 8, 11, 16, 19, 20, 21, 22, 23, 29, 30, 31, 33, 34, 35, 40, 43])
(97589, [1, 2, 21, 23, 35])
(97590, [35])
(97591, [1, 2, 3, 4, 15, 23, 24, 27, 35, 39, 43])
(97592, [2, 3, 4, 8, 9, 11, 30, 35])
(97593, [26, 35])
(97594, [1, 2, 3, 9, 12, 15, 18, 23, 26, 35, 43])
(97595, [0, 1, 3, 4, 6, 7, 8, 9, 11, 12, 13, 15, 16, 18, 19, 20, 21, 23, 26, 27, 29, 30, 31, 33, 34, 35, 39, 42, 44])
(97596, [0, 1, 2, 3, 4, 6, 11, 12, 13, 15, 16, 18, 21, 22, 23, 24, 26, 30, 31, 34, 35, 38, 40, 41, 43, 44])
(97597, [35])
(97598, [10, 35])
(97599, [35])
(97600, [0, 2, 3, 35, 43])
(97601, [35])
(97602, [35])
(97603, [8, 18, 23, 35])
(97604, [35])
(97605, [35])
(97606, [35])
(97607, [1, 2, 3, 5, 6, 7, 8, 9, 12, 13, 15, 18, 19, 21, 24, 26, 30, 31, 35, 37, 41])
(97608, [0, 2, 4, 7, 31, 34, 35, 36, 43])
(97609, [2, 4, 8, 9, 11, 12, 13, 15, 18, 19, 23, 28, 35, 36, 43, 44])
(97610, [6, 18, 35])
(97611, [35])
(97612, [4, 5, 8, 12, 14, 15, 16, 18, 21, 23, 27, 30, 31, 34, 35, 43, 44])
(97613, [1, 2, 3, 19, 22, 31, 35, 43])
(97614, [0, 4, 6, 7, 11, 12, 15, 18, 21, 23, 27, 34, 35, 43])
(97615, [1, 2, 3, 6, 9, 12, 35, 41, 44])
(97616, [35])
(97617, [35])
(97618, [9, 15, 22, 30, 35, 40, 44])
(97619, [0, 1, 2, 3, 5, 9, 10, 11, 12, 15, 19, 21, 23, 24, 25, 29, 31, 33, 35, 42])
(97620, [11, 23, 26, 35])
(97621, [35, 43])
(97622, [1, 2, 3, 4, 5, 8, 12, 15, 21, 22, 35])
(97623, [0, 1, 2, 3, 9, 10, 18, 19, 20, 35, 41, 42, 44])
(97624, [23, 35])
(97625, [4, 14, 19, 30, 35, 40])
(97626, [1, 3, 8, 9, 18, 19, 22, 23, 26, 30, 31, 33, 34, 35, 40, 44])
(97627, [35])
(97628, [0, 2, 3, 12, 34, 36, 44])
(97629, [4, 19, 23, 24, 26, 29, 31, 34, 43])
(97630, [34])
(97631, [34])
(97632, [1, 3, 9, 21, 23, 26, 34, 44])
(97633, [2, 23, 31, 33, 34, 36])
(97634, [19, 20, 34])
(97635, [3, 4, 7, 11, 26, 33, 34])
(97636, [0, 1, 2, 3, 4, 5, 6, 8, 9, 10, 11, 12, 15, 16, 17, 18, 19, 20, 30, 33, 34, 41, 43, 44])
(97637, [16, 19, 21, 24, 34])
(97638, [1, 34])
(97639, [1, 3, 8, 11, 18, 19, 23, 29, 30, 33, 34, 44])
(97640, [0, 6, 12, 24, 34])
(97641, [17, 23, 34])
(97642, [0, 1, 3, 12, 33, 34, 44])
(97643, [2, 9, 14, 26, 34])
(97644, [34])
(97645, [0, 34, 36])
(97646, [34])
(97647, [1, 23, 26, 33, 34])
(97648, [1, 3, 4, 6, 7, 8, 10, 11, 15, 16, 19, 23, 24, 26, 30, 31, 33, 34, 38, 39, 43, 44])
(97649, [1, 2, 3, 4, 12, 16, 18, 19, 21, 24, 27, 30, 33, 34, 39, 41, 44])
(97650, [1, 3, 21, 34])
(97651, [34])
(97652, [0, 1, 5, 8, 9, 12, 17, 23, 27, 34, 43])
(97653, [3, 18, 22, 30, 31, 34, 41])
(97654, [1, 3, 34])
(97655, [3, 30, 34])
(97656, [0, 1, 2, 3, 12, 26, 31, 34])
(97657, [0, 1, 2, 9, 14, 17, 24, 26, 34])
(97658, [34])
(97659, [34])
(97660, [34])
(97661, [0, 1, 12, 15, 16, 20, 23, 24, 26, 31, 33, 34, 42, 44])
(97662, [34])
(97663, [1, 13, 15, 18, 34])
(97664, [34, 41])
(97665, [9, 11, 14, 17, 20, 24, 26, 34, 36, 41])
(97666, [31, 34])
(97667, [0, 11, 17, 34, 41])
(97668, [0, 1, 2, 3, 4, 6, 7, 9, 12, 15, 19, 24, 30, 31, 34, 41, 43, 44])
(97669, [1, 2, 3, 6, 11, 14, 18, 24, 26, 34, 37, 44])
(97670, [34])
(97671, [34])
(97672, [3, 6, 9, 11, 12, 15, 20, 23, 30, 34])
(97673, [1, 4, 19, 31, 34, 43])
(97674, [2, 34])
(97675, [30, 34])
(97676, [34])
(97677, [0, 2, 20, 23, 34, 41])
(97678, [33])
(97679, [1, 3, 8, 16, 18, 19, 20, 26, 33, 39, 41])
(97680, [2, 3, 4, 6, 7, 14, 15, 33, 37])
(97681, [33])
(97682, [33])
(97683, [9, 19, 33])
(97684, [1, 2, 23, 31, 33])
(97685, [1, 2, 3, 4, 5, 6, 7, 8, 9, 11, 12, 15, 16, 18, 19, 21, 22, 23, 25, 26, 27, 28, 33, 38, 40, 43, 44])
(97686, [4, 9, 30, 33, 38, 40])
(97687, [15, 19, 33])
(97688, [0, 33])
(97689, [33])
(97690, [2, 4, 24, 33, 37])
(97691, [0, 2, 11, 17, 24, 28, 30, 33, 36, 41])
(97692, [17, 33])
(97693, [33])
(97694, [0, 1, 6, 7, 12, 15, 18, 33])
(97695, [4, 15, 33, 39])
(97696, [0, 19, 33])
(97697, [0, 1, 2, 3, 4, 7, 11, 13, 18, 19, 20, 23, 29, 31, 33, 39, 44])
(97698, [1, 2, 3, 12, 21, 22, 33, 43, 44])
(97699, [3, 33])
(97700, [2, 9, 13, 19, 33, 41])
(97701, [0, 2, 3, 4, 7, 9, 11, 33])
(97702, [18, 33])
(97703, [2, 6, 18, 20, 23, 31, 33, 43])
(97704, [33])
(97705, [0, 1, 2, 3, 4, 6, 7, 8, 9, 10, 11, 12, 13, 15, 16, 18, 19, 20, 21, 23, 30, 33, 37, 39, 42, 44])
(97706, [1, 2, 3, 5, 11, 16, 19, 26, 33, 41, 44])
(97707, [33])
(97708, [22, 31, 33])
(97709, [1, 3, 19, 33])
(97710, [0, 33])
(97711, [1, 2, 3, 4, 5, 6, 8, 11, 12, 13, 15, 17, 18, 19, 21, 22, 23, 26, 30, 33, 36, 39, 41, 43, 44])
(97712, [0, 1, 2, 3, 10, 11, 12, 22, 33, 39, 41, 44])
(97713, [1, 2, 3, 4, 8, 15, 18, 23, 24, 27, 28, 31, 33, 43])
(97714, [1, 3, 7, 9, 10, 19, 20, 30, 43])
(97715, [1, 2, 9, 16, 17, 20, 26, 40, 41, 43, 44])
(97716, [0, 1, 3, 5, 12, 20])
(97717, [1, 3, 4, 7, 16, 18, 19, 20, 22, 26, 41])
(97718, [0, 2, 6, 7, 12, 13, 14, 17, 20, 41, 44])
(97719, [12, 17, 18, 20, 23, 41])
(97720, [2, 10, 20])
(97721, [0, 1, 3, 7, 9, 11, 12, 19, 20, 21, 22, 23, 26, 36, 43])
(97722, [0, 20])
(97723, [20])
(97724, [9, 20])
(97725, [0, 5, 8, 11, 12, 20, 23, 30, 39])
(97726, [20])
(97727, [12, 20])
(97728, [0, 1, 2, 3, 7, 11, 12, 13, 14, 16, 17, 18, 19, 20, 21, 22, 29, 37, 40, 43, 44])
(97729, [20])
(97730, [0, 2, 11, 12, 13, 16, 19, 20, 30, 36, 43, 44])
(97731, [3, 20, 21])
(97732, [0, 1, 2, 3, 12, 20, 39, 41])
(97733, [18, 20, 24])
(97734, [0, 2, 3, 7, 9, 11, 12, 15, 17, 19, 20, 22, 26, 41, 42])
(97735, [12, 20])
(97736, [3, 20, 39])
(97737, [6, 20])
(97738, [20])
(97739, [20])
(97740, [0, 3, 10, 12, 18, 20, 23, 26, 41, 42, 43])
(97741, [20])
(97742, [1, 2, 3, 11, 18, 20, 30, 44])
(97743, [18])
(97744, [18])
(97745, [18])
(97746, [18])
(97747, [18])
(97748, [18])
(97749, [6, 15, 18, 29, 44])
(97750, [1, 3, 4, 7, 12, 15, 18, 19, 23, 30, 43])
(97751, [18])
(97752, [18])
(97753, [18])
(97754, [18])
(97755, [18, 23])
(97756, [18, 43])
(97757, [18, 19, 29, 44])
(97758, [1, 2, 3, 4, 6, 7, 9, 12, 15, 18, 19, 21, 23, 24, 27, 30, 36, 41, 43, 44])
(97759, [18])
(97760, [18, 19])
(97761, [18, 19])
(97762, [18])
(97763, [18])
(97764, [1, 3, 7, 10, 15, 18, 21, 43, 44])
(97765, [18])
(97766, [18, 23])
(97767, [18])
(97768, [18])
(97769, [1, 2, 6, 7, 9, 13, 15, 16, 18, 24, 38, 41])
(97770, [18])
(97771, [18])
(97772, [1, 2, 3, 6, 7, 10, 15, 17, 18, 19, 21, 22, 23, 25, 26, 40, 41, 43, 44])
(97773, [8, 18])
(97774, [6, 18, 19])
(97775, [2, 6, 18])
(97776, [1, 3, 6, 9, 11, 18, 19, 21, 39, 42, 43, 44])
(97777, [18])
(97778, [3, 15, 18, 19, 26, 41])
(97779, [18])
(97780, [3, 18])
(97781, [18])
(97782, [4, 18])
(97783, [18])
(97784, [4, 9, 15, 18, 24, 43])
(97785, [18])
(97786, [18])
(97787, [18])
(97788, [3, 18])
(97789, [18])
(97790, [0, 2, 6, 15, 18, 41, 44])
(97791, [15, 18, 23])
(97792, [18, 24, 30])
(97793, [18])
(97794, [18])
(97795, [0, 15, 17, 18, 24, 26, 31, 43])
(97796, [18])
(97797, [18])
(97798, [18])
(97799, [18])
(97800, [0, 12, 18, 44])
(97801, [18])
(97802, [18, 26])
(97803, [1, 3, 18, 19, 21, 22, 42, 44])
(97804, [2, 4, 6, 18])
(97805, [18, 41])
(97806, [18])
(97807, [18])
(97808, [18])
(97809, [1, 3, 7, 9, 14, 18, 19])
(97810, [0, 2, 3, 4, 6, 9, 12, 18, 36, 40, 43])
(97811, [18])
(97812, [4, 15, 18, 28, 43])
(97813, [2, 3, 18, 21, 26])
(97814, [1, 3, 12, 15, 27])
(97815, [27])
(97816, [27])
(97817, [27])
(97818, [27, 44])
(97819, [9])
(97820, [9, 28, 44])
(97821, [8, 9, 23])
(97822, [9, 11])
(97823, [9])
(97824, [9])
(97825, [9, 16, 43])
(97826, [9])
(97827, [0, 1, 2, 3, 9, 11, 21, 31])
(97828, [9])
(97829, [9])
(97830, [9, 23, 31, 37])
(97831, [4, 9])
(97832, [9, 19, 23, 43])
(97833, [0, 2, 3, 5, 8, 9, 12, 23, 44])
(97834, [2, 9, 15, 17, 43])
(97835, [9, 15, 23, 26, 43])
(97836, [8, 9, 23])
(97837, [9, 16, 23])
(97838, [9])
(97839, [7, 9, 15, 23, 26, 30])
(97840, [9])
(97841, [9])
(97842, [0, 2, 6, 7, 9, 16, 17, 19, 24, 26, 28, 36, 41, 43])
(97843, [0, 9, 15, 23, 31, 40, 41, 43])
(97844, [9])
(97845, [9])
(97846, [9])
(97847, [0, 1, 4, 9, 12, 26, 31, 41, 43])
(97848, [2, 9])
(97849, [9])
(97850, [9, 23, 31, 37])
(97851, [9])
(97852, [9, 21, 30])
(97853, [0, 4, 9, 12, 17, 31])
(97854, [2, 8, 9])
(97855, [9])
(97856, [9])
(97857, [9])
(97858, [9])
(97859, [9, 15, 17, 24, 31])
(97860, [9])
(97861, [0, 1, 2, 3, 4, 9, 10, 11, 16, 19, 21, 26, 28, 36, 41, 44])
(97862, [9, 30])
(97863, [9])
(97864, [0, 3, 4, 6, 9, 12, 15, 19, 44])
(97865, [9])
(97866, [9, 43])
(97867, [9])
(97868, [9])
(97869, [9, 22])
(97870, [0, 12])
(97871, [0])
(97872, [0])
(97873, [0])
(97874, [0])
(97875, [0])
(97876, [0, 12])
(97877, [0])
(97878, [0])
(97879, [0])
(97880, [0])
(97881, [0])
(97882, [0, 12])
(97883, [0])
(97884, [0])
(97885, [0])
(97886, [0, 12])
(97887, [0, 1, 2, 3, 4, 6, 7, 8, 12, 15, 19, 26, 28, 44])
(97888, [0])
(97889, [0])
(97890, [0])
(97891, [0])
(97892, [0])
(97893, [0])
(97894, [0])
(97895, [0])
(97896, [0])
(97897, [0])
(97898, [0, 2, 3, 12, 17, 44])
(97899, [0])
(97900, [0])
(97901, [0])
(97902, [0])
(97903, [0, 1, 3, 6, 12, 15, 16, 21, 22, 26, 28, 38, 41, 43, 44])
(97904, [0, 12])
(97905, [0, 7, 12])
(97906, [0])
(97907, [0])
(97908, [0])
(97909, [0])
(97910, [0])
(97911, [0, 30])
(97912, [0])
(97913, [0])
(97914, [0])
(97915, [0])
(97916, [0, 2])
(97917, [0])
(97918, [0])
(97919, [0])
(97920, [0])
(97921, [0])
(97922, [0])
(97923, [0, 2, 3, 5, 12, 15, 16, 44])
(97924, [0, 12])
(97925, [0])
(97926, [0])
(97927, [0])
(97928, [0])
(97929, [0])
(97930, [0])
(97931, [0])
(97932, [0])
(97933, [0])
(97934, [0])
(97935, [0, 12, 28])
(97936, [0])
(97937, [0])
(97938, [0])
(97939, [0])
(97940, [0])
(97941, [0])
(97942, [0])
(97943, [0])
(97944, [0, 11, 44])
(97945, [0])
(97946, [0])
(97947, [0])
(97948, [0, 12])
(97949, [0])
(97950, [0])
(97951, [0])
(97952, [0])
(97953, [0, 12, 44])
(97954, [0, 4, 6])
(97955, [0])
(97956, [0])
(97957, [0, 12])
(97958, [0])
(97959, [0])
(97960, [0])
(97961, [0])
(97962, [0, 19, 44])
(97963, [0, 6, 23])
(97964, [0])
(97965, [0])
(97966, [0])
(97967, [0])
(97968, [0])
(97969, [0])
(97970, [0, 4])
(97971, [0])
(97972, [0])
(97973, [0])
(97974, [0])
(97975, [0])
(97976, [0])
(97977, [0])
(97978, [0])
(97979, [0])
(97980, [0])
(97981, [0])
(97982, [0])
(97983, [0])
(97984, [0])
(97985, [0])
(97986, [0])
(97987, [0])
(97988, [0, 1, 3, 7, 19])
(97989, [0])
(97990, [0, 12])
(97991, [0])
(97992, [0])
(97993, [0])
(97994, [0])
(97995, [0])
(97996, [0, 26, 41])
(97997, [0])
(97998, [0])
(97999, [0, 12])
(98000, [0])
(98001, [0])
(98002, [0])
(98003, [0])
(98004, [0])
(98005, [0])
(98006, [0])
(98007, [0])
(98008, [0, 30])
(98009, [0])
(98010, [0])
(98011, [0])
(98012, [0])
(98013, [0])
(98014, [0])
(98015, [0])
(98016, [0])
(98017, [0])
(98018, [0])
(98019, [0])
(98020, [0])
(98021, [0])
(98022, [0])
(98023, [0])
(98024, [0])
(98025, [0])
(98026, [0, 1, 2, 3, 7, 11, 26, 31, 40, 43, 44])
(98027, [0])
(98028, [0])
(98029, [0])
(98030, [0])
(98031, [0, 12, 19, 43])
(98032, [0])
(98033, [0])
(98034, [0, 14])
(98035, [0])
(98036, [0])
(98037, [0, 2])
(98038, [0])
(98039, [0])
(98040, [0])
(98041, [0])
(98042, [0])
(98043, [0, 12])
(98044, [0])
(98045, [0])
(98046, [0])
(98047, [0, 3, 12])
(98048, [0])
(98049, [0])
(98050, [0, 1, 3, 11, 12, 21, 22, 23, 26, 28])
(98051, [0])
(98052, [0])
(98053, [0])
(98054, [0])
(98055, [0])
(98056, [0])
(98057, [0])
(98058, [0])
(98059, [0])
(98060, [0])
(98061, [0])
(98062, [0])
(98063, [0, 1, 3, 12, 15, 19])
(98064, [0])
(98065, [0])
(98066, [0])
(98067, [0, 23, 24])
(98068, [0])
(98069, [0])
(98070, [0])
(98071, [0])
(98072, [0, 44])
(98073, [0])
(98074, [0])
(98075, [0])
(98076, [0])
(98077, [0])
(98078, [0])
(98079, [0])
(98080, [0])
(98081, [0])
(98082, [0])
(98083, [0])
(98084, [0, 12])
(98085, [0, 1, 3])
(98086, [0])
(98087, [0])
(98088, [0])
(98089, [0])
(98090, [0])
(98091, [0])
(98092, [0, 12])
(98093, [0])
(98094, [0])
(98095, [0, 11, 17, 19, 39])
(98096, [0])
(98097, [0])
(98098, [0])
(98099, [0])
(98100, [0])
(98101, [0])
(98102, [0])
(98103, [0])
(98104, [0])
(98105, [0, 1, 3, 12, 41])
(98106, [0, 2])
(98107, [0])
(98108, [0])
(98109, [0])
(98110, [0])
(98111, [0])
(98112, [0])
(98113, [0])
(98114, [0, 3])
(98115, [0])
(98116, [0])
(98117, [0])
(98118, [0])
(98119, [0])
(98120, [0])
(98121, [0])
(98122, [0])
(98123, [0])
(98124, [0])
(98125, [0])
(98126, [0])
(98127, [0, 1])
(98128, [0])
(98129, [0, 1, 2])
(98130, [0, 1, 3, 16, 29])
(98131, [0])
(98132, [0])
(98133, [0])
(98134, [0])
(98135, [0])
(98136, [0])
(98137, [0])
(98138, [0])
(98139, [0])
(98140, [0])
(98141, [0])
(98142, [0])
(98143, [0, 12])
(98144, [0])
(98145, [0])
(98146, [0])
(98147, [0])
(98148, [11])
(98149, [11])
(98150, [11])
(98151, [11])
(98152, [11])
(98153, [2, 11, 43, 44])
(98154, [11, 17])
(98155, [11])
(98156, [11])
(98157, [11])
(98158, [11])
(98159, [11])
(98160, [11, 19])
(98161, [11, 40])
(98162, [3, 11, 21])
(98163, [11])
(98164, [11, 36])
(98165, [11, 42])
(98166, [2, 11])
(98167, [11])
(98168, [2, 11, 23])
(98169, [11])
(98170, [11, 26])
(98171, [11])
(98172, [1, 3, 4, 7, 21])
(98173, [3, 7, 30])
(98174, [3, 7])
(98175, [7])
(98176, [7])
(98177, [7])
(98178, [7])
(98179, [7])
(98180, [7])
(98181, [7])
(98182, [7, 22])
(98183, [1, 7])
(98184, [1, 6, 7, 8, 24, 26, 31, 37, 40])
(98185, [29])
(98186, [3, 15, 16, 19])
(98187, [16])
(98188, [2, 16])
(98189, [16])
(98190, [16])
(98191, [2, 16, 19])
(98192, [16])
(98193, [16])
(98194, [16])
(98195, [16])
(98196, [2, 16])
(98197, [16])
(98198, [2, 16])
(98199, [3, 16])
(98200, [16])
(98201, [16])
(98202, [16, 19, 21])
(98203, [14, 16])
(98204, [2, 3, 5, 8, 12, 16, 23, 26, 39])
(98205, [16])
(98206, [42])
(98207, [6])
(98208, [6])
(98209, [6])
(98210, [6])
(98211, [6])
(98212, [2, 6])
(98213, [6])
(98214, [2, 4, 6, 17, 41])
(98215, [6])
(98216, [1, 3, 6])
(98217, [2, 4, 6, 12, 15, 19, 22, 39, 44])
(98218, [28])
(98219, [28])
(98220, [2, 15, 28])
(98221, [28])
(98222, [2, 3, 14, 28])
(98223, [28])
(98224, [28, 36])
(98225, [17])
(98226, [1, 2, 17, 19])
(98227, [17])
(98228, [1, 2, 3, 17])
(98229, [2, 14, 15, 17, 19, 22, 24, 39, 40, 41, 44])
(98230, [17])
(98231, [17])
(98232, [2, 13, 17])
(98233, [17])
(98234, [17])
(98235, [17])
(98236, [15, 17, 26, 37])
(98237, [3, 17, 38])
(98238, [17])
(98239, [17])
(98240, [17, 19, 31, 41, 44])
(98241, [17])
(98242, [2, 17])
(98243, [17])
(98244, [17])
(98245, [17])
(98246, [17])
(98247, [17])
(98248, [17])
(98249, [17])
(98250, [17])
(98251, [1, 5, 8, 12, 37])
(98252, [1, 19, 21])
(98253, [1])
(98254, [1])
(98255, [1, 15])
(98256, [1])
(98257, [1, 2, 3, 8, 31])
(98258, [1, 3, 12, 15])
(98259, [1, 3])
(98260, [1, 15])
(98261, [1])
(98262, [1, 3, 4, 14, 23, 43])
(98263, [1, 44])
(98264, [1, 3, 21])
(98265, [1, 3])
(98266, [1])
(98267, [1])
(98268, [1])
(98269, [1, 3, 12, 21])
(98270, [1, 38, 41, 44])
(98271, [1, 3, 15, 22])
(98272, [1, 3, 12, 30])
(98273, [1, 22])
(98274, [1, 30, 44])
(98275, [1, 21])
(98276, [1, 3, 23])
(98277, [1])
(98278, [1])
(98279, [1])
(98280, [1])
(98281, [1])
(98282, [1, 5, 12, 23, 30])
(98283, [1, 2, 3, 12, 26, 44])
(98284, [1])
(98285, [1])
(98286, [1])
(98287, [1, 3])
(98288, [1])
(98289, [10])
(98290, [10])
(98291, [10])
(98292, [10])
(98293, [10])
(98294, [10])
(98295, [10])
(98296, [19])
(98297, [19])
(98298, [2, 19, 30])
(98299, [19])
(98300, [19])
(98301, [19, 22])
(98302, [3, 19])
(98303, [19])
(98304, [19])
(98305, [19])
(98306, [12, 19, 21])
(98307, [19])
(98308, [2, 15, 19, 21, 26, 31, 41])
(98309, [19, 24, 43])
(98310, [19, 23, 43])
(98311, [19])
(98312, [19])
(98313, [19, 26])
(98314, [2, 19])
(98315, [5, 8, 19])
(98316, [19])
(98317, [15, 19, 26, 30, 31])
(98318, [19])
(98319, [19, 39])
(98320, [12, 26, 44])
(98321, [26])
(98322, [26])
(98323, [26])
(98324, [26])
(98325, [26])
(98326, [26])
(98327, [26])
(98328, [26])
(98329, [12, 26])
(98330, [26])
(98331, [26, 31])
(98332, [26])
(98333, [2, 4, 15, 26, 44])
(98334, [15, 26])
(98335, [26])
(98336, [26])
(98337, [26])
(98338, [13, 26])
(98339, [26])
(98340, [26])
(98341, [26])
(98342, [26])
(98343, [26])
(98344, [8, 44])
(98345, [8])
(98346, [8])
(98347, [8])
(98348, [5, 8])
(98349, [8, 21])
(98350, [8])
(98351, [8, 22])
(98352, [8])
(98353, [8])
(98354, [8])
(98355, [8])
(98356, [8, 22])
(98357, [8])
(98358, [21, 22])
(98359, [21])
(98360, [21])
(98361, [21])
(98362, [21])
(98363, [3, 13, 21, 41])
(98364, [21])
(98365, [2, 21, 22, 44])
(98366, [21, 44])
(98367, [2, 3, 12, 21, 30])
(98368, [21])
(98369, [21])
(98370, [21])
(98371, [3, 21])
(98372, [21])
(98373, [21])
(98374, [21])
(98375, [21])
(98376, [21])
(98377, [21])
(98378, [21])
(98379, [21])
(98380, [21])
(98381, [21])
(98382, [21])
(98383, [21])
(98384, [21])
(98385, [21])
(98386, [21])
(98387, [21])
(98388, [21])
(98389, [21])
(98390, [21])
(98391, [21])
(98392, [21])
(98393, [21])
(98394, [21])
(98395, [21])
(98396, [21])
(98397, [21])
(98398, [21])
(98399, [21])
(98400, [21])
(98401, [21])
(98402, [21])
(98403, [21])
(98404, [21])
(98405, [44])
(98406, [44])
(98407, [3, 44])
(98408, [44])
(98409, [44])
(98410, [44])
(98411, [44])
(98412, [44])
(98413, [2, 44])
(98414, [14, 15, 44])
(98415, [44])
(98416, [44])
(98417, [43])
(98418, [43])
(98419, [43])
(98420, [43])
(98421, [43])
(98422, [43])
(98423, [43])
(98424, [43])
(98425, [43])
(98426, [43])
(98427, [43])
(98428, [43])
(98429, [43])
(98430, [12, 14, 41, 43])
(98431, [40, 43])
(98432, [43])
(98433, [43])
(98434, [43])
(98435, [43])
(98436, [24, 41, 43])
(98437, [43])
(98438, [43])
(98439, [43])
(98440, [43])
(98441, [43])
(98442, [43])
(98443, [22, 43])
(98444, [43])
(98445, [43])
(98446, [2, 38])
(98447, [38])
(98448, [36])
(98449, [23, 36])
(98450, [36])
(98451, [14, 30, 36])
(98452, [36])
(98453, [36])
(98454, [36])
(98455, [36])
(98456, [36])
(98457, [36])
(98458, [36])
(98459, [36])
(98460, [36])
(98461, [36])
(98462, [14, 36])
(98463, [36])
(98464, [36])
(98465, [36])
(98466, [30, 31])
(98467, [31])
(98468, [31])
(98469, [31])
(98470, [31])
(98471, [31])
(98472, [30])
(98473, [30])
(98474, [15, 24, 30])
(98475, [30])
(98476, [30])
(98477, [3, 15, 30])
(98478, [30])
(98479, [14, 30])
(98480, [30])
(98481, [30])
(98482, [30])
(98483, [37])
(98484, [39])
(98485, [39])
(98486, [4, 39])
(98487, [39])
(98488, [39])
(98489, [39])
(98490, [41])
(98491, [41])
(98492, [41])
(98493, [41])
(98494, [41])
(98495, [41])
(98496, [41])
(98497, [41])
(98498, [41])
(98499, [2, 41])
(98500, [3, 41])
(98501, [41])
(98502, [41])
(98503, [41])
(98504, [41])
(98505, [41])
(98506, [41])
(98507, [3, 15, 23, 24])
(98508, [24])
(98509, [4, 24])
(98510, [24])
(98511, [24])
(98512, [23])
(98513, [23])
(98514, [23])
(98515, [23])
(98516, [23])
(98517, [23])
(98518, [3, 23])
(98519, [23])
(98520, [23])
(98521, [23])
(98522, [23])
(98523, [23])
(98524, [23])
(98525, [23])
(98526, [23])
(98527, [23])
(98528, [23])
(98529, [23])
(98530, [23])
(98531, [23])
(98532, [23])
(98533, [23])
(98534, [23])
(98535, [23])
(98536, [23])
(98537, [23])
(98538, [23])
(98539, [23])
(98540, [3, 23])
(98541, [23])
(98542, [23])
(98543, [23])
(98544, [23])
(98545, [23])
(98546, [23])
(98547, [23])
(98548, [23])
(98549, [23])
(98550, [2, 3, 23])
(98551, [23])
(98552, [23])
(98553, [23])
(98554, [23])
(98555, [23])
(98556, [23])
(98557, [23])
(98558, [23])
(98559, [23])
(98560, [23])
(98561, [23])
(98562, [23])
(98563, [23])
(98564, [23])
(98565, [23])
(98566, [23])
(98567, [23])
(98568, [23])
(98569, [23])
(98570, [23])
(98571, [23])
(98572, [23])
(98573, [23])
(98574, [23])
(98575, [23])
(98576, [23])
(98577, [23])
(98578, [23])
(98579, [23])
(98580, [23])
(98581, [23])
(98582, [23])
(98583, [23])
(98584, [23])
(98585, [23])
(98586, [4, 15])
(98587, [4])
(98588, [4])
(98589, [4])
(98590, [4])
(98591, [4])
(98592, [4])
(98593, [4])
(98594, [4])
(98595, [4])
(98596, [4])
(98597, [4])
(98598, [4, 14, 15])
(98599, [4])
(98600, [4])
(98601, [4])
(98602, [4])
(98603, [4])
(98604, [4])
(98605, [4, 14])
(98606, [4])
(98607, [4])
(98608, [4])
(98609, [15])
(98610, [15])
(98611, [15])
(98612, [15])
(98613, [15])
(98614, [15])
(98615, [15])
(98616, [15])
(98617, [15])
(98618, [15])
(98619, [15])
(98620, [15, 40])
(98621, [15])
(98622, [15])
(98623, [3])
(98624, [3])
(98625, [3])
(98626, [3])
(98627, [3])
(98628, [3])
(98629, [3])
(98630, [3, 12])
(98631, [3])
(98632, [3])
(98633, [3])
(98634, [3])
(98635, [3])
(98636, [3])
(98637, [3])
(98638, [3])
(98639, [3])
(98640, [3])
(98641, [3])
(98642, [3])
(98643, [3])
(98644, [3])
(98645, [3])
(98646, [3])
(98647, [3])
(98648, [12])
(98649, [12])
(98650, [12])
(98651, [12])
(98652, [12])
(98653, [12])
(98654, [12])
(98655, [12])
(98656, [12])
(98657, [12])
(98658, [12])
(98659, [12])
(98660, [12])
(98661, [12])
(98662, [12])
(98663, [12])
(98664, [12])
(98665, [12])
(98666, [12])
(98667, [12])
(98668, [12])
(98669, [12])
(98670, [12])
(98671, [12])
(98672, [12])
(98673, [12])
(98674, [12])
(98675, [12])
(98676, [2, 12])
(98677, [12])
(98678, [12])
(98679, [12])
(98680, [12])
(98681, [12])
(98682, [12])
(98683, [12])
(98684, [12])
(98685, [12])
(98686, [12])
(98687, [12])
(98688, [12])
(98689, [12])
(98690, [12])
(98691, [12])
(98692, [12])
(98693, [12])
(98694, [12])
(98695, [12])
(98696, [12])
(98697, [12])
(98698, [12])
(98699, [12])
(98700, [12])
(98701, [12])
(98702, [12])
(98703, [12])
(98704, [12])
(98705, [12])
(98706, [12])
(98707, [12])
(98708, [12])
(98709, [12])
(98710, [12])
(98711, [12])
(98712, [12])
(98713, [12])
(98714, [12])
(98715, [40])
(98716, [40])
(98717, [40])
(98718, [40])
(98719, [40])
(98720, [40])
(98721, [14, 40])
(98722, [2])
(98723, [2])
(98724, [2])
(98725, [2])
(98726, [2])
(98727, [2])
(98728, [2])
(98729, [2])
(98730, [2])
(98731, [2])
(98732, [2])
(98733, [2])
(98734, [2])
(98735, [2])
(98736, [2])
(98737, [2])
(98738, [2])
(98739, [2])
(98740, [2])
(98741, [2])
(98742, [2])
(98743, [2])
(98744, [2])
(98745, [2])
(98746, [2])
(98747, [2])
(98748, [2])
(98749, [2])
(98750, [2])
(98751, [2])
(98752, [2])
(98753, [2])
(98754, [2])
(98755, [2])
(98756, [2])
(98757, [2])
(98758, [2])
(98759, [2])
(98760, [2])
(98761, [2])
(98762, [2])
(98763, [2])
(98764, [2])
(98765, [2])
(98766, [2])
(98767, [2])
(98768, [2])
(98769, [2])
(98770, [2])
(98771, [2])
(98772, [2])
(98773, [2])
(98774, [2])
(98775, [2])
(98776, [2])
(98777, [2, 14])
(98778, [2])
(98779, [2])
(98780, [2])
(98781, [2])
(98782, [2])
(98783, [2])
(98784, [2])
(98785, [2])
(98786, [13])
(98787, [13])
(98788, [13])
(98789, [13])
(98790, [5])
(98791, [5])
(98792, [5])
(98793, [5])
(98794, [5])
(98795, [5])
(98796, [5])
(98797, [5])
(98798, [5])
(98799, [5])
(98800, [5])
(98801, [14])
(98802, [14])
(98803, [14])
(98804, [14])
(98805, [14])
(98806, [14])
(98807, [14])
(98808, [14])
(98809, [14])
(98810, [14])
(98811, [14])
(98812, [14])
(98813, [14])
(98814, [14])
(98815, [14, 22])
(98816, [14])
(98817, [14])
(98818, [14])
(98819, [22])
(98820, [22])
(98821, [22])
(98822, [22])
(98823, [22])
(98824, [22])
(98825, [22])
(98826, [22])
(98827, [22])
(98828, [22])
(98829, [22])
(98830, [22])
(98831, [22])
