(39846, [32, 35, 34, 33, 20, 18, 27, 9, 0, 11, 7, 29, 16, 42, 6, 28, 17, 1, 10, 19, 26, 8, 21, 44, 43, 38, 36, 31, 30, 37, 39, 41, 24, 23, 4, 15, 3, 12, 40, 2, 13, 5, 14, 22, 25])
(39847, [32, 35, 34, 33, 20, 18, 27, 9, 0, 11, 7, 29, 16, 42, 6, 28, 17, 1, 10, 19, 26, 8, 21, 44, 43, 38, 36, 31, 30, 37, 39, 41, 24, 23, 4, 15, 3, 12, 40, 2, 13, 5, 14, 22, 25])
(39848, [32, 35, 34, 33, 20, 18, 27, 9, 0, 11, 7, 29, 16, 42, 6, 28, 1, 10, 19, 26, 8, 21, 44, 43, 38, 36, 31, 30, 37, 39, 41, 24, 23, 4, 3, 12, 40, 2, 13, 5, 14, 22, 25])
(39849, [32, 35, 34, 33, 20, 18, 27, 9, 0, 11, 7, 29, 16, 42, 6, 28, 17, 1, 10, 19, 26, 8, 21, 44, 43, 38, 36, 31, 30, 37, 39, 41, 24, 23, 4, 15, 3, 12, 40, 2, 13, 5, 14, 22, 25])
(39850, [32, 35, 34, 33, 20, 18, 27, 9, 0, 11, 7, 29, 16, 42, 6, 28, 17, 1, 10, 19, 26, 8, 21, 44, 43, 38, 36, 31, 30, 37, 39, 41, 24, 23, 4, 15, 3, 12, 40, 2, 13, 5, 14, 22, 25])
(39851, [32, 35, 34, 33, 20, 18, 27, 9, 0, 11, 7, 29, 16, 42, 6, 28, 17, 1, 10, 19, 26, 8, 21, 44, 43, 38, 36, 31, 30, 37, 39, 41, 24, 23, 4, 15, 3, 12, 40, 2, 13, 5, 14, 22, 25])
(39852, [32, 35, 34, 33, 20, 18, 27, 9, 0, 11, 7, 29, 16, 42, 6, 28, 17, 1, 10, 19, 26, 8, 21, 44, 43, 38, 36, 31, 30, 37, 39, 41, 24, 23, 4, 15, 3, 12, 40, 2, 13, 5, 14, 22, 25])
(39853, [32, 34, 33, 20, 0, 11, 42, 1, 19, 26, 44, 43, 31, 30, 39, 23, 15, 3, 12, 2])
(39854, [32, 34, 33, 18, 9, 11, 7, 29, 6, 1, 19, 26, 8, 21, 44, 43, 31, 30, 4, 15, 3, 12, 40, 2, 13, 22])
(39855, [32, 35, 34, 33, 20, 18, 27, 9, 0, 11, 7, 29, 16, 42, 6, 28, 17, 1, 10, 19, 26, 8, 21, 44, 43, 38, 36, 31, 30, 37, 39, 41, 24, 23, 4, 15, 3, 12, 40, 2, 13, 5, 14, 22, 25])
(39856, [32, 35, 34, 33, 20, 18, 27, 9, 0, 11, 7, 29, 16, 42, 6, 28, 17, 1, 19, 26, 8, 21, 44, 43, 31, 30, 37, 39, 41, 24, 23, 4, 15, 3, 12, 40, 2, 13, 5, 14, 22])
(39857, [32, 35, 34, 33, 20, 18, 27, 9, 0, 11, 7, 16, 42, 6, 28, 17, 1, 19, 26, 8, 21, 44, 43, 36, 31, 30, 37, 39, 41, 24, 23, 4, 15, 3, 12, 40, 2, 13, 5, 14, 22, 25])
(39858, [32, 35, 34, 33, 20, 18, 9, 0, 11, 7, 29, 16, 42, 6, 28, 17, 1, 10, 19, 26, 21, 44, 43, 36, 31, 30, 37, 39, 41, 24, 23, 4, 15, 3, 12, 40, 2, 13, 14, 22])
(39859, [32, 35, 34, 33, 20, 18, 9, 0, 11, 7, 29, 42, 6, 17, 1, 19, 26, 21, 44, 43, 38, 30, 39, 23, 4, 15, 3, 12, 2, 13, 14, 22])
(39860, [32, 35, 34, 33, 20, 18, 27, 9, 0, 11, 7, 29, 16, 42, 6, 28, 17, 1, 10, 19, 26, 8, 21, 44, 43, 38, 36, 31, 30, 37, 39, 41, 24, 23, 4, 15, 3, 12, 40, 2, 13, 5, 14, 22, 25])
(39861, [32, 35, 34, 33, 20, 18, 27, 9, 0, 11, 7, 16, 42, 6, 28, 17, 1, 10, 19, 26, 8, 21, 44, 43, 36, 31, 30, 37, 39, 41, 24, 23, 4, 15, 3, 12, 40, 2, 13, 5, 14, 22, 25])
(39862, [32, 34, 33, 18, 9, 0, 11, 6, 1, 19, 26, 8, 21, 31, 30, 41, 24, 23, 4, 15, 3, 12, 2, 13, 14])
(39863, [32, 33, 9, 11, 7, 17, 1, 26, 21, 44, 43, 31, 41, 4, 15, 3, 14, 22])
(39864, [32, 20, 18, 9, 0, 16, 1, 19, 21, 43, 23, 2])
(39865, [32])
(39866, [32, 34, 33, 20, 18, 27, 9, 11, 7, 16, 42, 6, 28, 17, 1, 19, 26, 8, 44, 43, 36, 31, 41, 24, 23, 4, 15, 3, 12, 40, 2, 13, 14, 25])
(39867, [32, 35, 34, 33, 20, 18, 27, 9, 11, 7, 16, 42, 6, 17, 1, 19, 26, 8, 21, 44, 43, 38, 36, 31, 30, 41, 24, 23, 4, 15, 3, 12, 40, 2, 13, 5, 14])
(39868, [32, 35, 34, 33, 20, 18, 9, 0, 11, 7, 16, 42, 6, 28, 17, 1, 10, 19, 26, 8, 21, 44, 43, 36, 31, 30, 37, 41, 24, 23, 4, 15, 3, 12, 40, 2, 13, 14, 22])
(39869, [32, 34, 33, 18, 27, 9, 11, 16, 17, 1, 19, 26, 8, 21, 44, 43, 31, 30, 41, 24, 23, 15, 3, 12, 22])
(39870, [32, 34, 33, 20, 18, 9, 0, 11, 7, 29, 16, 42, 6, 28, 17, 1, 10, 19, 26, 8, 21, 44, 43, 36, 31, 30, 39, 41, 24, 23, 4, 15, 3, 12, 40, 2, 13, 14, 22])
(39871, [32, 35, 34, 33, 18, 9, 11, 7, 16, 42, 17, 1, 19, 26, 21, 44, 43, 36, 31, 30, 37, 39, 41, 23, 4, 15, 3, 12, 2, 13, 22])
(39872, [32, 35, 18, 42, 6, 1, 26, 21, 43, 39, 23, 4, 15, 2, 22])
(39873, [32, 35, 34, 33, 20, 18, 27, 9, 11, 7, 16, 42, 6, 28, 17, 1, 19, 26, 8, 21, 44, 43, 36, 31, 30, 39, 41, 24, 23, 4, 15, 3, 12, 40, 2, 5, 14])
(39874, [32, 34, 18, 7, 16, 6, 1, 19, 26, 21, 44, 30, 24, 15, 3, 12, 2, 22])
(39875, [32, 34, 33, 0, 6, 31])
(39876, [32, 35, 34, 33, 27, 0, 11, 16, 6, 28, 17, 1, 19, 26, 8, 21, 44, 43, 36, 31, 30, 41, 24, 23, 4, 15, 3, 12, 40, 2, 13, 14])
(39877, [32, 34, 33, 9, 0, 11, 7, 16, 6, 28, 17, 1, 10, 19, 26, 44, 43, 36, 31, 30, 41, 24, 4, 15, 3, 12, 40, 2, 13])
(39878, [32, 33, 18, 7, 42, 1, 21, 31, 23, 3, 12])
(39879, [32, 35, 34, 33, 20, 18, 27, 9, 0, 11, 16, 6, 28, 17, 1, 19, 26, 44, 43, 36, 31, 30, 37, 39, 41, 24, 4, 15, 3, 12, 40, 2, 14, 22, 25])
(39880, [32, 35, 34, 33, 18, 27, 9, 0, 11, 7, 16, 42, 6, 1, 19, 21, 44, 31, 30, 37, 41, 23, 4, 15, 3, 12, 40, 2, 13, 5, 14, 22])
(39881, [32, 35, 33, 1, 10, 19, 26, 44, 31, 30, 24, 15, 2, 14, 25])
(39882, [32, 30, 4])
(39883, [32])
(39884, [32, 34, 33, 18, 9, 0, 11, 7, 16, 6, 17, 1, 19, 26, 8, 21, 44, 43, 31, 30, 39, 41, 23, 15, 3, 12, 2, 22])
(39885, [32, 35, 34, 20, 18, 9, 0, 7, 29, 16, 42, 6, 17, 1, 19, 8, 21, 44, 43, 31, 30, 39, 41, 24, 23, 4, 15, 3, 12, 2, 5, 14])
(39886, [32, 35, 34, 9, 6, 1, 19, 44, 43, 30, 23, 3, 2])
(39887, [32, 34, 0, 1, 10, 19, 31, 30, 15, 3, 40, 13])
(39888, [32, 9, 16, 31, 24])
(39889, [32, 33, 18, 9, 11, 17, 1, 26, 38, 36, 31, 30, 24, 15, 3, 12, 40, 2, 14])
(39890, [32, 35, 34, 33, 20, 18, 27, 9, 0, 11, 7, 29, 16, 42, 6, 28, 17, 1, 19, 26, 8, 21, 44, 43, 31, 30, 37, 41, 24, 23, 4, 15, 3, 12, 40, 2, 13, 5, 14, 22, 25])
(39891, [32, 18, 9, 0, 19, 8, 21, 31, 30, 23, 4, 12, 2, 14])
(39892, [32, 35, 18, 27, 16, 8, 43, 23, 3, 12])
(39893, [32, 35, 34, 33, 20, 18, 9, 0, 11, 7, 29, 16, 42, 6, 17, 1, 10, 19, 26, 8, 21, 44, 43, 38, 36, 31, 30, 37, 41, 24, 23, 4, 15, 3, 12, 40, 2, 5, 22])
(39894, [32, 35, 18, 9, 6, 17, 24, 23, 15, 22])
(39895, [32, 18, 15, 22])
(39896, [32, 35, 34, 33, 20, 18, 27, 0, 11, 7, 42, 6, 28, 17, 1, 10, 19, 26, 21, 44, 43, 31, 30, 39, 24, 23, 4, 15, 3, 12, 40, 2, 13, 5, 14, 22])
(39897, [32, 35, 34, 33, 20, 18, 27, 9, 0, 11, 7, 16, 42, 6, 28, 17, 1, 10, 19, 26, 8, 21, 44, 43, 31, 30, 37, 39, 41, 24, 23, 4, 15, 3, 12, 40, 2, 5, 14, 22, 25])
(39898, [32, 33, 18, 9, 11, 17, 26, 44, 43, 36, 31, 3])
(39899, [32])
(39900, [32, 35, 34, 33, 20, 18, 9, 11, 7, 16, 42, 6, 17, 1, 10, 19, 8, 21, 44, 43, 38, 31, 30, 37, 41, 24, 23, 4, 3, 12, 40, 5, 14])
(39901, [32, 9, 43, 31, 15])
(39902, [32, 34, 18, 9, 11, 29, 1, 10, 19, 26, 8, 21, 44, 43, 38, 36, 24, 23, 4, 15, 3, 2, 22])
(39903, [32, 34, 18, 9, 6, 1, 31, 41, 4, 15, 3])
(39904, [32, 34, 33, 20, 18, 9, 0, 11, 7, 16, 42, 17, 1, 10, 19, 26, 21, 44, 43, 38, 36, 31, 30, 39, 41, 24, 23, 4, 15, 3, 12, 2, 13, 14, 22])
(39905, [32, 20, 11, 7, 16, 42, 6, 1, 10, 24, 4, 3, 2, 13, 14, 22])
(39906, [32, 16, 6, 8, 43, 23, 15])
(39907, [32, 33, 9, 0, 16, 28, 1, 26, 8, 23, 3, 12, 2, 5])
(39908, [32, 43, 4])
(39909, [32])
(39910, [32, 35, 33, 20, 18, 9, 11, 29, 16, 42, 6, 17, 1, 10, 19, 26, 21, 44, 43, 31, 41, 24, 23, 4, 15, 3, 12, 40, 2, 13, 22])
(39911, [32, 34, 2])
(39912, [32, 35, 34, 33, 20, 18, 27, 9, 0, 11, 7, 16, 42, 6, 28, 17, 1, 10, 19, 26, 8, 21, 44, 43, 38, 36, 31, 30, 37, 39, 41, 24, 23, 4, 15, 3, 12, 40, 2, 13, 5, 14, 22, 25])
(39913, [32])
(39914, [32, 34, 9, 0, 10, 12, 2])
(39915, [32, 34, 20, 9, 0, 11, 16, 17, 1, 10, 19, 26, 21, 44, 43, 38, 30, 15, 3, 12, 2, 13, 14])
(39916, [32, 20, 0, 1, 23, 4, 3, 12, 5])
(39917, [32, 20, 11, 7, 8, 43, 15, 3, 40, 13])
(39918, [32, 33, 18, 9, 11, 1, 43, 31, 30, 12, 40, 2])
(39919, [32])
(39920, [32, 34, 33, 18, 11, 7, 29, 16, 42, 6, 17, 26, 21, 36, 31, 15, 3, 12, 40, 13])
(39921, [32, 24, 23])
(39922, [32, 35, 33, 20, 18, 27, 9, 0, 11, 7, 16, 42, 6, 1, 19, 26, 8, 21, 44, 43, 30, 39, 23, 4, 15, 3, 12, 2, 22])
(39923, [32, 35, 18, 11, 6, 17, 1, 8, 21, 44, 43, 31, 39, 24, 23, 4, 3, 12, 2, 14])
(39924, [32, 9, 0, 6, 28, 19, 44, 43, 23, 40])
(39925, [32, 35, 34, 33, 27, 9, 0, 16, 6, 1, 8, 31, 39, 23, 4, 15, 12])
(39926, [32, 34, 33, 20, 9, 11, 16, 6, 28, 17, 19, 26, 44, 43, 36, 31, 30, 41, 24, 23, 4, 3, 12, 40, 2, 13, 14])
(39927, [32])
(39928, [32, 34, 33, 0, 11, 16, 6, 28, 17, 26, 44, 36, 39, 41, 24, 4, 15, 40, 2, 13, 14, 25])
(39929, [32, 34, 33, 18, 27, 9, 0, 16, 6, 1, 26, 21, 44, 43, 36, 31, 39, 24, 23, 4, 15, 3, 12, 2, 13, 14, 22])
(39930, [35])
(39931, [35, 43, 12])
(39932, [35, 18, 29, 19, 21, 39, 23, 4, 12, 22])
(39933, [35, 34, 33, 20, 18, 9, 0, 11, 7, 42, 6, 1, 19, 26, 21, 43, 31, 30, 37, 4, 3, 12, 40, 2])
(39934, [35, 34, 20, 18, 9, 11, 7, 16, 42, 6, 1, 26, 21, 44, 43, 31, 30, 39, 41, 24, 4, 15, 3, 12, 40, 2, 13])
(39935, [35, 28])
(39936, [35])
(39937, [35, 0, 11, 1, 8, 21, 37, 23, 3, 12, 2, 22])
(39938, [35])
(39939, [35, 20, 18, 0, 11, 42, 28, 17, 1, 19, 44, 36, 31, 24, 4, 3, 12, 2])
(39940, [35, 9, 8, 3])
(39941, [35])
(39942, [35])
(39943, [35])
(39944, [35])
(39945, [35])
(39946, [35, 20, 9, 0, 11, 16, 42, 6, 1, 10, 19, 8, 39, 23, 3, 12, 2, 5, 22])
(39947, [35])
(39948, [35, 0, 11, 1, 23, 3])
(39949, [35])
(39950, [35, 34, 33, 20, 18, 9, 0, 11, 7, 16, 42, 6, 28, 17, 1, 19, 26, 44, 43, 31, 37, 39, 41, 24, 23, 4, 15, 3, 12, 40, 2, 13, 5, 14])
(39951, [35])
(39952, [35, 34, 9, 0, 1, 8, 43, 37, 23, 3, 2, 5])
(39953, [35, 33, 20, 18, 0, 11, 17, 1, 19, 4, 3, 40, 2, 14])
(39954, [35, 34, 29, 2])
(39955, [35, 34, 33, 20, 18, 9, 0, 7, 16, 42, 6, 17, 1, 19, 26, 21, 43, 36, 31, 39, 41, 24, 23, 4, 15, 3, 12, 40, 2, 5, 22])
(39956, [35])
(39957, [35])
(39958, [35, 18, 1, 31, 2])
(39959, [35, 34, 33, 18, 7, 19, 8, 30, 3, 12, 13, 14])
(39960, [35, 9, 16, 6, 1, 44, 41, 23, 4, 3, 40, 2, 22])
(39961, [35])
(39962, [35])
(39963, [35, 18, 8, 23])
(39964, [35])
(39965, [35, 33, 6, 1, 26, 44, 31, 41, 23, 4, 15, 3, 40, 2, 5])
(39966, [35, 33, 18, 29, 19, 31, 30, 23])
(39967, [35])
(39968, [35])
(39969, [35, 18, 9, 19, 43, 39, 23, 4, 15, 3, 12, 40, 5, 14])
(39970, [35, 20, 18, 27, 7, 16, 42, 6, 24, 23, 4, 2])
(39971, [34, 9, 26, 2])
(39972, [34, 33, 18, 27, 9, 11, 7, 29, 16, 42, 6, 28, 17, 1, 19, 26, 8, 44, 36, 31, 30, 39, 41, 24, 4, 15, 3, 12, 2, 14, 22])
(39973, [34, 11, 8, 23, 3, 5])
(39974, [34, 33, 0, 11, 29, 6, 19, 31, 30, 3])
(39975, [34, 33, 27, 0, 11, 7, 42, 6, 1, 19, 8, 21, 44, 43, 31, 30, 39, 41, 23, 4, 15, 3, 2, 22])
(39976, [34, 33, 18, 0, 6, 17, 1, 19, 44, 43, 31, 24, 4, 12, 22])
(39977, [34])
(39978, [34, 18, 43, 30, 2])
(39979, [34, 36, 39])
(39980, [34, 18, 43])
(39981, [34, 18, 19, 21, 30])
(39982, [34, 9, 11, 16, 17, 19, 26, 21, 44, 31, 37, 23, 12, 2, 5])
(39983, [34, 9, 7, 42, 1, 19, 26, 44, 41, 4, 15, 3, 12])
(39984, [34, 4])
(39985, [34, 6, 44, 41, 2])
(39986, [34])
(39987, [34])
(39988, [34])
(39989, [34, 11, 1, 19, 21, 44, 30, 5])
(39990, [34, 33, 18, 1, 21, 31, 30, 23, 3, 12, 22])
(39991, [34, 0, 11, 6, 1, 19, 21, 44, 31, 3, 2, 22])
(39992, [34])
(39993, [34, 14])
(39994, [34, 9, 26, 41, 24, 12, 2])
(39995, [34])
(39996, [34, 33])
(39997, [34, 9, 42, 1, 10, 26, 43, 24, 3])
(39998, [34, 9, 11, 26, 43, 31, 30, 41, 24, 15, 12, 2, 13])
(39999, [34, 18, 9, 11, 7, 16, 6, 28, 17, 1, 19, 8, 44, 43, 36, 31, 24, 23, 4, 3, 40, 2, 13])
(40000, [34, 6, 1, 19, 37, 15, 3, 2])
(40001, [34, 33, 20, 9, 0, 11, 29, 16, 1, 19, 26, 21, 44, 36, 31, 30, 37, 3, 12, 2, 13, 5, 22])
(40002, [34, 5])
(40003, [34, 1, 19, 21, 44, 3])
(40004, [34, 18])
(40005, [34, 33, 20, 18, 9, 11, 6, 19, 39, 4, 15, 2, 13])
(40006, [34, 33, 18, 1, 19, 44, 30, 24, 4, 15, 3, 2, 13])
(40007, [34, 29, 44])
(40008, [34])
(40009, [34, 33, 9, 16, 44, 31, 30, 41, 24, 3, 12, 40, 2, 13, 14])
(40010, [34])
(40011, [34, 24, 15])
(40012, [34])
(40013, [34, 18, 9, 0, 11, 16, 17, 1, 19, 8, 21, 44, 43, 30, 41, 15, 3, 12, 40, 2])
(40014, [34, 33, 18, 9, 0, 11, 7, 16, 1, 10, 19, 44, 43, 36, 31, 30, 39, 41, 24, 23, 4, 15, 3, 12, 40, 2, 13, 14])
(40015, [34])
(40016, [34])
(40017, [34, 41])
(40018, [34])
(40019, [34, 9, 31, 37, 2])
(40020, [34, 44])
(40021, [34])
(40022, [34, 6, 44, 31, 41, 3, 12])
(40023, [34, 20, 0, 11, 16, 17, 1, 21, 30, 41, 22])
(40024, [34, 33, 18, 0, 7, 6, 1, 26, 44, 31, 41, 23, 15, 3, 40, 2])
(40025, [34, 33, 20, 18, 27, 0, 42, 6, 1, 10, 43, 36, 37, 41, 23, 3, 40, 5, 14])
(40026, [34])
(40027, [34])
(40028, [34, 9, 0, 11, 29, 6, 44, 23, 12, 2, 5])
(40029, [34, 9, 0, 7, 1, 26, 15, 2, 22])
(40030, [34, 11, 6, 41])
(40031, [34, 9, 1, 24, 23])
(40032, [34, 11, 1, 8, 21, 44, 43, 23, 4, 15, 3])
(40033, [34, 0, 6, 41])
(40034, [34, 20, 18, 9, 0, 11, 7, 42, 17, 1, 19, 44, 38, 3, 12, 5])
(40035, [34, 9, 0, 11, 7, 6, 28, 17, 19, 31, 24, 3, 40, 2, 13])
(40036, [34])
(40037, [34, 27, 9, 1, 36, 24, 23, 3])
(40038, [34, 20, 0, 11, 19, 31, 39, 41, 12, 5])
(40039, [34, 33, 21, 12])
(40040, [34, 33, 20, 18, 9, 0, 6, 1, 8, 44, 43, 36, 41, 23, 15])
(40041, [33, 9, 19, 31, 3])
(40042, [33, 28, 8, 30, 2])
(40043, [33, 11, 26, 43, 31, 41, 24])
(40044, [33])
(40045, [33])
(40046, [33])
(40047, [33])
(40048, [33])
(40049, [33])
(40050, [33, 9, 0, 16, 19, 44, 30, 24, 4, 15, 2])
(40051, [33, 9, 11, 42, 1, 21, 44, 23, 15])
(40052, [33])
(40053, [33, 20, 18, 9, 29, 16, 1, 19, 8, 21, 44, 38, 31, 37, 24, 23, 4, 3, 40, 2, 5, 22])
(40054, [33, 11, 1, 41])
(40055, [33, 16, 1, 39, 3])
(40056, [33, 0, 7, 26, 43, 41, 3, 40, 13, 25])
(40057, [33, 31])
(40058, [33, 20, 9, 0, 11, 16, 10, 19, 8, 44, 4, 15, 3, 12])
(40059, [33])
(40060, [33])
(40061, [33])
(40062, [33, 43, 41])
(40063, [33, 1, 19, 15])
(40064, [33, 20, 8, 21, 44, 3, 2])
(40065, [33, 31])
(40066, [33])
(40067, [33, 17])
(40068, [33, 1, 26, 43, 31, 3])
(40069, [33, 18, 43])
(40070, [33, 0, 7, 1, 8, 43, 31, 30, 23, 3])
(40071, [33, 6, 21])
(40072, [33, 0, 1, 31, 23, 3])
(40073, [33])
(40074, [33, 0, 16, 1, 41, 24, 12])
(40075, [33])
(40076, [33, 9, 11, 17, 19, 26, 44, 31, 30, 41, 3, 2, 13])
(40077, [33])
(40078, [33, 9, 0, 16, 40, 2, 14])
(40079, [33, 9, 0, 1, 3, 12, 2, 14])
(40080, [33, 9, 16, 43, 31])
(40081, [33, 9, 11, 16, 42, 1, 26, 21, 43, 38, 30, 41, 24, 23, 15, 3, 12])
(40082, [33])
(40083, [33, 18, 0, 7, 1, 26, 44, 43, 31, 30, 23, 15, 3])
(40084, [33])
(40085, [33, 0, 11, 7, 29, 1, 44, 43, 31, 30, 3, 12])
(40086, [33, 20, 0, 11, 16, 17, 15, 12])
(40087, [33])
(40088, [20, 15, 2])
(40089, [20, 1])
(40090, [20, 18, 9, 16, 6, 28, 1, 10, 19, 26, 21, 43, 38, 41, 24, 23, 4, 15, 3, 40, 2])
(40091, [20, 18, 9, 0, 17, 1, 10, 26, 24, 15, 12])
(40092, [20, 0, 8])
(40093, [20, 18, 9, 8, 23, 3])
(40094, [20, 18, 1, 10, 21, 44, 31, 39, 3])
(40095, [20, 37])
(40096, [20, 44, 30, 4])
(40097, [20, 18, 43, 41, 12])
(40098, [20, 9, 6, 10, 12])
(40099, [20, 16, 1, 31, 3, 12, 2])
(40100, [20, 29, 6, 1, 19, 21, 37, 41, 3, 2, 22])
(40101, [20, 9, 0, 7, 16, 42, 36, 31, 3, 12, 2])
(40102, [20, 18, 27, 9, 0, 11, 16, 1, 10, 8, 36, 30, 24, 23, 15, 3, 2, 5])
(40103, [20, 6, 41, 4, 40, 2, 14])
(40104, [20])
(40105, [20])
(40106, [20, 9, 0, 11, 16, 42, 1, 26, 44, 4, 15, 3, 12, 2, 14])
(40107, [20, 11, 16, 28, 1, 19, 44, 39, 41, 3, 12, 5])
(40108, [20, 15])
(40109, [20, 7, 17, 21, 3])
(40110, [20, 1])
(40111, [20, 16, 36, 12, 13])
(40112, [20, 3])
(40113, [20, 3])
(40114, [20, 18, 1, 10, 19, 26, 21, 44, 37, 41, 24, 15, 3])
(40115, [20, 3])
(40116, [20, 44, 41])
(40117, [20])
(40118, [20])
(40119, [20])
(40120, [20])
(40121, [20, 0, 7, 16, 42, 26, 44, 4, 15, 3, 12, 2])
(40122, [20])
(40123, [20, 3])
(40124, [18, 9, 0, 11, 16, 6, 1, 19, 26, 44, 4, 12, 2])
(40125, [18, 9, 17, 1, 43, 36, 23, 15, 12, 2, 5, 22])
(40126, [18])
(40127, [18])
(40128, [18])
(40129, [18, 0, 7, 1, 10, 44, 3, 12])
(40130, [18])
(40131, [18])
(40132, [18, 1, 21])
(40133, [18])
(40134, [18, 19, 23])
(40135, [18])
(40136, [18, 28, 41, 14])
(40137, [18, 23])
(40138, [18, 11, 29, 16, 17, 1, 19, 21, 44, 31, 30, 37, 41, 23, 15, 3, 22])
(40139, [18, 17, 44, 43])
(40140, [18])
(40141, [18])
(40142, [18, 44])
(40143, [18, 19])
(40144, [18])
(40145, [18, 29, 19])
(40146, [18])
(40147, [18, 11])
(40148, [18, 16, 8, 43, 23, 12, 2])
(40149, [18])
(40150, [18])
(40151, [18, 0, 8, 43, 23, 3, 12, 5])
(40152, [18, 21])
(40153, [18, 16, 1, 8, 23, 3, 5])
(40154, [18])
(40155, [18])
(40156, [18, 2])
(40157, [18, 31])
(40158, [18])
(40159, [18, 7, 8, 41, 3, 22])
(40160, [18, 4])
(40161, [18])
(40162, [18, 42, 1, 23, 4, 3])
(40163, [18])
(40164, [18])
(40165, [18])
(40166, [18])
(40167, [18, 1, 44, 31, 3])
(40168, [18])
(40169, [18, 31])
(40170, [18, 8])
(40171, [18])
(40172, [18, 2])
(40173, [18])
(40174, [18, 11, 4, 15, 3])
(40175, [18])
(40176, [18, 28, 17, 19, 21, 44, 39])
(40177, [18])
(40178, [18, 1])
(40179, [18, 23])
(40180, [18])
(40181, [18])
(40182, [18])
(40183, [18, 19, 31, 30, 41, 15])
(40184, [18])
(40185, [18])
(40186, [18, 1, 41, 3, 2])
(40187, [18, 27, 9, 19, 44, 43, 36, 39, 4, 15, 12])
(40188, [18, 5])
(40189, [18, 44, 30])
(40190, [18])
(40191, [18])
(40192, [18])
(40193, [18])
(40194, [18])
(40195, [18])
(40196, [18])
(40197, [18])
(40198, [18])
(40199, [18])
(40200, [18])
(40201, [18])
(40202, [18, 2])
(40203, [18])
(40204, [18])
(40205, [18])
(40206, [18, 2, 13])
(40207, [18])
(40208, [18])
(40209, [18, 23, 15, 3])
(40210, [18])
(40211, [18])
(40212, [18, 23])
(40213, [18])
(40214, [18])
(40215, [18])
(40216, [18])
(40217, [18])
(40218, [18, 42, 17, 31, 30])
(40219, [18, 9, 0, 11, 1, 19, 3, 22])
(40220, [18, 0, 26, 31, 41, 4, 15, 2])
(40221, [18, 29, 12])
(40222, [18])
(40223, [27, 0, 4, 15])
(40224, [27])
(40225, [27, 15])
(40226, [27])
(40227, [27])
(40228, [27])
(40229, [27])
(40230, [27, 0, 16, 26, 36, 30, 41, 23, 15, 3, 12])
(40231, [27, 0, 11, 1, 43, 3, 12, 2])
(40232, [27, 0, 11, 7, 1, 44, 41, 3])
(40233, [9, 17, 4, 2])
(40234, [9, 31, 41])
(40235, [9])
(40236, [9, 1, 44, 12])
(40237, [9])
(40238, [9])
(40239, [9, 11, 42, 1, 26, 15, 3, 12])
(40240, [9])
(40241, [9])
(40242, [9])
(40243, [9, 19])
(40244, [9])
(40245, [9, 23])
(40246, [9, 0, 11, 6, 31])
(40247, [9, 0, 16, 1, 10, 23, 4, 3])
(40248, [9, 1, 21, 23, 3, 2])
(40249, [9])
(40250, [9])
(40251, [9, 11, 17])
(40252, [9, 8, 30, 23])
(40253, [9, 4])
(40254, [9])
(40255, [9, 16, 26, 15, 3])
(40256, [9, 19, 21, 41])
(40257, [9])
(40258, [9])
(40259, [9, 11, 12])
(40260, [9])
(40261, [9])
(40262, [9])
(40263, [9, 42, 19])
(40264, [9])
(40265, [9])
(40266, [9, 3, 12, 2])
(40267, [9])
(40268, [9])
(40269, [9])
(40270, [9, 8])
(40271, [9])
(40272, [9, 1, 12])
(40273, [9, 21])
(40274, [9, 0, 16, 1, 44, 3, 2])
(40275, [9, 0, 7, 43, 2])
(40276, [9, 16])
(40277, [9])
(40278, [9, 0, 12, 2])
(40279, [9])
(40280, [9, 41, 12, 2])
(40281, [9])
(40282, [9, 17, 41])
(40283, [9, 2])
(40284, [9])
(40285, [9])
(40286, [9, 26, 4])
(40287, [9])
(40288, [9])
(40289, [9])
(40290, [9, 0, 44, 41])
(40291, [9])
(40292, [9, 3])
(40293, [0])
(40294, [0])
(40295, [0])
(40296, [0])
(40297, [0])
(40298, [0])
(40299, [0])
(40300, [0])
(40301, [0])
(40302, [0])
(40303, [0])
(40304, [0])
(40305, [0])
(40306, [0, 12])
(40307, [0, 23])
(40308, [0])
(40309, [0])
(40310, [0])
(40311, [0])
(40312, [0, 2])
(40313, [0])
(40314, [0])
(40315, [0, 3, 12])
(40316, [0])
(40317, [0, 10])
(40318, [0])
(40319, [0])
(40320, [0])
(40321, [0])
(40322, [0])
(40323, [0])
(40324, [0])
(40325, [0])
(40326, [0, 12])
(40327, [0])
(40328, [0])
(40329, [0])
(40330, [0])
(40331, [0])
(40332, [0])
(40333, [0])
(40334, [0])
(40335, [0])
(40336, [0])
(40337, [0])
(40338, [0])
(40339, [0])
(40340, [0])
(40341, [0])
(40342, [0])
(40343, [0, 21, 3])
(40344, [0])
(40345, [0])
(40346, [0])
(40347, [0, 12])
(40348, [0])
(40349, [0])
(40350, [0])
(40351, [0, 44, 3])
(40352, [0])
(40353, [0])
(40354, [0])
(40355, [0])
(40356, [0])
(40357, [0])
(40358, [0])
(40359, [0, 11, 26, 30])
(40360, [0])
(40361, [0])
(40362, [0])
(40363, [0])
(40364, [0])
(40365, [0])
(40366, [0])
(40367, [0, 23, 4, 15])
(40368, [0])
(40369, [0])
(40370, [0, 12])
(40371, [0])
(40372, [0])
(40373, [0])
(40374, [0])
(40375, [0])
(40376, [0, 14])
(40377, [0])
(40378, [0])
(40379, [0])
(40380, [0])
(40381, [0])
(40382, [0])
(40383, [0])
(40384, [0])
(40385, [0])
(40386, [0])
(40387, [0])
(40388, [0])
(40389, [0])
(40390, [0])
(40391, [0])
(40392, [0])
(40393, [0])
(40394, [0])
(40395, [0, 28, 17, 44, 2, 22])
(40396, [0])
(40397, [0])
(40398, [0])
(40399, [0])
(40400, [0, 40])
(40401, [0, 12])
(40402, [0])
(40403, [0])
(40404, [0])
(40405, [0])
(40406, [0])
(40407, [0])
(40408, [0])
(40409, [0, 10, 12])
(40410, [0])
(40411, [0])
(40412, [0])
(40413, [0])
(40414, [0])
(40415, [0])
(40416, [0])
(40417, [0])
(40418, [0])
(40419, [0])
(40420, [0])
(40421, [0, 11, 26, 43, 30, 3])
(40422, [0])
(40423, [0])
(40424, [0])
(40425, [0])
(40426, [0])
(40427, [0])
(40428, [0])
(40429, [0])
(40430, [0, 19, 36, 2])
(40431, [0])
(40432, [0])
(40433, [0])
(40434, [0])
(40435, [0])
(40436, [0])
(40437, [0])
(40438, [0])
(40439, [0])
(40440, [0])
(40441, [0])
(40442, [0])
(40443, [0, 24])
(40444, [0])
(40445, [0, 16, 12])
(40446, [0])
(40447, [0])
(40448, [0])
(40449, [0])
(40450, [0])
(40451, [0, 6, 2])
(40452, [0, 1, 3])
(40453, [0])
(40454, [0])
(40455, [0])
(40456, [0])
(40457, [0, 1, 10, 3, 12])
(40458, [0])
(40459, [0])
(40460, [0])
(40461, [0, 19, 2])
(40462, [0])
(40463, [0])
(40464, [0])
(40465, [0])
(40466, [0])
(40467, [0])
(40468, [0, 23])
(40469, [0])
(40470, [0, 44, 3])
(40471, [0])
(40472, [0])
(40473, [0])
(40474, [0])
(40475, [0])
(40476, [0])
(40477, [0])
(40478, [0])
(40479, [0])
(40480, [0])
(40481, [0])
(40482, [0])
(40483, [0, 6, 1, 36, 3, 12, 2])
(40484, [0])
(40485, [0])
(40486, [0])
(40487, [0])
(40488, [0])
(40489, [0, 42, 28, 1, 19, 26, 8, 21, 3, 12, 5])
(40490, [0])
(40491, [0])
(40492, [0])
(40493, [0])
(40494, [0, 43])
(40495, [0, 12])
(40496, [0])
(40497, [0])
(40498, [0])
(40499, [0])
(40500, [0, 12])
(40501, [0])
(40502, [0, 26, 43, 30, 4, 15, 3, 2, 14])
(40503, [0])
(40504, [0])
(40505, [0])
(40506, [0])
(40507, [0])
(40508, [0])
(40509, [0])
(40510, [0])
(40511, [0])
(40512, [0, 11, 19, 26, 43, 15, 3, 14])
(40513, [0])
(40514, [0])
(40515, [0])
(40516, [0])
(40517, [0])
(40518, [0])
(40519, [0])
(40520, [0])
(40521, [0])
(40522, [0])
(40523, [0])
(40524, [0])
(40525, [0])
(40526, [0])
(40527, [0])
(40528, [0])
(40529, [0])
(40530, [0])
(40531, [0])
(40532, [0])
(40533, [0, 36])
(40534, [0])
(40535, [0])
(40536, [0])
(40537, [0])
(40538, [0])
(40539, [0])
(40540, [0])
(40541, [0])
(40542, [0])
(40543, [0])
(40544, [0, 12])
(40545, [0])
(40546, [0])
(40547, [0])
(40548, [0])
(40549, [0])
(40550, [0])
(40551, [0])
(40552, [0])
(40553, [0])
(40554, [0])
(40555, [0])
(40556, [0])
(40557, [0, 26])
(40558, [11, 6, 43, 36, 31, 41, 3, 12, 2])
(40559, [11])
(40560, [11, 1, 21, 24, 2])
(40561, [11, 12])
(40562, [11, 17, 1, 10, 8])
(40563, [11, 29, 21, 44])
(40564, [11])
(40565, [11])
(40566, [11])
(40567, [11, 7, 3])
(40568, [11])
(40569, [11, 1, 21, 39, 3, 2])
(40570, [11, 1, 26, 31])
(40571, [11])
(40572, [11, 1, 19, 3, 2])
(40573, [11, 1, 43])
(40574, [11, 26, 24, 12, 40, 2])
(40575, [11])
(40576, [11])
(40577, [11])
(40578, [11, 44])
(40579, [11, 30, 4])
(40580, [11])
(40581, [11])
(40582, [11])
(40583, [11, 1])
(40584, [11])
(40585, [7, 1, 21, 3])
(40586, [7, 22])
(40587, [7, 26, 30, 24, 15])
(40588, [7, 28, 17, 26, 3, 12])
(40589, [7])
(40590, [7, 12])
(40591, [7, 42, 1, 44, 3])
(40592, [29, 31])
(40593, [29, 1, 21, 39, 3])
(40594, [16, 19, 30, 23, 15])
(40595, [16])
(40596, [16, 12, 2])
(40597, [16])
(40598, [16])
(40599, [16])
(40600, [16, 2])
(40601, [16])
(40602, [16, 19, 21, 43, 31, 4, 15, 2])
(40603, [16, 1, 21, 30, 15])
(40604, [16])
(40605, [16])
(40606, [16])
(40607, [16, 3, 40])
(40608, [16])
(40609, [16])
(40610, [16, 19])
(40611, [16])
(40612, [16])
(40613, [42, 31])
(40614, [42, 41])
(40615, [42, 12])
(40616, [6])
(40617, [6])
(40618, [6, 40])
(40619, [6])
(40620, [6, 8, 23, 3, 12, 2])
(40621, [6, 17, 41, 40, 2, 13])
(40622, [6])
(40623, [6, 43])
(40624, [6, 43])
(40625, [6])
(40626, [6, 1, 43, 3])
(40627, [6])
(40628, [6, 17, 4, 15])
(40629, [6, 21, 4])
(40630, [6, 2])
(40631, [6])
(40632, [6])
(40633, [6, 26, 44, 43, 36, 12, 40])
(40634, [28])
(40635, [28])
(40636, [28, 26, 30, 41, 2, 14])
(40637, [28, 8, 2])
(40638, [28])
(40639, [17])
(40640, [17])
(40641, [17, 21])
(40642, [17])
(40643, [17])
(40644, [17])
(40645, [17, 23, 2])
(40646, [17])
(40647, [17, 44, 3, 12])
(40648, [17])
(40649, [17, 3])
(40650, [17])
(40651, [17])
(40652, [17, 8])
(40653, [17, 44])
(40654, [17, 30, 40, 2])
(40655, [17, 36])
(40656, [17])
(40657, [17, 1, 19])
(40658, [17])
(40659, [1])
(40660, [1, 21, 3])
(40661, [1, 3])
(40662, [1, 3])
(40663, [1])
(40664, [1, 44])
(40665, [1])
(40666, [1, 3])
(40667, [1, 3])
(40668, [1])
(40669, [1, 19, 3])
(40670, [1])
(40671, [1])
(40672, [1, 21, 3])
(40673, [1])
(40674, [1, 24, 3, 13])
(40675, [1])
(40676, [1, 19, 3])
(40677, [1])
(40678, [1])
(40679, [1])
(40680, [1])
(40681, [1, 3])
(40682, [1])
(40683, [1])
(40684, [1, 43, 3])
(40685, [1, 19, 3])
(40686, [1, 43, 36, 31, 23, 4, 15])
(40687, [1])
(40688, [1])
(40689, [1, 21, 23, 3])
(40690, [1])
(40691, [1])
(40692, [1])
(40693, [1])
(40694, [1])
(40695, [1, 3])
(40696, [10])
(40697, [10])
(40698, [10])
(40699, [10, 12])
(40700, [10])
(40701, [10])
(40702, [10])
(40703, [19])
(40704, [19])
(40705, [19, 4])
(40706, [19])
(40707, [19])
(40708, [19])
(40709, [19])
(40710, [19])
(40711, [19, 15])
(40712, [19, 22])
(40713, [19])
(40714, [19])
(40715, [19, 21, 24, 5])
(40716, [19])
(40717, [19, 3])
(40718, [19])
(40719, [19, 26, 3])
(40720, [19])
(40721, [19])
(40722, [19])
(40723, [19])
(40724, [19, 21, 3])
(40725, [19])
(40726, [26])
(40727, [26])
(40728, [26])
(40729, [26, 44, 15])
(40730, [26, 8, 37, 39, 23, 5])
(40731, [26])
(40732, [26, 43, 2])
(40733, [26])
(40734, [26])
(40735, [26, 15])
(40736, [26])
(40737, [26])
(40738, [26])
(40739, [26, 3, 2, 13])
(40740, [26])
(40741, [26])
(40742, [26])
(40743, [26])
(40744, [26])
(40745, [26])
(40746, [26, 44])
(40747, [26, 4])
(40748, [26])
(40749, [26])
(40750, [26])
(40751, [26])
(40752, [26])
(40753, [8])
(40754, [8])
(40755, [8])
(40756, [8])
(40757, [8])
(40758, [8])
(40759, [8])
(40760, [8])
(40761, [8])
(40762, [8])
(40763, [8])
(40764, [8])
(40765, [8])
(40766, [8])
(40767, [8])
(40768, [8, 23, 3, 2])
(40769, [8])
(40770, [8])
(40771, [8])
(40772, [8])
(40773, [8])
(40774, [8])
(40775, [8])
(40776, [8])
(40777, [21])
(40778, [21])
(40779, [21, 12])
(40780, [21])
(40781, [21])
(40782, [21, 23, 3, 12])
(40783, [21])
(40784, [21, 3])
(40785, [21])
(40786, [21])
(40787, [21])
(40788, [21, 39])
(40789, [21])
(40790, [21])
(40791, [21])
(40792, [21])
(40793, [21])
(40794, [21])
(40795, [21])
(40796, [21])
(40797, [21])
(40798, [21])
(40799, [21])
(40800, [21, 4])
(40801, [21])
(40802, [21])
(40803, [21])
(40804, [21])
(40805, [21])
(40806, [21])
(40807, [21])
(40808, [21])
(40809, [21, 44, 39, 15])
(40810, [21])
(40811, [21])
(40812, [21, 3])
(40813, [21])
(40814, [21])
(40815, [21])
(40816, [21])
(40817, [21])
(40818, [21])
(40819, [21, 3])
(40820, [21])
(40821, [21])
(40822, [21])
(40823, [21])
(40824, [44])
(40825, [44])
(40826, [44, 31])
(40827, [44])
(40828, [44])
(40829, [44, 39])
(40830, [44])
(40831, [44])
(40832, [44])
(40833, [44, 30])
(40834, [44])
(40835, [44, 23])
(40836, [44])
(40837, [44])
(40838, [44, 30, 12])
(40839, [44])
(40840, [44])
(40841, [44])
(40842, [44, 3])
(40843, [43])
(40844, [43])
(40845, [43])
(40846, [43])
(40847, [43, 41])
(40848, [43])
(40849, [43])
(40850, [43])
(40851, [43])
(40852, [43])
(40853, [43])
(40854, [43])
(40855, [43, 15, 3])
(40856, [43])
(40857, [43])
(40858, [43])
(40859, [43])
(40860, [43])
(40861, [43])
(40862, [43])
(40863, [43])
(40864, [43])
(40865, [43])
(40866, [43])
(40867, [43])
(40868, [43, 30])
(40869, [43])
(40870, [43])
(40871, [38, 23, 3])
(40872, [38])
(40873, [38])
(40874, [36])
(40875, [36])
(40876, [36])
(40877, [36])
(40878, [36, 14])
(40879, [36])
(40880, [36])
(40881, [36])
(40882, [36, 40, 2])
(40883, [36])
(40884, [36])
(40885, [36])
(40886, [36])
(40887, [36])
(40888, [36, 12])
(40889, [36])
(40890, [36])
(40891, [36])
(40892, [36])
(40893, [36])
(40894, [36])
(40895, [31])
(40896, [31, 30])
(40897, [31])
(40898, [31])
(40899, [31])
(40900, [31])
(40901, [31, 2])
(40902, [31])
(40903, [31])
(40904, [31, 30])
(40905, [31])
(40906, [31, 12])
(40907, [31, 4])
(40908, [31])
(40909, [31])
(40910, [31])
(40911, [31])
(40912, [31])
(40913, [30])
(40914, [30])
(40915, [30])
(40916, [30])
(40917, [30])
(40918, [30])
(40919, [30])
(40920, [30])
(40921, [30])
(40922, [30])
(40923, [30])
(40924, [30])
(40925, [37])
(40926, [37])
(40927, [37])
(40928, [37])
(40929, [37])
(40930, [37, 23])
(40931, [39])
(40932, [39, 12, 2])
(40933, [39])
(40934, [39])
(40935, [39])
(40936, [39])
(40937, [39])
(40938, [39])
(40939, [39])
(40940, [39])
(40941, [39])
(40942, [41])
(40943, [41])
(40944, [41])
(40945, [41])
(40946, [41])
(40947, [41])
(40948, [41])
(40949, [41])
(40950, [41, 2])
(40951, [41, 24, 23, 12, 2])
(40952, [41])
(40953, [41, 12])
(40954, [41])
(40955, [41])
(40956, [24])
(40957, [24])
(40958, [24, 23, 12])
(40959, [24, 3, 2])
(40960, [24])
(40961, [24])
(40962, [24])
(40963, [24, 4, 13, 14])
(40964, [24])
(40965, [24])
(40966, [24])
(40967, [23])
(40968, [23, 15])
(40969, [23])
(40970, [23])
(40971, [23])
(40972, [23])
(40973, [23])
(40974, [23])
(40975, [23])
(40976, [23])
(40977, [23])
(40978, [23])
(40979, [23])
(40980, [23])
(40981, [23])
(40982, [23])
(40983, [23])
(40984, [23])
(40985, [23])
(40986, [23])
(40987, [23])
(40988, [23])
(40989, [23])
(40990, [23])
(40991, [23])
(40992, [23])
(40993, [23])
(40994, [23])
(40995, [23])
(40996, [23])
(40997, [23])
(40998, [23])
(40999, [23])
(41000, [23])
(41001, [23])
(41002, [23])
(41003, [23])
(41004, [23])
(41005, [23])
(41006, [23])
(41007, [23])
(41008, [23])
(41009, [23])
(41010, [23])
(41011, [23])
(41012, [23])
(41013, [23])
(41014, [23])
(41015, [23])
(41016, [23])
(41017, [4])
(41018, [4])
(41019, [4, 14])
(41020, [4])
(41021, [4])
(41022, [4])
(41023, [4])
(41024, [4, 15])
(41025, [4])
(41026, [4])
(41027, [4])
(41028, [4])
(41029, [4])
(41030, [4])
(41031, [4])
(41032, [4])
(41033, [4])
(41034, [4])
(41035, [4])
(41036, [4])
(41037, [4])
(41038, [4])
(41039, [4])
(41040, [4])
(41041, [4])
(41042, [4])
(41043, [15])
(41044, [15])
(41045, [15])
(41046, [15])
(41047, [15])
(41048, [15, 2])
(41049, [15])
(41050, [15])
(41051, [15])
(41052, [15, 3])
(41053, [15])
(41054, [3])
(41055, [3])
(41056, [3])
(41057, [3])
(41058, [3])
(41059, [3])
(41060, [3])
(41061, [3])
(41062, [3])
(41063, [3])
(41064, [3])
(41065, [3])
(41066, [3])
(41067, [3])
(41068, [3])
(41069, [3])
(41070, [3])
(41071, [3])
(41072, [3])
(41073, [3])
(41074, [3, 22])
(41075, [3])
(41076, [3])
(41077, [3])
(41078, [3])
(41079, [3])
(41080, [3])
(41081, [3])
(41082, [12])
(41083, [12])
(41084, [12])
(41085, [12])
(41086, [12])
(41087, [12])
(41088, [12])
(41089, [12])
(41090, [12])
(41091, [12])
(41092, [12])
(41093, [12])
(41094, [12])
(41095, [12])
(41096, [12])
(41097, [12])
(41098, [12])
(41099, [12])
(41100, [12])
(41101, [12])
(41102, [12])
(41103, [12])
(41104, [12])
(41105, [12])
(41106, [12])
(41107, [12])
(41108, [12])
(41109, [12])
(41110, [12])
(41111, [12])
(41112, [12])
(41113, [12])
(41114, [12])
(41115, [12])
(41116, [12])
(41117, [12])
(41118, [12])
(41119, [12])
(41120, [12])
(41121, [12])
(41122, [12])
(41123, [12])
(41124, [12])
(41125, [12, 2])
(41126, [12])
(41127, [12])
(41128, [12])
(41129, [12])
(41130, [12])
(41131, [12])
(41132, [12])
(41133, [12])
(41134, [12])
(41135, [12])
(41136, [12])
(41137, [12])
(41138, [12])
(41139, [12])
(41140, [12])
(41141, [12])
(41142, [12])
(41143, [40])
(41144, [40])
(41145, [40])
(41146, [2])
(41147, [2])
(41148, [2])
(41149, [2])
(41150, [2])
(41151, [2])
(41152, [2])
(41153, [2])
(41154, [2])
(41155, [2])
(41156, [2, 14])
(41157, [2])
(41158, [2])
(41159, [2])
(41160, [2])
(41161, [2])
(41162, [2])
(41163, [2])
(41164, [2])
(41165, [2])
(41166, [2])
(41167, [2])
(41168, [2])
(41169, [2])
(41170, [2])
(41171, [2])
(41172, [2, 14])
(41173, [2])
(41174, [2])
(41175, [2])
(41176, [2, 14])
(41177, [2])
(41178, [2])
(41179, [2])
(41180, [2])
(41181, [2])
(41182, [2])
(41183, [2])
(41184, [2])
(41185, [2])
(41186, [2])
(41187, [2])
(41188, [2])
(41189, [2])
(41190, [2])
(41191, [2])
(41192, [2])
(41193, [2])
(41194, [2])
(41195, [2])
(41196, [2])
(41197, [2])
(41198, [2])
(41199, [2])
(41200, [2])
(41201, [2])
(41202, [2])
(41203, [2])
(41204, [2])
(41205, [2])
(41206, [2])
(41207, [2])
(41208, [2])
(41209, [2])
(41210, [2])
(41211, [2])
(41212, [2])
(41213, [13])
(41214, [13])
(41215, [5])
(41216, [5])
(41217, [5])
(41218, [5])
(41219, [5])
(41220, [5])
(41221, [5])
(41222, [14])
(41223, [14])
(41224, [14])
(41225, [14])
(41226, [14])
(41227, [14])
(41228, [14])
(41229, [14])
(41230, [14])
(41231, [14])
(41232, [14])
(41233, [14])
(41234, [14])
(41235, [22])
(41236, [22])
(41237, [22])
(41238, [22])
(41239, [22])
(41240, [22])
(41241, [22])
(41242, [22])
(41243, [22])
(41244, [25])
