(15156, [32, 35, 34, 33, 20, 18, 27, 9, 0, 11, 7, 29, 16, 42, 6, 28, 17, 1, 10, 19, 26, 8, 21, 44, 43, 38, 36, 31, 30, 37, 39, 41, 24, 23, 4, 15, 3, 12, 40, 2, 13, 5, 14, 22, 25])
(15157, [32, 35, 34, 33, 20, 18, 27, 9, 0, 11, 7, 29, 16, 42, 6, 28, 17, 1, 10, 19, 26, 8, 21, 44, 43, 38, 36, 31, 30, 37, 39, 41, 24, 23, 4, 15, 3, 12, 40, 2, 13, 5, 14, 22, 25])
(15158, [32, 35, 34, 33, 20, 18, 27, 9, 0, 11, 7, 29, 16, 42, 6, 28, 17, 1, 10, 19, 26, 8, 21, 44, 43, 38, 36, 31, 30, 37, 39, 41, 24, 23, 4, 15, 3, 12, 40, 2, 13, 5, 14, 22, 25])
(15159, [32, 35, 34, 33, 20, 18, 27, 9, 0, 11, 7, 29, 16, 42, 6, 28, 17, 1, 10, 19, 26, 8, 21, 44, 43, 38, 36, 31, 30, 37, 39, 41, 24, 23, 4, 15, 3, 12, 40, 2, 13, 5, 14, 22, 25])
(15160, [32, 35, 34, 33, 20, 18, 27, 9, 0, 11, 7, 29, 16, 42, 6, 28, 17, 1, 10, 19, 26, 8, 21, 44, 43, 38, 36, 31, 30, 37, 39, 41, 24, 23, 4, 15, 3, 12, 40, 2, 13, 5, 14, 22, 25])
(15161, [32, 34, 33, 20, 18, 9, 11, 29, 16, 42, 6, 28, 17, 1, 10, 19, 26, 8, 21, 44, 43, 38, 36, 31, 30, 37, 39, 41, 24, 23, 15, 3, 12, 40, 2, 13, 5, 14, 22])
(15162, [32, 35, 34, 33, 20, 18, 27, 9, 0, 11, 7, 29, 16, 6, 17, 1, 19, 26, 8, 21, 44, 43, 31, 30, 37, 41, 24, 23, 4, 15, 3, 12, 40, 2, 13, 22])
(15163, [32, 34, 33, 20, 18, 27, 9, 0, 11, 7, 16, 42, 6, 28, 17, 1, 19, 26, 8, 21, 44, 43, 36, 31, 30, 39, 41, 24, 23, 4, 15, 3, 12, 40, 2, 13, 5, 14])
(15164, [32, 35, 34, 33, 20, 18, 27, 9, 0, 11, 16, 42, 6, 17, 1, 19, 26, 8, 44, 43, 38, 36, 31, 30, 41, 24, 23, 4, 15, 3, 12, 40, 2, 13, 14, 22])
(15165, [32, 33, 18, 27, 0, 6, 26, 43, 30, 41, 4, 15, 12, 2])
(15166, [32, 34, 18, 9, 11, 16, 6, 1, 26, 43, 30, 41, 24, 23, 4, 15, 12, 40, 2, 22])
(15167, [32, 35, 34, 33, 20, 18, 27, 9, 11, 7, 16, 42, 6, 28, 17, 1, 19, 26, 8, 44, 43, 36, 31, 30, 37, 41, 24, 23, 4, 15, 3, 12, 40, 2, 13, 5, 14, 22])
(15168, [32, 34, 18, 9, 11, 29, 6, 10, 19, 8, 21, 44, 38, 31, 30, 37, 24, 23, 2, 22])
(15169, [32, 35, 34, 20, 18, 27, 9, 0, 11, 7, 29, 16, 42, 6, 17, 1, 10, 19, 26, 21, 44, 43, 38, 36, 31, 30, 37, 41, 24, 23, 4, 15, 3, 12, 40, 2, 13, 5, 14, 22])
(15170, [32, 34, 33, 20, 9, 0, 11, 7, 16, 28, 17, 1, 19, 26, 44, 43, 31, 30, 37, 41, 24, 4, 15, 3, 12, 40, 2, 13, 14, 22])
(15171, [32, 9])
(15172, [32, 20, 11, 17, 1, 19, 21, 31, 3])
(15173, [32, 1, 19, 4, 2, 14])
(15174, [32, 9])
(15175, [32, 35, 34, 33, 20, 18, 9, 0, 11, 6, 17, 1, 26, 21, 44, 31, 30, 39, 4, 15, 3, 12, 2, 13, 14, 22])
(15176, [32, 34, 33, 0, 11, 7, 28, 17, 1, 26, 44, 30, 37, 23, 4, 3, 12, 40, 2, 25])
(15177, [32, 35, 34, 33, 20, 18, 27, 9, 0, 7, 16, 42, 6, 1, 26, 44, 43, 31, 30, 41, 4, 15, 3, 12, 40, 2, 5, 22, 25])
(15178, [32, 35, 33, 18, 9, 6, 8, 21, 30, 37, 23, 4, 22])
(15179, [32, 33, 20, 18, 9, 0, 11, 7, 16, 42, 6, 1, 10, 19, 26, 44, 43, 31, 30, 41, 24, 23, 15, 3, 12, 2, 13, 22])
(15180, [32, 35, 34, 33, 20, 18, 9, 0, 11, 42, 6, 28, 17, 1, 19, 26, 8, 44, 43, 38, 31, 30, 41, 24, 23, 4, 15, 3, 12, 40, 2, 13, 22])
(15181, [32, 34, 33, 18, 27, 9, 0, 11, 16, 6, 17, 1, 26, 44, 43, 31, 30, 41, 24, 23, 4, 15, 3, 12, 2, 13, 14])
(15182, [32, 34, 33, 18, 9, 0, 6, 17, 1, 44, 31, 30, 41, 4, 15, 3, 2, 14])
(15183, [32, 20, 17, 38, 31, 30, 15])
(15184, [32, 33, 9, 0, 11, 17, 1, 19, 21, 31, 41, 24, 3, 2, 14])
(15185, [32, 20, 27, 9, 0, 16, 42, 1, 26, 21, 44, 31, 30, 41, 23, 4, 15, 3, 12, 40, 2, 22])
(15186, [32, 34, 33, 18, 9, 0, 11, 16, 42, 6, 17, 1, 19, 21, 44, 43, 30, 41, 24, 23, 4, 15, 3, 12, 2, 22])
(15187, [32, 30])
(15188, [32, 34, 33, 20, 18, 9, 0, 11, 29, 16, 1, 19, 26, 8, 21, 38, 31, 30, 41, 24, 4, 15, 3, 12, 2, 22])
(15189, [32, 16, 6, 1, 19, 21, 44, 43, 31, 30, 23, 4, 15, 3, 12, 2, 22])
(15190, [32, 34, 33, 20, 0, 11, 42, 17, 1, 19, 31, 30, 15, 3])
(15191, [32, 34, 33, 20, 18, 9, 11, 7, 6, 17, 1, 10, 19, 26, 21, 44, 43, 38, 31, 30, 39, 41, 24, 23, 4, 15, 3, 12, 40, 2, 13, 14])
(15192, [32, 30])
(15193, [32, 35, 18, 9, 0, 28, 1, 21, 30, 39, 24, 23, 4, 15, 3])
(15194, [32, 35, 34, 33, 20, 18, 9, 0, 11, 7, 16, 42, 6, 17, 1, 10, 19, 26, 21, 43, 38, 31, 30, 37, 23, 4, 15, 3, 12, 40, 2, 5, 14, 22])
(15195, [32, 18, 26, 43, 36, 30, 41, 4, 3, 2, 13])
(15196, [32, 33, 0, 29, 3, 12])
(15197, [32, 34, 33, 18, 9, 11, 6, 28, 17, 1, 19, 26, 21, 44, 43, 31, 30, 41, 24, 15, 3, 40, 2, 13, 14])
(15198, [32, 42])
(15199, [32])
(15200, [32, 6, 30, 41, 4])
(15201, [32, 34, 33, 20, 18, 9, 0, 11, 6, 17, 1, 19, 26, 44, 43, 36, 39, 4, 15, 3, 12, 2, 13, 14, 22])
(15202, [32, 34, 33, 42, 43, 41, 23, 4, 40, 2, 13, 14])
(15203, [32, 18, 0, 1, 43, 23, 4, 15, 3, 40, 2])
(15204, [32, 35, 34, 33, 20, 18, 27, 0, 7, 42, 6, 17, 1, 19, 26, 8, 21, 44, 38, 36, 31, 30, 4, 3, 40, 2, 22])
(15205, [32, 33, 20, 18, 9, 0, 11, 7, 16, 42, 6, 28, 17, 1, 19, 26, 44, 30, 41, 4, 3, 12, 2, 13, 5, 14])
(15206, [32, 30])
(15207, [32, 11, 28, 17, 43, 31, 41, 4])
(15208, [32, 20, 0, 11, 7, 16, 42, 6, 43, 30, 23, 4, 15, 3, 12])
(15209, [32, 35, 27, 9, 0, 7, 6, 28, 8, 21, 43, 31, 30, 39, 24, 23, 4, 15, 2, 14])
(15210, [32, 33, 20, 18, 27, 9, 0, 11, 7, 16, 42, 6, 17, 1, 10, 19, 26, 44, 43, 36, 31, 39, 24, 23, 4, 15, 3, 12, 40, 2, 13, 5, 14])
(15211, [32, 1, 15])
(15212, [32, 18, 1, 26, 44, 23, 15, 3, 2])
(15213, [32, 34, 0, 7, 1, 19, 41, 4, 15, 3])
(15214, [32, 33, 20, 18, 27, 7, 17, 30, 3, 13])
(15215, [32, 18, 11, 6, 1, 43, 30, 24, 23, 15, 3, 22])
(15216, [32, 1, 8, 21, 22])
(15217, [32, 35, 34, 18, 11, 6, 1, 19, 43, 31, 30, 23, 3, 12])
(15218, [32, 35, 34, 33, 20, 27, 9, 11, 7, 16, 28, 17, 1, 19, 26, 21, 44, 43, 31, 41, 24, 23, 4, 15, 3, 12, 40, 2, 13, 22, 25])
(15219, [32, 35, 34, 33, 20, 18, 27, 9, 0, 11, 7, 16, 42, 6, 28, 17, 1, 19, 26, 8, 21, 44, 43, 36, 31, 30, 41, 24, 4, 15, 3, 12, 40, 2, 13, 14])
(15220, [32, 35, 34, 33, 20, 18, 27, 9, 0, 11, 7, 29, 16, 42, 6, 17, 1, 19, 26, 8, 21, 44, 43, 38, 36, 31, 30, 37, 39, 41, 24, 23, 4, 15, 3, 12, 40, 2, 13, 5, 14, 22, 25])
(15221, [32, 15])
(15222, [32, 34, 18, 9, 0, 11, 6, 17, 1, 26, 8, 31, 41, 24, 3])
(15223, [32, 12])
(15224, [32])
(15225, [32, 34, 9, 1, 44, 4, 3, 12, 40, 2, 22, 25])
(15226, [32, 35, 34, 33, 18, 11, 42, 10, 19, 21, 43, 31, 30, 39, 15, 3])
(15227, [32, 34, 18, 11, 1, 8, 31, 30, 2, 13, 22])
(15228, [32, 1, 21])
(15229, [32, 35, 34, 33, 20, 18, 9, 0, 11, 7, 16, 42, 1, 19, 26, 8, 21, 44, 43, 38, 31, 30, 41, 24, 4, 15, 3, 12, 40, 2, 22])
(15230, [32, 33, 1])
(15231, [32, 20, 9, 7, 16, 17, 1, 19, 26, 43, 31, 41, 23, 3, 12])
(15232, [32, 34, 20, 9, 0, 11, 7, 29, 42, 17, 1, 26, 44, 31, 41, 3, 12, 2])
(15233, [32, 34, 33, 9, 11, 16, 6, 17, 1, 19, 26, 8, 31, 30, 37, 41, 24, 15, 3, 12, 40, 2, 13, 25])
(15234, [32, 9, 0, 16, 28, 31, 41, 15, 2])
(15235, [32])
(15236, [32, 34, 33, 20, 18, 7, 16, 1, 19, 21, 44, 41, 3, 12, 40, 2])
(15237, [32, 34, 33, 9, 0, 7, 6, 28, 17, 1, 10, 26, 8, 44, 36, 31, 30, 4, 3, 12, 2, 14])
(15238, [32, 33, 18, 1, 19, 44, 30, 3])
(15239, [32, 9, 11, 16, 6, 17, 1, 36, 41, 24, 23, 4, 15, 3, 12, 40, 2, 14])
(15240, [32, 15])
(15241, [32, 34, 33, 19, 43, 31, 30, 24, 15, 2, 14])
(15242, [32, 34, 31])
(15243, [32, 33, 18, 1, 8, 21, 43, 30, 23, 3, 2])
(15244, [32, 0, 11, 1, 26, 8, 21, 31, 3, 12, 22])
(15245, [32, 34, 33, 20, 18, 9, 0, 11, 7, 16, 42, 6, 28, 17, 1, 10, 19, 26, 8, 21, 44, 43, 36, 31, 30, 39, 41, 24, 23, 4, 15, 3, 12, 40, 2, 13, 5, 14, 22])
(15246, [32, 33, 9, 1, 43, 31, 30, 23, 15, 3, 2, 22])
(15247, [32, 34, 33, 11, 17, 26, 44, 30, 41, 24, 4, 3, 2])
(15248, [32, 34, 33, 18, 9, 0, 10, 31, 30, 41, 12, 2])
(15249, [32, 18, 11, 21, 15, 22])
(15250, [32, 35, 9, 0, 11, 7, 16, 6, 1, 19, 26, 8, 21, 44, 38, 39, 41, 24, 23, 4, 15, 3, 12, 2, 5])
(15251, [32])
(15252, [32, 34, 33])
(15253, [32, 34, 33, 20, 18, 0, 11, 7, 16, 42, 6, 17, 1, 19, 26, 21, 44, 43, 38, 36, 31, 30, 39, 23, 4, 15, 3, 2, 13, 22])
(15254, [32, 33, 9, 0, 11, 7, 42, 17, 1, 26, 21, 44, 43, 31, 3, 12, 2, 5, 22])
(15255, [32, 11, 16, 6, 43, 4])
(15256, [32, 35, 34, 33, 20, 9, 0, 11, 7, 42, 6, 28, 17, 1, 19, 26, 8, 21, 44, 43, 36, 31, 30, 24, 23, 4, 15, 3, 12, 40, 2, 13, 14, 22])
(15257, [32])
(15258, [32, 35, 34, 33, 20, 18, 27, 0, 7, 29, 16, 6, 28, 1, 10, 19, 8, 21, 44, 36, 31, 30, 39, 24, 23, 4, 15, 3, 12, 2, 13, 14])
(15259, [32])
(15260, [32, 11, 2])
(15261, [32, 35, 34, 33, 20, 18, 27, 9, 11, 29, 16, 42, 17, 1, 10, 19, 26, 21, 44, 38, 31, 30, 39, 41, 24, 23, 4, 15, 3, 12, 40, 2, 13, 5, 14, 22])
(15262, [35])
(15263, [35, 33, 20, 18, 27, 9, 7, 6, 28, 17, 1, 19, 26, 21, 44, 43, 37, 41, 24, 23, 4, 15, 3, 2, 13])
(15264, [35, 33, 20, 9, 0, 42, 1, 10, 19, 21, 3, 12])
(15265, [35, 18, 1, 3])
(15266, [35, 23, 15, 12])
(15267, [35, 33, 20, 9, 7, 16, 42, 28, 1, 10, 19, 21, 44, 23, 3, 12, 40, 2])
(15268, [35])
(15269, [35, 18, 23])
(15270, [35, 33, 18, 7, 6, 1, 19, 26, 21, 4, 15, 3, 12])
(15271, [35, 10])
(15272, [35])
(15273, [35])
(15274, [35])
(15275, [35, 34])
(15276, [35, 2])
(15277, [35])
(15278, [35])
(15279, [35])
(15280, [35])
(15281, [35])
(15282, [35, 9, 0, 1, 31])
(15283, [35, 10])
(15284, [35, 18, 27, 9, 0, 11, 16, 6, 1, 10, 19, 26, 8, 44, 43, 36, 41, 24, 23, 4, 15, 3, 12, 40, 2, 13, 5, 14])
(15285, [35, 33, 20, 0, 11, 6, 1, 19, 21, 38, 12, 2, 22])
(15286, [35, 34, 33, 20, 18, 9, 0, 6, 1, 10, 19, 26, 8, 21, 44, 43, 31, 30, 41, 24, 23, 15, 3, 12, 2, 14])
(15287, [35])
(15288, [35])
(15289, [35])
(15290, [35, 34, 9, 11, 7, 6, 17, 1, 26, 21, 43, 31, 41, 24, 23, 15, 3, 12, 14, 22])
(15291, [35, 20, 9, 31, 3, 12])
(15292, [35, 18, 9, 17, 19, 26, 43, 41, 4, 15, 12, 14])
(15293, [35, 18, 27, 0, 29, 6, 43, 4, 2, 14])
(15294, [35])
(15295, [35, 34, 9, 0, 42, 17, 1, 19, 26, 8, 43, 31, 30, 41, 23, 4, 15, 12, 2, 13, 5])
(15296, [35, 33, 20, 18, 27, 0, 11, 16, 42, 6, 1, 10, 19, 26, 8, 44, 43, 36, 31, 41, 23, 4, 15, 3, 12, 2, 5])
(15297, [35, 8, 39, 4, 3, 5])
(15298, [34, 20, 18, 9, 0, 16, 1, 19, 21, 43, 37, 23, 4, 15, 3, 12])
(15299, [34])
(15300, [34, 33, 18, 17, 1, 30, 4, 15])
(15301, [34, 33, 18, 9, 0, 7, 6, 1, 31, 3])
(15302, [34, 33, 18, 9, 0, 11, 6, 19, 26, 8, 43, 31, 30, 41, 24, 23, 4, 15, 12, 2, 13, 14])
(15303, [34])
(15304, [34, 20, 16, 3])
(15305, [34, 33, 18, 1, 31, 30, 23])
(15306, [34, 33, 18, 9, 11, 7, 6, 28, 17, 1, 19, 26, 21, 44, 43, 36, 39, 41, 24, 4, 15, 3, 2, 13, 14])
(15307, [34, 0, 3])
(15308, [34, 43, 3])
(15309, [34, 9])
(15310, [34, 33, 11, 7, 6, 1, 44, 31, 30, 4, 15, 3, 12])
(15311, [34, 20, 18, 0, 11, 7, 29, 16, 42, 1, 26, 21, 44, 31, 37, 41, 24, 23, 3, 12, 2, 5])
(15312, [34, 27, 9, 11, 1, 19, 26, 8, 21, 23, 4, 3, 12, 22])
(15313, [34, 41])
(15314, [34, 9, 0, 1, 8, 36, 41, 15, 3, 12])
(15315, [34])
(15316, [34])
(15317, [34, 36])
(15318, [34, 33, 9, 26, 31, 41, 24, 3, 2, 14])
(15319, [34])
(15320, [34])
(15321, [34, 1, 19, 26, 31, 24, 23, 4, 15, 3])
(15322, [34, 0, 7, 1, 19, 26, 21, 39, 3])
(15323, [34])
(15324, [34, 8, 31, 41, 23, 3])
(15325, [34, 18, 6, 44, 30, 4, 3])
(15326, [34, 33, 30])
(15327, [34])
(15328, [34, 33, 20, 9, 0, 1, 10, 26, 43, 38, 31, 30, 37, 24, 4, 3, 2, 14, 22])
(15329, [34, 31])
(15330, [34])
(15331, [34, 0, 1])
(15332, [34, 9, 0, 11, 16, 12])
(15333, [34])
(15334, [34, 19])
(15335, [34])
(15336, [34, 11, 30, 4])
(15337, [34])
(15338, [34, 9, 0])
(15339, [34])
(15340, [34])
(15341, [34, 9, 0, 1, 3, 12])
(15342, [34, 20, 0, 11, 1, 10, 19, 8, 43, 23, 3, 5])
(15343, [34])
(15344, [34, 41, 15, 12, 2])
(15345, [34, 9, 0, 15])
(15346, [33])
(15347, [33, 17, 43, 31])
(15348, [33, 16, 43, 23, 12])
(15349, [33])
(15350, [33])
(15351, [33, 1, 21, 43, 30, 24, 4, 3])
(15352, [33, 27, 11, 16, 1, 44, 41, 23, 15, 3])
(15353, [33, 20, 16, 1, 19, 26, 44, 43, 30, 23, 3, 12])
(15354, [33, 11, 17, 19, 3])
(15355, [33, 20, 18, 9, 0, 11, 7, 1, 19, 26, 44, 43, 31, 30, 39, 41, 23, 3, 12, 2, 5])
(15356, [33, 28, 19, 31])
(15357, [33, 21, 15])
(15358, [33, 0, 1, 21, 31, 23])
(15359, [33, 27, 0, 11, 1, 10, 19, 21, 44, 23, 3, 12])
(15360, [33, 9, 11, 16, 17, 1, 8, 21, 43, 38, 23, 3, 40, 2])
(15361, [33, 20, 1, 26, 39, 4, 12, 2])
(15362, [33, 9, 6, 43])
(15363, [33, 20, 18, 11, 7, 42, 6, 17, 1, 44, 43, 31, 30, 3, 12, 40, 2])
(15364, [33, 42, 1, 19, 4])
(15365, [33, 9, 6, 17, 19, 21, 39])
(15366, [33, 0, 1, 30, 12])
(15367, [33, 20, 18, 29, 1, 19, 31, 3, 14])
(15368, [33, 19, 8, 41])
(15369, [33, 17, 1, 12])
(15370, [33, 9, 6])
(15371, [33])
(15372, [33])
(15373, [33, 18, 1, 26, 3])
(15374, [33])
(15375, [33, 31, 41, 24])
(15376, [33, 9, 1, 19, 21, 24, 23, 3])
(15377, [33, 18, 27, 9, 11, 16, 1, 19, 26, 21, 44, 24, 15, 3, 2, 13])
(15378, [33, 18, 9, 16, 6, 17, 1, 19, 8, 43, 23, 3, 40, 2, 5, 22])
(15379, [33])
(15380, [33, 20, 0, 11, 7, 6, 1, 19, 21, 44, 41, 4, 15, 3, 40, 2, 14, 22])
(15381, [33])
(15382, [33, 29, 1, 19, 15])
(15383, [33, 18, 9, 6, 1, 26, 21, 23, 15, 3, 22])
(15384, [33, 11, 21, 30, 15, 22])
(15385, [33, 11, 1, 31, 41])
(15386, [33])
(15387, [20, 0])
(15388, [20, 9, 0, 42, 6, 17, 1, 19, 43, 41, 3, 12, 2])
(15389, [20, 9, 42, 1, 26, 23, 3])
(15390, [20, 7, 1, 10, 4, 3])
(15391, [20])
(15392, [20, 18, 9, 28, 19, 30, 23, 12, 40, 2])
(15393, [20, 9, 0, 7, 31, 30, 3, 2, 22])
(15394, [20, 0, 11, 28, 17, 19, 26, 44, 43, 36, 41, 24, 4, 15, 40, 2, 13, 14, 25])
(15395, [20])
(15396, [20, 18, 2])
(15397, [20, 18, 9, 11, 29, 1, 19, 26, 8, 21, 44, 43, 38, 30, 39, 24, 4, 15, 3, 12, 40, 2, 5, 22])
(15398, [20])
(15399, [20, 0, 11, 7, 1, 3, 12, 13])
(15400, [20, 27, 9, 0, 11, 7, 16, 42, 17, 1, 19, 44, 36, 3, 12, 40, 2, 25])
(15401, [20, 1])
(15402, [20, 27, 9, 11, 1, 26, 21, 44, 36, 41, 4, 3, 12, 2, 14])
(15403, [20])
(15404, [20, 18, 9, 16, 1, 19, 43, 39, 24, 3, 25])
(15405, [20])
(15406, [20, 0, 42, 41])
(15407, [20, 19])
(15408, [20, 9])
(15409, [20, 9, 43, 41, 23])
(15410, [20, 21])
(15411, [20, 1, 19, 3])
(15412, [18, 1, 8, 40, 2])
(15413, [18])
(15414, [18])
(15415, [18, 23])
(15416, [18, 29, 19])
(15417, [18, 21, 3, 12])
(15418, [18])
(15419, [18])
(15420, [18])
(15421, [18])
(15422, [18])
(15423, [18])
(15424, [18, 11, 6, 17, 1, 26, 8, 44, 43, 36, 4, 12, 2, 14])
(15425, [18, 8, 21, 23, 15, 3])
(15426, [18, 11, 23, 12])
(15427, [18, 9, 0, 17, 1, 19, 44, 2, 22])
(15428, [18, 40])
(15429, [18, 12])
(15430, [18])
(15431, [18])
(15432, [18])
(15433, [18])
(15434, [18, 9, 16, 1, 19, 21, 30, 24, 23, 3, 13, 22])
(15435, [18, 2])
(15436, [18, 9, 6, 26, 43, 41, 2, 13])
(15437, [18])
(15438, [18])
(15439, [18])
(15440, [18, 19, 8, 30, 2])
(15441, [18, 1])
(15442, [18, 0, 11, 16, 44, 43, 31, 23, 4, 2])
(15443, [18])
(15444, [18])
(15445, [18, 44, 15])
(15446, [18, 1, 8, 21, 30, 5, 22])
(15447, [18])
(15448, [18])
(15449, [18])
(15450, [18, 17])
(15451, [18])
(15452, [18])
(15453, [18])
(15454, [18, 21])
(15455, [18, 9, 31, 13])
(15456, [18])
(15457, [18, 23])
(15458, [18, 9, 43, 23])
(15459, [18])
(15460, [18])
(15461, [18, 9, 23])
(15462, [18, 37, 23])
(15463, [18])
(15464, [18])
(15465, [18])
(15466, [18, 8, 44, 22])
(15467, [18, 11, 28, 26, 43])
(15468, [18])
(15469, [18, 15])
(15470, [18])
(15471, [18])
(15472, [18])
(15473, [18, 9, 0, 11, 44, 4, 12, 2])
(15474, [18, 6, 24, 23, 12])
(15475, [18])
(15476, [18, 28, 23, 2])
(15477, [18])
(15478, [18, 2])
(15479, [18])
(15480, [18, 0, 42, 1, 19, 26, 39, 4, 3, 12, 2])
(15481, [18])
(15482, [18])
(15483, [18])
(15484, [18, 3])
(15485, [18])
(15486, [18])
(15487, [18])
(15488, [18])
(15489, [18])
(15490, [18, 0, 24])
(15491, [18])
(15492, [18])
(15493, [18])
(15494, [18])
(15495, [18])
(15496, [18, 16])
(15497, [18, 9, 0, 11, 6, 44, 3])
(15498, [18, 0, 2])
(15499, [18])
(15500, [18, 43, 4, 12, 14])
(15501, [18])
(15502, [18])
(15503, [18])
(15504, [18])
(15505, [18, 11, 26, 43, 2, 13])
(15506, [18])
(15507, [27, 9, 11, 7, 16, 6, 17, 1, 44, 43, 23, 15, 3, 12, 2])
(15508, [27])
(15509, [27])
(15510, [27])
(15511, [27])
(15512, [27])
(15513, [27, 4])
(15514, [27, 0, 11, 6, 19, 26, 44, 36, 23, 15, 3])
(15515, [9])
(15516, [9, 19, 8, 21, 36, 3, 12, 2, 14])
(15517, [9])
(15518, [9])
(15519, [9, 41])
(15520, [9])
(15521, [9, 12])
(15522, [9, 43])
(15523, [9, 2])
(15524, [9])
(15525, [9, 16])
(15526, [9, 26, 30, 15, 3])
(15527, [9])
(15528, [9, 1, 15])
(15529, [9])
(15530, [9])
(15531, [9])
(15532, [9, 44, 30, 23, 4, 15, 2, 13, 14])
(15533, [9])
(15534, [9, 0, 15])
(15535, [9])
(15536, [9])
(15537, [9])
(15538, [9, 0, 8])
(15539, [9])
(15540, [9])
(15541, [9])
(15542, [9])
(15543, [9])
(15544, [9, 0, 1, 21, 3])
(15545, [9, 12])
(15546, [9])
(15547, [9, 8, 24, 23, 4])
(15548, [9, 0])
(15549, [9, 8, 13, 5])
(15550, [9])
(15551, [9, 7, 1, 3])
(15552, [9])
(15553, [9])
(15554, [9, 11, 7, 21])
(15555, [9, 16, 17, 19, 40])
(15556, [9])
(15557, [9, 0, 11, 16, 1, 19, 26, 21, 44, 31, 30, 41, 24, 23, 3, 12, 22])
(15558, [9])
(15559, [9, 41])
(15560, [9, 44])
(15561, [9, 0, 1, 43, 4, 3, 2])
(15562, [9])
(15563, [9])
(15564, [9, 29, 1, 4, 3, 40])
(15565, [9])
(15566, [9, 19, 22])
(15567, [9])
(15568, [9])
(15569, [9, 21])
(15570, [9])
(15571, [9])
(15572, [9])
(15573, [9])
(15574, [0])
(15575, [0])
(15576, [0, 12])
(15577, [0])
(15578, [0])
(15579, [0])
(15580, [0, 12])
(15581, [0])
(15582, [0])
(15583, [0])
(15584, [0])
(15585, [0])
(15586, [0, 28, 4, 40])
(15587, [0])
(15588, [0, 12])
(15589, [0])
(15590, [0])
(15591, [0])
(15592, [0])
(15593, [0])
(15594, [0])
(15595, [0])
(15596, [0])
(15597, [0])
(15598, [0])
(15599, [0])
(15600, [0])
(15601, [0])
(15602, [0])
(15603, [0, 1, 44, 39])
(15604, [0])
(15605, [0])
(15606, [0])
(15607, [0])
(15608, [0])
(15609, [0, 1, 23, 3, 14])
(15610, [0])
(15611, [0])
(15612, [0])
(15613, [0])
(15614, [0, 7, 3])
(15615, [0])
(15616, [0])
(15617, [0])
(15618, [0])
(15619, [0, 12])
(15620, [0, 1, 21, 43, 38, 3])
(15621, [0, 6, 31, 5])
(15622, [0, 23])
(15623, [0])
(15624, [0])
(15625, [0])
(15626, [0])
(15627, [0])
(15628, [0])
(15629, [0])
(15630, [0])
(15631, [0])
(15632, [0])
(15633, [0])
(15634, [0])
(15635, [0])
(15636, [0, 19, 41, 4, 2])
(15637, [0])
(15638, [0, 3, 2])
(15639, [0, 6])
(15640, [0])
(15641, [0, 11, 7, 44])
(15642, [0])
(15643, [0])
(15644, [0])
(15645, [0])
(15646, [0, 28, 26, 2])
(15647, [0])
(15648, [0])
(15649, [0, 12])
(15650, [0])
(15651, [0])
(15652, [0])
(15653, [0])
(15654, [0])
(15655, [0])
(15656, [0])
(15657, [0])
(15658, [0, 12])
(15659, [0, 11, 30, 15, 3, 12, 2])
(15660, [0])
(15661, [0])
(15662, [0, 11, 19, 12])
(15663, [0])
(15664, [0])
(15665, [0, 36, 2])
(15666, [0, 7, 41, 24])
(15667, [0])
(15668, [0])
(15669, [0])
(15670, [0])
(15671, [0])
(15672, [0])
(15673, [0])
(15674, [0])
(15675, [0])
(15676, [0])
(15677, [0])
(15678, [0])
(15679, [0])
(15680, [0, 36])
(15681, [0])
(15682, [0])
(15683, [0])
(15684, [0])
(15685, [0, 17, 1, 31, 37, 12, 2])
(15686, [0])
(15687, [0])
(15688, [0])
(15689, [0])
(15690, [0])
(15691, [0])
(15692, [0])
(15693, [0])
(15694, [0])
(15695, [0])
(15696, [0])
(15697, [0])
(15698, [0])
(15699, [0])
(15700, [0])
(15701, [0, 26])
(15702, [0, 16, 23, 12])
(15703, [0])
(15704, [0])
(15705, [0])
(15706, [0])
(15707, [0, 11, 36, 23, 12, 2])
(15708, [0])
(15709, [0])
(15710, [0])
(15711, [0])
(15712, [0])
(15713, [0])
(15714, [0])
(15715, [0])
(15716, [0, 12])
(15717, [0])
(15718, [0])
(15719, [0])
(15720, [0])
(15721, [0])
(15722, [0])
(15723, [0])
(15724, [0])
(15725, [0])
(15726, [0, 41, 2])
(15727, [0])
(15728, [0])
(15729, [0, 12])
(15730, [0, 3])
(15731, [0, 12])
(15732, [0])
(15733, [0])
(15734, [0])
(15735, [0])
(15736, [0])
(15737, [0, 39])
(15738, [0])
(15739, [0])
(15740, [0])
(15741, [0, 1, 36])
(15742, [0])
(15743, [0, 11, 6, 1, 30])
(15744, [0, 21, 24, 12])
(15745, [0])
(15746, [0])
(15747, [0])
(15748, [0])
(15749, [0])
(15750, [0, 11, 26, 4])
(15751, [0])
(15752, [0])
(15753, [0, 2])
(15754, [0])
(15755, [0])
(15756, [0])
(15757, [0])
(15758, [0])
(15759, [0])
(15760, [0, 11, 16, 23, 15, 2])
(15761, [0])
(15762, [0, 1, 19, 44, 3])
(15763, [0])
(15764, [0])
(15765, [0])
(15766, [0])
(15767, [0])
(15768, [0])
(15769, [0, 40])
(15770, [0])
(15771, [0])
(15772, [0])
(15773, [0])
(15774, [0])
(15775, [0])
(15776, [0])
(15777, [0, 12])
(15778, [0])
(15779, [0, 11, 1, 37, 3])
(15780, [0])
(15781, [0])
(15782, [0])
(15783, [0])
(15784, [0])
(15785, [0, 6, 17, 1, 26, 36, 4, 40, 2, 14])
(15786, [0])
(15787, [0])
(15788, [0])
(15789, [0])
(15790, [0])
(15791, [0])
(15792, [0])
(15793, [0])
(15794, [0])
(15795, [0])
(15796, [0])
(15797, [0])
(15798, [0])
(15799, [0])
(15800, [0])
(15801, [0])
(15802, [0])
(15803, [0])
(15804, [0])
(15805, [0, 17])
(15806, [0, 12])
(15807, [0])
(15808, [0])
(15809, [0])
(15810, [0])
(15811, [0, 11, 19, 3])
(15812, [0])
(15813, [11])
(15814, [11])
(15815, [11, 1, 43, 15])
(15816, [11, 17, 21, 44, 22])
(15817, [11, 19, 12])
(15818, [11, 16, 1, 10, 21, 44, 30, 39, 15, 3])
(15819, [11])
(15820, [11, 44, 2, 22])
(15821, [11])
(15822, [11, 3])
(15823, [11])
(15824, [11])
(15825, [11, 41, 3, 12])
(15826, [11])
(15827, [11])
(15828, [11, 31, 23])
(15829, [11, 1, 19, 38, 30, 4, 40])
(15830, [11, 3])
(15831, [11, 2])
(15832, [11, 31, 30, 15])
(15833, [11, 1, 44, 41, 15])
(15834, [11, 15])
(15835, [11, 7, 44, 4, 3, 2])
(15836, [11])
(15837, [11])
(15838, [11, 15, 3, 12, 2])
(15839, [11, 6, 17, 19, 43, 41, 2, 14])
(15840, [7])
(15841, [7, 6, 1, 44, 15, 2, 13])
(15842, [7, 19])
(15843, [7])
(15844, [7])
(15845, [7])
(15846, [7])
(15847, [7])
(15848, [7])
(15849, [7, 16, 42, 17, 1, 21, 30, 37, 3])
(15850, [7, 15, 3, 14])
(15851, [7])
(15852, [7, 1, 21, 31, 23, 12])
(15853, [7])
(15854, [7])
(15855, [7])
(15856, [7, 21, 3])
(15857, [29, 8])
(15858, [29])
(15859, [16, 17, 26, 8, 21, 41])
(15860, [16, 23])
(15861, [16])
(15862, [16, 8, 23, 3, 5])
(15863, [16, 15])
(15864, [16])
(15865, [16, 1])
(15866, [16, 39, 23, 15, 5])
(15867, [16])
(15868, [16, 1, 12, 25])
(15869, [16])
(15870, [16])
(15871, [16])
(15872, [16, 6, 41])
(15873, [16])
(15874, [16])
(15875, [16])
(15876, [42, 10, 19, 31, 41, 23, 15])
(15877, [42, 19, 21])
(15878, [42, 36, 2, 14])
(15879, [42])
(15880, [42])
(15881, [42, 43, 30, 41, 3, 2, 13, 22])
(15882, [42, 19, 43, 3, 2])
(15883, [42])
(15884, [6, 2])
(15885, [6, 43])
(15886, [6])
(15887, [6])
(15888, [6])
(15889, [6, 1])
(15890, [6])
(15891, [6, 1, 43, 4, 2])
(15892, [6])
(15893, [6, 43, 2])
(15894, [6])
(15895, [6])
(15896, [6, 31, 2])
(15897, [6])
(15898, [6])
(15899, [6])
(15900, [6, 44])
(15901, [6])
(15902, [6])
(15903, [28])
(15904, [17])
(15905, [17])
(15906, [17])
(15907, [17])
(15908, [17])
(15909, [17])
(15910, [17, 44, 41, 24, 2, 14])
(15911, [17])
(15912, [17])
(15913, [17])
(15914, [17])
(15915, [17])
(15916, [17])
(15917, [17])
(15918, [17])
(15919, [17, 44])
(15920, [17, 25])
(15921, [17, 44, 3])
(15922, [17])
(15923, [17, 31, 4, 22])
(15924, [1, 19, 26, 21, 24, 23, 15, 3])
(15925, [1, 19, 21])
(15926, [1, 26, 21, 39, 3, 12, 22])
(15927, [1, 21, 22])
(15928, [1, 3])
(15929, [1, 3])
(15930, [1, 3])
(15931, [1])
(15932, [1])
(15933, [1, 23, 3])
(15934, [1])
(15935, [1, 13, 22])
(15936, [1])
(15937, [1])
(15938, [1, 19, 30, 3, 12, 2, 14, 22])
(15939, [1])
(15940, [1])
(15941, [1, 3])
(15942, [1, 19, 3])
(15943, [1])
(15944, [1])
(15945, [1, 21, 22])
(15946, [1])
(15947, [1, 3])
(15948, [1])
(15949, [1])
(15950, [1, 31])
(15951, [1, 15])
(15952, [1])
(15953, [1, 31, 23])
(15954, [1, 3])
(15955, [1, 3])
(15956, [1, 36, 30, 3, 2])
(15957, [1, 21, 3])
(15958, [1])
(15959, [1, 23, 4, 3])
(15960, [1])
(15961, [1])
(15962, [1])
(15963, [1])
(15964, [1])
(15965, [1, 3])
(15966, [1])
(15967, [1])
(15968, [1])
(15969, [1])
(15970, [1])
(15971, [1, 21])
(15972, [1])
(15973, [1])
(15974, [10, 12, 14])
(15975, [10])
(15976, [10])
(15977, [10])
(15978, [10])
(15979, [10])
(15980, [10])
(15981, [10])
(15982, [10])
(15983, [10, 30])
(15984, [10])
(15985, [10])
(15986, [10])
(15987, [19, 4])
(15988, [19, 4])
(15989, [19, 31])
(15990, [19, 3])
(15991, [19, 2])
(15992, [19])
(15993, [19, 30])
(15994, [19, 26, 31, 30, 41, 24, 23, 15, 12])
(15995, [19, 5])
(15996, [19, 41, 3, 40])
(15997, [19])
(15998, [19])
(15999, [19, 2])
(16000, [19])
(16001, [19])
(16002, [19, 2, 22])
(16003, [19])
(16004, [19, 3])
(16005, [19])
(16006, [19])
(16007, [19])
(16008, [19])
(16009, [19, 21, 31, 4])
(16010, [19])
(16011, [19])
(16012, [26, 14])
(16013, [26])
(16014, [26, 43, 15])
(16015, [26, 43])
(16016, [26])
(16017, [26, 31, 15])
(16018, [26])
(16019, [26])
(16020, [26])
(16021, [26, 31, 30, 41, 24, 23])
(16022, [26])
(16023, [26])
(16024, [26])
(16025, [26])
(16026, [26])
(16027, [26])
(16028, [26])
(16029, [26])
(16030, [26, 44, 31, 41])
(16031, [8])
(16032, [8])
(16033, [8])
(16034, [8])
(16035, [8, 23, 5])
(16036, [8])
(16037, [8])
(16038, [8])
(16039, [8])
(16040, [8])
(16041, [8, 30, 15, 2])
(16042, [8])
(16043, [8])
(16044, [8, 12])
(16045, [8])
(16046, [8])
(16047, [21, 37, 15])
(16048, [21])
(16049, [21, 2])
(16050, [21])
(16051, [21])
(16052, [21])
(16053, [21])
(16054, [21])
(16055, [21, 4, 22])
(16056, [21])
(16057, [21, 22])
(16058, [21])
(16059, [21, 3, 14])
(16060, [21])
(16061, [21])
(16062, [21])
(16063, [21])
(16064, [21])
(16065, [21])
(16066, [21, 15])
(16067, [21])
(16068, [21])
(16069, [21])
(16070, [21])
(16071, [21])
(16072, [21])
(16073, [21])
(16074, [21])
(16075, [21])
(16076, [21])
(16077, [21])
(16078, [21])
(16079, [21])
(16080, [21])
(16081, [21])
(16082, [21])
(16083, [21])
(16084, [21])
(16085, [21])
(16086, [21])
(16087, [21])
(16088, [21])
(16089, [21])
(16090, [21])
(16091, [44])
(16092, [44])
(16093, [44])
(16094, [44])
(16095, [44])
(16096, [44])
(16097, [44])
(16098, [44])
(16099, [44])
(16100, [44, 43])
(16101, [44])
(16102, [44])
(16103, [43])
(16104, [43])
(16105, [43])
(16106, [43])
(16107, [43])
(16108, [43])
(16109, [43])
(16110, [43])
(16111, [43, 2])
(16112, [43, 4])
(16113, [43])
(16114, [43])
(16115, [43, 2])
(16116, [43])
(16117, [43])
(16118, [43])
(16119, [43])
(16120, [43])
(16121, [43])
(16122, [43, 40])
(16123, [43, 41, 23, 2, 25])
(16124, [43])
(16125, [43])
(16126, [43, 22])
(16127, [43])
(16128, [43, 31, 30])
(16129, [43])
(16130, [43])
(16131, [43])
(16132, [43])
(16133, [43])
(16134, [43])
(16135, [43])
(16136, [38])
(16137, [38, 41])
(16138, [38])
(16139, [36, 30, 12, 2])
(16140, [36])
(16141, [36])
(16142, [36])
(16143, [36])
(16144, [36])
(16145, [36])
(16146, [36, 2])
(16147, [36])
(16148, [36])
(16149, [36])
(16150, [36])
(16151, [36])
(16152, [36])
(16153, [36])
(16154, [36])
(16155, [36])
(16156, [36])
(16157, [36])
(16158, [36])
(16159, [36])
(16160, [36, 2])
(16161, [36])
(16162, [36])
(16163, [36])
(16164, [36])
(16165, [31])
(16166, [31])
(16167, [31])
(16168, [31])
(16169, [31])
(16170, [31])
(16171, [31])
(16172, [31])
(16173, [31, 23])
(16174, [31])
(16175, [30])
(16176, [30])
(16177, [30])
(16178, [30])
(16179, [30, 41])
(16180, [30])
(16181, [30])
(16182, [30, 15, 40])
(16183, [30])
(16184, [30])
(16185, [30])
(16186, [30])
(16187, [37])
(16188, [37])
(16189, [37])
(16190, [37])
(16191, [39])
(16192, [39])
(16193, [39])
(16194, [39])
(16195, [39, 3])
(16196, [39])
(16197, [39])
(16198, [39])
(16199, [41])
(16200, [41])
(16201, [41])
(16202, [41])
(16203, [41, 3, 12])
(16204, [41])
(16205, [41])
(16206, [41])
(16207, [41])
(16208, [41])
(16209, [41])
(16210, [41])
(16211, [41, 24])
(16212, [41])
(16213, [41])
(16214, [41, 12])
(16215, [41])
(16216, [24])
(16217, [24])
(16218, [24, 40, 2])
(16219, [24])
(16220, [24])
(16221, [24])
(16222, [24])
(16223, [24, 12])
(16224, [23])
(16225, [23])
(16226, [23])
(16227, [23])
(16228, [23])
(16229, [23])
(16230, [23])
(16231, [23])
(16232, [23])
(16233, [23])
(16234, [23])
(16235, [23])
(16236, [23])
(16237, [23])
(16238, [23])
(16239, [23])
(16240, [23])
(16241, [23])
(16242, [23])
(16243, [23])
(16244, [23])
(16245, [23])
(16246, [23])
(16247, [23])
(16248, [23])
(16249, [23])
(16250, [23])
(16251, [23])
(16252, [23])
(16253, [23])
(16254, [23])
(16255, [23])
(16256, [23])
(16257, [23])
(16258, [23])
(16259, [23])
(16260, [23])
(16261, [23])
(16262, [23])
(16263, [23, 12])
(16264, [23])
(16265, [23, 3])
(16266, [23, 3])
(16267, [23])
(16268, [23])
(16269, [23])
(16270, [23])
(16271, [23])
(16272, [23])
(16273, [4])
(16274, [4])
(16275, [4])
(16276, [4])
(16277, [4])
(16278, [4])
(16279, [4])
(16280, [4])
(16281, [4, 2])
(16282, [4])
(16283, [4])
(16284, [4])
(16285, [4])
(16286, [4, 14])
(16287, [4])
(16288, [4])
(16289, [4])
(16290, [4])
(16291, [4])
(16292, [15])
(16293, [15])
(16294, [15])
(16295, [15])
(16296, [15])
(16297, [15])
(16298, [15])
(16299, [15])
(16300, [15])
(16301, [15])
(16302, [15])
(16303, [15, 2])
(16304, [15])
(16305, [15, 2, 14])
(16306, [15])
(16307, [15])
(16308, [15])
(16309, [15])
(16310, [15])
(16311, [3])
(16312, [3])
(16313, [3])
(16314, [3])
(16315, [3])
(16316, [3])
(16317, [3, 12])
(16318, [3])
(16319, [3, 2])
(16320, [3])
(16321, [3])
(16322, [3])
(16323, [3])
(16324, [3])
(16325, [3])
(16326, [3])
(16327, [3, 12])
(16328, [3])
(16329, [3, 12])
(16330, [3])
(16331, [3])
(16332, [3])
(16333, [3])
(16334, [3])
(16335, [3])
(16336, [3])
(16337, [3])
(16338, [3, 2])
(16339, [3])
(16340, [3])
(16341, [3])
(16342, [3])
(16343, [12])
(16344, [12])
(16345, [12])
(16346, [12])
(16347, [12])
(16348, [12])
(16349, [12])
(16350, [12])
(16351, [12])
(16352, [12])
(16353, [12])
(16354, [12])
(16355, [12])
(16356, [12])
(16357, [12])
(16358, [12])
(16359, [12])
(16360, [12])
(16361, [12])
(16362, [12])
(16363, [12])
(16364, [12])
(16365, [12, 2])
(16366, [12])
(16367, [12])
(16368, [12])
(16369, [12])
(16370, [12])
(16371, [12])
(16372, [12])
(16373, [12])
(16374, [12])
(16375, [12])
(16376, [12])
(16377, [12])
(16378, [12])
(16379, [12])
(16380, [12])
(16381, [12])
(16382, [12])
(16383, [12])
(16384, [12])
(16385, [12])
(16386, [12])
(16387, [12])
(16388, [12, 2])
(16389, [12])
(16390, [12])
(16391, [12])
(16392, [12])
(16393, [12])
(16394, [12])
(16395, [12])
(16396, [12])
(16397, [12])
(16398, [12])
(16399, [12])
(16400, [12])
(16401, [12, 25])
(16402, [12])
(16403, [12])
(16404, [12])
(16405, [12])
(16406, [12])
(16407, [12])
(16408, [12])
(16409, [12])
(16410, [40, 2])
(16411, [40])
(16412, [40])
(16413, [40])
(16414, [2])
(16415, [2])
(16416, [2])
(16417, [2, 14])
(16418, [2])
(16419, [2])
(16420, [2])
(16421, [2])
(16422, [2])
(16423, [2])
(16424, [2])
(16425, [2])
(16426, [2])
(16427, [2])
(16428, [2])
(16429, [2])
(16430, [2])
(16431, [2])
(16432, [2])
(16433, [2])
(16434, [2])
(16435, [2])
(16436, [2])
(16437, [2])
(16438, [2])
(16439, [2])
(16440, [2])
(16441, [2])
(16442, [2])
(16443, [2])
(16444, [2])
(16445, [2])
(16446, [2])
(16447, [2])
(16448, [2])
(16449, [2])
(16450, [2])
(16451, [2])
(16452, [2])
(16453, [2])
(16454, [2])
(16455, [2])
(16456, [2])
(16457, [2])
(16458, [2])
(16459, [2])
(16460, [2])
(16461, [2])
(16462, [2])
(16463, [2])
(16464, [2])
(16465, [2])
(16466, [2])
(16467, [2])
(16468, [2])
(16469, [2])
(16470, [2])
(16471, [2])
(16472, [2])
(16473, [2])
(16474, [2])
(16475, [2])
(16476, [2])
(16477, [2])
(16478, [2])
(16479, [2])
(16480, [2])
(16481, [2])
(16482, [2])
(16483, [2])
(16484, [2])
(16485, [2])
(16486, [2])
(16487, [2])
(16488, [2])
(16489, [2])
(16490, [2])
(16491, [13])
(16492, [13])
(16493, [13])
(16494, [13])
(16495, [13])
(16496, [13])
(16497, [13])
(16498, [13])
(16499, [5])
(16500, [5])
(16501, [5])
(16502, [5])
(16503, [5])
(16504, [5])
(16505, [14])
(16506, [14])
(16507, [14])
(16508, [14])
(16509, [14])
(16510, [14])
(16511, [14])
(16512, [14])
(16513, [14])
(16514, [14])
(16515, [14])
(16516, [14])
(16517, [14])
(16518, [14])
(16519, [14])
(16520, [14, 25])
(16521, [14])
(16522, [14])
(16523, [22])
(16524, [22])
(16525, [22])
(16526, [22])
(16527, [22])
(16528, [22])
(16529, [22])
(16530, [22])
