(106942, [32, 17, 21, 22])
(106943, [32, 35, 34, 33, 20, 27, 9, 0, 11, 7, 16, 42, 6, 28, 1, 10, 19, 26, 8, 21, 44, 43, 38, 36, 31, 30, 37, 39, 41, 24, 23, 4, 3, 12, 40, 2, 13, 5, 14, 22, 25])
(106944, [32, 35, 34, 33, 20, 18, 27, 9, 0, 11, 7, 29, 16, 42, 6, 28, 17, 1, 10, 19, 26, 8, 21, 44, 43, 38, 36, 31, 30, 37, 39, 41, 24, 23, 4, 15, 3, 12, 40, 2, 13, 5, 14, 22, 25])
(106945, [32, 35, 34, 33, 20, 18, 27, 9, 0, 11, 7, 29, 16, 42, 6, 28, 17, 1, 10, 19, 26, 8, 21, 44, 43, 38, 36, 31, 30, 37, 39, 41, 24, 23, 4, 15, 3, 12, 40, 2, 13, 5, 14, 22, 25])
(106946, [32, 35, 34, 33, 20, 18, 27, 9, 0, 11, 7, 29, 16, 42, 6, 28, 17, 1, 10, 19, 26, 8, 21, 44, 43, 38, 36, 31, 30, 37, 39, 41, 24, 23, 4, 15, 3, 12, 40, 2, 13, 5, 14, 22, 25])
(106947, [32, 35, 34, 33, 20, 18, 27, 9, 0, 11, 7, 29, 16, 42, 6, 28, 17, 1, 10, 19, 26, 8, 21, 44, 43, 38, 36, 31, 30, 37, 39, 41, 24, 23, 4, 15, 3, 12, 40, 2, 13, 5, 14, 22, 25])
(106948, [32, 33, 0, 17, 19, 44, 30, 24, 4, 2, 13])
(106949, [32, 35, 34, 33, 18, 27, 9, 11, 16, 17, 1, 19, 8, 43, 31, 30, 41, 23, 4, 15, 3, 12, 40, 2, 5])
(106950, [32, 34, 33, 20, 18, 27, 9, 0, 11, 7, 16, 42, 6, 1, 19, 26, 8, 44, 43, 38, 36, 31, 30, 41, 24, 23, 4, 15, 3, 12, 40, 2, 22])
(106951, [32, 7])
(106952, [32, 35, 34, 33, 20, 9, 0, 11, 16, 42, 28, 17, 1, 26, 21, 31, 30, 41, 4, 15, 3, 12, 40, 2, 14, 22])
(106953, [32, 4, 15, 2, 14])
(106954, [32, 34, 33, 9, 0, 11, 16, 42, 6, 1, 26, 21, 44, 43, 31, 30, 41, 23, 4, 15, 3, 12, 2, 13])
(106955, [32, 35, 34, 33, 20, 18, 27, 9, 0, 11, 7, 29, 42, 6, 17, 1, 10, 19, 26, 8, 21, 44, 43, 38, 36, 31, 30, 37, 39, 41, 24, 23, 4, 15, 3, 12, 13, 5, 22])
(106956, [32, 35, 33, 20, 18, 27, 9, 0, 11, 7, 16, 42, 6, 17, 1, 10, 19, 26, 8, 21, 44, 43, 38, 31, 41, 23, 4, 15, 3, 12, 40, 2, 22])
(106957, [32, 33, 20, 18, 27, 9, 0, 16, 6, 1, 19, 26, 21, 44, 43, 31, 30, 39, 41, 24, 23, 4, 15, 3, 40, 2, 14])
(106958, [32, 35, 34, 33, 20, 18, 9, 11, 7, 29, 16, 42, 28, 17, 1, 19, 26, 21, 44, 43, 38, 36, 31, 30, 39, 41, 24, 23, 4, 15, 3, 12, 40, 2, 13, 14, 22, 25])
(106959, [32, 34, 33, 20, 18, 9, 11, 29, 16, 6, 28, 17, 1, 19, 26, 8, 21, 44, 38, 31, 30, 41, 24, 23, 4, 15, 3, 12, 40, 2, 13, 22])
(106960, [32, 35, 34, 33, 20, 18, 9, 11, 7, 29, 16, 6, 17, 1, 19, 26, 8, 21, 44, 43, 38, 31, 30, 37, 39, 41, 24, 23, 4, 15, 3, 12, 40, 2, 13, 5, 22])
(106961, [32, 34, 33, 18, 27, 9, 0, 11, 7, 16, 6, 28, 17, 1, 10, 19, 26, 8, 44, 43, 36, 31, 30, 41, 24, 23, 4, 15, 3, 12, 40, 2, 13, 5, 14, 25])
(106962, [32, 33, 7, 6, 1, 19, 26, 8, 44, 43, 31, 30, 39, 4, 15, 3, 2, 14])
(106963, [32, 35, 34, 33, 20, 18, 27, 9, 0, 11, 7, 29, 16, 42, 6, 28, 17, 1, 10, 19, 26, 8, 21, 44, 43, 38, 36, 31, 30, 37, 39, 41, 24, 23, 4, 15, 3, 12, 40, 2, 13, 5, 14, 22, 25])
(106964, [32, 18, 6, 1, 19, 26, 21, 43, 31, 23, 2, 22])
(106965, [32, 33, 20, 27, 11, 28, 1, 10, 26, 8, 21, 44, 43, 31, 30, 41, 3, 12, 40, 2, 25])
(106966, [32, 35, 34, 9, 0, 11, 7, 16, 1, 10, 26, 21, 44, 38, 31, 41, 24, 15, 3, 12, 2, 13])
(106967, [32, 35, 34, 33, 20, 18, 27, 9, 0, 11, 7, 16, 42, 6, 28, 17, 1, 19, 26, 44, 43, 38, 36, 31, 30, 37, 39, 41, 24, 23, 4, 15, 3, 12, 40, 2, 13, 14, 22, 25])
(106968, [32, 35, 34, 33, 20, 18, 27, 9, 0, 11, 7, 29, 16, 6, 28, 17, 1, 19, 26, 8, 21, 44, 43, 31, 30, 37, 41, 24, 23, 4, 15, 3, 12, 40, 2, 13, 5, 14])
(106969, [32, 6, 26, 31, 24])
(106970, [32, 34, 33, 9, 11, 17, 1, 21, 44, 43, 31, 37, 23, 4, 15, 3, 2, 14])
(106971, [32, 34, 33, 20, 18, 9, 11, 7, 16, 42, 6, 17, 1, 19, 26, 8, 21, 44, 43, 36, 39, 41, 23, 4, 15, 3, 40, 2, 5, 14, 25])
(106972, [32, 35, 34, 33, 20, 18, 27, 9, 11, 7, 16, 42, 6, 28, 17, 1, 10, 19, 26, 8, 21, 44, 43, 38, 36, 31, 30, 37, 39, 41, 24, 23, 4, 15, 3, 12, 40, 2, 13, 5, 14])
(106973, [32, 33, 18, 27, 11, 7, 6, 17, 1, 19, 8, 21, 44, 43, 38, 36, 31, 30, 39, 41, 23, 4, 15, 3, 12, 13, 5, 22])
(106974, [32, 35, 34, 33, 20, 18, 27, 9, 0, 11, 7, 16, 42, 6, 28, 17, 1, 10, 19, 26, 21, 44, 43, 36, 31, 30, 37, 41, 24, 23, 4, 15, 3, 12, 40, 2, 13, 14, 22, 25])
(106975, [32, 34, 33, 18, 0, 11, 29, 16, 28, 17, 1, 10, 19, 26, 21, 44, 38, 31, 23, 15, 3, 2, 5, 14, 22])
(106976, [32])
(106977, [32, 35, 34, 20, 18, 27, 9, 0, 11, 16, 42, 17, 1, 10, 19, 21, 43, 31, 30, 41, 23, 15, 3, 12, 2, 13, 22])
(106978, [32, 33, 18, 2])
(106979, [32, 35, 34, 9, 0, 11, 7, 16, 1, 19, 43, 3, 12, 14])
(106980, [32, 0, 17, 30, 2, 14])
(106981, [32, 35, 34, 33, 20, 18, 9, 0, 11, 7, 16, 42, 6, 28, 17, 1, 10, 19, 26, 21, 44, 43, 36, 31, 30, 37, 41, 24, 23, 4, 15, 3, 12, 40, 2, 13, 5, 14])
(106982, [32, 34, 33, 20, 27, 9, 16, 42, 1, 19, 26, 21, 31, 30, 24, 23, 15, 3, 2, 5, 22])
(106983, [32, 35, 34, 33, 20, 18, 27, 9, 0, 11, 7, 29, 16, 42, 6, 28, 17, 1, 10, 19, 26, 8, 44, 43, 38, 36, 31, 30, 37, 39, 41, 24, 23, 4, 15, 3, 12, 2, 14])
(106984, [32, 34, 33, 9, 11, 1, 21, 44, 31, 30, 3])
(106985, [32, 30])
(106986, [32, 35, 2])
(106987, [32, 34, 27, 9, 0, 7, 1, 21, 44, 31, 30, 39, 4, 3, 12, 22])
(106988, [32, 9, 11, 7, 16, 1, 10, 21, 31, 41, 15, 12, 2])
(106989, [32, 33, 9, 17, 19, 38, 30, 40, 2, 22])
(106990, [32, 21, 44, 41, 3, 22])
(106991, [32, 18, 9, 0, 6, 1, 26, 41, 2, 14])
(106992, [32, 34, 33, 9, 0, 11, 6, 17, 1, 19, 26, 8, 44, 43, 31, 30, 39, 41, 23, 4, 15, 12, 40, 2, 13, 14])
(106993, [32, 33, 11, 7, 6, 1, 19, 21, 44, 43, 39, 23, 4, 3, 12, 2, 22])
(106994, [32, 35, 9, 0, 11, 7, 16, 42, 6, 1, 19, 26, 43, 30, 24, 23, 4, 15, 3, 40, 2, 14])
(106995, [32, 1, 2])
(106996, [32, 33, 18, 11, 7, 16, 42, 6, 1, 21, 44, 43, 37, 23, 4, 3, 2])
(106997, [32, 34, 18, 9, 7, 16, 6, 17, 1, 19, 26, 8, 21, 43, 31, 30, 37, 24, 23, 15, 3, 12, 40, 2, 5, 22])
(106998, [32])
(106999, [32, 35, 34, 33, 20, 18, 27, 9, 11, 7, 29, 16, 42, 6, 28, 17, 1, 10, 19, 26, 8, 21, 44, 43, 36, 31, 30, 37, 39, 41, 24, 23, 4, 15, 3, 12, 40, 2, 13, 5, 14])
(107000, [32, 16, 41, 3])
(107001, [32, 18, 1, 10, 19, 24, 23, 15, 3])
(107002, [32, 27, 0, 42, 6, 28, 1, 23, 4, 14])
(107003, [32, 4, 15])
(107004, [32, 41])
(107005, [32, 27, 9, 0, 11, 42, 17, 1, 21, 30, 24, 23, 4, 15, 3, 40, 2])
(107006, [32, 34, 33, 18, 9, 0, 6, 17, 1, 26, 8, 43, 31, 39, 41, 24, 23, 4, 15, 3, 12, 40, 2, 5, 14])
(107007, [32, 9, 6, 43, 31, 41, 23, 15, 12, 40, 2])
(107008, [32, 20, 18, 0, 11, 42, 17, 1, 19, 21, 43, 31, 4, 3])
(107009, [32, 33, 20, 18, 16, 26, 43, 4])
(107010, [32, 0, 6, 21, 43, 30])
(107011, [32, 18])
(107012, [32, 33, 20, 18, 27, 9, 0, 11, 6, 17, 1, 26, 44, 43, 38, 36, 31, 30, 37, 39, 41, 23, 4, 15, 12, 40, 2, 14, 25])
(107013, [32])
(107014, [32, 33, 20, 27, 0, 11, 16, 28, 1, 19, 26, 8, 21, 44, 41, 4, 3, 12, 2, 22])
(107015, [32, 1, 30])
(107016, [32])
(107017, [32, 35, 34, 33, 20, 9, 11, 7, 16, 42, 6, 28, 17, 1, 19, 26, 21, 44, 43, 30, 41, 24, 23, 4, 15, 3, 12, 40, 2, 13, 14, 22])
(107018, [32, 35, 34, 18, 27, 9, 0, 11, 29, 16, 17, 1, 19, 26, 21, 44, 31, 30, 39, 23, 4, 15, 3, 12, 2, 13, 5, 22])
(107019, [32, 18, 9, 0, 7, 23, 15, 3])
(107020, [32, 18, 6, 31, 23])
(107021, [32, 34, 18, 6, 17, 1, 19, 26, 36, 31, 30, 41, 24, 4, 15, 3, 12, 2])
(107022, [32, 35, 9, 0, 16, 42, 6, 19, 36, 31, 30, 39, 23, 15, 3, 12, 2])
(107023, [32, 18, 43, 30, 23, 15])
(107024, [32, 34, 9, 31])
(107025, [32, 34, 33, 9, 0, 16, 6, 17, 1, 10, 21, 31, 30, 37, 41, 24, 3, 12, 2])
(107026, [32, 9, 0, 11, 7, 19, 43, 31, 41, 24])
(107027, [32, 33, 31, 41])
(107028, [32, 1, 3])
(107029, [32])
(107030, [32, 35, 34, 33, 20, 18, 9, 0, 11, 7, 29, 16, 42, 6, 28, 1, 10, 19, 26, 21, 44, 43, 31, 39, 41, 24, 23, 4, 15, 3, 12, 2, 14, 22])
(107031, [32, 34, 9, 0, 7, 16, 6, 17, 1, 19, 26, 31, 30, 23, 15, 3, 2])
(107032, [32, 1, 3])
(107033, [32, 35, 34, 33, 20, 18, 9, 0, 11, 7, 16, 6, 17, 1, 10, 19, 8, 44, 43, 36, 31, 30, 37, 41, 24, 23, 15, 3, 12, 2, 13, 5, 14])
(107034, [32, 34, 27, 0, 11, 31, 3, 12])
(107035, [32, 34, 20, 18, 27, 9, 11, 7, 16, 6, 17, 1, 26, 44, 43, 31, 30, 41, 24, 23, 4, 15, 3, 12, 2])
(107036, [32, 33, 18, 9, 11, 17, 1, 19, 26, 21, 44, 30, 41, 24, 4, 15, 3, 12, 2, 22])
(107037, [32, 35, 18, 6, 28, 17, 1, 19, 8, 44, 43, 23, 15, 3, 2])
(107038, [32, 35, 34, 33, 18, 0, 11, 29, 16, 42, 6, 17, 10, 19, 8, 21, 37, 41, 24, 23, 3, 12, 2, 5, 22])
(107039, [32, 35, 34, 33, 20, 18, 9, 11, 7, 16, 42, 6, 28, 17, 1, 19, 8, 21, 44, 43, 38, 31, 30, 39, 41, 24, 23, 4, 15, 3, 12, 40, 2, 14, 22, 25])
(107040, [32, 30])
(107041, [32, 34, 33, 9, 0, 11, 16, 42, 6, 17, 1, 26, 44, 43, 38, 30, 41, 23, 4, 3, 12, 40, 2, 13])
(107042, [32])
(107043, [32, 35, 18, 0, 1, 26, 43, 39, 3, 12, 2, 5])
(107044, [32, 11, 7, 17, 1, 44, 3, 2])
(107045, [32, 34, 9, 0, 11, 1, 19, 26, 8, 44, 30, 39, 41, 24, 23, 4, 15, 3, 12, 2, 13])
(107046, [32, 33, 20, 18, 9, 11, 7, 29, 1, 19, 26, 44, 31, 30, 23, 3])
(107047, [32, 35, 34, 9, 11, 28, 17, 26, 37, 41, 24, 15, 3, 12, 2, 13])
(107048, [32, 20, 9, 11, 17, 1, 8, 21, 43, 31, 41, 15, 3, 12, 2, 22])
(107049, [32, 17, 26, 31, 30, 41, 24, 2])
(107050, [32, 35, 34, 18, 0, 11, 7, 42, 17, 1, 19, 26, 8, 21, 44, 30, 3, 2])
(107051, [32, 34])
(107052, [32, 0, 1, 19, 44, 31, 30, 23, 40, 22])
(107053, [32])
(107054, [32, 35, 33, 20, 18, 27, 9, 0, 11, 7, 16, 28, 17, 1, 19, 26, 8, 21, 44, 43, 36, 31, 30, 37, 39, 41, 24, 23, 4, 15, 3, 12, 40, 2, 13, 5, 14, 22, 25])
(107055, [32, 18, 9, 1, 15, 3])
(107056, [32, 34, 20, 0, 1, 10, 43, 31, 30, 3, 12, 40, 2])
(107057, [32, 35, 18, 29, 1, 19, 21, 43, 31, 30, 3])
(107058, [35, 34, 33, 18, 9, 0, 11, 16, 6, 28, 17, 1, 19, 26, 8, 21, 44, 43, 31, 30, 37, 39, 24, 23, 4, 15, 3, 12, 2, 5])
(107059, [35, 1, 23, 4, 3, 12])
(107060, [35])
(107061, [35])
(107062, [35, 33, 0, 42, 6, 17, 1, 26, 8, 21, 43, 30, 37, 39, 23, 4, 15, 3, 12, 14])
(107063, [35])
(107064, [35, 33, 18, 9, 0, 7, 29, 6, 1, 19, 26, 8, 21, 44, 43, 36, 31, 30, 24, 23, 3, 5, 14, 25])
(107065, [35, 26, 23])
(107066, [35])
(107067, [35, 34, 20, 0, 11, 16, 28, 12, 2])
(107068, [35, 18, 24, 23])
(107069, [35])
(107070, [35, 18, 27, 0, 11, 7, 42, 1, 19, 26, 8, 21, 44, 31, 30, 4, 15, 3, 2, 22])
(107071, [35, 34, 33, 18, 9, 0, 16, 1, 30, 15, 3, 2, 13, 22])
(107072, [35, 23])
(107073, [35, 20, 18, 27, 9, 0, 6, 28, 17, 1, 26, 44, 43, 36, 30, 41, 4, 15, 2, 14])
(107074, [35])
(107075, [35])
(107076, [35, 3])
(107077, [35])
(107078, [35, 23])
(107079, [35, 34, 9, 0, 16, 42, 17, 1, 10, 23, 15, 3, 12, 40, 2, 14, 22])
(107080, [35, 0, 1, 23, 12, 2])
(107081, [35, 34, 9, 0, 11, 42, 17, 1, 26, 43, 36, 24, 23, 3, 12, 40, 2])
(107082, [35, 18, 23])
(107083, [35])
(107084, [35, 11, 16, 17, 1, 10, 19, 30, 3, 2, 14])
(107085, [35])
(107086, [35])
(107087, [35])
(107088, [35])
(107089, [35])
(107090, [34, 20, 18, 11, 1, 12])
(107091, [34])
(107092, [34, 33, 20, 18, 27, 9, 0, 11, 7, 29, 16, 42, 6, 1, 19, 26, 8, 21, 44, 43, 38, 36, 31, 30, 37, 39, 24, 23, 4, 15, 3, 12, 40, 2, 22, 25])
(107093, [34, 18, 9, 14])
(107094, [34])
(107095, [34, 9, 17, 1, 43, 31, 41, 3, 2, 13, 14])
(107096, [34, 33, 6, 36, 31, 30, 4, 15, 2, 22])
(107097, [34, 9, 16, 6, 44, 43, 31, 39, 3, 40, 22])
(107098, [34, 20, 18, 11, 42, 6, 17, 1, 10, 19, 8, 3, 2])
(107099, [34, 0, 11, 12])
(107100, [34, 11, 17, 1, 26, 30, 2, 22])
(107101, [34, 0, 26, 41, 2])
(107102, [34, 18, 11])
(107103, [34, 33, 2])
(107104, [34, 33, 9, 0, 16, 19, 31, 41, 12])
(107105, [34])
(107106, [34, 20, 1])
(107107, [34])
(107108, [34, 33, 20, 7])
(107109, [34, 33, 9, 0, 44, 30, 23, 3, 12, 2])
(107110, [34])
(107111, [34, 33, 20, 27, 9, 0, 11, 7, 16, 17, 1, 19, 21, 44, 43, 31, 41, 15, 3, 12, 2, 13, 25])
(107112, [34, 20, 18, 17, 1, 19, 21, 30, 23, 3, 12, 22])
(107113, [34, 20, 9, 0, 28, 19, 26, 31, 23, 3])
(107114, [34, 26, 36, 23, 15])
(107115, [34, 19, 23])
(107116, [34, 31, 4])
(107117, [34, 9, 0, 1, 26, 31, 41, 3, 2])
(107118, [34, 1, 30])
(107119, [34, 9, 16, 6, 28, 17, 19, 8, 31, 39, 24, 4, 15, 40, 2, 22])
(107120, [34])
(107121, [34, 33, 20, 18, 9, 11, 7, 16, 42, 6, 17, 1, 19, 26, 44, 36, 31, 30, 41, 24, 23, 4, 15, 3, 40, 2, 14])
(107122, [34, 33, 9, 0, 19, 36, 30, 2, 14, 22])
(107123, [34, 18, 9, 17, 19, 26, 8, 44, 31, 41, 2])
(107124, [34])
(107125, [34, 11])
(107126, [34, 18, 12])
(107127, [34, 20, 11, 26, 31, 30])
(107128, [34, 33, 0, 29, 12])
(107129, [34, 33, 20, 0, 11, 16, 28, 17, 30, 24, 23, 3, 12])
(107130, [34, 33, 0, 31, 30, 41])
(107131, [34, 27, 6, 19, 26, 30, 23, 4, 12, 2])
(107132, [34, 3])
(107133, [34, 39, 4, 2])
(107134, [34])
(107135, [34, 20, 0, 7, 16, 6, 19, 8, 43, 36, 30, 41, 4, 15, 3, 12, 2])
(107136, [34, 11, 44, 36, 41, 15, 3, 13])
(107137, [34, 20, 0, 11, 10, 2])
(107138, [34, 20, 3])
(107139, [34])
(107140, [34, 33, 20, 9, 11, 16, 28, 17, 1, 19, 21, 43, 31, 39, 41, 24, 4, 3, 12, 2])
(107141, [34, 0])
(107142, [34, 9, 0, 16, 21, 44, 31, 41, 24, 3, 12, 2])
(107143, [34, 18, 0, 4, 2])
(107144, [34, 18, 9, 0, 7, 16, 19, 26, 44, 43, 38, 41, 23, 2])
(107145, [34, 0, 16, 6, 26, 43, 41, 12])
(107146, [34, 9, 11, 1, 10, 21, 41, 14])
(107147, [34, 20, 0, 1, 26, 8, 21, 30, 23, 3])
(107148, [34])
(107149, [34, 0, 1, 31, 3])
(107150, [34, 33, 2])
(107151, [34, 9, 8, 2])
(107152, [34, 0, 41])
(107153, [34, 33, 17, 43, 31, 30, 41, 24, 40, 2])
(107154, [33, 18, 9, 0, 16, 6, 1, 19, 26, 36, 41, 3])
(107155, [33])
(107156, [33, 0, 26])
(107157, [33, 36])
(107158, [33, 1, 43, 23, 15, 3, 12])
(107159, [33, 9, 19, 23, 12])
(107160, [33, 18, 11, 6, 28, 17, 19, 43, 36, 31, 41, 24, 4, 15, 12, 2, 13])
(107161, [33])
(107162, [33])
(107163, [33, 9, 19, 44, 31, 4, 2])
(107164, [33])
(107165, [33, 18, 0, 11, 1, 19, 21, 44, 41, 24, 15, 3, 12, 22])
(107166, [33, 1, 21, 38, 31, 4, 15, 3])
(107167, [33])
(107168, [33, 11, 1, 3])
(107169, [33])
(107170, [33])
(107171, [33])
(107172, [33, 9, 7, 1, 26, 41])
(107173, [33, 18, 29, 16, 6, 1, 19, 26, 8, 21, 44, 43, 36, 31, 30, 24, 23, 4, 15, 3, 40, 2, 14, 22])
(107174, [33, 0])
(107175, [33])
(107176, [33])
(107177, [33, 11, 17, 19, 31, 41, 2, 22])
(107178, [33, 20, 11, 44, 43, 23, 4, 3])
(107179, [33, 20, 0, 11, 16, 17, 1, 41, 15, 3, 12])
(107180, [33, 18, 9, 6, 43, 36, 31, 4, 15, 2, 14, 25])
(107181, [33, 26])
(107182, [33, 2])
(107183, [33])
(107184, [33, 0, 42, 1, 19, 44, 38, 4, 3, 12])
(107185, [33, 11, 44, 3, 2])
(107186, [33, 12])
(107187, [33, 44, 31, 30, 23, 12, 5])
(107188, [33, 23])
(107189, [33, 16, 6, 19, 8, 43, 39, 23, 2])
(107190, [33, 18, 11, 19, 2])
(107191, [33, 29, 31, 23])
(107192, [20])
(107193, [20, 9, 0, 11, 31, 30, 23, 3, 12, 22])
(107194, [20, 18, 9, 0, 38])
(107195, [20, 43])
(107196, [20, 3])
(107197, [20, 0, 42, 6, 43, 3, 2])
(107198, [20, 9, 16, 6, 1, 10, 44, 24, 15, 12, 2, 13, 14])
(107199, [20])
(107200, [20, 0, 17, 1, 19, 26, 30, 15, 2])
(107201, [20])
(107202, [20, 43])
(107203, [20, 18, 11, 6, 1, 19, 26, 8, 3, 22])
(107204, [20, 42, 3])
(107205, [20, 9, 0, 1, 10, 31, 23, 3, 12, 2, 22])
(107206, [20, 11, 3])
(107207, [20, 0, 11, 6, 17, 1, 19, 21, 44, 38, 30, 24, 3, 12, 2, 22])
(107208, [20])
(107209, [20, 0])
(107210, [20, 18, 1, 3])
(107211, [20, 1, 3])
(107212, [20, 0, 16, 41, 3, 12])
(107213, [20])
(107214, [20, 0, 42, 1, 10])
(107215, [20, 7, 17, 1, 19, 8, 24, 15, 3, 12, 40, 2])
(107216, [20, 0, 6, 28, 43, 31, 39, 23, 3])
(107217, [20])
(107218, [20])
(107219, [18])
(107220, [18, 6, 10, 19, 26, 12])
(107221, [18])
(107222, [18, 29, 1])
(107223, [18, 0, 11, 29, 6, 17, 1, 10, 44, 43, 30, 24, 23, 15, 12, 2, 5])
(107224, [18])
(107225, [18, 19, 31])
(107226, [18, 1, 8, 21, 31, 23, 3, 22])
(107227, [18])
(107228, [18, 23])
(107229, [18, 0, 1, 44, 43])
(107230, [18])
(107231, [18])
(107232, [18, 11, 16, 6, 17, 4, 15, 3, 12, 5, 22])
(107233, [18])
(107234, [18])
(107235, [18, 5, 25])
(107236, [18, 41])
(107237, [18, 8, 23])
(107238, [18, 11, 16, 1, 21, 30, 41, 24, 15, 40, 13, 22])
(107239, [18, 19, 44, 39, 22])
(107240, [18, 9, 0, 1, 21, 44, 43, 2])
(107241, [18, 6, 1, 19, 21, 44, 43, 31, 24, 23, 4, 15, 3, 12, 2, 5, 22, 25])
(107242, [18, 1, 3])
(107243, [18, 0, 8, 21, 23])
(107244, [18, 0, 7, 1, 8, 21, 43, 41, 23, 4, 15, 3, 12, 5])
(107245, [18, 6])
(107246, [18])
(107247, [18])
(107248, [18])
(107249, [18, 31, 2])
(107250, [18, 4, 15])
(107251, [18, 19])
(107252, [18, 15])
(107253, [18])
(107254, [18, 23, 15])
(107255, [18])
(107256, [18])
(107257, [18, 15])
(107258, [18, 1, 40, 2])
(107259, [18])
(107260, [18])
(107261, [18, 21])
(107262, [18])
(107263, [18, 0, 2, 13])
(107264, [18])
(107265, [18])
(107266, [18, 21, 43, 12])
(107267, [18])
(107268, [18])
(107269, [18])
(107270, [18])
(107271, [18])
(107272, [18, 6, 1])
(107273, [18])
(107274, [18])
(107275, [18])
(107276, [18, 8, 23, 3])
(107277, [18])
(107278, [18])
(107279, [18])
(107280, [18])
(107281, [18])
(107282, [18, 43, 31, 23])
(107283, [18])
(107284, [18, 12])
(107285, [18])
(107286, [18])
(107287, [18])
(107288, [18, 23])
(107289, [18])
(107290, [18])
(107291, [18])
(107292, [18])
(107293, [18])
(107294, [18])
(107295, [18, 9, 6, 43, 31, 30, 23, 15, 3])
(107296, [18, 6, 15])
(107297, [18, 43])
(107298, [18])
(107299, [18, 21, 43, 4])
(107300, [18])
(107301, [18, 9, 0, 1, 19, 38, 3])
(107302, [18])
(107303, [18])
(107304, [18])
(107305, [18])
(107306, [18, 6, 17, 1, 43, 23, 15, 3, 40])
(107307, [18])
(107308, [18])
(107309, [27])
(107310, [27, 0, 1, 26, 3, 12])
(107311, [27, 17, 1, 26, 41, 2, 14])
(107312, [27])
(107313, [27])
(107314, [27])
(107315, [27])
(107316, [27, 0, 11, 16, 42, 1, 21, 44, 43, 4, 3, 22])
(107317, [27, 9, 6, 1, 26, 21, 43, 23, 3, 12])
(107318, [9, 2])
(107319, [9, 10, 12])
(107320, [9])
(107321, [9, 0, 42, 17, 1, 19, 26, 21, 44, 43, 31, 39, 15, 3, 12, 2])
(107322, [9, 1, 21])
(107323, [9])
(107324, [9])
(107325, [9, 44])
(107326, [9, 1])
(107327, [9, 0, 29, 1, 10, 26, 36, 23, 3, 12, 2, 5])
(107328, [9, 43])
(107329, [9, 1, 44, 4, 3, 22])
(107330, [9])
(107331, [9, 10, 2])
(107332, [9])
(107333, [9, 16, 19, 4, 3, 12])
(107334, [9, 24, 2])
(107335, [9, 4])
(107336, [9])
(107337, [9, 42, 19, 26, 31, 23, 4, 15, 12])
(107338, [9, 44, 43, 4, 2, 14, 22])
(107339, [9])
(107340, [9, 3])
(107341, [9])
(107342, [9])
(107343, [9])
(107344, [9])
(107345, [9])
(107346, [9])
(107347, [9, 19, 44, 24])
(107348, [9])
(107349, [9, 11, 1, 30, 15, 40])
(107350, [9, 7, 17, 26, 8, 43, 41, 23, 40, 2, 14])
(107351, [9])
(107352, [9])
(107353, [9])
(107354, [9])
(107355, [9])
(107356, [9, 8, 30])
(107357, [9, 2])
(107358, [9, 16, 6, 1, 44, 15, 3])
(107359, [9, 0, 17, 23])
(107360, [9, 10, 14])
(107361, [9])
(107362, [9, 1, 3, 12])
(107363, [9])
(107364, [0, 11, 16, 19, 39, 3, 2])
(107365, [0, 12])
(107366, [0, 12])
(107367, [0])
(107368, [0, 17, 2, 5, 14])
(107369, [0])
(107370, [0])
(107371, [0])
(107372, [0])
(107373, [0])
(107374, [0])
(107375, [0])
(107376, [0, 26])
(107377, [0])
(107378, [0])
(107379, [0])
(107380, [0])
(107381, [0])
(107382, [0])
(107383, [0, 6, 17, 8, 30, 24, 23, 4, 15, 12, 2])
(107384, [0])
(107385, [0])
(107386, [0, 11, 16, 26, 44, 41])
(107387, [0])
(107388, [0])
(107389, [0])
(107390, [0])
(107391, [0])
(107392, [0, 30, 24])
(107393, [0])
(107394, [0])
(107395, [0])
(107396, [0])
(107397, [0])
(107398, [0])
(107399, [0, 1, 12])
(107400, [0, 39, 2])
(107401, [0, 12])
(107402, [0])
(107403, [0])
(107404, [0, 2])
(107405, [0])
(107406, [0, 12])
(107407, [0])
(107408, [0, 7, 42, 3, 12])
(107409, [0])
(107410, [0])
(107411, [0])
(107412, [0])
(107413, [0])
(107414, [0, 1, 19, 21, 4, 3, 12, 2])
(107415, [0])
(107416, [0])
(107417, [0, 1, 26, 12, 5])
(107418, [0])
(107419, [0])
(107420, [0])
(107421, [0])
(107422, [0, 12])
(107423, [0])
(107424, [0])
(107425, [0, 31])
(107426, [0, 36])
(107427, [0])
(107428, [0, 6])
(107429, [0])
(107430, [0, 3, 12])
(107431, [0, 16, 8, 23, 4, 5])
(107432, [0])
(107433, [0, 16, 40])
(107434, [0])
(107435, [0])
(107436, [0])
(107437, [0])
(107438, [0])
(107439, [0, 6, 1, 26, 31, 41, 15, 2])
(107440, [0, 43, 12, 14])
(107441, [0, 26])
(107442, [0])
(107443, [0])
(107444, [0])
(107445, [0])
(107446, [0])
(107447, [0])
(107448, [0])
(107449, [0])
(107450, [0])
(107451, [0])
(107452, [0, 10])
(107453, [0, 24, 14])
(107454, [0, 21])
(107455, [0, 11, 26, 44, 4, 3])
(107456, [0])
(107457, [0])
(107458, [0])
(107459, [0])
(107460, [0, 4])
(107461, [0, 2])
(107462, [0])
(107463, [0, 7, 16, 1, 21, 38, 23, 4, 3, 2])
(107464, [0, 12])
(107465, [0])
(107466, [0])
(107467, [0])
(107468, [0])
(107469, [0])
(107470, [0, 12])
(107471, [0])
(107472, [0])
(107473, [0])
(107474, [0])
(107475, [0])
(107476, [0])
(107477, [0])
(107478, [0, 11, 2])
(107479, [0, 1, 3])
(107480, [0])
(107481, [0])
(107482, [0])
(107483, [0])
(107484, [0])
(107485, [0])
(107486, [0])
(107487, [0])
(107488, [0, 1, 19, 12, 2])
(107489, [0])
(107490, [0, 3])
(107491, [0])
(107492, [0, 19])
(107493, [0])
(107494, [0])
(107495, [0])
(107496, [0])
(107497, [0])
(107498, [0, 12])
(107499, [0, 12])
(107500, [0])
(107501, [0])
(107502, [0])
(107503, [0])
(107504, [0])
(107505, [0])
(107506, [0, 11, 1, 12])
(107507, [0])
(107508, [0, 12])
(107509, [0])
(107510, [0])
(107511, [0])
(107512, [0, 6, 17, 43, 41, 24, 12, 2])
(107513, [0])
(107514, [0, 1, 44])
(107515, [0])
(107516, [0])
(107517, [0])
(107518, [0])
(107519, [0])
(107520, [0, 7, 30, 3])
(107521, [0])
(107522, [0])
(107523, [0, 15])
(107524, [0])
(107525, [0, 12])
(107526, [0])
(107527, [0, 38])
(107528, [0])
(107529, [0])
(107530, [0])
(107531, [0])
(107532, [0, 1, 39, 3, 22])
(107533, [0])
(107534, [0])
(107535, [0])
(107536, [0, 3, 12])
(107537, [0])
(107538, [0, 12])
(107539, [0])
(107540, [0, 12])
(107541, [0, 1])
(107542, [0])
(107543, [0, 30])
(107544, [0])
(107545, [0, 31, 12, 2])
(107546, [0, 44, 14])
(107547, [0])
(107548, [0])
(107549, [0, 11, 1, 3, 12])
(107550, [0])
(107551, [0])
(107552, [0, 23, 12])
(107553, [0, 17, 14])
(107554, [0])
(107555, [0, 26])
(107556, [0])
(107557, [0])
(107558, [0])
(107559, [0])
(107560, [0])
(107561, [0])
(107562, [0])
(107563, [0, 41, 40])
(107564, [0])
(107565, [0])
(107566, [0])
(107567, [0])
(107568, [0, 12])
(107569, [0])
(107570, [0])
(107571, [0])
(107572, [0, 1, 4])
(107573, [0])
(107574, [0])
(107575, [0])
(107576, [0])
(107577, [0])
(107578, [0])
(107579, [0])
(107580, [0])
(107581, [0])
(107582, [0])
(107583, [0])
(107584, [0])
(107585, [0])
(107586, [0])
(107587, [0])
(107588, [0, 28, 1])
(107589, [0])
(107590, [0])
(107591, [0, 1, 3])
(107592, [0])
(107593, [0])
(107594, [0])
(107595, [0])
(107596, [0])
(107597, [0])
(107598, [0])
(107599, [0, 31, 23, 3])
(107600, [0])
(107601, [0])
(107602, [0])
(107603, [0])
(107604, [0])
(107605, [0])
(107606, [0, 2])
(107607, [0])
(107608, [0])
(107609, [0])
(107610, [11, 1, 21, 23, 3])
(107611, [11, 2, 14])
(107612, [11])
(107613, [11, 1, 15, 12, 2])
(107614, [11, 7, 19, 31, 15])
(107615, [11])
(107616, [11, 6, 19, 43, 12, 2])
(107617, [11])
(107618, [11])
(107619, [11, 43, 41, 15])
(107620, [11, 1, 44, 43, 41, 4, 3, 2])
(107621, [11, 21, 44, 2, 22])
(107622, [11, 31])
(107623, [11, 1, 26, 30, 41, 4, 15, 3, 40, 14])
(107624, [11])
(107625, [11, 1, 21, 38, 39, 3, 12])
(107626, [11, 1, 19, 3, 22])
(107627, [11, 12, 2])
(107628, [11, 43])
(107629, [11, 44, 23, 15, 3, 22])
(107630, [11, 3])
(107631, [11])
(107632, [7, 42, 6, 1, 19, 26, 8, 21, 37, 23, 4, 3, 5])
(107633, [7])
(107634, [7])
(107635, [7, 43, 41, 23])
(107636, [7])
(107637, [7])
(107638, [7, 21, 22])
(107639, [7])
(107640, [7, 28, 21])
(107641, [7])
(107642, [7])
(107643, [7])
(107644, [7])
(107645, [7])
(107646, [7])
(107647, [7])
(107648, [7, 6, 30, 40, 2, 13])
(107649, [7, 6, 26, 43, 30])
(107650, [7])
(107651, [7])
(107652, [7, 42, 44, 12])
(107653, [7])
(107654, [7, 26, 43])
(107655, [29])
(107656, [29])
(107657, [29])
(107658, [16])
(107659, [16, 1, 3])
(107660, [16])
(107661, [16, 1, 3])
(107662, [16])
(107663, [16])
(107664, [16, 1, 2])
(107665, [16])
(107666, [16])
(107667, [16, 6])
(107668, [16])
(107669, [16])
(107670, [16])
(107671, [16])
(107672, [16])
(107673, [16])
(107674, [42])
(107675, [42])
(107676, [42, 12, 2])
(107677, [42, 6, 1, 19, 43, 31, 15, 3, 2, 22])
(107678, [6, 8, 2])
(107679, [6, 2])
(107680, [6])
(107681, [6])
(107682, [6, 43, 37, 41, 23])
(107683, [6, 31, 4])
(107684, [6])
(107685, [6])
(107686, [6, 15, 2, 14])
(107687, [6, 26, 30, 4, 15, 3, 12])
(107688, [6])
(107689, [6])
(107690, [6, 28, 19])
(107691, [6])
(107692, [6, 40])
(107693, [6, 31])
(107694, [6])
(107695, [28])
(107696, [28])
(107697, [28])
(107698, [28])
(107699, [17])
(107700, [17, 1, 3])
(107701, [17])
(107702, [17])
(107703, [17, 40])
(107704, [17])
(107705, [17])
(107706, [17])
(107707, [17, 19, 43, 24, 22])
(107708, [17])
(107709, [17])
(107710, [17])
(107711, [17])
(107712, [17])
(107713, [17])
(107714, [17, 1, 19, 3])
(107715, [1, 41])
(107716, [1])
(107717, [1])
(107718, [1])
(107719, [1])
(107720, [1, 41])
(107721, [1, 19, 3])
(107722, [1])
(107723, [1, 21, 23, 3, 12])
(107724, [1, 21])
(107725, [1, 43, 41])
(107726, [1, 12])
(107727, [1])
(107728, [1])
(107729, [1, 30, 3])
(107730, [1, 43, 4, 3, 22])
(107731, [1])
(107732, [1, 3])
(107733, [1, 12])
(107734, [1])
(107735, [1])
(107736, [1])
(107737, [1])
(107738, [1])
(107739, [1, 19, 3])
(107740, [1, 41])
(107741, [1, 19, 21, 23])
(107742, [1, 15, 3])
(107743, [1])
(107744, [1])
(107745, [10])
(107746, [10])
(107747, [10])
(107748, [10])
(107749, [10])
(107750, [10])
(107751, [10])
(107752, [19, 21])
(107753, [19, 21, 15, 40])
(107754, [19])
(107755, [19, 21, 22])
(107756, [19])
(107757, [19])
(107758, [19])
(107759, [19])
(107760, [19])
(107761, [19])
(107762, [19])
(107763, [19, 2])
(107764, [19, 12])
(107765, [19])
(107766, [19])
(107767, [19])
(107768, [19])
(107769, [19, 44, 3])
(107770, [19])
(107771, [19])
(107772, [19])
(107773, [19, 2])
(107774, [19])
(107775, [19, 12])
(107776, [19, 12])
(107777, [19])
(107778, [19])
(107779, [19, 30, 41])
(107780, [19])
(107781, [19])
(107782, [19])
(107783, [26, 43, 31, 2, 14, 22])
(107784, [26])
(107785, [26])
(107786, [26])
(107787, [26])
(107788, [26, 44, 43, 12, 2])
(107789, [26])
(107790, [26])
(107791, [26])
(107792, [26])
(107793, [26])
(107794, [26, 2])
(107795, [26, 3])
(107796, [26])
(107797, [26, 12])
(107798, [26])
(107799, [26])
(107800, [26])
(107801, [26, 14])
(107802, [26])
(107803, [26])
(107804, [26, 3])
(107805, [26])
(107806, [26, 21])
(107807, [26, 13])
(107808, [26, 12])
(107809, [8])
(107810, [8])
(107811, [8])
(107812, [8])
(107813, [8])
(107814, [8])
(107815, [8])
(107816, [8])
(107817, [8])
(107818, [8, 2])
(107819, [8, 21])
(107820, [8])
(107821, [8])
(107822, [8])
(107823, [8, 12])
(107824, [8, 23])
(107825, [21, 3])
(107826, [21])
(107827, [21])
(107828, [21])
(107829, [21])
(107830, [21])
(107831, [21])
(107832, [21])
(107833, [21])
(107834, [21])
(107835, [21, 22])
(107836, [21])
(107837, [21])
(107838, [21])
(107839, [21])
(107840, [21])
(107841, [21])
(107842, [21])
(107843, [21, 3])
(107844, [21])
(107845, [21])
(107846, [21, 15])
(107847, [21])
(107848, [21])
(107849, [21])
(107850, [21, 24, 12])
(107851, [21])
(107852, [21, 24, 2])
(107853, [21])
(107854, [21])
(107855, [21])
(107856, [21])
(107857, [21])
(107858, [21])
(107859, [21])
(107860, [21, 3])
(107861, [21])
(107862, [21])
(107863, [21])
(107864, [21])
(107865, [21])
(107866, [21, 3, 12])
(107867, [21])
(107868, [44, 31, 41])
(107869, [44])
(107870, [44])
(107871, [44])
(107872, [44])
(107873, [44])
(107874, [44, 2])
(107875, [44, 14])
(107876, [44])
(107877, [44])
(107878, [44])
(107879, [44])
(107880, [44, 14])
(107881, [43, 41])
(107882, [43])
(107883, [43])
(107884, [43])
(107885, [43])
(107886, [43, 39, 24])
(107887, [43])
(107888, [43])
(107889, [43])
(107890, [43, 30])
(107891, [43])
(107892, [43])
(107893, [43, 31, 13])
(107894, [43])
(107895, [43])
(107896, [43])
(107897, [43])
(107898, [43])
(107899, [43])
(107900, [43])
(107901, [43])
(107902, [43])
(107903, [43, 12])
(107904, [43, 23])
(107905, [43, 23, 15, 12])
(107906, [43])
(107907, [38])
(107908, [38, 12])
(107909, [36])
(107910, [36])
(107911, [36, 40, 2, 14])
(107912, [36])
(107913, [36, 2, 14])
(107914, [36])
(107915, [36])
(107916, [36])
(107917, [36])
(107918, [36])
(107919, [36])
(107920, [36])
(107921, [36])
(107922, [36])
(107923, [36])
(107924, [36])
(107925, [36, 3])
(107926, [36])
(107927, [36])
(107928, [36])
(107929, [36])
(107930, [36])
(107931, [36])
(107932, [36])
(107933, [36, 14])
(107934, [36])
(107935, [36])
(107936, [36])
(107937, [36])
(107938, [36])
(107939, [36])
(107940, [36])
(107941, [36])
(107942, [36])
(107943, [36])
(107944, [36])
(107945, [36])
(107946, [36])
(107947, [31, 2])
(107948, [31, 3, 2, 14])
(107949, [31, 24, 4, 14])
(107950, [31, 3])
(107951, [31, 24])
(107952, [31])
(107953, [31, 23, 12])
(107954, [31])
(107955, [31])
(107956, [30])
(107957, [30])
(107958, [30])
(107959, [30])
(107960, [30])
(107961, [30])
(107962, [30, 2])
(107963, [30])
(107964, [30])
(107965, [37])
(107966, [37])
(107967, [39])
(107968, [39])
(107969, [39])
(107970, [39, 2])
(107971, [39])
(107972, [39])
(107973, [41])
(107974, [41])
(107975, [41])
(107976, [41])
(107977, [41])
(107978, [41])
(107979, [41])
(107980, [41, 13])
(107981, [41])
(107982, [41])
(107983, [41])
(107984, [41])
(107985, [41])
(107986, [41])
(107987, [41])
(107988, [24])
(107989, [24, 23, 15])
(107990, [24])
(107991, [24])
(107992, [24])
(107993, [23])
(107994, [23])
(107995, [23])
(107996, [23])
(107997, [23, 15])
(107998, [23])
(107999, [23])
(108000, [23])
(108001, [23])
(108002, [23])
(108003, [23])
(108004, [23])
(108005, [23])
(108006, [23])
(108007, [23])
(108008, [23])
(108009, [23])
(108010, [23])
(108011, [23, 2])
(108012, [23])
(108013, [23])
(108014, [23])
(108015, [23])
(108016, [23])
(108017, [23])
(108018, [23])
(108019, [23])
(108020, [23])
(108021, [23])
(108022, [23])
(108023, [23])
(108024, [23])
(108025, [23])
(108026, [23])
(108027, [23])
(108028, [23])
(108029, [23])
(108030, [23, 2])
(108031, [23])
(108032, [23])
(108033, [23])
(108034, [23])
(108035, [23])
(108036, [23])
(108037, [23])
(108038, [23])
(108039, [23])
(108040, [23])
(108041, [23])
(108042, [23])
(108043, [23])
(108044, [23])
(108045, [23])
(108046, [23])
(108047, [23])
(108048, [23])
(108049, [4])
(108050, [4])
(108051, [4])
(108052, [4, 40])
(108053, [4])
(108054, [4, 15])
(108055, [4])
(108056, [4])
(108057, [4])
(108058, [15])
(108059, [15])
(108060, [15, 2])
(108061, [15])
(108062, [15])
(108063, [15])
(108064, [15])
(108065, [15])
(108066, [15])
(108067, [15])
(108068, [15])
(108069, [15])
(108070, [15])
(108071, [15, 22])
(108072, [15, 3])
(108073, [15])
(108074, [15])
(108075, [3])
(108076, [3])
(108077, [3])
(108078, [3])
(108079, [3])
(108080, [3])
(108081, [3])
(108082, [3])
(108083, [3])
(108084, [3])
(108085, [3])
(108086, [3])
(108087, [3])
(108088, [3])
(108089, [3])
(108090, [3])
(108091, [3])
(108092, [3])
(108093, [3])
(108094, [3])
(108095, [3])
(108096, [3])
(108097, [3])
(108098, [3])
(108099, [3])
(108100, [3])
(108101, [3])
(108102, [3])
(108103, [3])
(108104, [3])
(108105, [3])
(108106, [3])
(108107, [3])
(108108, [3, 12])
(108109, [3])
(108110, [3])
(108111, [3])
(108112, [3])
(108113, [12])
(108114, [12])
(108115, [12])
(108116, [12])
(108117, [12])
(108118, [12])
(108119, [12])
(108120, [12])
(108121, [12])
(108122, [12])
(108123, [12])
(108124, [12])
(108125, [12])
(108126, [12])
(108127, [12])
(108128, [12, 2])
(108129, [12])
(108130, [12])
(108131, [12])
(108132, [12])
(108133, [12])
(108134, [12])
(108135, [12])
(108136, [12])
(108137, [12])
(108138, [12])
(108139, [12])
(108140, [12])
(108141, [12])
(108142, [12])
(108143, [12])
(108144, [12])
(108145, [12])
(108146, [12])
(108147, [12])
(108148, [12])
(108149, [12])
(108150, [12])
(108151, [12])
(108152, [12])
(108153, [12])
(108154, [12])
(108155, [12])
(108156, [12])
(108157, [12])
(108158, [12])
(108159, [12])
(108160, [12])
(108161, [12])
(108162, [12])
(108163, [12])
(108164, [12])
(108165, [12])
(108166, [12])
(108167, [12])
(108168, [12])
(108169, [12])
(108170, [12])
(108171, [12])
(108172, [12])
(108173, [12])
(108174, [12])
(108175, [12])
(108176, [12])
(108177, [12])
(108178, [12])
(108179, [12])
(108180, [12])
(108181, [12])
(108182, [40])
(108183, [40])
(108184, [40, 2])
(108185, [40])
(108186, [40])
(108187, [40, 14])
(108188, [40])
(108189, [2])
(108190, [2])
(108191, [2])
(108192, [2])
(108193, [2])
(108194, [2])
(108195, [2])
(108196, [2, 14])
(108197, [2])
(108198, [2])
(108199, [2])
(108200, [2])
(108201, [2])
(108202, [2])
(108203, [2])
(108204, [2])
(108205, [2])
(108206, [2])
(108207, [2])
(108208, [2])
(108209, [2])
(108210, [2])
(108211, [2])
(108212, [2])
(108213, [2])
(108214, [2])
(108215, [2])
(108216, [2])
(108217, [2])
(108218, [2])
(108219, [2])
(108220, [2])
(108221, [2])
(108222, [2])
(108223, [2])
(108224, [2])
(108225, [2])
(108226, [2])
(108227, [2])
(108228, [2])
(108229, [2])
(108230, [2, 13])
(108231, [2])
(108232, [2])
(108233, [2])
(108234, [2])
(108235, [2])
(108236, [2])
(108237, [2])
(108238, [2])
(108239, [2])
(108240, [2])
(108241, [2])
(108242, [2])
(108243, [2])
(108244, [13])
(108245, [13])
(108246, [13])
(108247, [5])
(108248, [5])
(108249, [5])
(108250, [5])
(108251, [5])
(108252, [5])
(108253, [14])
(108254, [14])
(108255, [14])
(108256, [14])
(108257, [14])
(108258, [14])
(108259, [14])
(108260, [14])
(108261, [14])
(108262, [14])
(108263, [14])
(108264, [14])
(108265, [14])
(108266, [14])
(108267, [14])
(108268, [14])
(108269, [14])
(108270, [14])
(108271, [22])
(108272, [22])
(108273, [22])
(108274, [22])
(108275, [22])
