(92012, [2, 8, 12, 17, 18, 22, 23, 32, 39])
(92013, [0, 1, 2, 3, 4, 5, 6, 7, 8, 9, 10, 11, 12, 13, 14, 15, 16, 17, 18, 19, 20, 21, 22, 23, 24, 25, 26, 27, 28, 29, 30, 31, 32, 33, 34, 35, 36, 37, 38, 39, 40, 41, 42, 43, 44])
(92014, [0, 1, 2, 3, 4, 5, 6, 7, 8, 9, 10, 11, 12, 13, 14, 15, 16, 17, 18, 19, 20, 21, 22, 23, 24, 25, 26, 27, 28, 29, 30, 31, 32, 33, 34, 35, 36, 37, 38, 39, 40, 41, 42, 43, 44])
(92015, [0, 1, 2, 3, 4, 5, 6, 7, 8, 9, 10, 11, 12, 13, 14, 15, 16, 17, 18, 19, 20, 21, 22, 23, 24, 25, 26, 27, 28, 29, 30, 31, 32, 33, 34, 35, 36, 37, 38, 39, 40, 41, 42, 43, 44])
(92016, [0, 1, 2, 3, 4, 5, 6, 7, 8, 9, 10, 11, 12, 13, 14, 15, 16, 17, 18, 19, 20, 21, 22, 23, 24, 25, 26, 27, 28, 29, 30, 31, 32, 33, 34, 35, 36, 37, 38, 39, 40, 41, 42, 43, 44])
(92017, [0, 1, 2, 3, 4, 5, 6, 7, 8, 9, 10, 11, 12, 13, 14, 15, 16, 17, 18, 19, 20, 21, 22, 23, 24, 25, 26, 27, 28, 29, 30, 31, 32, 33, 34, 35, 36, 37, 39, 41, 42, 43, 44])
(92018, [0, 1, 2, 3, 4, 5, 6, 7, 8, 9, 10, 11, 12, 13, 14, 15, 16, 17, 18, 19, 20, 21, 22, 23, 24, 25, 26, 27, 28, 29, 30, 31, 32, 33, 34, 35, 36, 37, 38, 39, 40, 41, 42, 43, 44])
(92019, [0, 1, 2, 3, 4, 5, 6, 7, 8, 9, 10, 11, 12, 13, 14, 15, 16, 17, 18, 19, 20, 21, 22, 23, 24, 25, 26, 27, 28, 29, 30, 31, 32, 33, 34, 35, 36, 37, 38, 39, 40, 41, 42, 43, 44])
(92020, [0, 1, 2, 3, 4, 5, 6, 7, 8, 9, 10, 11, 12, 13, 14, 15, 16, 17, 18, 19, 20, 21, 22, 23, 24, 25, 26, 27, 28, 29, 30, 31, 32, 33, 34, 35, 36, 37, 38, 39, 40, 41, 42, 43, 44])
(92021, [0, 1, 2, 3, 4, 6, 8, 9, 11, 12, 13, 15, 16, 17, 18, 19, 21, 22, 23, 24, 26, 29, 30, 31, 32, 33, 34, 35, 36, 41, 43])
(92022, [8, 30, 31, 32, 33])
(92023, [0, 1, 2, 3, 4, 5, 6, 7, 8, 9, 10, 11, 12, 13, 14, 15, 16, 17, 18, 19, 20, 21, 22, 23, 24, 25, 26, 27, 28, 29, 30, 31, 32, 33, 34, 35, 36, 37, 38, 39, 40, 41, 42, 43, 44])
(92024, [0, 1, 2, 3, 4, 5, 6, 7, 8, 9, 10, 11, 12, 13, 14, 15, 16, 17, 18, 19, 20, 21, 22, 23, 24, 25, 26, 27, 28, 29, 30, 31, 32, 33, 34, 35, 36, 37, 38, 39, 40, 41, 42, 43, 44])
(92025, [1, 2, 3, 4, 5, 6, 8, 12, 14, 15, 18, 19, 20, 21, 22, 23, 24, 26, 27, 28, 30, 31, 32, 33, 34, 35, 36, 40, 41, 43, 44])
(92026, [0, 1, 2, 3, 4, 5, 6, 7, 8, 9, 10, 11, 12, 13, 14, 15, 16, 17, 18, 19, 20, 21, 22, 23, 24, 26, 27, 28, 30, 31, 32, 33, 34, 35, 36, 37, 39, 40, 41, 42, 43, 44])
(92027, [0, 1, 2, 3, 4, 5, 6, 7, 8, 9, 10, 11, 12, 13, 14, 15, 16, 17, 18, 19, 20, 21, 22, 23, 24, 25, 26, 27, 28, 29, 30, 31, 32, 33, 34, 35, 36, 37, 38, 39, 40, 41, 42, 43, 44])
(92028, [0, 1, 2, 3, 4, 5, 6, 8, 9, 10, 11, 12, 13, 15, 16, 17, 18, 19, 20, 21, 22, 23, 24, 29, 30, 31, 32, 33, 34, 35, 36, 37, 38, 43, 44])
(92029, [0, 1, 2, 3, 4, 5, 6, 7, 8, 9, 11, 12, 13, 15, 16, 17, 18, 19, 20, 21, 22, 23, 24, 26, 28, 29, 30, 31, 32, 33, 34, 35, 36, 37, 38, 39, 40, 41, 42, 43, 44])
(92030, [1, 2, 3, 4, 7, 11, 12, 13, 14, 15, 17, 18, 19, 20, 23, 31, 32, 37, 39, 40, 43])
(92031, [0, 4, 6, 7, 15, 18, 32])
(92032, [1, 2, 3, 4, 6, 7, 9, 11, 13, 14, 15, 16, 17, 19, 20, 23, 24, 26, 32, 33, 41, 42, 43, 44])
(92033, [0, 2, 20, 32, 43])
(92034, [0, 1, 2, 3, 4, 5, 6, 7, 8, 9, 11, 12, 13, 14, 15, 16, 17, 18, 19, 21, 22, 23, 24, 25, 26, 27, 28, 30, 31, 32, 33, 34, 35, 36, 38, 39, 40, 41, 42, 43, 44])
(92035, [0, 1, 2, 3, 4, 6, 8, 9, 10, 11, 12, 13, 14, 16, 18, 19, 20, 26, 30, 32, 33, 34, 35, 40, 41, 43])
(92036, [1, 2, 3, 4, 5, 6, 7, 9, 10, 11, 12, 13, 14, 15, 16, 17, 18, 19, 20, 21, 24, 26, 28, 30, 31, 32, 33, 34, 35, 36, 37, 39, 40, 41, 42, 43])
(92037, [2, 4, 9, 14, 15, 23, 24, 31, 32, 36])
(92038, [0, 1, 2, 3, 4, 6, 7, 9, 10, 11, 12, 13, 14, 15, 16, 17, 18, 19, 20, 21, 22, 23, 24, 26, 27, 29, 30, 31, 32, 33, 34, 37, 40, 41, 42, 44])
(92039, [0, 1, 2, 3, 9, 13, 15, 16, 17, 18, 19, 21, 22, 23, 30, 31, 32, 33, 34, 40, 41, 43, 44])
(92040, [32, 33])
(92041, [0, 1, 2, 3, 4, 5, 6, 7, 9, 11, 12, 13, 14, 15, 16, 17, 19, 21, 22, 23, 24, 26, 27, 30, 31, 32, 33, 34, 37, 41, 44])
(92042, [0, 1, 2, 3, 6, 7, 9, 10, 11, 12, 13, 14, 15, 16, 17, 18, 19, 26, 30, 31, 32, 33, 34, 40, 41, 42, 43, 44])
(92043, [0, 1, 2, 3, 4, 5, 6, 7, 8, 9, 10, 11, 12, 13, 14, 15, 16, 17, 18, 19, 20, 21, 22, 23, 24, 26, 27, 28, 29, 30, 31, 32, 33, 34, 35, 37, 38, 39, 40, 41, 42, 43, 44])
(92044, [0, 1, 2, 3, 4, 6, 9, 11, 12, 13, 14, 15, 16, 17, 18, 19, 20, 23, 24, 26, 30, 31, 32, 33, 34, 40, 41, 43, 44])
(92045, [1, 2, 3, 7, 9, 11, 12, 13, 15, 17, 18, 19, 24, 26, 30, 31, 32, 34, 41])
(92046, [1, 2, 3, 4, 8, 9, 11, 12, 13, 15, 16, 17, 18, 19, 23, 26, 27, 31, 32, 35, 37, 43])
(92047, [0, 1, 2, 3, 4, 6, 7, 9, 10, 11, 12, 13, 15, 16, 18, 19, 20, 22, 26, 30, 31, 32, 33, 34, 40, 41, 42, 43, 44])
(92048, [0, 1, 3, 6, 15, 16, 19, 21, 23, 30, 32, 43])
(92049, [0, 2, 4, 11, 14, 30, 32, 33, 41])
(92050, [1, 2, 3, 7, 9, 11, 13, 14, 15, 17, 18, 19, 24, 26, 30, 31, 32, 33, 34, 37, 40, 41, 44])
(92051, [6, 9, 10, 12, 14, 15, 18, 19, 26, 31, 32, 33, 34, 36, 41, 43, 44])
(92052, [2, 5, 6, 8, 9, 11, 12, 15, 18, 21, 23, 26, 30, 32, 33, 35, 40, 41, 43])
(92053, [1, 2, 8, 11, 12, 15, 16, 20, 23, 27, 32, 34])
(92054, [0, 1, 2, 3, 4, 6, 7, 8, 9, 11, 12, 13, 14, 15, 16, 17, 18, 19, 23, 24, 26, 27, 30, 31, 32, 33, 34, 35, 40, 41, 42, 43, 44])
(92055, [0, 1, 2, 3, 4, 6, 7, 8, 9, 11, 12, 13, 14, 15, 16, 17, 18, 19, 21, 23, 25, 26, 27, 28, 30, 31, 32, 33, 37, 39, 40, 42, 43, 44])
(92056, [4, 9, 14, 24, 27, 30, 32, 40, 41])
(92057, [1, 2, 3, 4, 7, 12, 13, 14, 15, 18, 19, 20, 21, 22, 23, 24, 26, 30, 31, 32, 33, 34, 39, 42, 43, 44])
(92058, [1, 2, 3, 6, 7, 9, 11, 12, 13, 14, 15, 16, 17, 18, 19, 21, 26, 30, 32, 33, 40, 41, 44])
(92059, [0, 1, 2, 3, 4, 6, 7, 8, 9, 11, 12, 13, 14, 15, 16, 17, 18, 19, 21, 22, 23, 24, 26, 27, 30, 31, 32, 33, 35, 36, 37, 40, 41, 42, 43, 44])
(92060, [2, 3, 6, 9, 15, 24, 26, 30, 31, 32, 34, 36, 43, 44])
(92061, [0, 1, 2, 3, 4, 6, 9, 11, 12, 13, 21, 22, 26, 30, 31, 32, 33, 41, 42, 43, 44])
(92062, [0, 1, 2, 3, 5, 6, 8, 9, 11, 13, 14, 15, 18, 19, 20, 22, 23, 24, 26, 31, 32, 33, 34, 35, 42, 44])
(92063, [1, 3, 4, 6, 15, 16, 17, 18, 19, 21, 23, 26, 30, 32, 33, 40, 41, 43])
(92064, [1, 3, 7, 8, 9, 12, 15, 17, 19, 20, 21, 22, 23, 24, 26, 29, 31, 32, 33, 34, 35, 36, 38, 41, 44])
(92065, [0, 2, 4, 6, 9, 14, 15, 17, 19, 23, 24, 30, 32, 34, 39, 41, 42, 43])
(92066, [1, 2, 3, 4, 6, 7, 8, 9, 10, 12, 13, 14, 15, 16, 17, 18, 19, 20, 21, 23, 24, 25, 26, 27, 28, 29, 30, 31, 32, 33, 34, 35, 39, 40, 41, 42, 43])
(92067, [3, 6, 9, 23, 31, 32])
(92068, [1, 2, 3, 4, 5, 6, 8, 9, 11, 12, 15, 16, 18, 19, 20, 21, 23, 24, 26, 27, 28, 30, 31, 32, 33, 34, 35, 36, 37, 39, 41, 42, 43])
(92069, [1, 3, 4, 11, 12, 15, 19, 21, 22, 30, 31, 32, 43, 44])
(92070, [2, 4, 14, 17, 18, 26, 30, 32, 40, 41, 43])
(92071, [2, 3, 4, 6, 14, 18, 19, 26, 30, 31, 32, 33, 34, 35, 41])
(92072, [0, 1, 3, 11, 15, 20, 24, 31, 32, 34, 41, 44])
(92073, [0, 1, 2, 3, 4, 5, 6, 7, 8, 9, 11, 12, 13, 14, 15, 16, 17, 18, 19, 20, 21, 22, 23, 24, 26, 27, 28, 30, 31, 32, 35, 36, 37, 38, 39, 40, 41, 42, 43, 44])
(92074, [0, 3, 9, 15, 32, 34, 41])
(92075, [4, 15, 32])
(92076, [0, 1, 3, 4, 9, 10, 11, 17, 20, 21, 23, 24, 30, 32, 35, 38, 41, 43, 44])
(92077, [4, 8, 12, 16, 18, 23, 32, 35])
(92078, [3, 32, 44])
(92079, [4, 6, 14, 23, 31, 32])
(92080, [1, 4, 8, 9, 10, 12, 13, 15, 20, 24, 26, 30, 31, 32, 41, 43, 44])
(92081, [0, 1, 2, 5, 8, 9, 11, 12, 13, 14, 15, 16, 19, 20, 23, 24, 27, 28, 30, 31, 32, 33, 34, 35, 40, 41, 43, 44])
(92082, [1, 3, 9, 13, 14, 19, 32, 34, 41, 43])
(92083, [1, 2, 3, 6, 15, 17, 18, 19, 20, 24, 31, 32, 33, 36, 41, 43])
(92084, [0, 2, 3, 4, 6, 9, 11, 12, 15, 17, 18, 19, 23, 26, 27, 30, 31, 32, 33, 34, 36, 41, 43, 44])
(92085, [3, 32, 43])
(92086, [15, 17, 18, 24, 30, 31, 32, 41])
(92087, [0, 2, 4, 6, 8, 17, 18, 19, 26, 27, 32, 33])
(92088, [1, 2, 3, 9, 11, 15, 16, 17, 21, 23, 24, 26, 31, 32, 35, 39, 44])
(92089, [32])
(92090, [32])
(92091, [32])
(92092, [0, 3, 11, 12, 15, 22, 26, 32, 42])
(92093, [4, 14, 18, 19, 30, 32, 33])
(92094, [0, 1, 2, 4, 7, 9, 10, 11, 12, 14, 15, 20, 21, 22, 23, 24, 32, 34, 36, 40, 41, 44])
(92095, [2, 3, 7, 8, 12, 18, 32, 33, 34, 37])
(92096, [2, 6, 9, 12, 13, 15, 16, 17, 19, 26, 31, 32, 33, 34, 40, 41, 44])
(92097, [1, 3, 8, 9, 12, 16, 18, 19, 21, 22, 23, 30, 31, 32, 33, 34, 38, 43, 44])
(92098, [15, 19, 24, 26, 31, 32, 33, 34, 44])
(92099, [0, 1, 2, 3, 4, 5, 6, 7, 9, 11, 17, 19, 21, 25, 32, 33, 40, 41, 43, 44])
(92100, [1, 2, 3, 6, 7, 11, 13, 15, 19, 22, 26, 30, 31, 32, 33, 34, 36, 39, 41, 43, 44])
(92101, [0, 1, 32, 36, 42])
(92102, [1, 3, 15, 18, 19, 32, 43, 44])
(92103, [0, 1, 2, 7, 8, 9, 11, 12, 13, 17, 19, 20, 21, 22, 26, 31, 32, 33, 36, 41, 43, 44])
(92104, [0, 2, 3, 4, 10, 11, 12, 13, 15, 17, 18, 26, 32, 35, 41, 44])
(92105, [0, 1, 2, 3, 4, 5, 6, 7, 9, 11, 12, 13, 14, 15, 16, 17, 18, 19, 20, 21, 22, 23, 24, 26, 30, 31, 32, 34, 41, 42, 44])
(92106, [3, 5, 9, 11, 16, 18, 19, 32, 33, 40, 41])
(92107, [1, 8, 11, 12, 15, 19, 21, 22, 24, 30, 32, 33, 41, 42, 43])
(92108, [3, 6, 9, 23, 27, 32, 34, 35, 43])
(92109, [0, 1, 2, 3, 6, 12, 13, 15, 18, 19, 26, 32, 40, 41])
(92110, [1, 2, 6, 17, 26, 28, 32, 41, 42, 43])
(92111, [31, 32, 33, 34])
(92112, [0, 1, 2, 3, 4, 6, 7, 8, 9, 11, 12, 13, 14, 15, 16, 17, 18, 19, 20, 21, 22, 23, 24, 25, 26, 27, 31, 32, 33, 34, 35, 36, 37, 38, 39, 40, 41, 42, 43, 44])
(92113, [32])
(92114, [0, 32])
(92115, [2, 3, 7, 11, 15, 16, 17, 19, 22, 26, 27, 30, 31, 32, 33, 34, 40, 42, 44])
(92116, [9, 32, 41])
(92117, [0, 3, 7, 11, 18, 19, 23, 32, 37, 43])
(92118, [0, 1, 6, 7, 9, 14, 15, 17, 23, 24, 30, 31, 32, 33, 35, 38, 41])
(92119, [2, 4, 6, 15, 18, 24, 32, 34, 41, 44])
(92120, [0, 1, 2, 3, 4, 7, 10, 11, 12, 15, 16, 17, 18, 19, 23, 24, 26, 27, 31, 32, 38, 39, 41, 42, 43, 44])
(92121, [2, 14, 15, 18, 23, 32, 40, 43, 44])
(92122, [32])
(92123, [0, 1, 2, 3, 4, 5, 6, 7, 9, 11, 12, 13, 14, 15, 16, 17, 19, 20, 21, 22, 24, 26, 29, 30, 31, 32, 33, 34, 36, 38, 42, 43, 44])
(92124, [0, 1, 2, 3, 11, 18, 22, 28, 31, 32, 43])
(92125, [0, 4, 14, 31, 32])
(92126, [1, 3, 22, 31, 32, 40, 41])
(92127, [0, 1, 2, 3, 4, 5, 6, 7, 8, 9, 10, 11, 12, 13, 14, 16, 18, 19, 20, 21, 22, 23, 24, 25, 26, 27, 28, 29, 30, 31, 33, 34, 35, 36, 37, 38, 39, 40, 41, 42, 43, 44])
(92128, [1, 3, 12, 24, 30, 31, 35])
(92129, [0, 1, 2, 3, 4, 5, 7, 8, 9, 10, 11, 12, 13, 14, 15, 16, 17, 18, 19, 20, 21, 22, 23, 24, 26, 27, 29, 30, 31, 33, 34, 35, 37, 40, 41, 42, 43, 44])
(92130, [0, 1, 3, 8, 9, 11, 12, 19, 20, 21, 23, 35, 42])
(92131, [3, 9, 11, 13, 15, 16, 17, 19, 21, 26, 31, 35, 37, 40, 41, 43, 44])
(92132, [0, 1, 3, 4, 6, 9, 11, 12, 23, 34, 35, 38])
(92133, [0, 2, 3, 6, 10, 12, 15, 16, 18, 19, 20, 21, 24, 26, 31, 33, 35, 42, 43])
(92134, [0, 1, 2, 35, 44])
(92135, [2, 3, 4, 6, 8, 9, 10, 11, 12, 13, 15, 18, 19, 21, 22, 23, 24, 26, 28, 35, 36, 37, 39, 40, 43, 44])
(92136, [2, 9, 12, 14, 16, 26, 35])
(92137, [0, 2, 5, 7, 8, 18, 24, 28, 31, 35, 43, 44])
(92138, [1, 2, 3, 6, 7, 8, 9, 15, 19, 23, 26, 35, 44])
(92139, [35])
(92140, [35])
(92141, [1, 3, 4, 8, 9, 11, 17, 19, 21, 23, 35, 42])
(92142, [35])
(92143, [35])
(92144, [35])
(92145, [4, 16, 21, 35])
(92146, [35])
(92147, [35])
(92148, [0, 1, 2, 3, 4, 6, 7, 8, 9, 11, 12, 13, 15, 16, 17, 18, 19, 21, 22, 23, 24, 26, 27, 29, 30, 31, 33, 34, 35, 38, 40, 41, 42, 43, 44])
(92149, [0, 1, 2, 3, 6, 8, 11, 15, 17, 18, 21, 29, 33, 35, 43])
(92150, [1, 3, 4, 6, 10, 11, 12, 16, 17, 18, 21, 31, 33, 34, 35, 37, 40, 41, 42, 44])
(92151, [35])
(92152, [35])
(92153, [0, 2, 13, 14, 15, 18, 20, 21, 26, 35, 42])
(92154, [0, 1, 2, 3, 8, 18, 20, 23, 35])
(92155, [35])
(92156, [1, 3, 8, 17, 30, 35])
(92157, [35])
(92158, [35])
(92159, [35])
(92160, [18, 23, 35])
(92161, [35])
(92162, [35])
(92163, [0, 1, 2, 3, 4, 5, 7, 11, 12, 13, 14, 15, 16, 17, 20, 24, 26, 27, 35, 36, 37, 41, 42, 43, 44])
(92164, [35])
(92165, [0, 2, 4, 8, 9, 13, 15, 16, 18, 19, 22, 23, 24, 30, 33, 35, 40, 41, 43, 44])
(92166, [1, 2, 3, 8, 9, 18, 21, 24, 31, 33, 34, 35, 36])
(92167, [1, 8, 9, 16, 22, 30, 34])
(92168, [2, 3, 9, 12, 30, 31, 34])
(92169, [34])
(92170, [34])
(92171, [0, 1, 2, 3, 5, 8, 9, 11, 19, 21, 23, 26, 33, 34, 44])
(92172, [0, 1, 2, 6, 7, 9, 11, 12, 14, 17, 20, 25, 26, 31, 33, 34, 36, 41, 43, 44])
(92173, [0, 2, 7, 9, 10, 11, 12, 20, 31, 34, 44])
(92174, [1, 2, 3, 8, 9, 11, 15, 16, 19, 20, 23, 26, 34, 44])
(92175, [34])
(92176, [2, 4, 9, 17, 34, 37])
(92177, [34])
(92178, [18, 34])
(92179, [34])
(92180, [0, 1, 16, 18, 19, 20, 23, 31, 34, 43])
(92181, [34])
(92182, [1, 11, 12, 13, 15, 17, 21, 23, 34, 41, 44])
(92183, [0, 1, 2, 9, 12, 16, 17, 26, 27, 34, 42])
(92184, [0, 1, 2, 3, 9, 12, 19, 34, 43])
(92185, [0, 2, 7, 17, 18, 20, 34, 41])
(92186, [1, 2, 7, 9, 11, 12, 13, 16, 17, 18, 31, 33, 34, 40, 41])
(92187, [10, 12, 26, 33, 34])
(92188, [33, 34])
(92189, [1, 2, 3, 4, 6, 7, 8, 9, 11, 12, 13, 15, 16, 17, 19, 20, 21, 22, 23, 26, 30, 34, 42])
(92190, [1, 3, 11, 30, 34])
(92191, [2, 4, 15, 34])
(92192, [11, 28, 34])
(92193, [34])
(92194, [0, 1, 2, 3, 9, 11, 15, 19, 21, 22, 33, 34, 44])
(92195, [1, 2, 3, 4, 11, 15, 16, 24, 26, 28, 30, 33, 34, 43])
(92196, [1, 3, 18, 22, 24, 30, 31, 34, 39])
(92197, [34])
(92198, [2, 3, 9, 11, 13, 18, 19, 24, 26, 30, 33, 34, 36, 38, 41, 44])
(92199, [0, 2, 15, 30, 34, 43])
(92200, [1, 21, 34, 42])
(92201, [9, 11, 12, 13, 15, 18, 27, 34, 40, 41, 43, 44])
(92202, [19, 31, 33, 34])
(92203, [4, 8, 19, 24, 30, 31, 34, 39])
(92204, [0, 2, 4, 6, 7, 9, 14, 15, 18, 19, 24, 26, 31, 33, 34, 40, 41, 43, 44])
(92205, [0, 10, 34])
(92206, [1, 12, 18, 19, 23, 24, 30, 31, 34, 43])
(92207, [34])
(92208, [4, 9, 20, 34])
(92209, [34])
(92210, [20, 33, 34])
(92211, [2, 4, 30, 31, 34, 43])
(92212, [34])
(92213, [14, 15, 26, 30, 31, 34, 41, 43])
(92214, [0, 1, 2, 3, 5, 6, 7, 8, 9, 10, 11, 12, 16, 20, 22, 23, 31, 34, 42, 43, 44])
(92215, [4, 9, 12, 15, 24, 31, 33, 34])
(92216, [9, 34])
(92217, [34])
(92218, [1, 2, 3, 9, 11, 12, 13, 15, 16, 17, 22, 25, 26, 34])
(92219, [34])
(92220, [1, 2, 3, 4, 9, 11, 12, 14, 15, 16, 17, 18, 19, 20, 24, 27, 30, 31, 33, 34, 39, 43])
(92221, [9, 26, 34])
(92222, [0, 2, 3, 4, 8, 9, 11, 12, 13, 14, 17, 18, 19, 20, 26, 31, 33, 34, 38, 43, 44])
(92223, [0, 12, 15, 16, 24, 34, 41, 44])
(92224, [1, 3, 12, 19, 23, 33, 34])
(92225, [0, 7, 9, 15, 17, 21, 30, 34, 41, 43])
(92226, [0, 2, 12, 16, 34])
(92227, [34])
(92228, [0, 2, 3, 4, 9, 15, 17, 19, 24, 26, 31, 34, 40, 41])
(92229, [1, 3, 18, 19, 21, 30, 34])
(92230, [0, 2, 3, 9, 11, 34, 43])
(92231, [7, 18, 19, 33])
(92232, [1, 3, 9, 19, 27, 33])
(92233, [33])
(92234, [33])
(92235, [33])
(92236, [1, 3, 12, 33])
(92237, [0, 2, 3, 4, 7, 9, 12, 17, 19, 20, 23, 24, 27, 33, 43])
(92238, [33])
(92239, [33, 44])
(92240, [0, 1, 8, 9, 12, 17, 18, 19, 20, 23, 28, 33])
(92241, [33])
(92242, [1, 2, 3, 4, 9, 13, 19, 21, 23, 24, 30, 31, 33, 41])
(92243, [33])
(92244, [2, 4, 6, 10, 11, 15, 17, 18, 22, 23, 26, 30, 33, 39, 44])
(92245, [33])
(92246, [33])
(92247, [3, 7, 31, 33, 39, 44])
(92248, [33])
(92249, [1, 3, 4, 8, 10, 11, 16, 19, 21, 22, 23, 24, 33, 42])
(92250, [1, 2, 3, 13, 31, 33, 40, 41, 44])
(92251, [33])
(92252, [33, 40, 41])
(92253, [3, 4, 33])
(92254, [1, 2, 3, 9, 11, 13, 15, 17, 22, 31, 33, 41, 43, 44])
(92255, [0, 33])
(92256, [0, 1, 3, 7, 9, 12, 17, 19, 20, 33])
(92257, [33])
(92258, [0, 1, 2, 3, 4, 11, 12, 14, 18, 19, 20, 22, 24, 26, 28, 30, 31, 33, 41, 44])
(92259, [33])
(92260, [31, 33])
(92261, [6, 8, 33])
(92262, [0, 1, 2, 3, 6, 11, 12, 15, 16, 18, 19, 20, 21, 26, 31, 33, 38, 40, 42, 43, 44])
(92263, [5, 15, 23, 33])
(92264, [0, 2, 3, 4, 5, 6, 9, 10, 12, 15, 19, 20, 24, 26, 31, 33, 41, 44])
(92265, [3, 9, 12, 16, 18, 19, 21, 22, 24, 26, 31, 33, 42])
(92266, [1, 2, 3, 4, 5, 6, 8, 9, 14, 15, 16, 18, 19, 20, 23, 26, 33, 38, 43, 44])
(92267, [20])
(92268, [20])
(92269, [0, 6, 15, 20, 41])
(92270, [1, 3, 12, 16, 19, 20, 31, 41, 44])
(92271, [20])
(92272, [20])
(92273, [20])
(92274, [5, 12, 16, 20, 27, 31])
(92275, [1, 3, 7, 11, 12, 16, 20, 21])
(92276, [20])
(92277, [3, 4, 9, 15, 18, 20, 24, 26])
(92278, [0, 20])
(92279, [20])
(92280, [0, 1, 2, 3, 4, 7, 8, 11, 12, 14, 15, 16, 18, 19, 20, 23, 26, 31, 39, 40, 42, 44])
(92281, [20])
(92282, [10, 11, 12, 20, 41])
(92283, [3, 4, 14, 19, 20, 24, 26, 44])
(92284, [20])
(92285, [0, 4, 6, 18, 20, 24, 26, 36, 41, 43, 44])
(92286, [1, 3, 11, 12, 20, 31])
(92287, [10, 20])
(92288, [1, 3, 11, 12, 20, 21, 44])
(92289, [20])
(92290, [0, 6, 20])
(92291, [1, 2, 3, 8, 12, 20, 21, 23])
(92292, [0, 19, 20, 26])
(92293, [0, 2, 3, 18, 20])
(92294, [0, 12, 20])
(92295, [0, 1, 9, 11, 18, 19, 20, 24, 40])
(92296, [3, 18, 19, 23, 29, 44])
(92297, [18])
(92298, [18])
(92299, [1, 2, 3, 7, 18, 19, 21, 22, 24])
(92300, [0, 2, 4, 6, 15, 18, 19, 24, 26, 43, 44])
(92301, [12, 18, 26])
(92302, [4, 18, 19])
(92303, [18])
(92304, [1, 3, 4, 5, 8, 9, 12, 14, 18, 19, 21, 22, 23, 24, 29, 40, 43])
(92305, [15, 18])
(92306, [18, 19])
(92307, [18])
(92308, [1, 3, 18])
(92309, [3, 18, 21])
(92310, [12, 18, 23, 26, 30, 31, 37, 40, 43])
(92311, [2, 18])
(92312, [3, 12, 15, 16, 18, 23])
(92313, [18])
(92314, [18])
(92315, [18, 21, 23])
(92316, [1, 6, 7, 9, 10, 11, 15, 16, 18, 24, 26, 27, 40, 41])
(92317, [18])
(92318, [0, 1, 2, 3, 6, 15, 18, 23, 24, 26, 27, 30, 38])
(92319, [0, 1, 18, 30, 38, 42])
(92320, [5, 6, 8, 13, 18, 21, 44])
(92321, [2, 12, 18, 25, 30, 39, 44])
(92322, [1, 2, 3, 4, 7, 11, 12, 16, 18, 41, 42])
(92323, [18])
(92324, [18, 21])
(92325, [18])
(92326, [18, 23])
(92327, [18])
(92328, [0, 17, 18])
(92329, [2, 3, 4, 6, 8, 11, 12, 14, 17, 18, 19, 21, 23, 26, 36, 43, 44])
(92330, [0, 2, 7, 12, 17, 18, 26, 43])
(92331, [18])
(92332, [18])
(92333, [0, 1, 2, 4, 6, 7, 12, 15, 18, 23, 29, 39, 41, 43, 44])
(92334, [18])
(92335, [18])
(92336, [18])
(92337, [12, 15, 18, 23])
(92338, [18])
(92339, [6, 18, 26])
(92340, [18])
(92341, [18])
(92342, [18])
(92343, [18])
(92344, [18])
(92345, [18])
(92346, [18])
(92347, [0, 2, 4, 6, 11, 13, 15, 16, 17, 18, 23, 24, 31, 41, 43])
(92348, [6, 18])
(92349, [18])
(92350, [18])
(92351, [18])
(92352, [0, 18])
(92353, [12, 15, 18, 23, 40])
(92354, [18])
(92355, [18])
(92356, [18])
(92357, [0, 2, 3, 12, 18])
(92358, [0, 11, 12, 18, 23])
(92359, [18, 23])
(92360, [6, 9, 18])
(92361, [18])
(92362, [18])
(92363, [18])
(92364, [18])
(92365, [18])
(92366, [1, 2, 3, 18])
(92367, [2, 6, 9, 18, 41, 43])
(92368, [18])
(92369, [18])
(92370, [18])
(92371, [18])
(92372, [18])
(92373, [18])
(92374, [18])
(92375, [2, 9, 11, 18])
(92376, [18])
(92377, [18])
(92378, [18])
(92379, [18])
(92380, [2, 18, 43])
(92381, [18, 43])
(92382, [18])
(92383, [16, 18])
(92384, [18])
(92385, [3, 4, 12, 18])
(92386, [18, 23])
(92387, [1, 3, 6, 15, 18, 19])
(92388, [1, 2, 3, 15, 18, 23])
(92389, [18, 42])
(92390, [18])
(92391, [18])
(92392, [18])
(92393, [0, 3, 15, 19, 27])
(92394, [27])
(92395, [0, 1, 3, 21, 22, 27, 44])
(92396, [0, 12, 27])
(92397, [27])
(92398, [27])
(92399, [1, 2, 3, 4, 12, 27, 41])
(92400, [27])
(92401, [1, 3, 21, 27, 31])
(92402, [27])
(92403, [9])
(92404, [1, 2, 7, 8, 9, 11, 23, 44])
(92405, [0, 9, 11, 22, 41])
(92406, [9])
(92407, [9])
(92408, [1, 5, 8, 9, 12, 23, 28])
(92409, [3, 9, 11, 23, 30])
(92410, [1, 2, 9, 17, 23, 28, 40])
(92411, [9, 19])
(92412, [0, 1, 3, 9])
(92413, [9])
(92414, [3, 9, 44])
(92415, [1, 9])
(92416, [9])
(92417, [9, 12])
(92418, [2, 6, 9, 17, 26, 44])
(92419, [2, 9])
(92420, [9])
(92421, [9])
(92422, [1, 2, 9])
(92423, [9])
(92424, [2, 3, 6, 9, 11, 13, 15, 26, 31, 36, 43, 44])
(92425, [2, 3, 4, 9, 12, 13, 17, 24, 26, 39])
(92426, [9])
(92427, [2, 9, 15, 26, 31, 43])
(92428, [0, 2, 6, 9, 11, 12, 15, 17, 19, 25, 30, 36, 40, 41])
(92429, [0, 2, 4, 9, 23, 31, 40, 43, 44])
(92430, [2, 9, 41, 43])
(92431, [9, 43, 44])
(92432, [9, 21, 23])
(92433, [1, 3, 9, 12])
(92434, [9])
(92435, [9])
(92436, [9, 11, 23, 41, 43])
(92437, [9])
(92438, [9, 12, 26])
(92439, [9])
(92440, [9, 41])
(92441, [2, 9])
(92442, [9])
(92443, [9])
(92444, [1, 9])
(92445, [9, 21])
(92446, [9])
(92447, [2, 9, 11, 16, 19, 21, 38, 44])
(92448, [9])
(92449, [9])
(92450, [9])
(92451, [9])
(92452, [9])
(92453, [9])
(92454, [9])
(92455, [2, 9, 11, 12, 23, 26, 30])
(92456, [9, 12])
(92457, [9])
(92458, [9])
(92459, [9])
(92460, [9, 12, 22, 44])
(92461, [9])
(92462, [0, 12])
(92463, [0, 3, 26])
(92464, [0])
(92465, [0])
(92466, [0])
(92467, [0])
(92468, [0])
(92469, [0])
(92470, [0, 12])
(92471, [0, 4])
(92472, [0])
(92473, [0])
(92474, [0])
(92475, [0])
(92476, [0])
(92477, [0])
(92478, [0])
(92479, [0])
(92480, [0])
(92481, [0])
(92482, [0])
(92483, [0])
(92484, [0])
(92485, [0])
(92486, [0])
(92487, [0, 12])
(92488, [0])
(92489, [0])
(92490, [0])
(92491, [0])
(92492, [0])
(92493, [0])
(92494, [0])
(92495, [0])
(92496, [0, 1, 2, 3, 4, 12, 19, 21, 24, 26, 36, 43, 44])
(92497, [0])
(92498, [0, 12])
(92499, [0])
(92500, [0])
(92501, [0, 3, 21])
(92502, [0])
(92503, [0, 14])
(92504, [0, 7])
(92505, [0])
(92506, [0, 12])
(92507, [0])
(92508, [0, 12])
(92509, [0])
(92510, [0])
(92511, [0])
(92512, [0, 3])
(92513, [0, 1, 2, 12, 15, 16, 17, 26])
(92514, [0])
(92515, [0])
(92516, [0])
(92517, [0])
(92518, [0])
(92519, [0])
(92520, [0])
(92521, [0])
(92522, [0])
(92523, [0])
(92524, [0])
(92525, [0, 1, 3, 21])
(92526, [0, 1, 2, 3, 6, 17, 21, 22, 31, 42, 44])
(92527, [0])
(92528, [0])
(92529, [0])
(92530, [0, 12])
(92531, [0])
(92532, [0])
(92533, [0])
(92534, [0, 43])
(92535, [0])
(92536, [0])
(92537, [0, 1, 3, 21])
(92538, [0])
(92539, [0, 12, 40])
(92540, [0, 28])
(92541, [0])
(92542, [0])
(92543, [0, 19])
(92544, [0])
(92545, [0])
(92546, [0, 12])
(92547, [0])
(92548, [0])
(92549, [0])
(92550, [0])
(92551, [0])
(92552, [0, 1, 3, 22])
(92553, [0, 21])
(92554, [0])
(92555, [0])
(92556, [0])
(92557, [0])
(92558, [0])
(92559, [0, 3, 11, 31, 40])
(92560, [0])
(92561, [0])
(92562, [0])
(92563, [0])
(92564, [0])
(92565, [0])
(92566, [0])
(92567, [0])
(92568, [0])
(92569, [0, 12])
(92570, [0])
(92571, [0])
(92572, [0])
(92573, [0])
(92574, [0])
(92575, [0, 12])
(92576, [0])
(92577, [0])
(92578, [0])
(92579, [0])
(92580, [0])
(92581, [0])
(92582, [0])
(92583, [0])
(92584, [0])
(92585, [0])
(92586, [0])
(92587, [0, 3, 4, 19])
(92588, [0])
(92589, [0])
(92590, [0])
(92591, [0])
(92592, [0])
(92593, [0])
(92594, [0])
(92595, [0])
(92596, [0])
(92597, [0])
(92598, [0])
(92599, [0])
(92600, [0])
(92601, [0])
(92602, [0])
(92603, [0])
(92604, [0])
(92605, [0])
(92606, [0])
(92607, [0, 43])
(92608, [0])
(92609, [0])
(92610, [0])
(92611, [0])
(92612, [0])
(92613, [0])
(92614, [0])
(92615, [0])
(92616, [0])
(92617, [0])
(92618, [0, 1, 2, 17, 26, 28, 30])
(92619, [0])
(92620, [0])
(92621, [0])
(92622, [0])
(92623, [0])
(92624, [0])
(92625, [0])
(92626, [0])
(92627, [0])
(92628, [0])
(92629, [0, 2, 12])
(92630, [0, 12])
(92631, [0])
(92632, [0])
(92633, [0])
(92634, [0, 12])
(92635, [0])
(92636, [0])
(92637, [0, 1, 3, 12])
(92638, [0])
(92639, [0, 1, 3, 4, 16, 21, 23])
(92640, [0, 21, 30])
(92641, [0])
(92642, [0, 1, 2, 3, 6, 7, 16, 19])
(92643, [0])
(92644, [0])
(92645, [0])
(92646, [0])
(92647, [0])
(92648, [0])
(92649, [0])
(92650, [0])
(92651, [0])
(92652, [0])
(92653, [0, 2, 4])
(92654, [0])
(92655, [0, 12])
(92656, [0])
(92657, [0])
(92658, [0])
(92659, [0])
(92660, [0])
(92661, [0])
(92662, [0])
(92663, [0])
(92664, [0])
(92665, [0])
(92666, [0])
(92667, [0])
(92668, [0])
(92669, [0])
(92670, [0])
(92671, [0, 3])
(92672, [0, 1, 3, 12, 19, 21])
(92673, [0])
(92674, [0])
(92675, [0])
(92676, [0])
(92677, [0])
(92678, [0])
(92679, [0, 2])
(92680, [0])
(92681, [0, 3, 4, 6, 8, 12])
(92682, [0])
(92683, [0])
(92684, [0])
(92685, [0])
(92686, [0])
(92687, [0])
(92688, [0])
(92689, [0])
(92690, [0])
(92691, [0])
(92692, [0])
(92693, [0])
(92694, [0, 10, 23, 43])
(92695, [0])
(92696, [0])
(92697, [0])
(92698, [0])
(92699, [0])
(92700, [0])
(92701, [0])
(92702, [0])
(92703, [0])
(92704, [0])
(92705, [0])
(92706, [0])
(92707, [0])
(92708, [0])
(92709, [0])
(92710, [0])
(92711, [0])
(92712, [0])
(92713, [0])
(92714, [0, 12])
(92715, [0, 12])
(92716, [0])
(92717, [0])
(92718, [0])
(92719, [0])
(92720, [0])
(92721, [0])
(92722, [0])
(92723, [0])
(92724, [0])
(92725, [0])
(92726, [0])
(92727, [0])
(92728, [0])
(92729, [0])
(92730, [0])
(92731, [0])
(92732, [0])
(92733, [0, 12])
(92734, [0])
(92735, [0])
(92736, [0])
(92737, [0])
(92738, [0, 2, 3, 16, 19, 23, 44])
(92739, [1, 11, 23])
(92740, [1, 11])
(92741, [11, 16, 43])
(92742, [1, 3, 11, 15, 23])
(92743, [10, 11, 13])
(92744, [11])
(92745, [11])
(92746, [11])
(92747, [11])
(92748, [11])
(92749, [4, 11, 19])
(92750, [2, 11])
(92751, [6, 11])
(92752, [11])
(92753, [11])
(92754, [11])
(92755, [11])
(92756, [2, 11, 14, 36])
(92757, [11])
(92758, [11])
(92759, [11])
(92760, [11])
(92761, [3, 11])
(92762, [2, 7, 38])
(92763, [1, 3, 7, 37])
(92764, [1, 2, 4, 7, 30, 43])
(92765, [7])
(92766, [7])
(92767, [3, 4, 7, 12, 19, 31, 39])
(92768, [7])
(92769, [7])
(92770, [3, 7, 8, 15])
(92771, [7])
(92772, [1, 3, 7, 22])
(92773, [7])
(92774, [29])
(92775, [6, 17, 21, 29])
(92776, [2, 16, 17, 44])
(92777, [16])
(92778, [2, 16, 17])
(92779, [3, 16, 23])
(92780, [16])
(92781, [1, 2, 12, 16, 17, 19, 43])
(92782, [16])
(92783, [16, 23, 26, 30, 31])
(92784, [16])
(92785, [16, 23])
(92786, [16])
(92787, [16, 23])
(92788, [16])
(92789, [42])
(92790, [42])
(92791, [42])
(92792, [1, 2, 42])
(92793, [6, 15])
(92794, [6])
(92795, [6, 15])
(92796, [6, 36])
(92797, [2, 6])
(92798, [1, 6, 8, 19, 24, 43])
(92799, [1, 3, 6, 8, 15, 19, 23, 28])
(92800, [6, 31])
(92801, [6])
(92802, [2, 6, 41])
(92803, [6])
(92804, [6])
(92805, [6, 12, 23, 26])
(92806, [6, 15])
(92807, [3, 6, 30, 31])
(92808, [6])
(92809, [2, 28])
(92810, [28])
(92811, [28, 36])
(92812, [1, 3, 28])
(92813, [12, 15, 28, 36])
(92814, [28])
(92815, [17, 24, 41])
(92816, [2, 17])
(92817, [17, 26])
(92818, [17])
(92819, [2, 8, 12, 17, 23, 39, 41, 44])
(92820, [1, 3, 17, 24])
(92821, [17])
(92822, [3, 10, 14, 17, 30, 31])
(92823, [17])
(92824, [1, 3, 19, 39, 44])
(92825, [1, 3, 22, 39])
(92826, [1])
(92827, [1, 30])
(92828, [1])
(92829, [1])
(92830, [1, 3])
(92831, [1, 3])
(92832, [1, 2, 19, 44])
(92833, [1, 3, 4])
(92834, [1, 3, 12, 44])
(92835, [1])
(92836, [1])
(92837, [1, 3, 12])
(92838, [1, 2, 3])
(92839, [1, 3, 15])
(92840, [1, 2, 3, 4])
(92841, [1])
(92842, [1])
(92843, [1])
(92844, [1])
(92845, [1])
(92846, [1, 43])
(92847, [1, 44])
(92848, [1])
(92849, [1])
(92850, [1, 3])
(92851, [1])
(92852, [1])
(92853, [1])
(92854, [1])
(92855, [1, 4, 44])
(92856, [1, 22])
(92857, [1])
(92858, [1])
(92859, [1, 8, 31, 40])
(92860, [1])
(92861, [1, 15])
(92862, [1])
(92863, [1, 3, 19])
(92864, [1])
(92865, [1])
(92866, [1, 19, 21])
(92867, [1, 23])
(92868, [1, 3])
(92869, [10])
(92870, [10])
(92871, [10])
(92872, [10])
(92873, [10])
(92874, [10])
(92875, [10])
(92876, [10])
(92877, [4, 10])
(92878, [10])
(92879, [10])
(92880, [10])
(92881, [19])
(92882, [19])
(92883, [8, 19])
(92884, [19])
(92885, [19])
(92886, [19])
(92887, [19])
(92888, [19])
(92889, [19])
(92890, [19])
(92891, [14, 19, 24])
(92892, [2, 3, 12, 19, 22, 26])
(92893, [19])
(92894, [19])
(92895, [2, 19])
(92896, [19])
(92897, [19])
(92898, [3, 19, 21, 30])
(92899, [19])
(92900, [2, 19])
(92901, [2, 19, 26, 43])
(92902, [23, 26, 40])
(92903, [26])
(92904, [26])
(92905, [26])
(92906, [26])
(92907, [26])
(92908, [26])
(92909, [26])
(92910, [12, 14, 26])
(92911, [26])
(92912, [26])
(92913, [26])
(92914, [4, 26])
(92915, [26])
(92916, [26, 43])
(92917, [26])
(92918, [8])
(92919, [8])
(92920, [8])
(92921, [8])
(92922, [8])
(92923, [5, 8])
(92924, [5, 8])
(92925, [8, 21])
(92926, [8])
(92927, [8])
(92928, [8])
(92929, [8])
(92930, [8])
(92931, [8, 23])
(92932, [5, 8, 43])
(92933, [21, 23])
(92934, [21])
(92935, [21])
(92936, [3, 12, 21])
(92937, [21])
(92938, [21])
(92939, [21])
(92940, [3, 21])
(92941, [21])
(92942, [21])
(92943, [21])
(92944, [21])
(92945, [3, 21])
(92946, [12, 21])
(92947, [21])
(92948, [21])
(92949, [21])
(92950, [21])
(92951, [21])
(92952, [21])
(92953, [21])
(92954, [21])
(92955, [21])
(92956, [21])
(92957, [21])
(92958, [21])
(92959, [21])
(92960, [21, 40, 41])
(92961, [21])
(92962, [21])
(92963, [44])
(92964, [44])
(92965, [44])
(92966, [44])
(92967, [44])
(92968, [44])
(92969, [44])
(92970, [44])
(92971, [44])
(92972, [44])
(92973, [44])
(92974, [44])
(92975, [44])
(92976, [44])
(92977, [23, 44])
(92978, [14, 23, 43])
(92979, [43])
(92980, [43])
(92981, [43])
(92982, [43])
(92983, [43])
(92984, [43])
(92985, [3, 12, 23, 43])
(92986, [43])
(92987, [43])
(92988, [43])
(92989, [43])
(92990, [43])
(92991, [43])
(92992, [43])
(92993, [43])
(92994, [43])
(92995, [43])
(92996, [43])
(92997, [38])
(92998, [38])
(92999, [38])
(93000, [36])
(93001, [36])
(93002, [36])
(93003, [36])
(93004, [36])
(93005, [36])
(93006, [36])
(93007, [36])
(93008, [36])
(93009, [36])
(93010, [36])
(93011, [36])
(93012, [36])
(93013, [36])
(93014, [36])
(93015, [36])
(93016, [36])
(93017, [36])
(93018, [36])
(93019, [2, 14, 36])
(93020, [36])
(93021, [36])
(93022, [36])
(93023, [36])
(93024, [36])
(93025, [36])
(93026, [12, 36])
(93027, [36])
(93028, [36])
(93029, [36])
(93030, [36])
(93031, [31])
(93032, [31])
(93033, [31])
(93034, [31])
(93035, [2, 31])
(93036, [31])
(93037, [31])
(93038, [31])
(93039, [15, 30])
(93040, [30])
(93041, [30])
(93042, [30])
(93043, [30])
(93044, [30])
(93045, [37])
(93046, [37])
(93047, [37])
(93048, [37])
(93049, [37])
(93050, [39])
(93051, [39])
(93052, [39])
(93053, [39])
(93054, [39])
(93055, [39])
(93056, [3, 39])
(93057, [39])
(93058, [12, 41])
(93059, [41])
(93060, [41])
(93061, [41])
(93062, [15, 24, 41])
(93063, [41])
(93064, [41])
(93065, [41])
(93066, [41])
(93067, [2, 41])
(93068, [41])
(93069, [41])
(93070, [41])
(93071, [2, 41])
(93072, [41])
(93073, [41])
(93074, [41])
(93075, [2, 41])
(93076, [41])
(93077, [41])
(93078, [41])
(93079, [41])
(93080, [41])
(93081, [41])
(93082, [24])
(93083, [2, 4, 14, 23, 24])
(93084, [24])
(93085, [4, 24])
(93086, [24])
(93087, [24])
(93088, [2, 24])
(93089, [24])
(93090, [24])
(93091, [23, 24])
(93092, [23])
(93093, [23])
(93094, [23])
(93095, [23])
(93096, [23])
(93097, [23])
(93098, [23])
(93099, [23])
(93100, [23])
(93101, [23])
(93102, [23])
(93103, [23])
(93104, [23])
(93105, [23])
(93106, [23])
(93107, [23])
(93108, [15, 23])
(93109, [23])
(93110, [23])
(93111, [23])
(93112, [4, 23])
(93113, [23])
(93114, [23])
(93115, [23])
(93116, [23])
(93117, [23])
(93118, [5, 23])
(93119, [23])
(93120, [23])
(93121, [23])
(93122, [23])
(93123, [23])
(93124, [23])
(93125, [23])
(93126, [23])
(93127, [23])
(93128, [23])
(93129, [23])
(93130, [23])
(93131, [23])
(93132, [23])
(93133, [23])
(93134, [23])
(93135, [23])
(93136, [23])
(93137, [23])
(93138, [23])
(93139, [23])
(93140, [3, 23])
(93141, [4, 14])
(93142, [4])
(93143, [4])
(93144, [4])
(93145, [4, 15])
(93146, [4])
(93147, [4])
(93148, [4])
(93149, [4])
(93150, [4])
(93151, [4])
(93152, [4])
(93153, [2, 4])
(93154, [4, 15])
(93155, [4])
(93156, [4])
(93157, [4])
(93158, [4])
(93159, [4])
(93160, [4])
(93161, [4])
(93162, [4])
(93163, [4])
(93164, [4])
(93165, [4, 22])
(93166, [4])
(93167, [4])
(93168, [4])
(93169, [4])
(93170, [4])
(93171, [4])
(93172, [15])
(93173, [15])
(93174, [15])
(93175, [15])
(93176, [15])
(93177, [15])
(93178, [15])
(93179, [15])
(93180, [15])
(93181, [3])
(93182, [3])
(93183, [3])
(93184, [3])
(93185, [3])
(93186, [3])
(93187, [3])
(93188, [3])
(93189, [3])
(93190, [3])
(93191, [3])
(93192, [3])
(93193, [3])
(93194, [3])
(93195, [3])
(93196, [3])
(93197, [3])
(93198, [3])
(93199, [3])
(93200, [3])
(93201, [3])
(93202, [3])
(93203, [3])
(93204, [3])
(93205, [3])
(93206, [3])
(93207, [3])
(93208, [3])
(93209, [3])
(93210, [3])
(93211, [3])
(93212, [3])
(93213, [3])
(93214, [3])
(93215, [12])
(93216, [12])
(93217, [12])
(93218, [12])
(93219, [12])
(93220, [12])
(93221, [12])
(93222, [12])
(93223, [12])
(93224, [12])
(93225, [12])
(93226, [12])
(93227, [12])
(93228, [12])
(93229, [12])
(93230, [12])
(93231, [12])
(93232, [12])
(93233, [12])
(93234, [12])
(93235, [12])
(93236, [12])
(93237, [12])
(93238, [12])
(93239, [12])
(93240, [12])
(93241, [12])
(93242, [12])
(93243, [12])
(93244, [12])
(93245, [12])
(93246, [12])
(93247, [12])
(93248, [12])
(93249, [12])
(93250, [12])
(93251, [12])
(93252, [12])
(93253, [2, 12])
(93254, [12])
(93255, [12])
(93256, [12])
(93257, [12])
(93258, [12])
(93259, [12])
(93260, [12])
(93261, [12])
(93262, [12])
(93263, [12])
(93264, [12])
(93265, [2, 12])
(93266, [12])
(93267, [12])
(93268, [12])
(93269, [12])
(93270, [12])
(93271, [12])
(93272, [12])
(93273, [12])
(93274, [12])
(93275, [12])
(93276, [12])
(93277, [12])
(93278, [12])
(93279, [12])
(93280, [2, 12])
(93281, [12])
(93282, [12])
(93283, [40])
(93284, [40])
(93285, [40])
(93286, [2])
(93287, [2])
(93288, [2])
(93289, [2])
(93290, [2])
(93291, [2])
(93292, [2])
(93293, [2])
(93294, [2])
(93295, [2])
(93296, [2])
(93297, [2])
(93298, [2])
(93299, [2])
(93300, [2])
(93301, [2])
(93302, [2])
(93303, [2])
(93304, [2])
(93305, [2])
(93306, [2])
(93307, [2])
(93308, [2])
(93309, [2])
(93310, [2])
(93311, [2])
(93312, [2])
(93313, [2])
(93314, [2])
(93315, [2])
(93316, [2])
(93317, [2])
(93318, [2])
(93319, [2])
(93320, [2])
(93321, [2])
(93322, [2])
(93323, [2])
(93324, [2])
(93325, [2])
(93326, [2])
(93327, [2])
(93328, [2])
(93329, [2])
(93330, [2])
(93331, [2])
(93332, [2])
(93333, [2])
(93334, [2])
(93335, [2])
(93336, [2])
(93337, [2])
(93338, [2])
(93339, [2])
(93340, [2])
(93341, [2])
(93342, [2])
(93343, [2])
(93344, [2])
(93345, [13])
(93346, [13])
(93347, [13])
(93348, [13])
(93349, [5])
(93350, [5])
(93351, [5])
(93352, [5])
(93353, [5])
(93354, [5])
(93355, [5])
(93356, [5])
(93357, [5])
(93358, [14])
(93359, [14])
(93360, [14])
(93361, [14])
(93362, [14])
(93363, [14])
(93364, [14])
(93365, [14])
(93366, [14])
(93367, [14])
(93368, [14])
(93369, [14])
(93370, [14])
(93371, [14])
(93372, [14])
(93373, [14])
(93374, [22])
(93375, [22])
(93376, [22])
(93377, [22])
(93378, [22])
(93379, [25])
