(27454, [32, 35, 34, 33, 20, 18, 27, 9, 0, 11, 7, 29, 16, 42, 6, 28, 17, 1, 10, 19, 26, 8, 21, 44, 43, 38, 36, 31, 30, 37, 39, 41, 24, 23, 4, 15, 3, 12, 40, 2, 13, 5, 14, 22, 25])
(27455, [32, 35, 34, 33, 20, 18, 27, 9, 0, 11, 7, 29, 16, 42, 6, 28, 17, 1, 10, 19, 26, 8, 21, 44, 43, 38, 36, 31, 30, 37, 39, 41, 24, 23, 4, 15, 3, 12, 40, 2, 13, 5, 14, 22, 25])
(27456, [32, 35, 34, 33, 20, 18, 27, 9, 0, 11, 7, 29, 16, 42, 6, 28, 17, 1, 10, 19, 26, 8, 21, 44, 43, 38, 36, 31, 30, 37, 39, 41, 24, 23, 4, 15, 3, 12, 40, 2, 13, 5, 14, 22, 25])
(27457, [32, 0, 11, 1, 19, 43, 4, 3, 12, 40, 2, 14, 22])
(27458, [32, 0, 17, 8, 2])
(27459, [32, 35, 34, 33, 20, 18, 27, 9, 0, 11, 7, 29, 16, 42, 6, 28, 17, 1, 10, 19, 26, 8, 21, 44, 43, 38, 36, 31, 30, 37, 39, 41, 24, 23, 4, 15, 3, 12, 40, 2, 13, 5, 14, 22, 25])
(27460, [32, 35, 34, 33, 20, 18, 27, 9, 0, 11, 7, 29, 16, 42, 6, 28, 17, 1, 10, 19, 26, 8, 21, 44, 43, 38, 36, 31, 30, 37, 39, 41, 24, 23, 4, 15, 3, 12, 40, 2, 13, 5, 14, 22, 25])
(27461, [32, 11, 17, 19, 8, 21, 43, 31, 41, 24, 3, 40, 2, 22])
(27462, [32, 35, 34, 33, 20, 18, 27, 9, 0, 11, 7, 29, 16, 42, 6, 28, 17, 1, 19, 26, 8, 21, 44, 43, 36, 31, 30, 37, 39, 41, 24, 23, 4, 15, 3, 12, 40, 2, 13, 14, 22, 25])
(27463, [32, 35, 34, 33, 20, 18, 27, 9, 0, 11, 7, 29, 16, 42, 6, 28, 1, 10, 19, 26, 8, 21, 44, 43, 38, 36, 31, 30, 37, 39, 41, 24, 23, 4, 15, 3, 12, 40, 2, 13, 5, 14, 22, 25])
(27464, [32, 35, 34, 33, 20, 18, 27, 9, 0, 11, 7, 29, 16, 42, 6, 28, 17, 1, 10, 19, 26, 8, 21, 44, 43, 38, 36, 31, 30, 37, 39, 41, 24, 23, 4, 15, 3, 12, 40, 2, 13, 5, 14, 22, 25])
(27465, [32, 35, 34, 33, 20, 18, 27, 9, 0, 11, 7, 29, 16, 42, 6, 28, 17, 1, 10, 19, 26, 8, 21, 44, 43, 38, 36, 31, 30, 37, 39, 41, 24, 23, 4, 15, 3, 12, 40, 2, 13, 5, 14, 22, 25])
(27466, [32, 20, 17, 19, 44, 12, 40])
(27467, [32, 34, 33, 20, 9, 11, 7, 6, 17, 1, 19, 21, 44, 43, 38, 30, 41, 4, 3, 2, 5, 22])
(27468, [32, 35, 34, 33, 20, 18, 27, 9, 0, 11, 7, 29, 16, 42, 6, 28, 17, 1, 10, 19, 26, 8, 21, 44, 43, 38, 36, 31, 30, 37, 39, 41, 24, 23, 4, 15, 3, 12, 40, 2, 13, 5, 14, 22, 25])
(27469, [32, 34, 20, 18, 9, 7, 16, 1, 19, 26, 8, 21, 44, 36, 30, 24, 4, 15, 3, 12, 40, 2, 14, 22])
(27470, [32, 35, 34, 33, 20, 18, 27, 9, 0, 11, 7, 29, 16, 42, 6, 28, 17, 1, 10, 19, 26, 8, 21, 44, 43, 38, 36, 31, 30, 37, 39, 41, 24, 23, 4, 15, 3, 12, 40, 2, 13, 5, 14, 22, 25])
(27471, [32, 35, 34, 33, 20, 18, 27, 9, 0, 11, 7, 29, 16, 42, 6, 28, 17, 1, 10, 19, 26, 8, 21, 44, 43, 36, 31, 30, 37, 39, 41, 24, 23, 4, 15, 3, 12, 40, 2, 13, 5, 14, 22, 25])
(27472, [32, 16, 6, 1, 19, 44, 38, 15])
(27473, [32, 35, 34, 33, 20, 18, 27, 9, 0, 11, 7, 29, 16, 42, 6, 28, 17, 1, 10, 19, 26, 8, 21, 44, 43, 36, 31, 30, 37, 39, 41, 24, 23, 4, 15, 3, 12, 40, 2, 13, 5, 14, 22, 25])
(27474, [32, 35, 34, 33, 20, 18, 27, 9, 0, 11, 7, 29, 16, 42, 6, 28, 17, 1, 10, 19, 26, 8, 21, 44, 43, 38, 36, 31, 30, 37, 39, 41, 24, 23, 4, 15, 3, 12, 40, 2, 13, 5, 14, 22, 25])
(27475, [32, 35, 34, 33, 18, 9, 0, 11, 29, 16, 42, 6, 28, 17, 1, 10, 19, 26, 8, 21, 44, 43, 31, 30, 41, 24, 23, 4, 15, 3, 40, 2, 13, 5, 14, 25])
(27476, [32, 35, 34, 33, 20, 18, 27, 9, 0, 11, 7, 29, 16, 42, 6, 28, 17, 1, 10, 19, 26, 8, 21, 44, 43, 38, 36, 31, 30, 37, 39, 41, 24, 23, 4, 15, 3, 12, 40, 2, 13, 5, 14, 22, 25])
(27477, [32, 35, 34, 33, 20, 18, 27, 9, 0, 11, 7, 29, 16, 42, 6, 28, 17, 1, 10, 19, 26, 8, 21, 44, 43, 38, 36, 31, 30, 37, 41, 24, 23, 4, 15, 3, 12, 40, 2, 13, 14, 25])
(27478, [32, 35, 33, 18, 27, 9, 11, 42, 17, 1, 10, 19, 26, 21, 44, 43, 31, 30, 41, 24, 4, 15, 3, 12, 40, 2, 13])
(27479, [32, 35, 34, 33, 20, 18, 27, 9, 0, 11, 7, 29, 16, 42, 6, 17, 1, 10, 19, 26, 8, 21, 44, 43, 38, 36, 31, 30, 37, 39, 41, 24, 23, 4, 15, 3, 12, 40, 2, 13, 5, 14, 22, 25])
(27480, [32, 35, 34, 9, 0, 11, 28, 1, 19, 43, 38, 31, 30, 23, 15, 3, 12, 22])
(27481, [32, 34, 33, 28, 1, 43, 31, 3, 12, 40, 2])
(27482, [32, 35, 34, 33, 18, 9, 0, 11, 6, 28, 17, 19, 26, 21, 44, 43, 36, 31, 30, 39, 41, 24, 23, 4, 15, 3, 12, 40, 2, 13, 14])
(27483, [32, 35, 34, 33, 20, 18, 9, 0, 11, 7, 16, 42, 6, 28, 17, 1, 10, 19, 26, 8, 21, 44, 43, 31, 30, 37, 41, 24, 23, 4, 15, 3, 12, 40, 2, 13, 22])
(27484, [32, 35, 34, 33, 20, 18, 27, 9, 0, 11, 7, 16, 42, 6, 28, 17, 1, 10, 19, 26, 8, 21, 44, 43, 38, 36, 31, 30, 39, 41, 24, 23, 4, 15, 3, 12, 40, 2, 13, 5, 14, 22, 25])
(27485, [32, 35, 34, 33, 20, 18, 9, 0, 11, 7, 29, 16, 42, 6, 28, 17, 1, 10, 19, 26, 8, 21, 44, 43, 36, 31, 30, 37, 41, 24, 4, 15, 3, 12, 40, 2, 13, 14, 22, 25])
(27486, [32, 35, 34, 33, 20, 18, 27, 9, 0, 11, 7, 16, 42, 6, 17, 1, 19, 26, 8, 21, 44, 43, 38, 36, 31, 30, 37, 39, 41, 24, 23, 4, 15, 3, 12, 40, 2, 13, 14, 22, 25])
(27487, [32, 20, 9, 6, 1, 43, 41, 4, 15, 2])
(27488, [32, 33, 11, 1, 26, 44, 43, 31, 4, 15, 2, 13])
(27489, [32, 34, 9, 43, 24, 4, 15, 3, 12])
(27490, [32, 34, 33, 18, 27, 9, 0, 7, 6, 28, 17, 1, 10, 26, 21, 44, 43, 31, 30, 39, 41, 24, 23, 4, 15, 3, 12, 40, 2, 13, 14, 25])
(27491, [32, 33, 18, 0, 11, 7, 16, 1, 19, 26, 8, 21, 44, 36, 31, 30, 23, 4, 3, 2, 22])
(27492, [32, 33, 20, 18, 9, 6, 17, 1, 19, 26, 44, 30, 41, 24, 15, 14])
(27493, [32, 35, 34, 33, 20, 18, 27, 9, 0, 11, 7, 29, 16, 42, 6, 28, 17, 1, 10, 19, 26, 8, 21, 44, 43, 38, 36, 31, 30, 37, 39, 41, 24, 23, 4, 15, 3, 12, 40, 2, 13, 5, 14, 22, 25])
(27494, [32, 35, 34, 33, 20, 18, 27, 9, 0, 11, 7, 29, 16, 42, 6, 17, 1, 19, 26, 8, 21, 44, 43, 36, 31, 30, 37, 39, 41, 24, 23, 4, 15, 3, 12, 40, 2, 13, 5, 14, 22, 25])
(27495, [32, 35, 33, 27, 9, 0, 11, 7, 29, 16, 6, 28, 17, 1, 10, 19, 26, 8, 21, 44, 43, 36, 31, 30, 39, 41, 24, 23, 4, 15, 3, 12, 40, 2, 13, 5, 14, 22])
(27496, [32, 18, 9, 6, 1, 43, 23, 15, 2])
(27497, [32, 33, 21, 31, 30, 41, 15])
(27498, [32, 34, 33, 18, 0, 11, 7, 6, 1, 26, 43, 36, 31, 30, 24, 23, 4, 12, 2, 13])
(27499, [32, 34, 33, 20, 7, 1, 26, 44, 43, 31, 4, 3, 2])
(27500, [32, 35, 34, 33, 18, 27, 9, 11, 16, 6, 28, 17, 1, 10, 19, 26, 8, 44, 43, 31, 30, 37, 41, 24, 23, 15, 3, 12, 40, 2, 5, 14])
(27501, [32, 20, 0, 1, 21, 23, 3, 12, 2])
(27502, [32, 9, 11, 30, 23, 15])
(27503, [32, 34, 20, 7, 16, 1, 19, 26, 43, 31, 30, 41, 24, 23, 15, 3, 13, 22])
(27504, [32, 34, 18, 9, 0, 6, 17, 26, 43, 31, 30, 41, 23, 4, 15, 3, 12, 2])
(27505, [32, 9, 11, 31, 22])
(27506, [32, 35, 18, 9, 0, 7, 42, 1, 19, 21, 43, 31, 30, 37, 24, 15, 3, 12, 5])
(27507, [32, 35, 34, 33, 18, 27, 9, 0, 11, 7, 16, 6, 17, 1, 10, 19, 26, 8, 21, 44, 43, 38, 36, 31, 30, 37, 39, 41, 24, 23, 4, 15, 3, 12, 2, 13, 14, 22, 25])
(27508, [32, 34, 33, 18, 9, 11, 16, 6, 17, 1, 19, 26, 44, 43, 38, 31, 30, 41, 23, 15, 3, 40, 13, 22])
(27509, [32, 35, 34, 33, 18, 9, 7, 42, 6, 1, 19, 26, 8, 21, 44, 43, 38, 31, 30, 37, 41, 24, 23, 4, 15, 3, 12, 40, 2, 22])
(27510, [32, 34, 33, 18, 9, 11, 16, 6, 1, 26, 44, 43, 30, 23, 12, 2])
(27511, [32, 9, 29, 16, 17, 19, 44, 31, 30, 41, 15, 3, 12, 2, 14])
(27512, [32, 35, 34, 33, 18, 27, 9, 0, 26, 43, 31, 30, 41, 23, 4, 15, 3, 12, 2, 13])
(27513, [32, 34, 33, 18, 27, 9, 0, 11, 16, 6, 17, 1, 19, 26, 31, 41, 4, 15, 40, 2, 13, 5, 14])
(27514, [32, 35, 34, 33, 20, 18, 9, 0, 16, 6, 28, 10, 26, 8, 21, 44, 31, 30, 37, 39, 41, 24, 23, 4, 3, 12, 2, 14, 25])
(27515, [32, 35, 34, 33, 18, 27, 9, 11, 7, 16, 6, 1, 19, 26, 43, 36, 31, 30, 41, 23, 15, 3, 12, 2, 13, 5, 14])
(27516, [32, 33, 9, 11, 7, 17, 1, 30, 41, 12, 22])
(27517, [32])
(27518, [32, 35, 34, 33, 20, 18, 27, 9, 0, 11, 7, 16, 42, 6, 28, 17, 1, 19, 26, 8, 21, 44, 43, 31, 30, 37, 39, 41, 24, 23, 4, 15, 3, 12, 40, 2, 13, 14, 22, 25])
(27519, [32, 26, 15, 40])
(27520, [32, 34, 33, 0, 16, 17, 1, 21, 31, 23, 4, 3, 12, 2, 22])
(27521, [32, 11, 1, 8, 21, 44, 23, 15, 12, 40])
(27522, [32, 18, 9, 11, 16, 6, 17, 8, 21, 44, 43, 38, 30, 39, 41, 23, 15, 3, 2, 13, 22, 25])
(27523, [32, 34, 18, 11, 6, 43, 31, 4, 12, 2])
(27524, [32, 33, 44, 4])
(27525, [32, 35, 33, 18, 9, 0, 11, 42, 6, 17, 1, 19, 21, 38, 31, 30, 39, 23, 4, 15, 3, 12, 40, 2, 14, 22])
(27526, [32, 35, 34, 33, 20, 18, 9, 16, 42, 6, 17, 1, 19, 26, 8, 21, 43, 31, 30, 41, 24, 23, 4, 15, 3, 12, 40, 2, 5])
(27527, [32, 33, 18, 9, 16, 6, 1, 19, 43, 23, 4, 15, 2, 13, 5, 22])
(27528, [32, 18, 27, 19, 8, 44, 43, 31, 23])
(27529, [32, 9, 0, 6, 26, 23, 4, 15, 2, 14])
(27530, [32, 35, 18, 27, 9, 0, 16, 17, 1, 19, 43, 30, 41, 4, 3, 40])
(27531, [32, 28, 26, 41, 24, 4, 15])
(27532, [32, 35, 34, 18, 9, 0, 16, 42, 17, 1, 19, 8, 21, 44, 43, 30, 23, 15, 3, 12, 40, 2, 22])
(27533, [32, 20, 27, 0, 11, 16, 42, 6, 1, 19, 8, 21, 39, 41, 23, 4, 15, 3, 12, 2, 13])
(27534, [32, 34, 18, 9, 0, 6, 43, 41, 24, 15, 2])
(27535, [32, 20, 42, 1, 21, 44, 37])
(27536, [32, 35, 34, 33, 20, 0, 11, 28, 1, 10, 19, 8, 21, 43, 31, 37, 23, 3, 12, 2, 13, 5])
(27537, [32, 35, 34, 33, 20, 18, 9, 11, 7, 16, 42, 28, 1, 10, 19, 26, 8, 21, 44, 43, 38, 31, 30, 39, 24, 23, 4, 15, 3, 12, 40, 2, 13, 5, 14])
(27538, [32, 34, 33, 20, 18, 9, 0, 7, 16, 17, 1, 19, 8, 31, 30, 37, 4, 15, 3, 12])
(27539, [32, 34, 20, 0, 26, 43, 41, 23, 12, 22])
(27540, [32, 35, 34, 9, 0, 11, 7, 6, 28, 17, 1, 10, 26, 21, 43, 31, 30, 41, 24, 4, 15, 3, 12, 40, 2, 13, 14])
(27541, [32, 34, 33, 20, 9, 8, 24, 23, 4, 3, 2, 5])
(27542, [32, 35, 34, 33, 20, 18, 9, 11, 42, 1, 19, 43, 38, 31, 30, 3, 12, 40, 2])
(27543, [32, 20, 18, 9, 0, 16, 6, 1, 26, 44, 43, 23, 15, 3, 40, 2, 13, 14])
(27544, [32, 34, 9, 0, 11, 16, 1, 10, 8, 23, 4, 3, 12, 2, 5])
(27545, [32, 9, 1, 8, 14])
(27546, [32, 34, 33, 18, 9, 16, 42, 28, 1, 19, 8, 43, 30, 39, 41, 23, 4, 3, 12, 40, 2])
(27547, [32, 35, 34, 27, 0, 11, 16, 6, 19, 26, 44, 43, 30, 23, 4, 3, 12, 2])
(27548, [32, 18])
(27549, [32, 35, 34, 33, 18, 9, 0, 11, 16, 6, 17, 1, 19, 8, 21, 44, 43, 31, 30, 39, 41, 24, 23, 15, 3, 40, 2, 13, 22])
(27550, [32, 35, 34, 33, 18, 9, 11, 7, 16, 6, 28, 17, 1, 10, 19, 26, 44, 43, 38, 31, 30, 39, 23, 3, 12, 2, 13, 14])
(27551, [32, 31])
(27552, [32, 43])
(27553, [32, 35, 34, 9, 11, 1, 19, 44, 31, 23, 15, 3, 13])
(27554, [32, 35, 34, 33, 20, 18, 9, 11, 7, 16, 42, 6, 1, 19, 21, 44, 43, 36, 30, 37, 24, 15, 3, 2, 13, 22])
(27555, [32, 33, 7, 1, 19, 21, 31, 15, 3])
(27556, [32, 33, 0, 36, 30, 12, 2])
(27557, [32, 34, 33, 9, 11, 17, 1, 19, 26, 31, 23, 3, 2])
(27558, [32, 11, 30, 12])
(27559, [32, 19, 38, 30])
(27560, [32, 34, 33, 41, 22])
(27561, [32])
(27562, [32, 35, 34, 33, 18, 9, 0, 6, 1, 19, 43, 31, 41, 23, 4, 15, 3, 2, 13, 5, 22])
(27563, [32, 34, 20, 18, 27, 9, 0, 6, 17, 19, 26, 21, 44, 31, 30, 41, 24, 12, 2, 5, 14, 22])
(27564, [32, 0, 11, 16, 1, 10, 26, 44, 43, 31, 30, 23, 15, 3, 12, 2])
(27565, [32, 34, 20, 18, 9, 11, 7, 6, 1, 19, 26, 21, 44, 43, 31, 30, 24, 23, 3, 12, 2, 5, 14])
(27566, [32, 35, 34, 33, 20, 9, 11, 42, 6, 1, 8, 44, 43, 36, 31, 30, 41, 24, 23, 15, 3, 12, 2, 14, 22])
(27567, [32, 34, 1, 26, 21, 4, 3, 2])
(27568, [32])
(27569, [32, 35, 1, 31, 30, 37, 41, 14])
(27570, [32, 34, 33, 18, 11, 7, 29, 17, 1, 19, 44, 31, 41, 23, 15, 22])
(27571, [32, 6, 26, 31, 23, 15, 2])
(27572, [32, 34, 33, 18, 6, 19, 44, 31, 30, 15, 3])
(27573, [32, 3])
(27574, [32, 33, 18, 27, 0, 11, 6, 1, 19, 44, 43, 31, 30, 23, 4, 15, 3, 2, 14])
(27575, [35, 34, 33, 18, 9, 11, 42, 1, 19, 8, 21, 43, 30, 23, 4, 15, 3, 12, 2, 22])
(27576, [35])
(27577, [35, 34, 33, 20, 9, 11, 7, 17, 1, 44, 38, 31, 30, 3, 2])
(27578, [35])
(27579, [35])
(27580, [35, 1, 21, 44, 41, 3, 2, 22])
(27581, [35])
(27582, [35])
(27583, [35, 34, 33, 18, 9, 0, 11, 7, 16, 42, 6, 28, 17, 1, 10, 19, 26, 21, 44, 43, 38, 31, 30, 41, 23, 4, 15, 3, 12, 40, 2, 13, 22])
(27584, [35, 34, 9, 8, 12, 5])
(27585, [35, 19, 2])
(27586, [35])
(27587, [35, 9, 3])
(27588, [35])
(27589, [35, 18, 9, 3])
(27590, [35, 18, 27, 9, 0, 16, 42, 6, 28, 1, 10, 26, 8, 44, 43, 36, 39, 41, 23, 4, 15, 3, 12, 2, 5, 14])
(27591, [35, 33, 18, 9, 11, 7, 16, 1, 19, 21, 44, 43, 30, 37, 24, 23, 3, 12, 2, 5])
(27592, [35, 20, 18, 9, 16, 26, 8, 44, 43, 37, 23, 4, 15, 3, 12, 2])
(27593, [35, 18, 23, 15])
(27594, [35, 18, 16, 19, 12])
(27595, [35, 33, 43, 2])
(27596, [35])
(27597, [35, 34, 20, 18, 27, 9, 0, 11, 42, 6, 28, 17, 1, 10, 26, 44, 43, 36, 39, 41, 23, 4, 15, 3, 12, 40, 2, 13, 5, 14])
(27598, [35, 18, 11, 19, 8, 44, 43, 36, 23, 4])
(27599, [35, 43])
(27600, [35, 18, 9, 2])
(27601, [35, 19, 2])
(27602, [35, 9, 6, 23, 4, 12, 2])
(27603, [35, 2])
(27604, [35])
(27605, [35])
(27606, [34, 33, 20, 18, 9, 0, 11, 7, 28, 17, 1, 19, 26, 8, 21, 44, 43, 31, 30, 39, 41, 24, 23, 4, 15, 3, 12, 2, 13])
(27607, [34, 18, 6, 19, 26])
(27608, [34, 33, 11, 6, 26, 43, 31, 41, 24, 12, 2])
(27609, [34])
(27610, [34, 43, 23])
(27611, [34, 33, 20, 18, 9, 0, 11, 7, 16, 28, 17, 1, 19, 26, 21, 44, 38, 36, 31, 39, 41, 24, 4, 15, 3, 12, 2, 22])
(27612, [34])
(27613, [34, 33, 20, 18, 27, 9, 0, 11, 7, 16, 42, 6, 17, 1, 19, 21, 44, 43, 31, 30, 41, 24, 23, 4, 15, 3, 12, 40, 2])
(27614, [34, 33, 18, 9, 6, 19, 43, 30, 23, 15, 40])
(27615, [34, 33, 9, 0, 19, 38, 30, 40, 2, 22])
(27616, [34, 16, 42, 1, 15, 3, 2])
(27617, [34, 0, 26, 30, 41, 24, 2])
(27618, [34, 33, 9, 0, 11, 7, 1, 19, 21, 44, 36, 30, 41, 4, 15, 3, 12, 2, 14])
(27619, [34])
(27620, [34, 20, 18, 9, 0, 11, 7, 42, 6, 17, 1, 19, 26, 44, 43, 31, 41, 23, 4, 15, 3, 12, 40])
(27621, [34])
(27622, [34, 31, 30, 3, 2])
(27623, [34])
(27624, [34])
(27625, [34])
(27626, [34, 33, 18, 16, 6, 19, 44, 43, 15, 3, 13])
(27627, [34, 0, 24, 4])
(27628, [34, 17, 24, 13])
(27629, [34, 33, 18, 9, 11, 29, 1, 19, 8, 43, 30, 41, 23, 15, 3, 12, 2])
(27630, [34])
(27631, [34, 33, 18, 42, 1, 44, 38, 31, 30, 3, 12, 13])
(27632, [34, 20, 9, 0, 11, 7, 28, 17, 1, 10, 19, 26, 8, 44, 43, 36, 30, 37, 24, 23, 4, 3, 12, 2, 13, 14])
(27633, [34])
(27634, [34])
(27635, [34])
(27636, [34, 18, 9, 28, 2])
(27637, [34, 33, 20, 18, 10, 19, 31, 37, 24])
(27638, [34, 9, 43, 23, 2])
(27639, [34, 0, 19, 26, 31, 30, 23, 3, 12, 2])
(27640, [34, 33, 20, 18, 9, 7, 42, 6, 1, 8, 44, 36, 30, 41, 15, 3, 12, 40, 2, 14])
(27641, [34])
(27642, [34, 20, 9, 0, 41, 3, 12])
(27643, [34, 23])
(27644, [34, 20, 0, 10, 31, 23, 12])
(27645, [34, 31])
(27646, [34, 20, 9, 11, 7, 16, 42, 6, 1, 30, 37, 4, 15, 3, 12, 40, 2, 22])
(27647, [34])
(27648, [34])
(27649, [34])
(27650, [34, 11, 6, 44, 43, 36, 41, 2])
(27651, [34, 0, 3, 12, 2])
(27652, [34, 33, 31, 30])
(27653, [34, 12])
(27654, [34, 20, 9, 7, 29, 1, 44, 30, 3, 12])
(27655, [34, 20, 7, 19, 21, 3])
(27656, [34, 0, 12])
(27657, [34, 33, 9, 0, 6, 19, 31, 41, 3, 12, 40])
(27658, [34, 9, 0, 6, 26, 43, 31, 41, 24, 23, 4, 15, 12, 2, 14])
(27659, [34, 33, 12])
(27660, [34])
(27661, [34, 19, 8, 21, 5])
(27662, [33, 31])
(27663, [33, 41])
(27664, [33])
(27665, [33])
(27666, [33])
(27667, [33])
(27668, [33, 15])
(27669, [33, 44])
(27670, [33])
(27671, [33, 20, 18, 0, 11, 1, 19, 26, 21, 3, 40])
(27672, [33, 1, 26, 15])
(27673, [33, 16, 1, 8, 43, 41, 23, 12])
(27674, [33, 20, 18, 9, 0, 11, 7, 16, 42, 19, 43, 31, 30, 24, 23, 4, 3, 12, 40, 2])
(27675, [33, 18, 9, 0, 7, 16, 26, 31, 24, 12, 2, 13])
(27676, [33])
(27677, [33, 11, 17, 19, 44, 43, 39, 41, 3, 40])
(27678, [33])
(27679, [33, 18, 16, 1, 30, 2])
(27680, [33, 18, 3, 22])
(27681, [33, 19])
(27682, [33])
(27683, [33])
(27684, [33, 0, 26, 43, 36])
(27685, [33])
(27686, [33, 19])
(27687, [33, 19])
(27688, [33, 18, 2, 13])
(27689, [33, 1, 3, 12])
(27690, [33, 11, 6, 1, 8, 41, 4])
(27691, [33, 6])
(27692, [33, 18, 9, 6, 28, 1, 19, 8, 21, 36, 30, 24, 23, 15, 3, 12, 40, 14])
(27693, [33, 30])
(27694, [33, 9, 0, 7, 28, 17, 1, 26, 21, 44, 43, 30, 39, 41, 24, 23, 4, 3, 12, 2, 14, 22])
(27695, [33, 0, 16, 19, 26, 4, 15, 3])
(27696, [33, 11, 19, 26, 44, 4, 2])
(27697, [33])
(27698, [33])
(27699, [33, 0])
(27700, [33, 1, 44, 23, 15, 3, 22])
(27701, [33, 20, 18, 27, 0, 26, 23, 40])
(27702, [33, 30])
(27703, [33, 43, 41, 23, 2])
(27704, [33, 18, 26])
(27705, [33, 20, 18, 9, 0, 16, 42, 6, 17, 1, 19, 26, 8, 44, 43, 38, 31, 30, 41, 24, 23, 4, 15, 3, 12, 40, 2, 14, 22])
(27706, [33, 9, 43, 23, 2])
(27707, [33, 18, 36, 30, 4, 22])
(27708, [33, 9, 0, 6, 26, 8, 44, 41, 24, 23, 4, 15, 12, 2, 5])
(27709, [33, 9, 1, 19, 26, 21, 43, 30, 23])
(27710, [33, 9, 0, 7, 16, 30, 23, 12])
(27711, [33, 0, 1, 12, 2, 22])
(27712, [33])
(27713, [33, 43, 30, 2])
(27714, [33, 9, 11, 1, 21, 23, 3, 2])
(27715, [33, 9, 16, 21, 31, 41, 4, 3])
(27716, [33, 17, 1, 26, 21, 31, 3, 2])
(27717, [33, 18, 9, 0, 29, 16, 6, 17, 1, 10, 19, 21, 43, 31, 30, 4, 15, 3, 2, 14, 22, 25])
(27718, [33])
(27719, [33, 18, 11, 8, 30, 4, 15, 12, 22])
(27720, [33, 1, 40])
(27721, [33, 11, 1, 19, 8, 21, 38, 39, 3, 2, 22])
(27722, [33, 9, 11, 26, 41, 4, 15, 12, 40])
(27723, [20, 18, 9, 0, 11, 29, 1, 8, 21, 23, 4, 3, 12])
(27724, [20, 1, 21])
(27725, [20, 3, 2])
(27726, [20, 9, 41])
(27727, [20, 18, 9, 0, 42, 6, 1, 43, 41, 24, 23, 4, 15, 3])
(27728, [20, 17, 43, 24, 3, 12, 2])
(27729, [20])
(27730, [20, 18, 9, 0, 11, 1, 44, 3, 12])
(27731, [20])
(27732, [20, 3, 5])
(27733, [20, 9, 16, 28, 1, 19, 26, 21, 44, 43, 4, 15, 3, 2, 22])
(27734, [20, 18])
(27735, [20, 18, 11, 1, 8, 23, 3])
(27736, [20])
(27737, [20, 30])
(27738, [20, 6, 15])
(27739, [20])
(27740, [20])
(27741, [20, 16, 17, 1, 19, 8, 44, 43, 37, 23, 4, 15, 22])
(27742, [20, 11, 41])
(27743, [20])
(27744, [20, 1])
(27745, [20])
(27746, [20, 6, 44, 43, 23, 40, 2])
(27747, [20, 1, 26, 13])
(27748, [20, 11, 1, 19, 26, 3, 13])
(27749, [20, 9])
(27750, [20, 3])
(27751, [20, 0, 11, 7, 17, 1, 19, 31, 3, 12, 2])
(27752, [20, 1, 12, 2])
(27753, [20, 1, 44, 3])
(27754, [18])
(27755, [18])
(27756, [18, 31, 4])
(27757, [18])
(27758, [18])
(27759, [18, 1, 19, 26, 44, 43, 3, 12])
(27760, [18])
(27761, [18])
(27762, [18, 9, 19, 40, 2, 14])
(27763, [18])
(27764, [18])
(27765, [18, 11, 29, 1, 44, 43, 4, 3, 13, 22])
(27766, [18])
(27767, [18, 27, 0, 7, 16, 42, 1, 19, 21, 44, 24, 23, 3, 12])
(27768, [18, 2, 14])
(27769, [18, 1, 30, 14])
(27770, [18, 22])
(27771, [18])
(27772, [18, 0, 42])
(27773, [18])
(27774, [18])
(27775, [18, 17, 4])
(27776, [18, 38, 30])
(27777, [18, 27, 23])
(27778, [18, 7, 4, 3])
(27779, [18, 1])
(27780, [18, 44])
(27781, [18, 9, 11, 7, 1, 10, 19, 21, 43, 30, 23, 4, 3, 12, 40, 2, 22])
(27782, [18, 26, 23, 2, 5])
(27783, [18])
(27784, [18, 42, 6, 12])
(27785, [18, 9, 0, 11, 7, 6, 1, 19, 26, 44, 38, 31, 30, 41, 23, 4, 3, 12, 2, 14])
(27786, [18, 30, 22])
(27787, [18])
(27788, [18, 2])
(27789, [18])
(27790, [18, 11, 26, 4, 15, 22])
(27791, [18, 27])
(27792, [18])
(27793, [18])
(27794, [18])
(27795, [18, 21, 31, 40])
(27796, [18, 12])
(27797, [18])
(27798, [18])
(27799, [18])
(27800, [18, 17, 3])
(27801, [18, 23])
(27802, [18])
(27803, [18])
(27804, [18, 6, 1, 43, 15, 40, 2])
(27805, [18])
(27806, [18])
(27807, [18])
(27808, [18, 0, 11, 43])
(27809, [18])
(27810, [18])
(27811, [18])
(27812, [18, 28, 31, 30, 41, 12, 40])
(27813, [18, 9, 6, 28, 8, 23, 14])
(27814, [18])
(27815, [18, 9, 6, 28, 17, 19, 24, 2, 14])
(27816, [18, 26, 2])
(27817, [18])
(27818, [18])
(27819, [18])
(27820, [18, 11, 1, 26, 39, 3, 12])
(27821, [18])
(27822, [18])
(27823, [18])
(27824, [18])
(27825, [18, 19])
(27826, [18, 27, 9, 0, 39, 41, 3, 12, 5, 22])
(27827, [18])
(27828, [18, 1, 3, 22])
(27829, [18])
(27830, [18])
(27831, [18])
(27832, [18])
(27833, [18])
(27834, [18])
(27835, [18, 9, 0, 11, 16, 6, 1, 19, 8, 21, 44, 43, 31, 30, 37, 39, 23, 3, 2, 13])
(27836, [18])
(27837, [18])
(27838, [18, 0, 7, 44, 15])
(27839, [18, 11, 19, 21, 44, 30, 23, 15, 12])
(27840, [18])
(27841, [18])
(27842, [18])
(27843, [18])
(27844, [27, 7, 21, 3, 12])
(27845, [27, 9, 0, 7, 16, 1, 8, 41, 23, 12, 2])
(27846, [27, 9, 1, 19, 38])
(27847, [27])
(27848, [27])
(27849, [27])
(27850, [9, 16, 21, 23, 4, 15])
(27851, [9])
(27852, [9, 14])
(27853, [9, 41])
(27854, [9])
(27855, [9, 2])
(27856, [9, 23])
(27857, [9])
(27858, [9, 43, 31, 30, 23, 2, 13])
(27859, [9, 43, 23])
(27860, [9, 16, 1, 3])
(27861, [9, 0, 1, 19, 44, 3, 12, 22])
(27862, [9])
(27863, [9])
(27864, [9])
(27865, [9])
(27866, [9])
(27867, [9])
(27868, [9, 0])
(27869, [9])
(27870, [9, 0, 16, 1, 43, 36, 37, 23, 15, 3, 12])
(27871, [9])
(27872, [9, 0, 23])
(27873, [9, 2, 13])
(27874, [9])
(27875, [9, 6, 24])
(27876, [9, 19, 37, 22])
(27877, [9])
(27878, [9, 0, 1, 10, 21, 44, 30, 24])
(27879, [9, 0, 2])
(27880, [9, 0, 30, 2])
(27881, [9])
(27882, [9, 11, 1, 3, 12, 22])
(27883, [9])
(27884, [9, 0, 11, 16, 1, 19, 39, 41, 3])
(27885, [9, 0, 41, 24, 12, 2])
(27886, [9, 0])
(27887, [9, 26, 44, 40, 2, 13])
(27888, [9])
(27889, [9])
(27890, [9, 42, 2])
(27891, [9, 8, 23, 3])
(27892, [9, 31, 3, 12])
(27893, [9, 7, 2, 14])
(27894, [9, 11, 31, 12])
(27895, [9])
(27896, [9, 0, 16, 43, 4, 2])
(27897, [9])
(27898, [9])
(27899, [9])
(27900, [9])
(27901, [9])
(27902, [9])
(27903, [9])
(27904, [9])
(27905, [9])
(27906, [9])
(27907, [9, 0, 40])
(27908, [9])
(27909, [9, 24])
(27910, [9])
(27911, [9])
(27912, [9])
(27913, [9])
(27914, [9])
(27915, [9, 30, 41, 2])
(27916, [0])
(27917, [0])
(27918, [0])
(27919, [0, 3])
(27920, [0])
(27921, [0])
(27922, [0])
(27923, [0])
(27924, [0])
(27925, [0])
(27926, [0, 11, 26, 44, 36, 31, 41, 15, 3, 12, 25])
(27927, [0])
(27928, [0])
(27929, [0, 8, 37, 41, 3, 12, 5])
(27930, [0, 16, 42, 19, 21, 44, 24, 23, 12, 2])
(27931, [0])
(27932, [0])
(27933, [0])
(27934, [0])
(27935, [0])
(27936, [0])
(27937, [0])
(27938, [0])
(27939, [0])
(27940, [0])
(27941, [0])
(27942, [0, 36])
(27943, [0])
(27944, [0])
(27945, [0])
(27946, [0])
(27947, [0, 11, 7, 26, 12])
(27948, [0])
(27949, [0])
(27950, [0, 11, 1, 30, 24, 3])
(27951, [0])
(27952, [0])
(27953, [0])
(27954, [0])
(27955, [0])
(27956, [0])
(27957, [0])
(27958, [0])
(27959, [0, 11, 42, 1, 3, 12])
(27960, [0])
(27961, [0])
(27962, [0])
(27963, [0, 11, 26, 44, 30, 4, 15, 3, 40, 2, 13, 14, 22])
(27964, [0])
(27965, [0])
(27966, [0, 7, 8, 44, 12])
(27967, [0])
(27968, [0])
(27969, [0])
(27970, [0])
(27971, [0, 23])
(27972, [0])
(27973, [0])
(27974, [0, 3])
(27975, [0])
(27976, [0])
(27977, [0])
(27978, [0])
(27979, [0, 12, 2, 14])
(27980, [0])
(27981, [0, 42, 1, 10, 41, 23, 12])
(27982, [0])
(27983, [0])
(27984, [0])
(27985, [0])
(27986, [0])
(27987, [0])
(27988, [0])
(27989, [0])
(27990, [0])
(27991, [0])
(27992, [0])
(27993, [0])
(27994, [0])
(27995, [0])
(27996, [0, 12])
(27997, [0])
(27998, [0])
(27999, [0])
(28000, [0, 11, 41])
(28001, [0])
(28002, [0])
(28003, [0])
(28004, [0])
(28005, [0, 7, 43])
(28006, [0])
(28007, [0, 15])
(28008, [0])
(28009, [0])
(28010, [0])
(28011, [0])
(28012, [0])
(28013, [0])
(28014, [0])
(28015, [0])
(28016, [0])
(28017, [0, 1, 23])
(28018, [0])
(28019, [0])
(28020, [0, 1, 26])
(28021, [0])
(28022, [0])
(28023, [0])
(28024, [0])
(28025, [0])
(28026, [0])
(28027, [0])
(28028, [0])
(28029, [0, 7, 1, 19, 3])
(28030, [0])
(28031, [0])
(28032, [0])
(28033, [0])
(28034, [0])
(28035, [0])
(28036, [0])
(28037, [0])
(28038, [0])
(28039, [0])
(28040, [0])
(28041, [0])
(28042, [0])
(28043, [0, 11, 42, 1])
(28044, [0])
(28045, [0])
(28046, [0])
(28047, [0])
(28048, [0])
(28049, [0])
(28050, [0])
(28051, [0])
(28052, [0])
(28053, [0])
(28054, [0])
(28055, [0])
(28056, [0])
(28057, [0, 23])
(28058, [0])
(28059, [0, 16])
(28060, [0])
(28061, [0])
(28062, [0])
(28063, [0, 12])
(28064, [0, 19, 3])
(28065, [0])
(28066, [0])
(28067, [0])
(28068, [0])
(28069, [0])
(28070, [0])
(28071, [0, 11, 1, 21, 43, 41, 3, 12, 2])
(28072, [0])
(28073, [0])
(28074, [0, 12])
(28075, [0, 4])
(28076, [0])
(28077, [0])
(28078, [0])
(28079, [0])
(28080, [0])
(28081, [0, 1, 19, 30])
(28082, [0])
(28083, [0])
(28084, [0])
(28085, [0])
(28086, [0])
(28087, [0])
(28088, [0])
(28089, [0, 16, 26])
(28090, [0])
(28091, [0])
(28092, [0])
(28093, [0, 1, 2])
(28094, [0])
(28095, [0])
(28096, [0])
(28097, [0])
(28098, [0])
(28099, [0])
(28100, [0])
(28101, [0])
(28102, [0])
(28103, [0])
(28104, [0, 11, 1])
(28105, [0])
(28106, [0])
(28107, [0])
(28108, [0])
(28109, [0])
(28110, [0])
(28111, [0])
(28112, [0])
(28113, [0])
(28114, [0])
(28115, [0])
(28116, [0])
(28117, [0])
(28118, [0])
(28119, [0, 19, 43, 41, 2, 13])
(28120, [0])
(28121, [0])
(28122, [0])
(28123, [0])
(28124, [0])
(28125, [0, 4])
(28126, [0])
(28127, [0])
(28128, [0])
(28129, [0])
(28130, [0])
(28131, [0, 6, 41, 2])
(28132, [0])
(28133, [0])
(28134, [0])
(28135, [0])
(28136, [0])
(28137, [0])
(28138, [0])
(28139, [0])
(28140, [0])
(28141, [0])
(28142, [0])
(28143, [0])
(28144, [0])
(28145, [0])
(28146, [0])
(28147, [0, 7, 1, 19, 21, 44, 3])
(28148, [0])
(28149, [0])
(28150, [0])
(28151, [0])
(28152, [0, 24])
(28153, [0])
(28154, [0])
(28155, [0, 3])
(28156, [0])
(28157, [0])
(28158, [0])
(28159, [0])
(28160, [0])
(28161, [0, 3, 12])
(28162, [0])
(28163, [0])
(28164, [0])
(28165, [0])
(28166, [0])
(28167, [0])
(28168, [0])
(28169, [0])
(28170, [0])
(28171, [0])
(28172, [0])
(28173, [0])
(28174, [0])
(28175, [0, 12])
(28176, [0, 16])
(28177, [0])
(28178, [0])
(28179, [0])
(28180, [0])
(28181, [0])
(28182, [0])
(28183, [11])
(28184, [11])
(28185, [11, 30])
(28186, [11, 12])
(28187, [11, 21, 3])
(28188, [11])
(28189, [11])
(28190, [11])
(28191, [11, 16, 19, 26, 44, 41, 2])
(28192, [11, 17, 1, 19, 21, 44, 38, 4, 12, 2, 22])
(28193, [11, 31])
(28194, [11, 7, 26])
(28195, [11, 1, 44])
(28196, [11, 7, 1, 19, 38, 41, 3, 22])
(28197, [11, 1, 21, 41, 3])
(28198, [11])
(28199, [11])
(28200, [11])
(28201, [11, 19, 15, 13])
(28202, [11])
(28203, [11, 7, 3])
(28204, [11])
(28205, [11, 17, 1, 26, 30, 3, 2])
(28206, [11])
(28207, [11])
(28208, [7, 29])
(28209, [7])
(28210, [7, 1, 3])
(28211, [7])
(28212, [7])
(28213, [7, 26, 3])
(28214, [7])
(28215, [7])
(28216, [7])
(28217, [7])
(28218, [7, 40])
(28219, [7, 12])
(28220, [7])
(28221, [7])
(28222, [7])
(28223, [7])
(28224, [7, 3])
(28225, [29, 19, 8])
(28226, [16])
(28227, [16])
(28228, [16, 40, 2])
(28229, [16])
(28230, [16])
(28231, [16])
(28232, [16])
(28233, [16, 43, 24, 3, 22])
(28234, [16])
(28235, [16, 23, 3])
(28236, [16])
(28237, [16, 2])
(28238, [42])
(28239, [42, 15])
(28240, [42])
(28241, [6, 1, 44, 36, 23, 4, 15])
(28242, [6])
(28243, [6, 26, 2])
(28244, [6])
(28245, [6])
(28246, [6])
(28247, [6, 2])
(28248, [6, 43, 3, 40, 2])
(28249, [6, 19, 44, 43, 41, 24, 4, 15, 12, 2, 14])
(28250, [6])
(28251, [6])
(28252, [6])
(28253, [6])
(28254, [6])
(28255, [6, 26, 3])
(28256, [6])
(28257, [6])
(28258, [28, 17, 19, 43, 39, 40, 2])
(28259, [17])
(28260, [17, 12])
(28261, [17, 44])
(28262, [17, 24, 12, 5])
(28263, [17, 1, 19, 25])
(28264, [17])
(28265, [17])
(28266, [17])
(28267, [17, 3])
(28268, [17])
(28269, [17, 19, 44, 4])
(28270, [17])
(28271, [17])
(28272, [17, 8, 41])
(28273, [1, 3])
(28274, [1])
(28275, [1, 3])
(28276, [1, 3])
(28277, [1])
(28278, [1, 3])
(28279, [1, 21, 3])
(28280, [1])
(28281, [1, 21, 3, 12])
(28282, [1, 2])
(28283, [1])
(28284, [1, 3])
(28285, [1, 8])
(28286, [1])
(28287, [1, 3])
(28288, [1, 36])
(28289, [1])
(28290, [1, 30, 3])
(28291, [1])
(28292, [1, 3])
(28293, [1, 21, 3])
(28294, [1])
(28295, [1, 44, 3])
(28296, [1, 4])
(28297, [1])
(28298, [1])
(28299, [1, 3])
(28300, [1, 3, 40, 2])
(28301, [1])
(28302, [1])
(28303, [1, 31, 2])
(28304, [1, 21, 23, 3, 22])
(28305, [1, 44, 3])
(28306, [1])
(28307, [1, 26, 3, 2])
(28308, [1])
(28309, [1, 19, 21, 3, 12])
(28310, [1, 2])
(28311, [1])
(28312, [1])
(28313, [1, 12])
(28314, [1])
(28315, [1, 8, 21, 37])
(28316, [1, 19, 3, 22])
(28317, [1])
(28318, [1])
(28319, [10])
(28320, [10])
(28321, [10])
(28322, [10])
(28323, [10])
(28324, [10])
(28325, [10])
(28326, [10])
(28327, [10])
(28328, [10, 44, 43])
(28329, [10])
(28330, [19])
(28331, [19])
(28332, [19])
(28333, [19])
(28334, [19])
(28335, [19])
(28336, [19])
(28337, [19])
(28338, [19])
(28339, [19, 15])
(28340, [19])
(28341, [19])
(28342, [19, 26])
(28343, [19])
(28344, [19])
(28345, [19])
(28346, [19])
(28347, [19, 23])
(28348, [26, 2])
(28349, [26, 43])
(28350, [26, 43])
(28351, [26])
(28352, [26, 21, 4, 22])
(28353, [26])
(28354, [26])
(28355, [26])
(28356, [26, 36, 15, 2])
(28357, [26])
(28358, [26, 43, 41, 4])
(28359, [26])
(28360, [26])
(28361, [26, 2])
(28362, [26])
(28363, [26, 31, 30])
(28364, [26])
(28365, [26, 21, 43])
(28366, [26, 2])
(28367, [26, 14])
(28368, [26, 4])
(28369, [26])
(28370, [26, 2])
(28371, [26, 39, 4, 40, 2])
(28372, [26])
(28373, [26])
(28374, [8, 23])
(28375, [8])
(28376, [8, 23])
(28377, [8])
(28378, [8])
(28379, [8])
(28380, [8])
(28381, [8])
(28382, [8])
(28383, [8, 23])
(28384, [8])
(28385, [8])
(28386, [21])
(28387, [21, 44])
(28388, [21])
(28389, [21])
(28390, [21])
(28391, [21, 3])
(28392, [21])
(28393, [21])
(28394, [21])
(28395, [21, 12])
(28396, [21])
(28397, [21])
(28398, [21, 12])
(28399, [21, 3])
(28400, [21])
(28401, [21])
(28402, [21])
(28403, [21])
(28404, [21, 31])
(28405, [21])
(28406, [21])
(28407, [21, 23, 3])
(28408, [21, 37])
(28409, [21])
(28410, [21])
(28411, [21])
(28412, [21])
(28413, [21])
(28414, [21])
(28415, [21])
(28416, [21])
(28417, [21])
(28418, [21])
(28419, [21])
(28420, [21])
(28421, [21])
(28422, [44])
(28423, [44])
(28424, [44])
(28425, [44, 2])
(28426, [44])
(28427, [44, 43, 41, 4, 40])
(28428, [44])
(28429, [44, 43, 41, 24, 40, 2])
(28430, [44])
(28431, [44])
(28432, [44])
(28433, [44])
(28434, [44, 3])
(28435, [44, 43])
(28436, [44])
(28437, [44])
(28438, [44])
(28439, [43])
(28440, [43])
(28441, [43])
(28442, [43])
(28443, [43])
(28444, [43])
(28445, [43, 23, 15, 3])
(28446, [43])
(28447, [43])
(28448, [43])
(28449, [43])
(28450, [43])
(28451, [43])
(28452, [38])
(28453, [38])
(28454, [38])
(28455, [38])
(28456, [36])
(28457, [36])
(28458, [36])
(28459, [36])
(28460, [36])
(28461, [36])
(28462, [36])
(28463, [36])
(28464, [36])
(28465, [36])
(28466, [36])
(28467, [36])
(28468, [36])
(28469, [36])
(28470, [36])
(28471, [36])
(28472, [36])
(28473, [36])
(28474, [36])
(28475, [36])
(28476, [36])
(28477, [36])
(28478, [36])
(28479, [31])
(28480, [31])
(28481, [31])
(28482, [31])
(28483, [31, 3])
(28484, [31])
(28485, [31])
(28486, [30])
(28487, [30])
(28488, [30])
(28489, [30])
(28490, [30])
(28491, [30, 12, 2])
(28492, [30])
(28493, [30])
(28494, [37])
(28495, [37])
(28496, [39])
(28497, [39])
(28498, [39])
(28499, [39, 22])
(28500, [39])
(28501, [39])
(28502, [39])
(28503, [39])
(28504, [39, 3])
(28505, [39])
(28506, [41])
(28507, [41])
(28508, [41, 2])
(28509, [41])
(28510, [41])
(28511, [41, 3])
(28512, [41])
(28513, [41, 3])
(28514, [41])
(28515, [41])
(28516, [24])
(28517, [24])
(28518, [24])
(28519, [24])
(28520, [24])
(28521, [24, 15])
(28522, [23])
(28523, [23])
(28524, [23])
(28525, [23])
(28526, [23])
(28527, [23])
(28528, [23])
(28529, [23])
(28530, [23])
(28531, [23])
(28532, [23])
(28533, [23])
(28534, [23])
(28535, [23])
(28536, [23])
(28537, [23])
(28538, [23])
(28539, [23])
(28540, [23])
(28541, [23])
(28542, [23])
(28543, [23])
(28544, [23])
(28545, [23])
(28546, [23])
(28547, [23])
(28548, [23])
(28549, [23, 2])
(28550, [23])
(28551, [23])
(28552, [23])
(28553, [23])
(28554, [23])
(28555, [23])
(28556, [23])
(28557, [23])
(28558, [23])
(28559, [23])
(28560, [23])
(28561, [23])
(28562, [23])
(28563, [23])
(28564, [23])
(28565, [23, 2])
(28566, [23])
(28567, [23])
(28568, [23])
(28569, [23, 2])
(28570, [23])
(28571, [23])
(28572, [23])
(28573, [23])
(28574, [23])
(28575, [23])
(28576, [23])
(28577, [23])
(28578, [23])
(28579, [23])
(28580, [23, 3, 12])
(28581, [23])
(28582, [23])
(28583, [23])
(28584, [23])
(28585, [23])
(28586, [23])
(28587, [23])
(28588, [23])
(28589, [23])
(28590, [4])
(28591, [4, 14])
(28592, [4])
(28593, [4])
(28594, [4])
(28595, [4])
(28596, [4])
(28597, [4])
(28598, [4])
(28599, [4])
(28600, [4])
(28601, [4])
(28602, [4])
(28603, [4])
(28604, [4])
(28605, [4])
(28606, [4])
(28607, [4])
(28608, [4])
(28609, [4])
(28610, [4])
(28611, [15])
(28612, [15])
(28613, [15])
(28614, [15])
(28615, [15])
(28616, [15])
(28617, [15])
(28618, [15])
(28619, [15])
(28620, [15])
(28621, [15])
(28622, [15])
(28623, [15])
(28624, [15])
(28625, [3])
(28626, [3])
(28627, [3])
(28628, [3])
(28629, [3])
(28630, [3])
(28631, [3])
(28632, [3])
(28633, [3])
(28634, [3])
(28635, [3])
(28636, [3])
(28637, [3, 14])
(28638, [3])
(28639, [3, 12, 2])
(28640, [3])
(28641, [3])
(28642, [3])
(28643, [3])
(28644, [3])
(28645, [3])
(28646, [3, 2])
(28647, [3])
(28648, [3])
(28649, [3])
(28650, [3])
(28651, [3, 2, 14])
(28652, [3])
(28653, [3])
(28654, [3])
(28655, [3])
(28656, [3])
(28657, [3])
(28658, [12])
(28659, [12])
(28660, [12])
(28661, [12])
(28662, [12])
(28663, [12])
(28664, [12])
(28665, [12])
(28666, [12])
(28667, [12])
(28668, [12])
(28669, [12])
(28670, [12])
(28671, [12])
(28672, [12])
(28673, [12])
(28674, [12])
(28675, [12])
(28676, [12])
(28677, [12])
(28678, [12])
(28679, [12])
(28680, [12])
(28681, [12])
(28682, [12])
(28683, [12])
(28684, [12])
(28685, [12])
(28686, [12])
(28687, [12])
(28688, [12])
(28689, [12])
(28690, [12])
(28691, [12])
(28692, [12])
(28693, [12])
(28694, [12])
(28695, [12])
(28696, [12, 40])
(28697, [12])
(28698, [12, 2])
(28699, [12])
(28700, [12])
(28701, [12])
(28702, [12])
(28703, [12])
(28704, [12])
(28705, [12])
(28706, [12])
(28707, [12])
(28708, [12])
(28709, [12])
(28710, [12])
(28711, [12])
(28712, [12])
(28713, [12])
(28714, [12])
(28715, [12])
(28716, [12])
(28717, [12])
(28718, [12])
(28719, [12])
(28720, [12])
(28721, [12])
(28722, [12])
(28723, [12])
(28724, [12])
(28725, [40])
(28726, [40])
(28727, [40, 2])
(28728, [2])
(28729, [2])
(28730, [2])
(28731, [2])
(28732, [2])
(28733, [2])
(28734, [2])
(28735, [2])
(28736, [2])
(28737, [2])
(28738, [2])
(28739, [2])
(28740, [2])
(28741, [2])
(28742, [2])
(28743, [2])
(28744, [2])
(28745, [2])
(28746, [2])
(28747, [2])
(28748, [2])
(28749, [2, 14])
(28750, [2])
(28751, [2])
(28752, [2])
(28753, [2])
(28754, [2])
(28755, [2])
(28756, [2])
(28757, [2])
(28758, [2])
(28759, [2])
(28760, [2])
(28761, [2])
(28762, [2])
(28763, [2])
(28764, [2])
(28765, [2])
(28766, [2])
(28767, [2])
(28768, [2])
(28769, [2])
(28770, [2])
(28771, [2])
(28772, [2])
(28773, [2])
(28774, [2])
(28775, [2])
(28776, [2])
(28777, [2])
(28778, [2])
(28779, [2, 5])
(28780, [2])
(28781, [2])
(28782, [2])
(28783, [2])
(28784, [2])
(28785, [2])
(28786, [2, 14])
(28787, [2])
(28788, [2])
(28789, [2])
(28790, [2])
(28791, [2])
(28792, [2])
(28793, [2])
(28794, [2])
(28795, [2])
(28796, [2])
(28797, [2])
(28798, [2])
(28799, [2])
(28800, [2])
(28801, [13])
(28802, [13])
(28803, [13])
(28804, [13])
(28805, [5])
(28806, [5])
(28807, [5])
(28808, [5])
(28809, [5])
(28810, [5])
(28811, [14])
(28812, [14])
(28813, [14])
(28814, [14])
(28815, [14])
(28816, [14])
(28817, [14])
(28818, [14])
(28819, [14])
(28820, [14])
(28821, [14])
(28822, [14])
(28823, [14])
(28824, [14])
(28825, [14])
(28826, [14])
(28827, [14])
(28828, [14])
(28829, [14])
(28830, [14])
(28831, [22])
(28832, [22])
(28833, [22])
(28834, [22])
(28835, [22])
(28836, [22])
(28837, [22])
(28838, [22])
(28839, [25])
