(96124, [0, 1, 2, 3, 4, 5, 6, 7, 8, 9, 10, 11, 12, 13, 14, 15, 16, 17, 18, 19, 20, 21, 22, 23, 24, 25, 26, 27, 28, 29, 30, 31, 32, 33, 34, 35, 36, 37, 38, 39, 40, 41, 42, 43, 44])
(96125, [0, 1, 2, 3, 4, 5, 6, 7, 8, 9, 10, 11, 12, 13, 14, 15, 16, 17, 18, 19, 20, 21, 22, 23, 24, 25, 26, 27, 28, 29, 30, 31, 32, 33, 34, 35, 36, 37, 38, 39, 40, 41, 42, 43, 44])
(96126, [0, 1, 2, 3, 4, 5, 6, 7, 8, 9, 10, 11, 12, 13, 14, 15, 16, 17, 18, 19, 20, 21, 22, 23, 24, 25, 26, 27, 28, 29, 30, 31, 32, 33, 34, 35, 36, 37, 38, 39, 40, 41, 42, 43, 44])
(96127, [4, 8, 12, 13, 16, 18, 21, 22, 23, 27, 32, 35, 39, 43])
(96128, [0, 1, 2, 3, 4, 5, 6, 7, 8, 9, 10, 11, 12, 13, 14, 15, 16, 17, 18, 19, 20, 21, 22, 23, 24, 25, 26, 27, 28, 29, 30, 31, 32, 33, 34, 35, 36, 37, 38, 39, 40, 41, 42, 43, 44])
(96129, [0, 1, 2, 3, 4, 5, 6, 7, 8, 9, 10, 11, 12, 13, 14, 15, 16, 17, 18, 19, 20, 21, 22, 23, 24, 25, 26, 27, 28, 29, 30, 31, 32, 33, 34, 35, 36, 37, 38, 39, 40, 41, 42, 43, 44])
(96130, [0, 1, 2, 3, 4, 5, 6, 7, 8, 9, 10, 11, 12, 13, 14, 15, 16, 17, 18, 19, 20, 21, 22, 23, 24, 25, 26, 27, 28, 29, 30, 31, 32, 33, 34, 35, 36, 37, 38, 39, 40, 41, 42, 43, 44])
(96131, [1, 2, 3, 4, 11, 14, 19, 21, 24, 26, 27, 32, 39, 44])
(96132, [0, 1, 2, 3, 4, 6, 7, 8, 10, 11, 12, 13, 15, 16, 18, 19, 20, 21, 22, 23, 24, 26, 27, 30, 31, 32, 34, 35, 42, 43, 44])
(96133, [0, 1, 2, 3, 4, 5, 6, 7, 8, 9, 11, 12, 13, 14, 15, 16, 17, 18, 19, 20, 21, 22, 23, 24, 25, 26, 27, 28, 29, 30, 31, 32, 33, 34, 35, 36, 37, 38, 39, 40, 41, 42, 43, 44])
(96134, [0, 1, 2, 3, 4, 5, 6, 7, 9, 11, 12, 14, 15, 16, 17, 18, 19, 21, 23, 24, 25, 26, 30, 31, 32, 33, 38, 40, 41, 42])
(96135, [0, 1, 2, 3, 4, 5, 6, 7, 8, 9, 10, 11, 12, 13, 14, 15, 16, 17, 18, 19, 20, 21, 22, 23, 24, 25, 26, 27, 28, 29, 30, 31, 32, 33, 34, 35, 36, 38, 39, 40, 41, 42, 43, 44])
(96136, [0, 1, 2, 3, 4, 5, 6, 7, 8, 9, 11, 12, 13, 14, 15, 16, 17, 18, 19, 20, 21, 22, 23, 24, 26, 27, 29, 30, 31, 32, 33, 34, 35, 36, 37, 38, 40, 41, 42, 43, 44])
(96137, [0, 1, 2, 3, 4, 6, 9, 10, 11, 13, 14, 15, 16, 17, 18, 19, 20, 21, 22, 25, 29, 30, 31, 32, 33, 34, 35, 39, 40, 41, 43, 44])
(96138, [0, 2, 6, 9, 11, 18, 24, 26, 31, 32, 34, 41, 43])
(96139, [0, 1, 2, 3, 4, 6, 7, 9, 11, 12, 13, 14, 15, 16, 17, 18, 19, 20, 21, 23, 24, 25, 26, 27, 28, 30, 31, 32, 33, 34, 35, 37, 39, 40, 41, 42, 43, 44])
(96140, [6, 9, 11, 12, 13, 15, 18, 23, 26, 30, 31, 32, 33, 34, 41])
(96141, [1, 2, 6, 7, 8, 10, 11, 12, 14, 15, 16, 17, 18, 24, 25, 26, 30, 31, 32, 33, 34, 36, 40, 41, 43, 44])
(96142, [1, 3, 4, 6, 7, 8, 9, 11, 12, 13, 15, 16, 17, 18, 20, 22, 24, 26, 30, 32, 33, 34, 42, 44])
(96143, [1, 2, 3, 4, 6, 7, 9, 11, 12, 13, 14, 15, 16, 17, 19, 20, 24, 26, 30, 31, 32, 33, 35, 41, 44])
(96144, [0, 1, 2, 4, 9, 11, 12, 15, 17, 18, 19, 26, 30, 31, 32, 33, 34, 41, 43])
(96145, [2, 4, 15, 17, 18, 23, 24, 32, 36, 41, 44])
(96146, [0, 1, 2, 3, 4, 6, 7, 9, 11, 12, 13, 14, 15, 16, 17, 19, 20, 23, 24, 25, 26, 30, 31, 32, 33, 34, 35, 36, 37, 40, 41, 42, 43, 44])
(96147, [6, 15, 18, 19, 26, 30, 31, 32, 33, 34, 41, 43])
(96148, [0, 1, 2, 3, 4, 5, 6, 7, 8, 9, 10, 11, 12, 13, 14, 15, 16, 17, 18, 19, 20, 21, 22, 23, 24, 25, 26, 27, 28, 29, 30, 31, 32, 33, 34, 35, 36, 37, 38, 39, 40, 41, 42, 43, 44])
(96149, [0, 4, 11, 15, 18, 30, 32, 33, 34, 39, 41])
(96150, [1, 2, 3, 4, 6, 8, 11, 12, 13, 15, 16, 17, 18, 19, 20, 21, 23, 24, 26, 27, 28, 30, 31, 32, 33, 34, 35, 37, 38, 41, 42, 44])
(96151, [8, 9, 31, 32])
(96152, [0, 1, 2, 3, 6, 9, 11, 12, 16, 22, 23, 30, 31, 32, 33, 34, 41, 42, 44])
(96153, [2, 12, 14, 26, 31, 32, 41])
(96154, [1, 2, 3, 4, 6, 9, 11, 13, 15, 16, 18, 19, 21, 22, 23, 24, 32, 33, 35, 39, 40, 44])
(96155, [0, 3, 31, 32])
(96156, [0, 1, 2, 3, 4, 6, 9, 11, 12, 15, 16, 17, 18, 19, 21, 22, 23, 25, 27, 29, 30, 32, 33, 34, 35, 39, 40, 41, 43, 44])
(96157, [0, 1, 2, 3, 4, 6, 8, 9, 11, 12, 14, 15, 16, 17, 18, 19, 21, 22, 23, 24, 25, 26, 27, 30, 31, 32, 33, 34, 39, 40, 42, 43, 44])
(96158, [1, 2, 3, 4, 6, 7, 8, 9, 10, 11, 12, 13, 14, 15, 16, 17, 18, 19, 20, 21, 22, 23, 26, 29, 30, 31, 32, 33, 34, 35, 37, 38, 39, 40, 41, 43, 44])
(96159, [17, 32])
(96160, [4, 14, 32])
(96161, [32])
(96162, [0, 1, 2, 3, 4, 5, 6, 7, 9, 10, 11, 14, 15, 16, 17, 18, 19, 20, 21, 22, 23, 24, 26, 27, 28, 29, 30, 31, 32, 33, 34, 35, 38, 39, 41, 42, 43, 44])
(96163, [1, 3, 4, 5, 7, 11, 12, 17, 18, 19, 22, 31, 32, 36, 43])
(96164, [2, 4, 8, 9, 19, 26, 30, 31, 32, 44])
(96165, [1, 2, 3, 4, 6, 7, 9, 13, 14, 15, 18, 24, 26, 28, 30, 31, 32, 33, 34, 41, 43])
(96166, [1, 2, 3, 4, 6, 7, 9, 11, 13, 14, 17, 18, 19, 20, 22, 30, 31, 32, 33, 34, 36, 41, 42, 43, 44])
(96167, [2, 4, 9, 12, 14, 15, 19, 23, 28, 32, 39, 41, 43])
(96168, [0, 1, 3, 9, 16, 18, 31, 32, 43])
(96169, [0, 4, 6, 27, 32, 34, 43])
(96170, [32])
(96171, [2, 3, 12, 14, 17, 24, 26, 32, 40, 41, 43])
(96172, [0, 1, 2, 3, 4, 7, 9, 11, 12, 14, 15, 20, 21, 24, 26, 28, 30, 32, 33, 34, 35, 36, 39, 40])
(96173, [1, 3, 4, 9, 11, 18, 23, 32, 33, 44])
(96174, [0, 1, 2, 3, 6, 7, 11, 12, 15, 16, 18, 21, 23, 30, 32, 33, 35, 38, 44])
(96175, [1, 7, 11, 18, 19, 21, 23, 29, 31, 32, 34])
(96176, [0, 1, 3, 4, 5, 6, 7, 8, 9, 11, 12, 15, 18, 19, 21, 22, 23, 24, 26, 30, 31, 32, 34, 35, 38, 39, 40, 42, 43, 44])
(96177, [0, 1, 2, 3, 4, 9, 12, 15, 16, 19, 20, 22, 27, 32, 38])
(96178, [0, 1, 14, 15, 16, 20, 21, 26, 30, 32, 33, 42])
(96179, [32])
(96180, [4, 6, 23, 26, 30, 32, 43, 44])
(96181, [1, 2, 3, 4, 6, 11, 14, 15, 19, 21, 23, 26, 31, 32, 33, 37, 43])
(96182, [32])
(96183, [1, 12, 16, 19, 22, 24, 32, 41])
(96184, [1, 2, 3, 9, 15, 17, 18, 19, 21, 22, 23, 24, 25, 29, 30, 31, 32, 33, 34, 36, 40, 43, 44])
(96185, [1, 2, 3, 15, 16, 32, 40, 43])
(96186, [0, 1, 2, 3, 4, 6, 7, 9, 10, 11, 12, 13, 15, 16, 17, 18, 19, 20, 21, 22, 23, 24, 26, 27, 28, 30, 31, 32, 34, 39, 41, 43, 44])
(96187, [3, 8, 9, 11, 19, 32, 41, 44])
(96188, [0, 1, 2, 3, 4, 6, 7, 8, 10, 11, 12, 16, 17, 18, 19, 20, 21, 22, 23, 24, 26, 30, 31, 32, 33, 35, 38, 40, 42, 43, 44])
(96189, [0, 1, 3, 4, 7, 12, 15, 21, 27, 28, 31, 32, 33, 40, 44])
(96190, [0, 1, 3, 7, 9, 12, 16, 19, 21, 23, 31, 32, 33, 34, 42])
(96191, [1, 2, 3, 5, 6, 7, 8, 9, 10, 11, 12, 13, 15, 16, 18, 19, 21, 22, 23, 26, 30, 31, 32, 33, 34, 35, 37, 41, 43, 44])
(96192, [1, 2, 3, 5, 6, 7, 8, 9, 12, 14, 15, 18, 19, 20, 23, 24, 25, 30, 31, 32, 33, 34, 35, 39, 40, 41, 42, 43, 44])
(96193, [0, 1, 3, 5, 9, 10, 11, 13, 14, 15, 18, 19, 21, 22, 23, 26, 30, 31, 32, 33, 34, 35, 41, 43, 44])
(96194, [15, 32])
(96195, [0, 1, 2, 3, 4, 7, 8, 9, 10, 15, 16, 18, 20, 23, 24, 28, 31, 32, 33, 34, 37, 40, 41, 42, 44])
(96196, [1, 2, 6, 8, 9, 11, 16, 18, 19, 21, 23, 24, 26, 32, 33, 35, 41, 43, 44])
(96197, [0, 3, 4, 6, 8, 15, 16, 18, 21, 23, 30, 31, 32, 33, 39])
(96198, [0, 2, 3, 4, 11, 14, 17, 19, 24, 26, 30, 31, 32, 34, 38, 41, 43])
(96199, [1, 3, 4, 9, 11, 17, 18, 19, 21, 26, 30, 31, 32])
(96200, [9, 13, 14, 18, 25, 26, 32, 40])
(96201, [0, 1, 9, 18, 20, 32])
(96202, [0, 1, 2, 3, 4, 6, 7, 8, 9, 10, 11, 12, 14, 15, 16, 17, 18, 19, 20, 21, 23, 24, 26, 28, 30, 31, 32, 33, 34, 37, 39, 40, 41, 42, 43, 44])
(96203, [0, 2, 3, 6, 7, 9, 10, 11, 16, 20, 23, 24, 26, 30, 32, 34, 37, 42, 43, 44])
(96204, [1, 2, 3, 4, 5, 6, 7, 9, 10, 11, 12, 13, 14, 15, 16, 17, 18, 19, 20, 21, 22, 23, 24, 26, 28, 30, 31, 32, 33, 34, 37, 41, 42, 43, 44])
(96205, [0, 1, 2, 3, 4, 6, 7, 9, 11, 12, 13, 14, 16, 17, 19, 20, 22, 23, 24, 26, 30, 32, 34, 36, 40, 41, 43, 44])
(96206, [1, 3, 4, 9, 11, 12, 13, 16, 17, 23, 26, 30, 32, 33, 34, 40, 41, 43, 44])
(96207, [0, 1, 2, 3, 8, 9, 11, 12, 16, 19, 21, 22, 24, 29, 31, 32, 33, 35, 40])
(96208, [0, 1, 2, 3, 4, 5, 6, 7, 8, 9, 11, 14, 15, 16, 18, 19, 20, 21, 22, 23, 24, 25, 26, 28, 30, 31, 32, 33, 34, 35, 37, 38, 41, 42, 43, 44])
(96209, [0, 1, 2, 3, 7, 9, 11, 12, 13, 16, 17, 19, 24, 26, 30, 31, 32, 33, 34, 43, 44])
(96210, [0, 1, 2, 3, 5, 9, 11, 14, 15, 16, 18, 19, 23, 31, 32, 33, 36, 43])
(96211, [1, 2, 3, 4, 5, 7, 8, 9, 11, 12, 14, 16, 17, 18, 19, 20, 21, 26, 29, 30, 32, 33, 38, 39, 41, 42, 43, 44])
(96212, [15, 32])
(96213, [15, 32, 33])
(96214, [32])
(96215, [32])
(96216, [3, 8, 15, 16, 17, 18, 19, 23, 31, 32, 44])
(96217, [1, 3, 8, 9, 11, 12, 13, 16, 17, 22, 23, 30, 31, 32, 33, 34, 35, 37, 43, 44])
(96218, [0, 1, 3, 9, 11, 21, 22, 31, 32, 33])
(96219, [32])
(96220, [1, 2, 3, 6, 18, 30, 32, 34, 43])
(96221, [2, 6, 11, 13, 16, 17, 19, 21, 24, 26, 30, 32, 33, 41, 43, 44])
(96222, [35])
(96223, [2, 3, 35])
(96224, [35])
(96225, [0, 3, 8, 9, 15, 18, 21, 22, 35, 39, 42, 43, 44])
(96226, [1, 3, 8, 9, 10, 12, 16, 20, 21, 23, 30, 34, 35, 37, 44])
(96227, [8, 11, 18, 23, 35, 43, 44])
(96228, [1, 3, 12, 19, 23, 31, 34, 35])
(96229, [35])
(96230, [0, 1, 2, 3, 4, 6, 9, 11, 12, 20, 21, 28, 35, 43, 44])
(96231, [2, 4, 6, 18, 35, 40, 43])
(96232, [1, 7, 8, 18, 26, 30, 33, 34, 35])
(96233, [8, 12, 14, 18, 22, 23, 35])
(96234, [35])
(96235, [0, 1, 2, 3, 4, 6, 7, 8, 9, 11, 12, 13, 14, 15, 16, 17, 18, 23, 24, 26, 31, 33, 34, 35, 36, 40, 43, 44])
(96236, [0, 1, 3, 4, 5, 8, 11, 12, 13, 16, 18, 21, 22, 23, 24, 26, 27, 35, 38, 39, 44])
(96237, [35])
(96238, [35])
(96239, [35])
(96240, [35])
(96241, [35])
(96242, [0, 1, 2, 3, 4, 6, 7, 10, 11, 12, 13, 15, 16, 17, 18, 20, 23, 26, 27, 28, 30, 31, 34, 35, 38, 39, 40, 41, 42, 43, 44])
(96243, [35])
(96244, [1, 2, 3, 4, 6, 7, 11, 12, 14, 16, 18, 19, 21, 23, 30, 31, 33, 35, 36, 38, 42, 43, 44])
(96245, [35])
(96246, [0, 1, 2, 3, 10, 11, 12, 13, 14, 16, 17, 18, 23, 31, 35, 41, 42, 43, 44])
(96247, [9, 35])
(96248, [35])
(96249, [35])
(96250, [2, 3, 35])
(96251, [2, 15, 16, 19, 35, 43])
(96252, [35])
(96253, [0, 1, 2, 3, 4, 9, 11, 13, 14, 16, 17, 18, 19, 31, 35, 40, 41, 42, 43, 44])
(96254, [0, 1, 2, 3, 4, 11, 12, 16, 17, 19, 21, 22, 23, 29, 31, 34, 35, 39, 44])
(96255, [0, 1, 3, 7, 15, 33, 35])
(96256, [1, 3, 6, 15, 18, 35, 42, 43])
(96257, [8, 15, 18, 23, 35])
(96258, [1, 3, 4, 9, 11, 19, 21, 23, 34, 35, 44])
(96259, [35])
(96260, [35])
(96261, [2, 30, 34])
(96262, [34])
(96263, [1, 3, 8, 15, 18, 22, 23, 29, 30, 31, 33, 34, 44])
(96264, [1, 3, 6, 22, 31, 33, 34, 38])
(96265, [9, 34])
(96266, [0, 1, 2, 8, 9, 11, 12, 15, 18, 19, 20, 22, 29, 30, 31, 34])
(96267, [0, 2, 6, 9, 12, 15, 18, 21, 23, 26, 31, 34])
(96268, [19, 34])
(96269, [1, 2, 3, 26, 31, 34, 42, 43])
(96270, [3, 8, 9, 12, 16, 34, 37])
(96271, [0, 1, 3, 6, 7, 11, 15, 16, 18, 19, 20, 22, 26, 30, 34, 36])
(96272, [0, 1, 2, 3, 4, 7, 9, 11, 12, 14, 15, 16, 17, 19, 20, 26, 30, 31, 33, 34, 41, 43, 44])
(96273, [20, 34])
(96274, [4, 17, 31, 34])
(96275, [2, 14, 15, 17, 34, 41])
(96276, [0, 9, 14, 16, 17, 19, 30, 34, 41, 43, 44])
(96277, [34])
(96278, [0, 1, 2, 3, 4, 6, 7, 9, 11, 12, 14, 15, 18, 19, 20, 23, 26, 28, 30, 31, 33, 34, 37, 39, 43])
(96279, [0, 1, 11, 34])
(96280, [1, 2, 3, 7, 8, 9, 11, 15, 16, 18, 19, 20, 21, 23, 24, 26, 27, 31, 33, 34, 36, 39, 40, 41, 42, 44])
(96281, [2, 11, 13, 16, 21, 22, 33, 34, 41, 44])
(96282, [34, 43])
(96283, [34])
(96284, [1, 2, 3, 4, 7, 9, 11, 12, 15, 18, 19, 21, 22, 23, 26, 31, 33, 34, 36, 41, 42, 44])
(96285, [34])
(96286, [34])
(96287, [14, 34])
(96288, [11, 34])
(96289, [0, 2, 3, 4, 6, 11, 12, 14, 15, 18, 21, 24, 27, 34, 36, 44])
(96290, [34])
(96291, [0, 2, 4, 13, 14, 33, 34])
(96292, [2, 11, 14, 15, 16, 17, 24, 26, 28, 30, 31, 33, 34, 36, 39, 40, 41, 44])
(96293, [11, 19, 22, 30, 34, 41])
(96294, [1, 3, 6, 18, 19, 23, 34])
(96295, [34])
(96296, [3, 18, 21, 29, 34])
(96297, [2, 3, 4, 11, 12, 13, 31, 33, 34])
(96298, [23, 34])
(96299, [0, 9, 10, 11, 12, 33, 34, 41, 44])
(96300, [3, 23, 34])
(96301, [34, 36])
(96302, [1, 2, 3, 4, 13, 17, 26, 31, 33, 34, 41, 43])
(96303, [2, 26, 31, 34])
(96304, [1, 3, 6, 18, 19, 22, 24, 30, 31, 33, 34, 41, 44])
(96305, [0, 19, 23, 29, 31, 34, 43])
(96306, [1, 2, 3, 11, 19, 21, 22, 23, 31, 33, 34, 43])
(96307, [1, 3, 6, 8, 9, 16, 18, 19, 20, 34, 36, 39, 42])
(96308, [9, 18, 30, 31, 33, 34])
(96309, [6, 11, 17, 31, 34])
(96310, [34])
(96311, [1, 3, 9, 20, 26, 31, 34, 38])
(96312, [34])
(96313, [2, 3, 4, 5, 7, 9, 11, 12, 16, 21, 24, 26, 34, 41])
(96314, [0, 1, 2, 3, 7, 10, 11, 12, 13, 15, 20, 30, 31, 33, 34, 44])
(96315, [2, 9, 11, 12, 16, 23, 26, 30, 34, 43])
(96316, [34])
(96317, [1, 4, 6, 18, 21, 29, 30, 33, 34])
(96318, [34])
(96319, [34])
(96320, [0, 9, 15, 23, 34, 43])
(96321, [0, 1, 3, 12, 16, 24, 34])
(96322, [34])
(96323, [0, 1, 4, 12, 16, 20, 21, 22, 23, 31, 33, 34])
(96324, [3, 6, 11, 15, 17, 18, 19, 21, 22, 23, 34, 38, 41, 44])
(96325, [34])
(96326, [34])
(96327, [15, 34])
(96328, [34])
(96329, [34])
(96330, [0, 1, 3, 9, 10, 12, 16, 17, 20, 22, 34, 39, 42, 43])
(96331, [1, 2, 3, 7, 15, 23, 26, 30, 31, 34])
(96332, [19, 34])
(96333, [0, 1, 33])
(96334, [33])
(96335, [30, 33])
(96336, [33])
(96337, [33])
(96338, [33])
(96339, [0, 1, 3, 7, 9, 12, 16, 20, 26, 27, 30, 33, 44])
(96340, [3, 33])
(96341, [4, 6, 26, 33])
(96342, [11, 26, 33])
(96343, [1, 2, 3, 4, 6, 7, 9, 11, 12, 13, 15, 16, 17, 18, 19, 21, 22, 24, 26, 28, 33, 36, 39, 43])
(96344, [0, 2, 4, 6, 12, 13, 15, 16, 18, 20, 31, 33, 41])
(96345, [2, 3, 6, 9, 11, 12, 14, 17, 23, 33, 40])
(96346, [33])
(96347, [0, 33])
(96348, [3, 12, 33])
(96349, [1, 3, 6, 18, 20, 26, 33, 39])
(96350, [4, 33, 41])
(96351, [1, 3, 11, 23, 24, 33])
(96352, [0, 2, 3, 4, 20, 33, 36, 43, 44])
(96353, [0, 1, 3, 5, 8, 9, 11, 23, 24, 31, 33, 43])
(96354, [33])
(96355, [1, 2, 3, 5, 8, 12, 15, 16, 19, 21, 22, 23, 24, 25, 33, 37, 39, 41, 44])
(96356, [33])
(96357, [19, 33])
(96358, [3, 17, 24, 33])
(96359, [0, 1, 3, 33])
(96360, [1, 3, 6, 9, 12, 15, 16, 17, 20, 23, 24, 26, 31, 33, 38, 44])
(96361, [1, 3, 7, 19, 20, 31, 33])
(96362, [6, 9, 31, 33])
(96363, [2, 9, 22, 33, 39])
(96364, [33])
(96365, [33])
(96366, [18, 33])
(96367, [33])
(96368, [2, 12, 20, 21, 29])
(96369, [0, 3, 4, 8, 12, 18, 20, 23, 41, 44])
(96370, [1, 2, 3, 6, 11, 17, 19, 20, 22, 24, 36, 38, 40, 43, 44])
(96371, [0, 10, 20])
(96372, [20])
(96373, [20])
(96374, [3, 11, 16, 19, 20, 30, 31, 44])
(96375, [2, 19, 20])
(96376, [1, 3, 19, 20])
(96377, [1, 3, 5, 7, 9, 11, 12, 15, 19, 20, 21])
(96378, [0, 1, 4, 6, 7, 20, 23, 29, 44])
(96379, [20])
(96380, [0, 2, 3, 10, 11, 12, 15, 16, 17, 20, 24, 26, 30, 31, 44])
(96381, [1, 9, 10, 11, 12, 20, 21, 44])
(96382, [20, 43])
(96383, [1, 3, 20, 26])
(96384, [0, 9, 20])
(96385, [20, 41])
(96386, [20])
(96387, [20])
(96388, [0, 2, 4, 11, 20, 43, 44])
(96389, [0, 1, 3, 20])
(96390, [20])
(96391, [0, 2, 4, 6, 9, 11, 12, 13, 14, 15, 17, 18, 19, 23, 26, 27, 31, 40, 41, 43])
(96392, [18])
(96393, [18])
(96394, [18])
(96395, [18])
(96396, [18])
(96397, [18])
(96398, [17, 18, 21, 23, 29])
(96399, [18])
(96400, [4, 6, 15, 17, 18, 36, 41, 43, 44])
(96401, [4, 9, 18, 19, 41])
(96402, [18, 19, 22, 30, 43])
(96403, [18])
(96404, [18, 23])
(96405, [18])
(96406, [2, 18, 19, 21])
(96407, [0, 2, 3, 7, 18, 19])
(96408, [2, 18, 41])
(96409, [18])
(96410, [1, 3, 18, 21, 23, 26, 37, 38, 43, 44])
(96411, [1, 3, 17, 18])
(96412, [2, 18, 26])
(96413, [18, 21, 37])
(96414, [1, 3, 4, 7, 8, 9, 11, 18, 21, 23, 26, 44])
(96415, [1, 3, 4, 5, 6, 15, 18, 19, 23, 24, 26, 30, 37, 42])
(96416, [18])
(96417, [3, 15, 18, 23])
(96418, [18, 37])
(96419, [0, 1, 2, 3, 7, 12, 15, 18, 19, 39, 42])
(96420, [18])
(96421, [8, 18, 23])
(96422, [9, 18, 19, 28])
(96423, [18])
(96424, [18])
(96425, [18])
(96426, [18])
(96427, [8, 15, 18, 29])
(96428, [18])
(96429, [4, 18])
(96430, [0, 12, 18])
(96431, [18])
(96432, [18])
(96433, [13, 18, 26])
(96434, [12, 18])
(96435, [3, 6, 17, 18])
(96436, [18])
(96437, [18])
(96438, [18])
(96439, [2, 3, 4, 5, 9, 10, 11, 18, 23, 30, 31, 41, 43])
(96440, [18])
(96441, [1, 18, 31])
(96442, [18])
(96443, [18, 43])
(96444, [12, 15, 18, 23, 28, 44])
(96445, [15, 18])
(96446, [18])
(96447, [0, 3, 18])
(96448, [18])
(96449, [18])
(96450, [1, 3, 4, 6, 7, 11, 15, 17, 18, 22, 24, 39, 43, 44])
(96451, [18])
(96452, [18])
(96453, [18])
(96454, [2, 8, 11, 18, 19, 21, 22, 43])
(96455, [6, 18, 43])
(96456, [18])
(96457, [18])
(96458, [18])
(96459, [1, 2, 11, 14, 16, 18, 19, 23, 36, 43])
(96460, [18])
(96461, [18])
(96462, [18])
(96463, [18])
(96464, [18])
(96465, [1, 2, 12, 18, 31])
(96466, [18])
(96467, [0, 18])
(96468, [18])
(96469, [27])
(96470, [1, 3, 21, 27])
(96471, [3, 12, 26, 27])
(96472, [15, 27])
(96473, [27])
(96474, [2, 27])
(96475, [27])
(96476, [27])
(96477, [27])
(96478, [27])
(96479, [12, 27])
(96480, [0, 1, 2, 3, 9, 11, 12, 13, 15, 16, 17, 27, 30, 41, 44])
(96481, [0, 11, 12, 19, 21, 26, 27])
(96482, [27])
(96483, [6, 9])
(96484, [2, 9, 15, 23, 31])
(96485, [9, 19, 23, 36])
(96486, [9])
(96487, [9, 44])
(96488, [9])
(96489, [9, 11, 23, 26])
(96490, [9])
(96491, [2, 4, 6, 9, 15, 24, 26])
(96492, [1, 2, 3, 8, 9, 12, 22, 23, 37])
(96493, [2, 9])
(96494, [1, 9, 16, 23])
(96495, [9])
(96496, [9])
(96497, [9])
(96498, [0, 1, 3, 4, 9, 11, 19, 26, 43])
(96499, [9, 11, 26])
(96500, [9])
(96501, [1, 9, 31, 41, 43])
(96502, [9])
(96503, [2, 9, 14, 26, 40, 43, 44])
(96504, [9])
(96505, [9])
(96506, [2, 3, 9, 19, 22, 40])
(96507, [9, 24, 31])
(96508, [9])
(96509, [0, 2, 9, 11, 15, 17, 30, 36, 44])
(96510, [9])
(96511, [9])
(96512, [2, 9, 17, 44])
(96513, [9])
(96514, [9])
(96515, [1, 9])
(96516, [9])
(96517, [9])
(96518, [9, 22, 23])
(96519, [9])
(96520, [0, 3, 9, 12, 28])
(96521, [9])
(96522, [3, 4, 6, 9, 15, 16, 19, 23, 24, 31, 44])
(96523, [9])
(96524, [2, 6, 9, 30, 41])
(96525, [2, 9, 12, 16, 28, 43])
(96526, [9])
(96527, [9])
(96528, [9])
(96529, [3, 4, 9])
(96530, [9])
(96531, [9])
(96532, [9, 12])
(96533, [9])
(96534, [0])
(96535, [0])
(96536, [0])
(96537, [0])
(96538, [0])
(96539, [0])
(96540, [0])
(96541, [0, 12])
(96542, [0])
(96543, [0, 12])
(96544, [0, 10, 12])
(96545, [0])
(96546, [0, 14, 41])
(96547, [0, 7])
(96548, [0, 1])
(96549, [0])
(96550, [0])
(96551, [0, 16, 43])
(96552, [0])
(96553, [0])
(96554, [0])
(96555, [0])
(96556, [0])
(96557, [0, 2, 14])
(96558, [0, 1, 12, 16])
(96559, [0, 26, 38, 44])
(96560, [0])
(96561, [0, 3, 22])
(96562, [0])
(96563, [0])
(96564, [0])
(96565, [0])
(96566, [0])
(96567, [0])
(96568, [0])
(96569, [0])
(96570, [0])
(96571, [0])
(96572, [0])
(96573, [0])
(96574, [0])
(96575, [0])
(96576, [0, 1, 24, 44])
(96577, [0])
(96578, [0])
(96579, [0, 3, 12])
(96580, [0, 2, 14, 17])
(96581, [0])
(96582, [0, 1, 3, 7])
(96583, [0])
(96584, [0])
(96585, [0])
(96586, [0])
(96587, [0, 1, 6, 7, 11, 12, 17, 21, 31, 43, 44])
(96588, [0])
(96589, [0, 42])
(96590, [0, 6])
(96591, [0])
(96592, [0])
(96593, [0, 23, 30])
(96594, [0])
(96595, [0, 4])
(96596, [0])
(96597, [0])
(96598, [0, 1])
(96599, [0, 2, 11, 12])
(96600, [0, 8, 30, 44])
(96601, [0, 12, 17])
(96602, [0])
(96603, [0])
(96604, [0])
(96605, [0])
(96606, [0])
(96607, [0])
(96608, [0])
(96609, [0])
(96610, [0])
(96611, [0, 3])
(96612, [0, 12])
(96613, [0])
(96614, [0])
(96615, [0])
(96616, [0])
(96617, [0])
(96618, [0])
(96619, [0])
(96620, [0])
(96621, [0, 3, 10, 12, 26])
(96622, [0])
(96623, [0])
(96624, [0])
(96625, [0])
(96626, [0])
(96627, [0])
(96628, [0])
(96629, [0, 12])
(96630, [0])
(96631, [0])
(96632, [0, 1, 3, 6, 7, 10, 11, 16, 19, 21, 30, 31, 41, 42, 44])
(96633, [0])
(96634, [0])
(96635, [0, 3])
(96636, [0])
(96637, [0])
(96638, [0])
(96639, [0])
(96640, [0])
(96641, [0])
(96642, [0])
(96643, [0])
(96644, [0])
(96645, [0, 12])
(96646, [0])
(96647, [0])
(96648, [0])
(96649, [0])
(96650, [0, 14])
(96651, [0])
(96652, [0])
(96653, [0, 22])
(96654, [0])
(96655, [0, 3])
(96656, [0])
(96657, [0, 2, 8, 16, 39])
(96658, [0])
(96659, [0])
(96660, [0])
(96661, [0])
(96662, [0])
(96663, [0, 12])
(96664, [0])
(96665, [0])
(96666, [0, 12])
(96667, [0])
(96668, [0])
(96669, [0])
(96670, [0])
(96671, [0])
(96672, [0])
(96673, [0])
(96674, [0])
(96675, [0])
(96676, [0])
(96677, [0])
(96678, [0])
(96679, [0])
(96680, [0])
(96681, [0, 12])
(96682, [0])
(96683, [0, 12])
(96684, [0])
(96685, [0])
(96686, [0])
(96687, [0])
(96688, [0, 19, 44])
(96689, [0])
(96690, [0, 23])
(96691, [0])
(96692, [0])
(96693, [0, 1, 2, 3, 4, 11, 12, 14, 15, 19, 26, 30, 31, 39, 40, 44])
(96694, [0])
(96695, [0])
(96696, [0])
(96697, [0])
(96698, [0])
(96699, [0])
(96700, [0])
(96701, [0])
(96702, [0])
(96703, [0])
(96704, [0])
(96705, [0])
(96706, [0])
(96707, [0])
(96708, [0, 1, 6, 13, 31])
(96709, [0])
(96710, [0])
(96711, [0])
(96712, [0])
(96713, [0])
(96714, [0, 1])
(96715, [0])
(96716, [0])
(96717, [0])
(96718, [0])
(96719, [0])
(96720, [0])
(96721, [0])
(96722, [0, 12])
(96723, [0])
(96724, [0])
(96725, [0])
(96726, [0])
(96727, [0])
(96728, [0])
(96729, [0])
(96730, [0])
(96731, [0])
(96732, [0, 12, 21])
(96733, [0])
(96734, [0])
(96735, [0])
(96736, [0, 12])
(96737, [0])
(96738, [0])
(96739, [0])
(96740, [0, 1, 2, 44])
(96741, [0])
(96742, [0])
(96743, [0])
(96744, [0])
(96745, [0])
(96746, [0])
(96747, [0])
(96748, [0])
(96749, [0])
(96750, [0])
(96751, [0])
(96752, [0])
(96753, [0])
(96754, [0])
(96755, [0])
(96756, [0])
(96757, [0])
(96758, [0])
(96759, [0])
(96760, [0])
(96761, [0])
(96762, [0])
(96763, [0])
(96764, [0])
(96765, [0])
(96766, [0])
(96767, [0])
(96768, [0])
(96769, [0])
(96770, [0, 1, 6, 11, 12, 15, 16, 41])
(96771, [0])
(96772, [0])
(96773, [0])
(96774, [0])
(96775, [0])
(96776, [0])
(96777, [0])
(96778, [0, 12, 21, 41])
(96779, [0])
(96780, [0])
(96781, [0])
(96782, [0])
(96783, [0])
(96784, [0])
(96785, [0])
(96786, [0])
(96787, [0])
(96788, [0])
(96789, [0])
(96790, [0])
(96791, [0])
(96792, [0, 12])
(96793, [0])
(96794, [0])
(96795, [0])
(96796, [0])
(96797, [0])
(96798, [0])
(96799, [0])
(96800, [0])
(96801, [0])
(96802, [0])
(96803, [0])
(96804, [0])
(96805, [11])
(96806, [11])
(96807, [11])
(96808, [11])
(96809, [11])
(96810, [2, 6, 11, 24, 44])
(96811, [11, 26])
(96812, [11, 13, 19, 24])
(96813, [1, 2, 3, 7, 10, 11, 12, 15, 19, 22, 38])
(96814, [11])
(96815, [11])
(96816, [1, 11, 12, 17])
(96817, [11, 29])
(96818, [2, 6, 11, 14, 30, 36, 40, 41, 44])
(96819, [11])
(96820, [3, 11, 12, 19, 25, 39, 44])
(96821, [6, 11, 19, 21, 23, 25, 31, 44])
(96822, [11])
(96823, [11, 21])
(96824, [11])
(96825, [11])
(96826, [11])
(96827, [7, 11, 13, 23, 38])
(96828, [11])
(96829, [11])
(96830, [7])
(96831, [7])
(96832, [1, 3, 7, 17, 19])
(96833, [1, 2, 3, 4, 7, 12, 15, 19, 23, 30, 42, 43, 44])
(96834, [7])
(96835, [6, 7])
(96836, [1, 3, 7, 19, 21])
(96837, [1, 3, 7, 15, 19, 29])
(96838, [7, 23])
(96839, [7])
(96840, [1, 3, 7, 16])
(96841, [7])
(96842, [7, 12])
(96843, [7])
(96844, [7])
(96845, [1, 7, 24])
(96846, [1, 3, 7, 16, 30])
(96847, [7])
(96848, [29])
(96849, [29])
(96850, [2, 3, 12, 16, 17, 29, 36, 43, 44])
(96851, [16])
(96852, [2, 10, 16, 40])
(96853, [16])
(96854, [12, 16, 44])
(96855, [16])
(96856, [16])
(96857, [16])
(96858, [3, 14, 16, 22, 26, 31, 42])
(96859, [1, 3, 15, 16])
(96860, [16])
(96861, [16])
(96862, [16])
(96863, [4, 13, 16, 23, 28, 36, 43, 44])
(96864, [6, 16, 19, 26, 43])
(96865, [10, 16])
(96866, [16])
(96867, [16])
(96868, [16])
(96869, [42])
(96870, [42])
(96871, [42])
(96872, [42])
(96873, [6])
(96874, [6])
(96875, [2, 6])
(96876, [6, 21])
(96877, [6])
(96878, [6])
(96879, [6, 43])
(96880, [2, 6, 14, 26, 28, 44])
(96881, [6])
(96882, [4, 6, 14, 36])
(96883, [6])
(96884, [6])
(96885, [28])
(96886, [24, 28])
(96887, [28])
(96888, [1, 3, 12, 21, 28])
(96889, [15, 28])
(96890, [28])
(96891, [28])
(96892, [28, 37])
(96893, [2, 4, 17, 19, 23, 28, 44])
(96894, [4, 14, 15, 28, 36])
(96895, [2, 14, 17])
(96896, [17, 26, 41])
(96897, [17])
(96898, [17])
(96899, [17, 43])
(96900, [15, 17, 26])
(96901, [17])
(96902, [17])
(96903, [3, 12, 17, 44])
(96904, [17])
(96905, [17])
(96906, [17, 23])
(96907, [17])
(96908, [17])
(96909, [1])
(96910, [1])
(96911, [1, 22, 23, 31, 43])
(96912, [1, 3, 12, 21, 22, 39, 44])
(96913, [1])
(96914, [1, 3, 19])
(96915, [1])
(96916, [1, 21])
(96917, [1, 3])
(96918, [1, 3, 21, 23, 43, 44])
(96919, [1, 3, 23])
(96920, [1, 3, 21, 30])
(96921, [1])
(96922, [1])
(96923, [1])
(96924, [1, 3])
(96925, [1, 3, 22, 23, 44])
(96926, [1, 3, 23, 24])
(96927, [1, 41])
(96928, [1, 3])
(96929, [1])
(96930, [1, 3])
(96931, [1])
(96932, [1])
(96933, [1, 3, 21])
(96934, [1])
(96935, [1])
(96936, [1])
(96937, [1, 3, 19, 21, 44])
(96938, [1])
(96939, [1, 3, 19, 21, 24])
(96940, [1])
(96941, [1, 19])
(96942, [1])
(96943, [1, 3, 21])
(96944, [1, 3, 12, 23, 43])
(96945, [1])
(96946, [1])
(96947, [1, 3, 12, 19])
(96948, [1, 36])
(96949, [1])
(96950, [1, 21])
(96951, [10])
(96952, [10])
(96953, [10, 12])
(96954, [10])
(96955, [10])
(96956, [10])
(96957, [10])
(96958, [2, 10])
(96959, [10])
(96960, [10])
(96961, [10])
(96962, [2, 19])
(96963, [4, 19])
(96964, [19])
(96965, [19])
(96966, [19])
(96967, [19])
(96968, [19])
(96969, [19])
(96970, [19, 43])
(96971, [19])
(96972, [2, 19])
(96973, [19])
(96974, [19])
(96975, [19])
(96976, [19, 30])
(96977, [19])
(96978, [19])
(96979, [19])
(96980, [19])
(96981, [19])
(96982, [3, 19, 21, 24])
(96983, [13, 19])
(96984, [19])
(96985, [19])
(96986, [26])
(96987, [3, 26, 41, 44])
(96988, [26])
(96989, [26])
(96990, [26])
(96991, [24, 26])
(96992, [3, 21, 26])
(96993, [21, 26, 43])
(96994, [26])
(96995, [26])
(96996, [26])
(96997, [3, 26])
(96998, [26, 44])
(96999, [15, 23, 26, 30, 31, 43])
(97000, [4, 26, 31, 43])
(97001, [26])
(97002, [26])
(97003, [2, 4, 14, 26])
(97004, [26])
(97005, [8, 23])
(97006, [8])
(97007, [8])
(97008, [8, 23])
(97009, [8])
(97010, [8])
(97011, [8])
(97012, [8])
(97013, [8])
(97014, [8, 43])
(97015, [5, 8])
(97016, [8])
(97017, [8])
(97018, [8])
(97019, [21])
(97020, [21])
(97021, [21])
(97022, [21])
(97023, [21])
(97024, [21])
(97025, [21])
(97026, [21])
(97027, [21])
(97028, [21])
(97029, [21, 23])
(97030, [12, 21])
(97031, [21])
(97032, [21])
(97033, [21])
(97034, [21])
(97035, [21])
(97036, [21])
(97037, [21, 24])
(97038, [12, 21])
(97039, [21])
(97040, [2, 3, 21, 44])
(97041, [21])
(97042, [21])
(97043, [21])
(97044, [21])
(97045, [44])
(97046, [44])
(97047, [44])
(97048, [44])
(97049, [44])
(97050, [44])
(97051, [2, 44])
(97052, [44])
(97053, [3, 39, 44])
(97054, [44])
(97055, [44])
(97056, [44])
(97057, [3, 40, 44])
(97058, [44])
(97059, [44])
(97060, [43])
(97061, [43])
(97062, [43])
(97063, [36, 43])
(97064, [23, 43])
(97065, [43])
(97066, [43])
(97067, [43])
(97068, [43])
(97069, [43])
(97070, [43])
(97071, [43])
(97072, [43])
(97073, [43])
(97074, [12, 41, 43])
(97075, [43])
(97076, [43])
(97077, [43])
(97078, [43])
(97079, [43])
(97080, [43])
(97081, [38])
(97082, [38])
(97083, [2, 38])
(97084, [36])
(97085, [36])
(97086, [36])
(97087, [36])
(97088, [36])
(97089, [36])
(97090, [36])
(97091, [36])
(97092, [36])
(97093, [36])
(97094, [2, 14, 36])
(97095, [36])
(97096, [36])
(97097, [36])
(97098, [36])
(97099, [36])
(97100, [36])
(97101, [36])
(97102, [36])
(97103, [36])
(97104, [31])
(97105, [31])
(97106, [31])
(97107, [3, 23, 31])
(97108, [3, 31])
(97109, [31])
(97110, [12, 31, 41])
(97111, [31])
(97112, [30])
(97113, [30])
(97114, [30])
(97115, [30])
(97116, [30])
(97117, [30])
(97118, [30])
(97119, [30])
(97120, [30])
(97121, [30])
(97122, [30])
(97123, [30])
(97124, [37])
(97125, [37])
(97126, [37])
(97127, [39])
(97128, [39])
(97129, [39])
(97130, [39, 41])
(97131, [39, 41])
(97132, [39])
(97133, [41])
(97134, [41])
(97135, [41])
(97136, [41])
(97137, [41])
(97138, [41])
(97139, [41])
(97140, [41])
(97141, [41])
(97142, [41])
(97143, [41])
(97144, [14, 41])
(97145, [2, 41])
(97146, [41])
(97147, [14, 41])
(97148, [41])
(97149, [41])
(97150, [41])
(97151, [41])
(97152, [41])
(97153, [41])
(97154, [24])
(97155, [15, 24])
(97156, [24])
(97157, [24])
(97158, [24])
(97159, [24])
(97160, [23])
(97161, [23])
(97162, [23])
(97163, [23])
(97164, [23])
(97165, [23])
(97166, [23])
(97167, [23])
(97168, [23])
(97169, [23])
(97170, [23])
(97171, [23])
(97172, [23])
(97173, [23])
(97174, [23])
(97175, [23])
(97176, [23])
(97177, [2, 23])
(97178, [23])
(97179, [23])
(97180, [23])
(97181, [23])
(97182, [23])
(97183, [23])
(97184, [23])
(97185, [23])
(97186, [2, 23])
(97187, [3, 23])
(97188, [2, 23])
(97189, [3, 23])
(97190, [23])
(97191, [23])
(97192, [23])
(97193, [23])
(97194, [23])
(97195, [23])
(97196, [23])
(97197, [23])
(97198, [23])
(97199, [23])
(97200, [23])
(97201, [23])
(97202, [23])
(97203, [23])
(97204, [23])
(97205, [4])
(97206, [4])
(97207, [4])
(97208, [4])
(97209, [4])
(97210, [4, 15])
(97211, [4])
(97212, [4, 12])
(97213, [4])
(97214, [4, 15])
(97215, [4])
(97216, [4])
(97217, [4])
(97218, [4])
(97219, [4])
(97220, [4])
(97221, [2, 4])
(97222, [4])
(97223, [4])
(97224, [4])
(97225, [4])
(97226, [4])
(97227, [4])
(97228, [4])
(97229, [4])
(97230, [15])
(97231, [15])
(97232, [15])
(97233, [15])
(97234, [2, 15])
(97235, [15])
(97236, [15])
(97237, [15])
(97238, [15])
(97239, [15])
(97240, [15])
(97241, [15])
(97242, [15])
(97243, [3])
(97244, [3])
(97245, [3])
(97246, [3])
(97247, [3])
(97248, [3])
(97249, [3])
(97250, [3])
(97251, [3])
(97252, [3])
(97253, [3])
(97254, [3])
(97255, [3])
(97256, [3])
(97257, [3])
(97258, [3])
(97259, [3])
(97260, [3])
(97261, [3])
(97262, [3])
(97263, [3])
(97264, [3])
(97265, [3])
(97266, [3])
(97267, [3])
(97268, [3])
(97269, [3])
(97270, [2, 3])
(97271, [3])
(97272, [3])
(97273, [3])
(97274, [3])
(97275, [3])
(97276, [3])
(97277, [3])
(97278, [3])
(97279, [3])
(97280, [12])
(97281, [12])
(97282, [12])
(97283, [12])
(97284, [12])
(97285, [12])
(97286, [12])
(97287, [12])
(97288, [12])
(97289, [12])
(97290, [12])
(97291, [12])
(97292, [12])
(97293, [12])
(97294, [12])
(97295, [12])
(97296, [12])
(97297, [12])
(97298, [12])
(97299, [12])
(97300, [12])
(97301, [12])
(97302, [12])
(97303, [12])
(97304, [12])
(97305, [12])
(97306, [12])
(97307, [12])
(97308, [12])
(97309, [12])
(97310, [12])
(97311, [12])
(97312, [12])
(97313, [12])
(97314, [12])
(97315, [12])
(97316, [12])
(97317, [12])
(97318, [12])
(97319, [12])
(97320, [12])
(97321, [12])
(97322, [12])
(97323, [12])
(97324, [12])
(97325, [12])
(97326, [12])
(97327, [12])
(97328, [12])
(97329, [12])
(97330, [12])
(97331, [12])
(97332, [12])
(97333, [12])
(97334, [12])
(97335, [12])
(97336, [12])
(97337, [12])
(97338, [12])
(97339, [12])
(97340, [12])
(97341, [12])
(97342, [12])
(97343, [12])
(97344, [12])
(97345, [12])
(97346, [40])
(97347, [40])
(97348, [40])
(97349, [40])
(97350, [40])
(97351, [40])
(97352, [40])
(97353, [40])
(97354, [40])
(97355, [2, 22])
(97356, [2])
(97357, [2])
(97358, [2])
(97359, [2])
(97360, [2])
(97361, [2])
(97362, [2])
(97363, [2])
(97364, [2])
(97365, [2])
(97366, [2])
(97367, [2])
(97368, [2])
(97369, [2])
(97370, [2])
(97371, [2])
(97372, [2])
(97373, [2])
(97374, [2])
(97375, [2])
(97376, [2])
(97377, [2])
(97378, [2])
(97379, [2])
(97380, [2])
(97381, [2])
(97382, [2])
(97383, [2])
(97384, [2])
(97385, [2])
(97386, [2])
(97387, [2])
(97388, [2])
(97389, [2])
(97390, [2])
(97391, [2])
(97392, [2])
(97393, [2])
(97394, [2])
(97395, [2])
(97396, [2])
(97397, [2])
(97398, [2])
(97399, [2])
(97400, [2])
(97401, [2])
(97402, [2])
(97403, [2])
(97404, [2])
(97405, [2])
(97406, [2])
(97407, [2])
(97408, [2])
(97409, [2])
(97410, [2])
(97411, [2])
(97412, [2, 5])
(97413, [2])
(97414, [2])
(97415, [2])
(97416, [2])
(97417, [2])
(97418, [2])
(97419, [2])
(97420, [2])
(97421, [2])
(97422, [2])
(97423, [2, 14])
(97424, [2])
(97425, [2])
(97426, [2])
(97427, [2])
(97428, [2])
(97429, [2])
(97430, [2])
(97431, [2])
(97432, [2])
(97433, [13])
(97434, [13])
(97435, [13])
(97436, [5])
(97437, [5])
(97438, [5])
(97439, [5])
(97440, [5])
(97441, [5])
(97442, [5])
(97443, [14])
(97444, [14])
(97445, [14])
(97446, [14])
(97447, [14])
(97448, [14])
(97449, [14])
(97450, [14])
(97451, [14])
(97452, [14])
(97453, [14])
(97454, [14])
(97455, [14])
(97456, [14])
(97457, [14])
(97458, [14])
(97459, [14])
(97460, [14])
(97461, [14])
(97462, [14])
(97463, [14])
(97464, [14])
(97465, [14])
(97466, [22])
(97467, [22])
(97468, [22])
(97469, [22])
(97470, [22])
(97471, [22])
(97472, [22])
(97473, [22])
(97474, [22])
(97475, [22])
(97476, [22])
