(36994, [0, 1, 2, 3, 4, 5, 6, 7, 8, 9, 10, 11, 12, 13, 14, 15, 16, 17, 18, 19, 20, 21, 22, 23, 24, 25, 26, 27, 28, 29, 30, 31, 32, 33, 34, 35, 36, 37, 38, 39, 40, 41, 42, 43, 44])
(36995, [0, 1, 2, 3, 4, 5, 6, 7, 8, 9, 10, 11, 12, 13, 14, 15, 16, 17, 18, 19, 20, 21, 22, 23, 24, 25, 26, 27, 28, 29, 30, 31, 32, 33, 34, 35, 36, 37, 38, 39, 40, 41, 42, 43, 44])
(36996, [0, 1, 2, 3, 4, 5, 6, 7, 8, 9, 10, 11, 12, 13, 14, 15, 16, 17, 18, 19, 20, 21, 22, 23, 24, 25, 26, 27, 28, 29, 30, 31, 32, 33, 34, 35, 36, 37, 38, 39, 40, 41, 42, 43, 44])
(36997, [8, 17, 18, 23, 32, 35])
(36998, [0, 1, 2, 3, 4, 5, 6, 7, 8, 9, 10, 11, 12, 13, 14, 15, 16, 17, 18, 19, 20, 21, 22, 23, 24, 25, 26, 27, 28, 29, 30, 31, 32, 33, 34, 35, 36, 37, 38, 39, 40, 41, 42, 43, 44])
(36999, [0, 1, 2, 3, 4, 5, 6, 7, 8, 9, 10, 11, 12, 13, 14, 15, 16, 17, 18, 19, 20, 21, 22, 23, 24, 25, 26, 27, 28, 29, 30, 31, 32, 33, 34, 35, 36, 37, 38, 39, 40, 41, 42, 43, 44])
(37000, [0, 1, 3, 17, 21, 32])
(37001, [0, 1, 2, 3, 4, 5, 6, 7, 8, 9, 10, 11, 12, 13, 14, 15, 16, 17, 18, 19, 20, 21, 22, 23, 24, 25, 26, 27, 28, 29, 30, 31, 32, 33, 34, 35, 36, 37, 38, 39, 40, 41, 42, 43, 44])
(37002, [0, 1, 2, 3, 4, 5, 6, 7, 8, 9, 10, 11, 12, 13, 14, 15, 16, 17, 18, 19, 20, 21, 22, 23, 24, 25, 26, 27, 28, 29, 30, 31, 32, 33, 34, 35, 36, 37, 38, 39, 40, 41, 42, 43, 44])
(37003, [0, 1, 2, 3, 4, 5, 6, 7, 8, 9, 10, 11, 12, 13, 14, 15, 16, 17, 18, 19, 20, 21, 22, 23, 24, 25, 26, 27, 28, 29, 30, 31, 32, 33, 34, 35, 36, 37, 38, 39, 40, 41, 42, 43, 44])
(37004, [2, 3, 4, 5, 7, 9, 11, 12, 15, 17, 18, 19, 23, 24, 26, 30, 31, 32, 33, 36, 42])
(37005, [0, 1, 2, 3, 4, 5, 6, 7, 8, 9, 10, 11, 12, 13, 14, 15, 16, 17, 18, 19, 20, 21, 22, 23, 24, 26, 27, 28, 29, 30, 31, 32, 33, 34, 35, 37, 38, 39, 41, 42, 43, 44])
(37006, [0, 1, 2, 3, 4, 5, 6, 7, 9, 10, 11, 12, 13, 14, 15, 16, 17, 18, 19, 20, 21, 22, 23, 24, 25, 26, 27, 28, 29, 30, 31, 32, 33, 34, 35, 36, 37, 38, 39, 40, 41, 42, 43, 44])
(37007, [0, 1, 2, 3, 4, 5, 6, 7, 8, 9, 10, 11, 12, 13, 14, 15, 16, 17, 18, 19, 20, 21, 22, 23, 24, 25, 26, 27, 28, 29, 30, 31, 32, 33, 34, 35, 36, 37, 38, 39, 40, 41, 42, 43, 44])
(37008, [1, 2, 3, 4, 6, 9, 11, 12, 14, 15, 16, 17, 20, 21, 22, 23, 26, 27, 31, 32, 33, 35, 36, 42, 44])
(37009, [3, 7, 11, 15, 17, 32, 33, 36])
(37010, [0, 1, 3, 7, 9, 11, 12, 13, 16, 18, 19, 21, 23, 24, 26, 32, 41, 44])
(37011, [0, 1, 2, 3, 4, 5, 6, 7, 8, 9, 11, 12, 13, 14, 15, 16, 17, 18, 19, 20, 21, 22, 23, 24, 25, 26, 27, 28, 29, 30, 31, 32, 33, 34, 35, 36, 37, 38, 39, 40, 41, 42, 43, 44])
(37012, [1, 2, 3, 4, 6, 9, 10, 11, 12, 13, 14, 15, 16, 17, 18, 19, 20, 21, 23, 24, 25, 26, 28, 30, 31, 32, 33, 34, 37, 40, 41, 42, 43, 44])
(37013, [17, 28, 32, 43])
(37014, [1, 2, 3, 4, 9, 11, 12, 14, 15, 17, 21, 22, 23, 26, 30, 31, 32, 33, 34, 35, 39, 41, 42, 43, 44])
(37015, [1, 2, 3, 9, 12, 15, 17, 21, 22, 24, 26, 30, 31, 32, 34, 41, 44])
(37016, [32])
(37017, [0, 1, 2, 3, 4, 6, 7, 11, 12, 13, 14, 15, 17, 18, 19, 20, 23, 26, 27, 30, 31, 32, 33, 34, 36, 40, 41, 43])
(37018, [0, 1, 3, 4, 7, 11, 18, 20, 23, 24, 30, 32, 35, 39, 42, 43])
(37019, [0, 1, 2, 3, 4, 6, 7, 8, 9, 11, 12, 15, 16, 17, 18, 19, 20, 21, 23, 26, 27, 30, 31, 32, 33, 34, 35, 36, 39, 41, 42, 43, 44])
(37020, [1, 2, 4, 7, 11, 12, 14, 15, 22, 24, 26, 30, 31, 32, 33, 34, 40, 42, 44])
(37021, [0, 1, 2, 3, 4, 5, 6, 7, 9, 11, 12, 13, 14, 15, 16, 17, 18, 19, 20, 21, 22, 23, 24, 25, 26, 27, 28, 30, 31, 32, 33, 34, 35, 36, 37, 39, 40, 41, 42, 43, 44])
(37022, [2, 3, 6, 7, 12, 18, 22, 23, 31, 32, 34, 35, 37, 41])
(37023, [1, 2, 3, 6, 9, 15, 18, 31, 32, 35, 38, 39, 41, 43, 44])
(37024, [0, 1, 2, 6, 11, 14, 15, 18, 20, 26, 30, 32, 36, 41])
(37025, [0, 1, 2, 3, 4, 6, 7, 8, 9, 10, 11, 12, 13, 14, 15, 16, 17, 18, 19, 21, 22, 23, 24, 25, 26, 27, 28, 30, 31, 32, 33, 34, 35, 36, 39, 40, 41, 42, 43, 44])
(37026, [0, 1, 3, 11, 15, 17, 18, 19, 21, 30, 32, 34])
(37027, [0, 1, 2, 3, 7, 9, 10, 11, 12, 13, 15, 16, 18, 19, 20, 22, 24, 30, 31, 32, 33, 34, 35, 37, 41, 42, 43, 44])
(37028, [0, 2, 6, 26, 30, 31, 32])
(37029, [0, 2, 15, 17, 24, 30, 32, 40, 41, 43])
(37030, [1, 2, 3, 5, 6, 7, 8, 11, 12, 13, 15, 16, 17, 18, 19, 21, 22, 23, 24, 29, 30, 31, 32, 33, 34, 38, 40, 44])
(37031, [0, 2, 5, 9, 14, 18, 19, 28, 32, 41])
(37032, [0, 1, 2, 3, 7, 8, 10, 11, 13, 15, 20, 21, 24, 26, 30, 31, 32, 33, 36, 40, 43, 44])
(37033, [0, 1, 2, 3, 4, 6, 7, 9, 10, 11, 12, 13, 14, 15, 16, 17, 18, 19, 21, 23, 24, 26, 27, 30, 31, 32, 33, 34, 36, 37, 40, 41, 43, 44])
(37034, [3, 6, 9, 13, 15, 18, 20, 23, 32, 34, 43])
(37035, [0, 1, 2, 4, 6, 14, 20, 27, 30, 32, 43])
(37036, [0, 1, 2, 4, 6, 9, 12, 14, 24, 30, 32, 33, 43])
(37037, [0, 1, 2, 3, 4, 6, 9, 10, 12, 15, 16, 17, 18, 19, 20, 21, 22, 23, 24, 26, 27, 29, 30, 32, 34, 37, 40, 41, 43, 44])
(37038, [0, 1, 2, 3, 4, 9, 10, 11, 12, 16, 18, 19, 21, 22, 24, 30, 31, 32, 35, 42, 43])
(37039, [0, 1, 2, 3, 6, 8, 9, 11, 12, 15, 16, 18, 19, 21, 22, 23, 24, 29, 30, 31, 32, 33, 34, 36, 38, 39, 40, 41, 44])
(37040, [0, 1, 2, 3, 7, 9, 10, 11, 12, 13, 14, 15, 16, 17, 18, 19, 20, 21, 23, 24, 26, 27, 28, 31, 32, 33, 34, 38, 41, 42, 43, 44])
(37041, [2, 3, 7, 12, 15, 18, 19, 30, 32, 34, 40, 41])
(37042, [1, 3, 13, 18, 32, 41])
(37043, [0, 3, 6, 9, 23, 27, 32, 33, 35, 41])
(37044, [0, 30, 32, 34, 41])
(37045, [1, 3, 6, 8, 13, 14, 15, 17, 19, 23, 26, 31, 32, 33, 34, 40, 41, 44])
(37046, [1, 2, 3, 7, 9, 11, 12, 13, 15, 16, 20, 26, 31, 32, 33, 34, 35, 40, 41, 42, 43, 44])
(37047, [6, 15, 32, 40])
(37048, [1, 3, 21, 22, 32])
(37049, [0, 1, 2, 3, 4, 5, 6, 8, 9, 10, 11, 12, 13, 14, 15, 16, 17, 18, 19, 20, 22, 23, 25, 26, 27, 28, 30, 31, 32, 33, 34, 35, 36, 37, 38, 40, 41, 43, 44])
(37050, [0, 1, 2, 3, 4, 7, 8, 12, 13, 15, 21, 23, 26, 27, 30, 31, 32, 33, 34, 37, 39, 40, 41, 42, 43, 44])
(37051, [0, 2, 7, 9, 11, 12, 15, 22, 24, 28, 30, 32])
(37052, [1, 2, 3, 4, 5, 8, 9, 11, 12, 15, 16, 17, 18, 19, 21, 24, 30, 31, 32, 33, 34, 35, 37, 39, 40, 41, 43, 44])
(37053, [0, 2, 3, 4, 6, 7, 8, 9, 11, 13, 14, 15, 16, 17, 18, 19, 21, 22, 23, 24, 25, 26, 27, 28, 30, 31, 32, 33, 35, 36, 40, 43, 44])
(37054, [0, 1, 2, 3, 4, 6, 7, 9, 10, 11, 12, 13, 14, 15, 16, 17, 18, 19, 20, 21, 22, 23, 24, 26, 27, 29, 32, 34, 36, 40, 42, 43, 44])
(37055, [0, 1, 2, 3, 4, 6, 7, 8, 9, 10, 11, 12, 13, 14, 15, 16, 17, 18, 19, 20, 21, 22, 23, 24, 25, 26, 27, 28, 30, 31, 32, 33, 34, 35, 36, 39, 40, 41, 43, 44])
(37056, [0, 1, 2, 3, 4, 6, 7, 8, 9, 11, 12, 13, 17, 19, 20, 21, 23, 26, 30, 31, 32, 33, 36, 41, 43, 44])
(37057, [1, 2, 3, 4, 6, 7, 9, 11, 12, 13, 15, 17, 18, 19, 20, 21, 22, 23, 25, 26, 30, 31, 32, 33, 34, 36, 39, 40, 41])
(37058, [0, 1, 2, 3, 4, 6, 9, 11, 12, 14, 15, 16, 17, 18, 19, 20, 26, 30, 32, 35, 41, 42, 44])
(37059, [1, 3, 5, 6, 8, 9, 10, 12, 15, 16, 17, 18, 19, 21, 23, 27, 30, 31, 32, 33, 34, 35, 39, 41, 42, 43, 44])
(37060, [2, 3, 14, 15, 19, 23, 24, 32])
(37061, [3, 6, 10, 18, 26, 27, 28, 31, 32, 36, 37, 43])
(37062, [32])
(37063, [0, 1, 2, 3, 4, 5, 6, 7, 8, 9, 10, 11, 12, 13, 14, 15, 16, 17, 18, 19, 20, 21, 23, 24, 26, 27, 28, 30, 31, 32, 33, 34, 36, 37, 38, 39, 40, 41, 42, 43, 44])
(37064, [32])
(37065, [1, 4, 6, 9, 13, 14, 18, 26, 27, 31, 32, 43, 44])
(37066, [2, 3, 6, 7, 9, 15, 16, 17, 18, 30, 31, 32, 33, 34, 35, 38, 41])
(37067, [0, 1, 3, 4, 6, 7, 9, 12, 13, 15, 16, 19, 20, 22, 23, 24, 26, 28, 30, 31, 32, 33, 34, 41])
(37068, [3, 14, 15, 19, 26, 27, 30, 32])
(37069, [0, 2, 3, 4, 14, 15, 18, 26, 27, 31, 32, 43])
(37070, [0, 1, 2, 3, 4, 5, 7, 8, 9, 10, 11, 12, 15, 16, 17, 18, 19, 21, 22, 23, 24, 26, 29, 30, 31, 32, 33, 34, 35, 37, 38, 40, 42, 44])
(37071, [15, 18, 32])
(37072, [0, 1, 2, 3, 5, 8, 9, 12, 15, 19, 20, 21, 22, 23, 28, 30, 32, 33, 35, 41])
(37073, [0, 1, 2, 3, 4, 7, 8, 9, 11, 12, 13, 14, 15, 16, 17, 18, 19, 20, 22, 23, 24, 26, 27, 28, 30, 31, 32, 34, 35, 36, 37, 41, 42, 43, 44])
(37074, [1, 2, 3, 5, 6, 8, 9, 11, 12, 13, 15, 16, 17, 18, 19, 20, 21, 22, 23, 24, 26, 30, 31, 32, 33, 34, 37, 38, 40, 41, 43, 44])
(37075, [0, 1, 2, 3, 6, 9, 11, 12, 18, 22, 30, 31, 32, 33, 34, 41, 42])
(37076, [1, 2, 3, 4, 6, 7, 9, 11, 13, 15, 17, 18, 19, 22, 23, 24, 26, 30, 31, 32, 34, 35, 40, 41, 42, 43])
(37077, [1, 3, 6, 9, 11, 12, 15, 18, 23, 26, 30, 31, 32, 33, 34, 44])
(37078, [3, 6, 11, 23, 32, 42])
(37079, [0, 2, 4, 6, 12, 14, 15, 18, 19, 26, 31, 32, 41, 43, 44])
(37080, [0, 2, 4, 6, 9, 15, 20, 23, 26, 30, 31, 32, 41, 43, 44])
(37081, [0, 3, 4, 6, 12, 13, 18, 19, 23, 24, 26, 29, 30, 31, 32, 33, 34, 35, 41, 44])
(37082, [1, 3, 4, 7, 21, 32, 33])
(37083, [1, 3, 18, 23, 31, 32, 33, 44])
(37084, [0, 1, 2, 3, 4, 6, 7, 8, 9, 11, 12, 13, 15, 16, 17, 18, 19, 20, 21, 23, 30, 31, 32, 33, 34, 37, 39, 41, 42, 43, 44])
(37085, [0, 1, 11, 12, 19, 31, 32, 34, 38, 44])
(37086, [3, 7, 18, 19, 20, 31, 32, 34, 43, 44])
(37087, [0, 1, 2, 3, 4, 6, 7, 9, 11, 12, 14, 15, 16, 17, 18, 19, 20, 21, 22, 23, 24, 26, 30, 31, 32, 33, 34, 35, 36, 39, 40, 42, 43, 44])
(37088, [0, 1, 6, 9, 23, 28, 30, 31, 32, 33, 34, 43])
(37089, [31, 32])
(37090, [1, 2, 3, 5, 7, 8, 10, 11, 12, 13, 17, 18, 19, 21, 23, 24, 26, 30, 31, 32, 33, 34, 35, 37, 38, 39, 42, 43, 44])
(37091, [0, 1, 2, 3, 23, 26, 31, 32, 33, 34, 35])
(37092, [0, 2, 6, 7, 11, 12, 13, 17, 19, 26, 30, 31, 32, 33, 34, 41, 42, 43, 44])
(37093, [1, 31, 32])
(37094, [1, 31, 32])
(37095, [31, 32])
(37096, [1, 3, 11, 12, 15, 18, 19, 24, 32])
(37097, [0, 1, 3, 7, 11, 15, 18, 20, 23, 32, 34, 44])
(37098, [30, 32, 33, 34])
(37099, [0, 1, 2, 3, 4, 6, 9, 10, 11, 12, 13, 14, 15, 16, 17, 18, 20, 23, 24, 26, 30, 31, 32, 33, 34, 36, 40, 41, 44])
(37100, [0, 2, 3, 7, 9, 11, 12, 13, 20, 24, 26, 28, 30, 32, 33, 41, 43])
(37101, [0, 1, 2, 8, 9, 12, 13, 15, 23, 26, 32, 43])
(37102, [1, 2, 3, 4, 11, 15, 17, 19, 21, 22, 30, 32, 36, 38, 43, 44])
(37103, [0, 1, 2, 3, 4, 11, 12, 13, 15, 16, 17, 18, 19, 21, 22, 23, 26, 30, 31, 32, 33, 37, 38, 39, 43, 44])
(37104, [3, 4, 9, 18, 23, 32, 44])
(37105, [1, 2, 6, 8, 9, 11, 13, 15, 17, 23, 24, 26, 31, 32, 33, 35, 41, 43])
(37106, [1, 2, 3, 5, 7, 10, 11, 17, 19, 20, 24, 26, 30, 32, 33, 41])
(37107, [9, 32, 33, 37, 43])
(37108, [32])
(37109, [0, 1, 2, 3, 4, 11, 12, 14, 17, 24, 26, 31, 32, 43, 44])
(37110, [3, 9, 18, 32])
(37111, [0, 2, 11, 15, 18, 26, 30, 32, 44])
(37112, [26, 32])
(37113, [0, 24, 31, 32, 33, 34])
(37114, [2, 32])
(37115, [0, 1, 3, 26, 32])
(37116, [0, 1, 2, 3, 4, 5, 6, 7, 8, 9, 10, 11, 12, 13, 14, 15, 16, 17, 18, 19, 20, 21, 22, 23, 24, 26, 27, 29, 30, 31, 32, 33, 34, 35, 39, 40, 41, 42, 43, 44])
(37117, [0, 1, 3, 8, 21, 33, 35])
(37118, [1, 2, 3, 4, 6, 7, 8, 9, 11, 13, 15, 16, 17, 18, 19, 21, 22, 23, 26, 31, 35, 40, 43, 44])
(37119, [0, 1, 2, 3, 4, 5, 6, 7, 8, 9, 12, 14, 17, 18, 19, 21, 22, 23, 24, 26, 30, 31, 33, 35, 37, 38, 39, 42, 44])
(37120, [18, 21, 33, 34, 35])
(37121, [0, 1, 2, 3, 4, 6, 11, 12, 14, 17, 18, 19, 20, 21, 23, 26, 31, 33, 35, 40, 43, 44])
(37122, [23, 35])
(37123, [35])
(37124, [35])
(37125, [1, 2, 3, 6, 8, 9, 11, 12, 13, 18, 20, 23, 27, 29, 30, 31, 33, 34, 35, 37, 38, 44])
(37126, [3, 6, 9, 11, 18, 22, 23, 35])
(37127, [12, 16, 24, 27, 35, 41])
(37128, [0, 3, 9, 11, 12, 15, 16, 18, 23, 35, 44])
(37129, [0, 1, 2, 3, 4, 7, 9, 15, 19, 20, 26, 28, 30, 31, 33, 35, 40, 42])
(37130, [0, 35, 37])
(37131, [23, 35])
(37132, [2, 4, 6, 12, 13, 18, 19, 23, 27, 35, 37, 41, 43])
(37133, [3, 12, 18, 21, 23, 34, 35])
(37134, [2, 3, 4, 9, 14, 17, 18, 25, 33, 34, 35, 38, 39, 44])
(37135, [0, 1, 2, 3, 4, 6, 7, 9, 10, 11, 12, 14, 15, 16, 17, 19, 20, 21, 24, 26, 28, 30, 31, 33, 34, 35, 36, 39, 40, 41, 43, 44])
(37136, [1, 2, 3, 5, 7, 11, 12, 16, 18, 21, 23, 24, 26, 30, 31, 35, 41, 43, 44])
(37137, [35])
(37138, [3, 6, 9, 10, 15, 18, 20, 23, 30, 34, 35, 43])
(37139, [3, 19, 21, 30, 31, 33, 35, 41])
(37140, [35])
(37141, [0, 1, 2, 3, 8, 11, 18, 21, 22, 31, 33, 34, 35])
(37142, [35])
(37143, [35])
(37144, [18, 23, 35, 43])
(37145, [9, 34, 35])
(37146, [35])
(37147, [20, 35, 43])
(37148, [35])
(37149, [35])
(37150, [35])
(37151, [0, 1, 2, 3, 5, 9, 12, 17, 18, 19, 22, 23, 24, 29, 30, 33, 34, 35, 39])
(37152, [0, 1, 2, 3, 7, 9, 12, 15, 20, 31, 33, 34, 40, 42])
(37153, [34])
(37154, [2, 3, 6, 11, 17, 19, 24, 26, 30, 31, 33, 34, 43])
(37155, [1, 7, 11, 18, 31, 33, 34, 41, 43])
(37156, [0, 1, 2, 3, 4, 5, 6, 7, 8, 9, 10, 11, 12, 13, 14, 15, 16, 17, 18, 19, 20, 21, 22, 23, 24, 25, 26, 27, 28, 30, 31, 33, 34, 36, 37, 39, 40, 41, 42, 43, 44])
(37157, [2, 3, 9, 11, 13, 17, 19, 30, 31, 34])
(37158, [34])
(37159, [0, 1, 3, 7, 9, 12, 15, 16, 21, 24, 26, 28, 31, 34, 37])
(37160, [2, 3, 30, 33, 34, 36])
(37161, [3, 11, 14, 15, 18, 19, 21, 26, 33, 34, 38, 39])
(37162, [1, 21, 34, 41, 43])
(37163, [0, 1, 2, 3, 6, 12, 16, 17, 19, 20, 26, 33, 34, 42, 44])
(37164, [1, 2, 3, 6, 11, 12, 14, 18, 19, 21, 24, 31, 34, 39, 44])
(37165, [0, 1, 2, 3, 5, 7, 8, 10, 11, 12, 13, 14, 16, 18, 20, 21, 23, 26, 29, 34, 37, 41, 42, 43, 44])
(37166, [14, 34, 36])
(37167, [34])
(37168, [34])
(37169, [33, 34])
(37170, [1, 3, 7, 9, 11, 16, 18, 19, 33, 34, 38, 44])
(37171, [1, 2, 3, 7, 9, 11, 12, 13, 15, 16, 17, 20, 21, 23, 24, 30, 31, 33, 34, 38, 40, 41, 43, 44])
(37172, [34])
(37173, [34])
(37174, [9, 26, 34, 41])
(37175, [4, 33, 34])
(37176, [1, 30, 34, 41, 43])
(37177, [28, 34, 41])
(37178, [0, 33, 34])
(37179, [34])
(37180, [34])
(37181, [0, 1, 3, 7, 12, 18, 20, 23, 34])
(37182, [30, 34])
(37183, [2, 9, 10, 14, 17, 19, 26, 28, 34, 41, 44])
(37184, [3, 9, 11, 12, 13, 17, 18, 20, 26, 30, 34, 41, 43, 44])
(37185, [9, 34])
(37186, [34])
(37187, [0, 1, 2, 3, 4, 9, 10, 11, 12, 13, 15, 16, 17, 18, 20, 24, 25, 26, 27, 30, 33, 34, 40, 41, 42, 43, 44])
(37188, [34])
(37189, [1, 3, 5, 8, 9, 12, 13, 16, 20, 23, 24, 30, 33, 34, 37, 40, 41, 43, 44])
(37190, [0, 2, 3, 9, 10, 11, 12, 13, 20, 34, 44])
(37191, [34])
(37192, [1, 2, 3, 4, 9, 11, 13, 16, 17, 18, 19, 23, 26, 34, 41, 42, 43])
(37193, [34])
(37194, [0, 1, 3, 11, 19, 33, 34, 42, 44])
(37195, [0, 1, 2, 3, 7, 10, 12, 18, 20, 23, 30, 34])
(37196, [0, 34])
(37197, [3, 5, 8, 9, 10, 12, 16, 19, 23, 28, 30, 34])
(37198, [34])
(37199, [34])
(37200, [34])
(37201, [1, 2, 3, 4, 9, 11, 14, 16, 31, 34, 39, 41, 44])
(37202, [34])
(37203, [1, 3, 6, 19, 22, 34])
(37204, [0, 2, 6, 12, 18, 24, 31, 34, 38])
(37205, [2, 4, 14, 17, 19, 21, 22, 30, 31, 33, 34])
(37206, [33])
(37207, [1, 3, 15, 18, 19, 29, 30, 33, 40, 43])
(37208, [33])
(37209, [1, 3, 33])
(37210, [0, 1, 2, 11, 21, 25, 28, 33])
(37211, [0, 2, 8, 9, 12, 13, 21, 33])
(37212, [1, 3, 7, 22, 29, 30, 33, 43])
(37213, [3, 6, 9, 11, 31, 33, 44])
(37214, [1, 2, 3, 4, 8, 9, 11, 12, 15, 16, 17, 20, 21, 24, 26, 27, 31, 33, 39, 44])
(37215, [0, 1, 3, 7, 11, 12, 19, 21, 24, 30, 33, 42, 43])
(37216, [3, 19, 23, 33])
(37217, [0, 2, 12, 19, 21, 26, 30, 33])
(37218, [9, 11, 33])
(37219, [1, 33])
(37220, [33])
(37221, [2, 14, 30, 33])
(37222, [33])
(37223, [0, 33])
(37224, [33])
(37225, [33, 41])
(37226, [12, 33])
(37227, [33])
(37228, [0, 2, 9, 11, 15, 16, 18, 24, 33, 41])
(37229, [3, 33])
(37230, [17, 33])
(37231, [0, 12, 33])
(37232, [4, 6, 7, 18, 19, 23, 30, 31, 33, 43, 44])
(37233, [33])
(37234, [0, 2, 3, 9, 11, 14, 15, 16, 17, 20, 24, 33, 38, 39, 41, 43, 44])
(37235, [33])
(37236, [1, 2, 3, 18, 24, 26, 28, 33, 40])
(37237, [2, 10, 16, 19, 21, 22, 23, 30, 31, 33, 37, 38, 44])
(37238, [0, 11, 33])
(37239, [0, 2, 3, 11, 20, 33])
(37240, [31, 33])
(37241, [0, 5, 12, 16, 31, 33])
(37242, [33])
(37243, [0, 15, 33])
(37244, [1, 3, 20, 21])
(37245, [7, 20])
(37246, [0, 1, 3, 12, 18, 20, 23, 31, 42])
(37247, [1, 2, 3, 4, 5, 6, 7, 9, 11, 12, 16, 20, 23, 44])
(37248, [1, 2, 3, 6, 8, 12, 20, 22, 23, 24, 42, 43])
(37249, [3, 6, 11, 20, 24, 26, 27])
(37250, [20])
(37251, [20])
(37252, [20])
(37253, [0, 12, 20, 26, 41, 42])
(37254, [0, 1, 3, 12, 20, 36])
(37255, [2, 4, 11, 20, 26])
(37256, [20, 22])
(37257, [2, 4, 9, 11, 12, 13, 14, 15, 17, 18, 19, 20, 24, 26, 28, 31, 40, 41, 43])
(37258, [2, 3, 6, 12, 20, 36])
(37259, [0, 1, 20])
(37260, [2, 20])
(37261, [20])
(37262, [0, 1, 3, 5, 11, 12, 20, 44])
(37263, [18, 20])
(37264, [0, 1, 3, 4, 12, 18, 20, 26, 31, 37, 43])
(37265, [3, 20])
(37266, [20, 43])
(37267, [15, 20, 23, 26])
(37268, [2, 3, 9, 14, 18, 19, 20, 23, 24, 41])
(37269, [0, 1, 3, 4, 6, 11, 12, 20, 26, 41])
(37270, [20])
(37271, [0, 2, 20])
(37272, [0, 3, 7, 8, 12, 20])
(37273, [0, 2, 20, 26])
(37274, [0, 2, 12, 20, 44])
(37275, [4, 14, 15, 20, 30, 39])
(37276, [1, 2, 3, 4, 7, 9, 11, 13, 19, 20, 31, 43, 44])
(37277, [0, 20])
(37278, [20])
(37279, [1, 3, 10, 20, 41])
(37280, [0, 1, 2, 3, 4, 5, 6, 8, 9, 11, 12, 15, 17, 18, 19, 21, 22, 23, 24, 30, 31, 43, 44])
(37281, [18])
(37282, [18])
(37283, [18])
(37284, [18])
(37285, [4, 18, 31])
(37286, [18, 30])
(37287, [18])
(37288, [18])
(37289, [1, 15, 18, 19])
(37290, [18])
(37291, [1, 2, 3, 7, 8, 10, 11, 12, 14, 15, 16, 18, 19, 21, 23, 24, 41, 42, 43, 44])
(37292, [0, 1, 3, 11, 16, 18, 21, 23, 26, 42, 44])
(37293, [8, 18, 23])
(37294, [0, 3, 4, 9, 15, 18, 24, 29, 31, 39, 42])
(37295, [18])
(37296, [18])
(37297, [18])
(37298, [18])
(37299, [18])
(37300, [18])
(37301, [18, 23])
(37302, [18, 22, 23, 42])
(37303, [0, 1, 2, 3, 4, 7, 9, 11, 15, 16, 17, 18, 21, 22, 23, 30, 31, 39, 40, 41, 44])
(37304, [2, 9, 18, 19])
(37305, [2, 15, 18])
(37306, [18])
(37307, [18])
(37308, [6, 9, 18, 31])
(37309, [6, 8, 18])
(37310, [18])
(37311, [18, 19])
(37312, [2, 18, 23])
(37313, [18])
(37314, [2, 4, 18, 21, 22, 38])
(37315, [18])
(37316, [18])
(37317, [18])
(37318, [18])
(37319, [0, 18])
(37320, [18])
(37321, [18])
(37322, [18])
(37323, [1, 3, 7, 18, 26, 29, 40, 43, 44])
(37324, [15, 18, 24, 31, 39, 41])
(37325, [18])
(37326, [18])
(37327, [2, 6, 9, 11, 15, 18, 23, 26, 30, 41])
(37328, [18])
(37329, [18])
(37330, [18])
(37331, [18])
(37332, [18])
(37333, [18])
(37334, [18])
(37335, [18])
(37336, [0, 18])
(37337, [18])
(37338, [18])
(37339, [0, 1, 11, 18, 19])
(37340, [18])
(37341, [18])
(37342, [1, 4, 18])
(37343, [18])
(37344, [18])
(37345, [18])
(37346, [1, 3, 18, 21])
(37347, [18])
(37348, [18])
(37349, [18])
(37350, [1, 18, 23])
(37351, [18])
(37352, [9, 18, 41])
(37353, [18])
(37354, [18])
(37355, [0, 5, 18, 23])
(37356, [21, 27])
(37357, [27])
(37358, [0, 1, 2, 3, 7, 11, 12, 14, 15, 16, 19, 21, 22, 25, 27, 28, 36, 39, 41, 42, 44])
(37359, [3, 27])
(37360, [0, 6, 23, 27])
(37361, [27])
(37362, [27])
(37363, [27])
(37364, [0, 27])
(37365, [2, 11, 14, 16, 27])
(37366, [2, 3, 6, 16, 23, 26, 27])
(37367, [11, 26, 27, 30])
(37368, [27])
(37369, [9])
(37370, [9])
(37371, [9])
(37372, [9])
(37373, [9])
(37374, [6, 8, 9, 12, 23, 41])
(37375, [9, 15])
(37376, [9, 10, 16, 40])
(37377, [9])
(37378, [1, 9])
(37379, [9])
(37380, [9])
(37381, [9])
(37382, [9, 11, 23, 26, 43])
(37383, [9])
(37384, [9])
(37385, [9])
(37386, [9])
(37387, [4, 9, 26])
(37388, [9])
(37389, [9])
(37390, [2, 9])
(37391, [9])
(37392, [9])
(37393, [3, 6, 9, 16, 19, 30, 43])
(37394, [9])
(37395, [6, 9, 21, 42])
(37396, [9])
(37397, [9])
(37398, [9])
(37399, [0, 2, 3, 4, 9, 11, 15, 26, 31, 41])
(37400, [9])
(37401, [9])
(37402, [9])
(37403, [9])
(37404, [9, 16, 44])
(37405, [9])
(37406, [9])
(37407, [2, 9])
(37408, [1, 2, 3, 7, 9, 11, 39, 44])
(37409, [6, 9])
(37410, [1, 3, 4, 9, 10, 11, 19, 21, 22, 23, 42])
(37411, [9])
(37412, [9, 10, 12, 44])
(37413, [9])
(37414, [9, 41])
(37415, [9])
(37416, [9])
(37417, [9])
(37418, [0, 2, 7, 9])
(37419, [9])
(37420, [9])
(37421, [3, 9, 12])
(37422, [9])
(37423, [2, 9])
(37424, [0])
(37425, [0])
(37426, [0, 12])
(37427, [0])
(37428, [0])
(37429, [0])
(37430, [0])
(37431, [0])
(37432, [0, 12])
(37433, [0])
(37434, [0])
(37435, [0])
(37436, [0, 1, 3, 17, 19, 21, 26, 30])
(37437, [0])
(37438, [0])
(37439, [0])
(37440, [0])
(37441, [0])
(37442, [0])
(37443, [0, 4, 8, 12])
(37444, [0, 12])
(37445, [0])
(37446, [0])
(37447, [0])
(37448, [0, 21])
(37449, [0])
(37450, [0, 3, 12, 31, 36, 44])
(37451, [0])
(37452, [0, 10, 12])
(37453, [0])
(37454, [0, 12])
(37455, [0])
(37456, [0])
(37457, [0])
(37458, [0, 1, 3, 21, 44])
(37459, [0])
(37460, [0])
(37461, [0, 2, 14, 26, 43])
(37462, [0])
(37463, [0])
(37464, [0])
(37465, [0])
(37466, [0, 4, 11])
(37467, [0])
(37468, [0])
(37469, [0])
(37470, [0])
(37471, [0])
(37472, [0])
(37473, [0, 12])
(37474, [0])
(37475, [0])
(37476, [0])
(37477, [0])
(37478, [0])
(37479, [0])
(37480, [0])
(37481, [0])
(37482, [0])
(37483, [0])
(37484, [0])
(37485, [0, 12])
(37486, [0, 1, 2, 3, 15, 21, 30, 38, 44])
(37487, [0, 12])
(37488, [0])
(37489, [0])
(37490, [0, 2, 4, 23, 40])
(37491, [0, 7, 10, 12])
(37492, [0])
(37493, [0])
(37494, [0])
(37495, [0])
(37496, [0])
(37497, [0])
(37498, [0])
(37499, [0])
(37500, [0])
(37501, [0, 1, 3, 22])
(37502, [0])
(37503, [0])
(37504, [0])
(37505, [0])
(37506, [0])
(37507, [0])
(37508, [0])
(37509, [0])
(37510, [0])
(37511, [0])
(37512, [0])
(37513, [0, 12])
(37514, [0])
(37515, [0])
(37516, [0])
(37517, [0])
(37518, [0])
(37519, [0])
(37520, [0])
(37521, [0])
(37522, [0])
(37523, [0])
(37524, [0])
(37525, [0])
(37526, [0])
(37527, [0])
(37528, [0, 2, 19, 26, 41, 44])
(37529, [0])
(37530, [0])
(37531, [0])
(37532, [0])
(37533, [0])
(37534, [0, 1, 3, 14, 16, 36, 39, 43])
(37535, [0, 12])
(37536, [0])
(37537, [0])
(37538, [0])
(37539, [0])
(37540, [0])
(37541, [0])
(37542, [0])
(37543, [0])
(37544, [0])
(37545, [0])
(37546, [0])
(37547, [0])
(37548, [0])
(37549, [0])
(37550, [0])
(37551, [0])
(37552, [0])
(37553, [0])
(37554, [0, 3])
(37555, [0, 3, 10, 12])
(37556, [0, 11, 31, 36, 42])
(37557, [0, 5])
(37558, [0])
(37559, [0])
(37560, [0])
(37561, [0])
(37562, [0])
(37563, [0])
(37564, [0])
(37565, [0, 1, 3])
(37566, [0, 2, 3, 8, 19, 29])
(37567, [0])
(37568, [0])
(37569, [0])
(37570, [0])
(37571, [0])
(37572, [0, 1, 2, 3, 12, 36, 44])
(37573, [0])
(37574, [0])
(37575, [0])
(37576, [0])
(37577, [0])
(37578, [0, 16])
(37579, [0])
(37580, [0])
(37581, [0])
(37582, [0])
(37583, [0])
(37584, [0])
(37585, [0])
(37586, [0])
(37587, [0])
(37588, [0])
(37589, [0])
(37590, [0])
(37591, [0])
(37592, [0, 1, 2, 11, 19, 26])
(37593, [0])
(37594, [0])
(37595, [0])
(37596, [0, 12])
(37597, [0, 3, 17, 39])
(37598, [0])
(37599, [0])
(37600, [0, 42])
(37601, [0])
(37602, [0])
(37603, [0])
(37604, [0])
(37605, [0])
(37606, [0])
(37607, [0])
(37608, [0, 12])
(37609, [0])
(37610, [0])
(37611, [0])
(37612, [0])
(37613, [0])
(37614, [0])
(37615, [0])
(37616, [0])
(37617, [0])
(37618, [0])
(37619, [0, 12])
(37620, [0, 31])
(37621, [0])
(37622, [0])
(37623, [0])
(37624, [0])
(37625, [0])
(37626, [0])
(37627, [0])
(37628, [0])
(37629, [0])
(37630, [0])
(37631, [0])
(37632, [0])
(37633, [0])
(37634, [0])
(37635, [0])
(37636, [0])
(37637, [0])
(37638, [0])
(37639, [0, 3])
(37640, [0])
(37641, [0])
(37642, [0])
(37643, [0])
(37644, [0])
(37645, [0])
(37646, [0, 12])
(37647, [0])
(37648, [0])
(37649, [0])
(37650, [0])
(37651, [0])
(37652, [0])
(37653, [0])
(37654, [0])
(37655, [0])
(37656, [0])
(37657, [0])
(37658, [0])
(37659, [0])
(37660, [0])
(37661, [0, 12])
(37662, [0])
(37663, [0])
(37664, [0])
(37665, [0])
(37666, [0])
(37667, [0])
(37668, [0])
(37669, [2, 7, 11, 13, 17, 19, 24, 26, 40, 43, 44])
(37670, [11])
(37671, [1, 5, 11, 12, 13, 17, 21, 22, 23, 40, 41])
(37672, [2, 4, 11, 17, 44])
(37673, [2, 3, 11, 17, 30, 36, 43])
(37674, [11])
(37675, [11])
(37676, [1, 2, 3, 11, 22, 31, 41, 44])
(37677, [11, 14, 26])
(37678, [11, 12, 39, 41, 44])
(37679, [11])
(37680, [2, 11, 44])
(37681, [11])
(37682, [11])
(37683, [11])
(37684, [11])
(37685, [11])
(37686, [11])
(37687, [2, 11, 42, 44])
(37688, [11, 12, 43])
(37689, [3, 11])
(37690, [1, 7, 11, 21, 22, 41, 44])
(37691, [11])
(37692, [11, 12])
(37693, [11])
(37694, [2, 6, 11, 14, 17, 24, 25, 30, 36, 40, 44])
(37695, [11, 19])
(37696, [11])
(37697, [11])
(37698, [11])
(37699, [11, 23])
(37700, [7])
(37701, [1, 3, 7])
(37702, [7])
(37703, [7, 16])
(37704, [7])
(37705, [1, 3, 7, 15, 19, 29, 44])
(37706, [7])
(37707, [7])
(37708, [7])
(37709, [7])
(37710, [7])
(37711, [7])
(37712, [1, 3, 4, 6, 7, 12, 16, 19, 24, 26])
(37713, [7])
(37714, [7])
(37715, [1, 3, 7, 21, 30])
(37716, [7, 42])
(37717, [1, 16, 29, 39])
(37718, [29])
(37719, [16])
(37720, [16])
(37721, [16, 26])
(37722, [16, 19, 21])
(37723, [16])
(37724, [16])
(37725, [16])
(37726, [16, 43])
(37727, [16, 36])
(37728, [16])
(37729, [42])
(37730, [1, 42])
(37731, [6, 19, 23])
(37732, [2, 6])
(37733, [6])
(37734, [6])
(37735, [6, 39])
(37736, [2, 6])
(37737, [6])
(37738, [6])
(37739, [6, 15, 38, 43])
(37740, [1, 6])
(37741, [6])
(37742, [6])
(37743, [28])
(37744, [28, 41])
(37745, [28])
(37746, [3, 12, 28])
(37747, [2, 14, 17])
(37748, [17])
(37749, [1, 3, 14, 15, 17, 40, 41, 44])
(37750, [17, 19, 44])
(37751, [17])
(37752, [17, 26, 31])
(37753, [17])
(37754, [17, 30])
(37755, [17])
(37756, [17])
(37757, [2, 13, 17])
(37758, [17])
(37759, [1, 2, 3, 12, 15, 17, 22])
(37760, [17, 24])
(37761, [17])
(37762, [17])
(37763, [8, 17, 24])
(37764, [1])
(37765, [1])
(37766, [1, 3])
(37767, [1])
(37768, [1])
(37769, [1])
(37770, [1])
(37771, [1, 3, 4, 12])
(37772, [1, 2, 3, 4, 19, 21, 31, 43])
(37773, [1, 2, 15, 21, 26])
(37774, [1])
(37775, [1, 2, 3, 15, 40])
(37776, [1, 21])
(37777, [1, 3])
(37778, [1, 22, 23])
(37779, [1])
(37780, [1])
(37781, [1, 3, 21])
(37782, [1, 3])
(37783, [1])
(37784, [1])
(37785, [1, 3])
(37786, [1, 21])
(37787, [1])
(37788, [1])
(37789, [1, 41])
(37790, [1, 30])
(37791, [1])
(37792, [1])
(37793, [1])
(37794, [1])
(37795, [1, 23, 31])
(37796, [1, 3])
(37797, [1])
(37798, [1])
(37799, [1, 2])
(37800, [1])
(37801, [1, 3, 21, 22, 23, 26])
(37802, [1, 26])
(37803, [1])
(37804, [1, 3, 21])
(37805, [1])
(37806, [1, 31])
(37807, [1])
(37808, [1, 3, 21])
(37809, [10])
(37810, [2, 10])
(37811, [10])
(37812, [10])
(37813, [2, 10])
(37814, [10])
(37815, [10])
(37816, [10])
(37817, [10])
(37818, [10])
(37819, [2, 10, 14, 19])
(37820, [10])
(37821, [19])
(37822, [19])
(37823, [19])
(37824, [19])
(37825, [19])
(37826, [19])
(37827, [19])
(37828, [19])
(37829, [19])
(37830, [19])
(37831, [2, 19, 43])
(37832, [3, 19])
(37833, [19])
(37834, [4, 19])
(37835, [2, 19])
(37836, [19])
(37837, [19, 36])
(37838, [19])
(37839, [19])
(37840, [12, 19])
(37841, [2, 19])
(37842, [19])
(37843, [19, 22])
(37844, [19])
(37845, [4, 19])
(37846, [19, 30])
(37847, [19])
(37848, [19, 23, 43])
(37849, [19])
(37850, [19])
(37851, [19])
(37852, [19])
(37853, [3, 19, 26])
(37854, [26])
(37855, [26, 40])
(37856, [26])
(37857, [26])
(37858, [2, 26])
(37859, [26])
(37860, [2, 14, 25, 26, 40, 41])
(37861, [26])
(37862, [2, 3, 12, 23, 26, 36])
(37863, [26])
(37864, [26, 36])
(37865, [26])
(37866, [12, 26])
(37867, [12, 26])
(37868, [26])
(37869, [26])
(37870, [26])
(37871, [22, 26])
(37872, [26, 39])
(37873, [26, 31])
(37874, [26])
(37875, [8])
(37876, [8, 23])
(37877, [8])
(37878, [8])
(37879, [8])
(37880, [8])
(37881, [8])
(37882, [5, 8])
(37883, [8])
(37884, [8])
(37885, [8])
(37886, [8])
(37887, [2, 8, 40, 41])
(37888, [8])
(37889, [8])
(37890, [21])
(37891, [21, 44])
(37892, [21, 24])
(37893, [2, 21, 30])
(37894, [12, 21, 23])
(37895, [21])
(37896, [21])
(37897, [21, 23])
(37898, [21])
(37899, [21])
(37900, [21])
(37901, [21])
(37902, [21])
(37903, [21])
(37904, [21, 39])
(37905, [3, 13, 21])
(37906, [21])
(37907, [21])
(37908, [21])
(37909, [21])
(37910, [21])
(37911, [21])
(37912, [21])
(37913, [21])
(37914, [21])
(37915, [21])
(37916, [21])
(37917, [21])
(37918, [21])
(37919, [12, 21])
(37920, [21])
(37921, [12, 21])
(37922, [21])
(37923, [2, 21, 39])
(37924, [21])
(37925, [21])
(37926, [21])
(37927, [21])
(37928, [21])
(37929, [21])
(37930, [2, 36, 44])
(37931, [44])
(37932, [44])
(37933, [44])
(37934, [44])
(37935, [44])
(37936, [44])
(37937, [2, 44])
(37938, [44])
(37939, [3, 44])
(37940, [44])
(37941, [2, 44])
(37942, [44])
(37943, [4, 44])
(37944, [44])
(37945, [44])
(37946, [44])
(37947, [41, 44])
(37948, [44])
(37949, [44])
(37950, [44])
(37951, [2, 15, 44])
(37952, [44])
(37953, [43])
(37954, [43])
(37955, [43])
(37956, [2, 43])
(37957, [43])
(37958, [43])
(37959, [43])
(37960, [43])
(37961, [43])
(37962, [43])
(37963, [12, 43])
(37964, [43])
(37965, [43])
(37966, [43])
(37967, [43])
(37968, [2, 4, 43])
(37969, [43])
(37970, [41, 43])
(37971, [38])
(37972, [38])
(37973, [38])
(37974, [36])
(37975, [36])
(37976, [36])
(37977, [36])
(37978, [30, 36])
(37979, [36])
(37980, [36])
(37981, [36])
(37982, [36])
(37983, [36])
(37984, [36])
(37985, [36])
(37986, [36])
(37987, [36])
(37988, [36])
(37989, [36])
(37990, [36])
(37991, [36])
(37992, [36])
(37993, [36])
(37994, [36])
(37995, [36])
(37996, [36])
(37997, [36])
(37998, [36])
(37999, [36])
(38000, [36])
(38001, [31])
(38002, [3, 31])
(38003, [31])
(38004, [30, 31])
(38005, [31])
(38006, [31])
(38007, [31])
(38008, [30])
(38009, [30])
(38010, [3, 30])
(38011, [30])
(38012, [30])
(38013, [30])
(38014, [30])
(38015, [30])
(38016, [2, 30])
(38017, [37])
(38018, [37])
(38019, [37])
(38020, [2, 37])
(38021, [37])
(38022, [37])
(38023, [39])
(38024, [39])
(38025, [39])
(38026, [41])
(38027, [41])
(38028, [41])
(38029, [41])
(38030, [41])
(38031, [41])
(38032, [41])
(38033, [4, 15, 23, 24, 41])
(38034, [41])
(38035, [41])
(38036, [41])
(38037, [41])
(38038, [41])
(38039, [41])
(38040, [41])
(38041, [22, 41])
(38042, [41])
(38043, [41])
(38044, [41])
(38045, [12, 13, 41])
(38046, [13, 41])
(38047, [41])
(38048, [41])
(38049, [24])
(38050, [24])
(38051, [24])
(38052, [4, 24])
(38053, [24])
(38054, [2, 4, 24])
(38055, [24])
(38056, [24])
(38057, [24])
(38058, [2, 24])
(38059, [23])
(38060, [23])
(38061, [23])
(38062, [23])
(38063, [23])
(38064, [23])
(38065, [23])
(38066, [23])
(38067, [23])
(38068, [23])
(38069, [23])
(38070, [23])
(38071, [23])
(38072, [23])
(38073, [23])
(38074, [23])
(38075, [23])
(38076, [3, 23])
(38077, [23])
(38078, [23])
(38079, [23])
(38080, [23])
(38081, [23])
(38082, [23])
(38083, [23])
(38084, [23])
(38085, [23])
(38086, [23])
(38087, [23])
(38088, [23])
(38089, [23])
(38090, [23])
(38091, [23])
(38092, [23])
(38093, [23])
(38094, [23])
(38095, [23])
(38096, [23])
(38097, [23])
(38098, [23])
(38099, [12, 23])
(38100, [23])
(38101, [23])
(38102, [23])
(38103, [23])
(38104, [23])
(38105, [23])
(38106, [23])
(38107, [23])
(38108, [23])
(38109, [4])
(38110, [2, 4])
(38111, [4])
(38112, [4, 13])
(38113, [4])
(38114, [4])
(38115, [4])
(38116, [4])
(38117, [4])
(38118, [4])
(38119, [4])
(38120, [4])
(38121, [4])
(38122, [4])
(38123, [4])
(38124, [4])
(38125, [4])
(38126, [4])
(38127, [4])
(38128, [4])
(38129, [4])
(38130, [4])
(38131, [4])
(38132, [4])
(38133, [4])
(38134, [4])
(38135, [4])
(38136, [4])
(38137, [15])
(38138, [15])
(38139, [15])
(38140, [15])
(38141, [15])
(38142, [15])
(38143, [15])
(38144, [15])
(38145, [12, 15])
(38146, [15])
(38147, [15])
(38148, [15])
(38149, [3])
(38150, [3])
(38151, [3])
(38152, [3])
(38153, [2, 3])
(38154, [2, 3])
(38155, [3])
(38156, [3])
(38157, [3])
(38158, [3])
(38159, [3])
(38160, [3])
(38161, [3, 12])
(38162, [3])
(38163, [3])
(38164, [3])
(38165, [3])
(38166, [3])
(38167, [3])
(38168, [3])
(38169, [3])
(38170, [3])
(38171, [3])
(38172, [3])
(38173, [3])
(38174, [3])
(38175, [3])
(38176, [3])
(38177, [3])
(38178, [3])
(38179, [3])
(38180, [12])
(38181, [12])
(38182, [12])
(38183, [12])
(38184, [12])
(38185, [12])
(38186, [12])
(38187, [12])
(38188, [12])
(38189, [12])
(38190, [12])
(38191, [12])
(38192, [12])
(38193, [12])
(38194, [12])
(38195, [12])
(38196, [12])
(38197, [12])
(38198, [12])
(38199, [12])
(38200, [12])
(38201, [12])
(38202, [12])
(38203, [12])
(38204, [12])
(38205, [12])
(38206, [12])
(38207, [12])
(38208, [12])
(38209, [12])
(38210, [12])
(38211, [12])
(38212, [12])
(38213, [12])
(38214, [12])
(38215, [2, 12])
(38216, [12])
(38217, [12])
(38218, [12])
(38219, [12])
(38220, [12])
(38221, [12])
(38222, [12])
(38223, [12])
(38224, [12])
(38225, [12])
(38226, [12])
(38227, [12])
(38228, [12])
(38229, [12])
(38230, [12])
(38231, [12])
(38232, [12])
(38233, [12])
(38234, [12])
(38235, [12])
(38236, [12])
(38237, [12])
(38238, [12])
(38239, [12])
(38240, [2, 12])
(38241, [12])
(38242, [12])
(38243, [2, 12])
(38244, [12])
(38245, [12])
(38246, [12])
(38247, [12])
(38248, [12])
(38249, [12])
(38250, [12])
(38251, [12])
(38252, [12])
(38253, [12])
(38254, [12])
(38255, [12])
(38256, [12])
(38257, [12])
(38258, [12])
(38259, [12])
(38260, [40])
(38261, [40])
(38262, [40])
(38263, [40])
(38264, [40])
(38265, [40])
(38266, [2])
(38267, [2])
(38268, [2])
(38269, [2])
(38270, [2])
(38271, [2])
(38272, [2])
(38273, [2])
(38274, [2])
(38275, [2])
(38276, [2])
(38277, [2])
(38278, [2])
(38279, [2])
(38280, [2])
(38281, [2])
(38282, [2])
(38283, [2])
(38284, [2])
(38285, [2])
(38286, [2])
(38287, [2])
(38288, [2])
(38289, [2])
(38290, [2])
(38291, [2])
(38292, [2])
(38293, [2])
(38294, [2])
(38295, [2])
(38296, [2])
(38297, [2])
(38298, [2])
(38299, [2])
(38300, [2])
(38301, [2])
(38302, [2])
(38303, [2])
(38304, [2])
(38305, [2, 14])
(38306, [2])
(38307, [2])
(38308, [2])
(38309, [2])
(38310, [2])
(38311, [2])
(38312, [2])
(38313, [2])
(38314, [2, 22])
(38315, [2])
(38316, [2])
(38317, [2])
(38318, [2])
(38319, [2])
(38320, [2])
(38321, [2])
(38322, [2])
(38323, [2])
(38324, [2])
(38325, [2])
(38326, [2])
(38327, [2])
(38328, [2])
(38329, [2])
(38330, [2])
(38331, [2])
(38332, [2])
(38333, [2])
(38334, [2])
(38335, [2])
(38336, [2])
(38337, [2])
(38338, [2])
(38339, [2])
(38340, [2])
(38341, [2])
(38342, [2])
(38343, [2])
(38344, [2])
(38345, [2])
(38346, [2])
(38347, [2])
(38348, [2])
(38349, [2])
(38350, [2])
(38351, [2])
(38352, [2])
(38353, [2])
(38354, [2])
(38355, [2, 22])
(38356, [13])
(38357, [13, 14])
(38358, [13])
(38359, [13])
(38360, [13])
(38361, [13])
(38362, [13])
(38363, [13])
(38364, [5])
(38365, [5])
(38366, [5])
(38367, [5])
(38368, [5])
(38369, [5])
(38370, [5])
(38371, [5])
(38372, [5])
(38373, [5])
(38374, [5])
(38375, [5])
(38376, [14])
(38377, [14])
(38378, [14])
(38379, [14])
(38380, [14])
(38381, [14])
(38382, [14])
(38383, [14])
(38384, [14])
(38385, [14])
(38386, [14])
(38387, [14])
(38388, [14])
(38389, [14])
(38390, [14])
(38391, [14])
(38392, [14])
(38393, [14])
(38394, [14])
(38395, [14])
(38396, [14])
(38397, [14])
(38398, [14])
(38399, [14])
(38400, [14])
(38401, [14])
(38402, [22])
(38403, [22])
(38404, [22])
(38405, [22])
(38406, [22])
(38407, [22])
(38408, [22])
(38409, [25])
