(122244, [32, 35, 34, 33, 20, 18, 27, 9, 0, 11, 7, 29, 16, 42, 6, 28, 17, 1, 10, 19, 26, 8, 21, 44, 43, 38, 36, 31, 30, 37, 39, 41, 24, 23, 4, 15, 3, 12, 40, 2, 13, 5, 14, 22, 25])
(122245, [32])
(122246, [32, 35, 34, 33, 20, 18, 27, 9, 0, 11, 7, 29, 16, 42, 6, 28, 17, 1, 10, 19, 26, 8, 21, 44, 43, 38, 36, 31, 30, 37, 39, 41, 24, 23, 4, 15, 3, 12, 40, 2, 13, 5, 14, 22, 25])
(122247, [32, 35, 34, 33, 20, 18, 27, 9, 0, 11, 7, 29, 16, 42, 6, 28, 17, 1, 10, 19, 26, 8, 21, 44, 43, 38, 36, 31, 30, 37, 39, 41, 24, 23, 4, 15, 3, 12, 40, 2, 13, 5, 14, 22, 25])
(122248, [32, 35, 34, 33, 20, 18, 27, 9, 0, 11, 7, 29, 16, 42, 6, 28, 17, 1, 10, 19, 26, 8, 21, 44, 43, 38, 36, 31, 30, 37, 39, 41, 24, 23, 4, 15, 3, 12, 40, 2, 13, 5, 14, 22, 25])
(122249, [32, 18, 17, 36, 14, 22])
(122250, [32, 17])
(122251, [32, 35, 34, 33, 20, 18, 27, 9, 0, 11, 7, 29, 16, 42, 6, 28, 17, 1, 10, 19, 26, 8, 21, 44, 43, 38, 36, 31, 30, 37, 39, 41, 24, 23, 4, 15, 3, 12, 40, 2, 13, 5, 14, 22, 25])
(122252, [32, 35, 34, 33, 20, 18, 27, 9, 0, 11, 7, 29, 16, 42, 6, 28, 17, 1, 10, 19, 26, 8, 21, 44, 43, 38, 36, 31, 30, 37, 39, 41, 24, 23, 4, 15, 3, 12, 40, 2, 13, 5, 14, 22, 25])
(122253, [32, 35, 34, 33, 20, 18, 27, 9, 0, 11, 7, 29, 16, 42, 6, 28, 17, 1, 10, 19, 26, 8, 21, 44, 43, 38, 36, 31, 30, 37, 39, 41, 24, 23, 4, 15, 3, 12, 40, 2, 13, 5, 14, 22, 25])
(122254, [32, 35, 34, 33, 20, 18, 27, 9, 0, 11, 7, 29, 16, 42, 6, 28, 17, 1, 10, 19, 26, 8, 21, 44, 43, 38, 36, 31, 30, 37, 39, 41, 24, 23, 4, 15, 3, 12, 40, 2, 13, 5, 14, 22, 25])
(122255, [32, 35, 34, 33, 20, 18, 27, 9, 0, 11, 7, 29, 16, 42, 6, 28, 17, 1, 10, 19, 26, 8, 21, 44, 43, 38, 36, 31, 30, 37, 39, 41, 24, 23, 4, 15, 3, 12, 40, 2, 13, 5, 14, 22, 25])
(122256, [32, 35, 34, 33, 20, 18, 27, 9, 0, 11, 7, 29, 16, 42, 6, 28, 17, 1, 10, 19, 26, 8, 21, 44, 43, 38, 36, 31, 30, 37, 39, 41, 24, 23, 4, 15, 3, 12, 40, 2, 13, 5, 14, 22, 25])
(122257, [32, 35, 34, 33, 20, 18, 27, 9, 0, 11, 7, 29, 16, 42, 6, 28, 17, 1, 10, 19, 26, 8, 21, 44, 43, 38, 36, 31, 30, 37, 39, 41, 24, 23, 4, 15, 3, 12, 40, 2, 13, 5, 14, 22, 25])
(122258, [32, 35, 34, 33, 18, 9, 0, 11, 7, 16, 42, 6, 17, 1, 10, 19, 26, 8, 21, 44, 43, 31, 30, 41, 24, 23, 4, 15, 3, 12, 40, 2, 13, 14])
(122259, [32, 35, 34, 33, 20, 18, 27, 9, 0, 11, 7, 29, 16, 42, 6, 28, 17, 1, 10, 19, 26, 8, 21, 44, 43, 38, 36, 31, 30, 37, 39, 41, 24, 23, 4, 15, 3, 12, 40, 2, 13, 5, 14, 22])
(122260, [32, 35, 34, 33, 18, 9, 11, 7, 29, 16, 6, 17, 1, 19, 26, 8, 21, 44, 38, 31, 30, 39, 24, 23, 4, 15, 3, 12, 40, 2, 14, 22])
(122261, [32, 35, 34, 33, 20, 18, 27, 9, 0, 11, 7, 29, 16, 42, 6, 28, 17, 1, 19, 26, 8, 21, 44, 43, 38, 36, 31, 30, 37, 39, 41, 24, 23, 4, 15, 3, 12, 40, 2, 13, 14, 22, 25])
(122262, [32])
(122263, [32, 35, 34, 18, 9, 0, 11, 7, 16, 6, 17, 1, 10, 19, 26, 8, 21, 44, 43, 31, 30, 37, 24, 23, 4, 15, 3, 12, 2, 13, 5, 14])
(122264, [32, 35, 34, 33, 9, 0, 11, 7, 16, 28, 17, 1, 19, 26, 8, 21, 44, 43, 36, 31, 30, 39, 41, 24, 23, 4, 15, 3, 12, 40, 2, 13, 14, 25])
(122265, [32, 35, 34, 33, 20, 18, 27, 9, 0, 11, 7, 29, 16, 42, 6, 28, 17, 1, 10, 19, 26, 21, 44, 43, 38, 36, 31, 30, 39, 41, 24, 4, 15, 3, 12, 40, 2, 13, 14, 22, 25])
(122266, [32, 33, 11, 7, 16, 6, 28, 19, 26, 44, 38, 36, 31, 30, 39, 41, 24, 4, 15, 3, 12, 2, 13, 14])
(122267, [32, 34, 33, 18, 9, 16, 6, 26, 43, 31, 30, 24, 15, 3, 2, 14])
(122268, [32, 35, 34, 33, 20, 18, 9, 11, 7, 16, 6, 17, 1, 19, 26, 21, 44, 43, 38, 36, 31, 30, 37, 39, 41, 24, 23, 4, 15, 3, 12, 40, 2, 13, 22])
(122269, [32, 35, 34, 33, 20, 18, 27, 9, 0, 11, 7, 42, 6, 28, 1, 19, 26, 8, 21, 44, 43, 38, 36, 31, 30, 39, 41, 24, 23, 4, 15, 3, 12, 40, 2, 13, 22])
(122270, [32, 33, 9, 11, 7, 16, 1, 19, 26, 8, 21, 44, 38, 31, 37, 41, 24, 23, 4, 15, 3, 12, 2, 13, 22])
(122271, [32, 35, 34, 33, 20, 18, 27, 9, 0, 11, 29, 16, 42, 6, 28, 17, 1, 10, 19, 26, 21, 44, 43, 36, 31, 30, 37, 41, 24, 23, 4, 15, 3, 12, 40, 2, 13, 5, 14, 22, 25])
(122272, [32, 33, 1, 19, 26, 21, 15, 2])
(122273, [32, 35, 34, 33, 20, 18, 27, 9, 0, 11, 7, 29, 16, 42, 6, 17, 1, 19, 26, 21, 44, 43, 38, 31, 30, 39, 41, 24, 23, 4, 15, 3, 12, 40, 2, 13, 14, 22])
(122274, [32, 35, 34, 20, 18, 9, 11, 29, 6, 28, 1, 10, 26, 44, 43, 38, 31, 30, 39, 41, 24, 4, 15, 3, 12, 2, 13, 14, 22])
(122275, [32, 20, 18, 27, 0, 11, 7, 6, 28, 1, 26, 44, 43, 36, 31, 30, 41, 24, 23, 4, 15, 3, 12, 2, 5, 14])
(122276, [32, 35, 33, 20, 9, 6, 19, 26, 43, 31, 41, 24, 15, 3, 12])
(122277, [32, 33, 20, 18, 9, 0, 11, 7, 16, 6, 1, 19, 21, 44, 43, 38, 31, 30, 41, 24, 23, 4, 15, 3, 12, 40, 2, 14])
(122278, [32, 34, 20, 18, 27, 9, 0, 11, 7, 16, 42, 1, 10, 26, 8, 21, 44, 30, 41, 24, 23, 3, 12, 40, 2, 22])
(122279, [32, 35, 34, 33, 18, 9, 0, 11, 7, 16, 42, 6, 28, 17, 1, 19, 8, 21, 44, 43, 31, 30, 37, 39, 41, 24, 23, 4, 15, 3, 12, 2, 13, 14, 22])
(122280, [32, 35, 34, 33, 20, 18, 27, 9, 0, 11, 7, 16, 42, 6, 28, 17, 1, 10, 19, 26, 8, 21, 44, 43, 38, 36, 31, 30, 37, 39, 41, 24, 23, 4, 15, 3, 12, 40, 2, 13, 5, 14, 22])
(122281, [32, 34, 33, 20, 18, 27, 9, 0, 11, 7, 6, 28, 17, 1, 19, 26, 44, 43, 31, 30, 41, 24, 4, 15, 3, 12, 40, 2, 13, 14])
(122282, [32, 35, 33, 18, 27, 9, 0, 6, 17, 1, 19, 8, 21, 44, 43, 31, 30, 39, 24, 23, 4, 15, 3, 12, 40, 2, 13, 5, 14, 22])
(122283, [32, 33, 20, 16, 6, 28, 17, 1, 19, 26, 8, 44, 36, 31, 30, 41, 24, 4, 15, 3, 12, 40, 2, 13, 14])
(122284, [32, 35, 33, 18, 27, 11, 16, 42, 6, 1, 19, 26, 8, 44, 43, 31, 30, 39, 4, 15, 3, 12, 2, 22])
(122285, [32, 34, 33, 20, 18, 9, 0, 11, 16, 6, 17, 1, 26, 8, 43, 31, 15, 3, 12, 40, 5])
(122286, [32, 35, 34, 33, 20, 18, 27, 9, 11, 7, 29, 16, 42, 6, 17, 1, 19, 26, 8, 44, 43, 36, 31, 30, 37, 39, 41, 24, 23, 4, 15, 3, 12, 40, 2, 13, 5, 14])
(122287, [32, 34, 33, 20, 18, 27, 9, 0, 11, 7, 17, 1, 19, 26, 8, 43, 31, 41, 23, 4, 15, 3, 12, 40, 2, 13, 5, 14])
(122288, [32, 18, 9, 0, 6, 1, 19, 26, 8, 44, 31, 30, 23, 4, 12, 2, 14])
(122289, [32, 2])
(122290, [32, 34, 11, 1, 19, 26, 21, 31, 3, 2, 22, 25])
(122291, [32, 34, 9, 0, 6, 1, 19, 43, 36, 31, 30, 41, 15, 3, 40, 2, 14])
(122292, [32, 30, 4])
(122293, [32, 34, 20, 18, 11, 42, 6, 17, 1, 19, 21, 23, 4, 3, 40, 2, 25])
(122294, [32, 34, 33, 18, 27, 0, 7, 17, 1, 19, 26, 21, 44, 43, 31, 30, 39, 23, 4, 15, 3, 12, 2, 14])
(122295, [32, 34, 33, 18, 9, 6, 1, 21, 31, 30, 41, 24, 23, 4, 15])
(122296, [32, 35, 33, 20, 18, 27, 11, 7, 16, 42, 6, 17, 1, 10, 19, 8, 21, 44, 43, 31, 30, 39, 41, 24, 23, 4, 15, 3, 12, 40, 2, 5, 22])
(122297, [32, 16, 1, 26, 31, 13])
(122298, [32, 15])
(122299, [32, 0, 11])
(122300, [32, 33, 27, 9, 0, 16, 1, 19, 26, 31, 30, 41, 24, 4, 15, 3, 40, 2, 13])
(122301, [32, 6, 26])
(122302, [32, 27, 0, 16, 1, 19, 26, 44, 23, 4, 15, 3])
(122303, [32, 35, 34, 33, 20, 18, 9, 0, 11, 7, 16, 42, 6, 17, 1, 19, 26, 21, 44, 31, 23, 4, 15, 3, 12, 40, 2])
(122304, [32, 33, 9, 0, 11, 16, 42, 1, 19, 26, 8, 21, 31, 41, 24, 23, 4, 15, 3, 12, 2])
(122305, [32, 34, 33, 20, 18, 9, 0, 11, 7, 6, 17, 1, 19, 26, 8, 44, 43, 36, 39, 41, 24, 4, 15, 3, 12, 40, 2, 14])
(122306, [32, 11, 16, 17, 19, 12, 2])
(122307, [32, 33, 20, 11, 6, 17, 19, 26, 44, 43, 36, 41, 24, 4, 15, 3, 2, 13, 14])
(122308, [32, 9, 6, 26, 31, 30, 12, 2])
(122309, [32, 34, 18, 9, 0, 11, 6, 1, 10, 19, 26, 8, 44, 43, 30, 39, 41, 24, 23, 4, 15, 3, 40, 13, 14, 22])
(122310, [32, 6, 30, 41])
(122311, [32, 34, 33, 20, 18, 27, 0, 7, 6, 28, 19, 26, 44, 43, 38, 31, 30, 41, 24, 23, 4, 15, 3, 12, 2, 13, 5])
(122312, [32, 18, 27, 9, 11, 7, 28, 17, 1, 19, 26, 21, 44, 43, 31, 30, 37, 41, 15, 3, 12, 40, 2, 5, 14])
(122313, [32, 34, 33, 20, 18, 9, 11, 16, 42, 17, 1, 19, 8, 21, 44, 38, 30, 37, 41, 24, 15, 12, 14, 22])
(122314, [32, 9, 0, 19, 26, 44, 41, 24, 2])
(122315, [32, 18, 9, 7, 16, 42, 19, 43, 41, 24, 15, 12, 2, 14])
(122316, [32, 6, 1, 31, 4, 15])
(122317, [32, 35, 0, 26, 43, 31, 30, 24, 15, 3, 40, 2])
(122318, [32, 34, 44, 3])
(122319, [32, 9, 11, 16, 6, 17, 1, 19, 26, 21, 43, 31, 41, 23, 15, 3, 12, 40])
(122320, [32, 18, 27, 6, 28, 1, 19, 43, 41, 15, 2, 22])
(122321, [32, 20, 18, 9, 0, 11, 29, 16, 17, 1, 10, 19, 21, 44, 37, 41, 24, 23, 15, 3, 40, 2, 13, 5, 22])
(122322, [32, 18, 6])
(122323, [32, 18, 23, 15, 3])
(122324, [32, 35, 34, 33, 20, 18, 9, 0, 11, 42, 6, 1, 19, 21, 43, 37, 41, 24, 23, 15, 3, 12, 2])
(122325, [32])
(122326, [32, 34, 20, 9, 4, 13])
(122327, [32, 35, 34, 33, 18, 9, 11, 16, 6, 17, 1, 10, 19, 26, 8, 21, 44, 43, 38, 36, 31, 30, 37, 41, 24, 23, 4, 15, 3, 12, 40, 2, 13, 5, 22])
(122328, [32, 34, 18, 27, 0, 11, 6, 17, 43, 24, 4, 15, 12, 2, 14])
(122329, [32, 35, 34, 33, 20, 18, 9, 0, 11, 7, 16, 6, 28, 17, 1, 19, 26, 8, 44, 43, 38, 31, 30, 37, 39, 41, 24, 23, 4, 15, 3, 12, 40, 2, 13, 5])
(122330, [32, 6, 17, 41])
(122331, [32, 33, 9, 6, 26, 31, 30, 39, 41, 4, 12, 5, 22])
(122332, [32, 9, 11, 16, 42, 17, 1, 19, 21, 43, 4, 3])
(122333, [32, 33, 27, 0, 19, 31, 30, 41, 4, 15, 12, 14])
(122334, [32, 9])
(122335, [32, 20, 18, 11, 7, 16, 1, 19, 8, 21, 44, 43, 31, 30, 23, 3, 12, 2, 14])
(122336, [32, 31])
(122337, [32, 34, 33, 18, 11, 7, 29, 16, 42, 6, 1, 19, 8, 21, 44, 31, 30, 23, 4, 15, 3, 12, 40, 2, 13, 14, 22])
(122338, [32, 18, 9, 11, 1, 19, 41])
(122339, [32, 31, 30, 41, 4, 15])
(122340, [32, 0, 3, 2])
(122341, [32, 34, 33, 9, 6, 17, 1, 19, 31, 30, 23, 3, 12, 2, 14])
(122342, [32])
(122343, [32, 18, 9, 11, 16, 6, 10, 44, 43, 31, 4, 15, 13])
(122344, [32, 33, 18, 9, 11, 1, 8, 44, 38, 30, 3])
(122345, [32, 16, 1, 21, 30, 39, 3, 2])
(122346, [32, 33, 6, 26, 43, 41, 2])
(122347, [32])
(122348, [32, 41, 15])
(122349, [32, 33, 18, 9, 6, 17, 19, 26, 43, 31, 30, 37, 41, 24, 23, 4, 15, 3, 12, 40, 2])
(122350, [32, 33, 18, 0, 11, 6, 17, 19, 43, 41, 23, 15, 3, 12, 2, 14])
(122351, [32])
(122352, [32, 36])
(122353, [32, 35, 11, 7, 6, 1, 19, 26, 44, 43, 39, 3, 12, 2])
(122354, [35, 34, 33, 20, 18, 27, 9, 0, 11, 7, 29, 16, 42, 6, 28, 1, 10, 19, 26, 8, 21, 44, 43, 38, 36, 31, 30, 37, 39, 41, 24, 23, 4, 15, 3, 12, 40, 2, 13, 5, 14, 22, 25])
(122355, [35, 18, 0, 29, 1, 19, 21, 36, 37, 3, 2])
(122356, [35, 34, 33, 20, 18, 7, 29, 6, 1, 19, 8, 44, 30, 23, 3, 22])
(122357, [35, 34, 9, 16, 17, 26, 8, 43, 31, 30, 41, 23, 15, 3, 12, 2, 13])
(122358, [35])
(122359, [35, 18, 0, 42, 1, 19, 21, 43, 37, 39, 4, 3, 12, 2])
(122360, [35, 16, 23])
(122361, [35, 18])
(122362, [35, 17, 19, 21, 44, 43, 39, 24, 23, 15, 3])
(122363, [35, 3])
(122364, [35, 34, 33, 20, 18, 0, 7, 1, 19, 26, 8, 44, 31, 30, 39, 23, 3, 2, 13, 5, 22, 25])
(122365, [35, 37])
(122366, [35])
(122367, [35])
(122368, [35])
(122369, [35, 34, 18, 9, 0, 16, 31])
(122370, [35, 33, 9, 0, 11, 7, 16, 6, 17, 1, 19, 21, 38, 23, 15, 3, 12, 2, 13, 5])
(122371, [35, 27, 9, 19, 8, 44, 43, 39, 23, 4, 15])
(122372, [35, 18, 23, 3, 22])
(122373, [35, 18, 9, 0, 11, 16, 17, 1, 19, 26, 8, 21, 44, 43, 41, 23, 15, 3, 12, 40, 2, 13, 5, 14, 22])
(122374, [35, 3])
(122375, [35, 18, 8, 23, 3])
(122376, [35, 1, 22])
(122377, [35])
(122378, [35])
(122379, [35])
(122380, [35])
(122381, [35, 33, 1, 19, 26, 41, 24, 15, 3])
(122382, [35, 18, 8, 23, 15])
(122383, [35, 7, 1, 8, 43, 37, 41, 12])
(122384, [35])
(122385, [35])
(122386, [35, 34, 20, 18, 0, 7, 6, 1, 36, 31, 39, 3, 12, 2])
(122387, [35, 0, 6, 1, 31, 30, 24, 2, 13])
(122388, [35, 18, 9, 0, 11, 16, 17, 1, 10, 19, 43, 41, 23, 15, 2, 13])
(122389, [35, 11, 44, 43, 23])
(122390, [35, 9, 11, 1, 19, 8, 21, 30, 37, 23, 15, 3, 12, 5])
(122391, [35])
(122392, [34, 33, 18, 0, 11, 7, 6, 1, 19, 21, 31, 30, 24, 23, 3, 12, 40, 14])
(122393, [34, 33, 16, 1, 4])
(122394, [34])
(122395, [34])
(122396, [34])
(122397, [34, 20, 9, 0, 7, 6, 28, 1, 10, 21, 44, 43, 15, 3, 2])
(122398, [34, 33, 0, 11, 6, 17, 19, 26, 30, 41, 24, 23, 3, 12, 2, 13])
(122399, [34, 19, 43, 31])
(122400, [34, 33, 20, 9, 0, 1, 10, 8, 44, 31, 30, 37, 3, 12, 5, 14])
(122401, [34, 7, 6, 1, 19, 26, 44, 43, 36, 31, 30, 24, 23, 3, 40, 2, 13])
(122402, [34, 1, 3])
(122403, [34, 7])
(122404, [34, 33, 20, 18, 9, 0, 7, 29, 6, 1, 19, 26, 21, 44, 43, 36, 31, 30, 24, 23, 4, 15, 3, 12, 13, 22])
(122405, [34])
(122406, [34, 18, 11, 16, 6, 19, 43, 31, 41, 23, 15, 12, 13])
(122407, [34])
(122408, [34, 33])
(122409, [34, 33, 6, 1, 23, 3, 2])
(122410, [34, 33, 18, 9, 0, 6, 1, 19, 26, 21, 44, 31, 30, 41, 23, 15, 12, 40, 2, 14])
(122411, [34])
(122412, [34])
(122413, [34, 33, 0, 11, 17, 1, 19, 8, 38, 31, 30, 39, 24, 4, 3, 2, 13, 14])
(122414, [34, 0])
(122415, [34, 11])
(122416, [34, 7, 1, 21, 43, 41, 23, 2, 22])
(122417, [34, 20, 6, 1, 26, 43, 31, 23, 4, 15, 40])
(122418, [34, 33, 18, 16, 42, 6, 1, 26, 8, 43, 23, 3, 40, 2])
(122419, [34, 19, 37, 23])
(122420, [34, 18, 1, 19, 44, 43, 31, 24, 3])
(122421, [34, 24, 22])
(122422, [34, 18, 1, 19, 8, 44, 38, 2, 14, 22])
(122423, [34, 0, 3, 12])
(122424, [34])
(122425, [34, 0, 12])
(122426, [34])
(122427, [34, 18, 16, 6, 26, 3, 2])
(122428, [34, 20])
(122429, [34, 0, 41, 2])
(122430, [34, 18, 31, 30, 41, 40])
(122431, [34, 20, 18, 9, 0, 11, 7, 16, 42, 28, 1, 19, 26, 21, 44, 43, 38, 30, 39, 41, 24, 23, 4, 3, 12, 2, 5, 22])
(122432, [34, 0, 7, 6, 28, 10, 41, 15, 3, 12, 2])
(122433, [34, 9, 0, 12])
(122434, [34])
(122435, [34])
(122436, [34, 12])
(122437, [34, 43])
(122438, [34, 33, 9, 0, 7, 16, 1, 19, 21, 44, 31, 30, 24, 15, 3, 12, 2, 14])
(122439, [34, 9, 16, 6, 26, 23, 15])
(122440, [34, 19])
(122441, [34])
(122442, [34])
(122443, [33])
(122444, [33])
(122445, [33])
(122446, [33])
(122447, [33, 20, 18, 0, 29, 16, 6, 1, 19, 21, 23, 3, 12, 2])
(122448, [33, 43, 31, 41, 24, 15, 3, 5])
(122449, [33, 18])
(122450, [33, 1, 26, 36, 30, 24, 3, 14])
(122451, [33, 1, 3, 12])
(122452, [33, 20, 0, 11, 42, 1, 26, 43, 36, 31, 3, 12, 40, 2])
(122453, [33, 1, 44, 4])
(122454, [33, 11, 31])
(122455, [33, 20, 0, 7, 6, 1, 44, 12])
(122456, [33, 0, 7, 42, 17, 1, 3])
(122457, [33])
(122458, [33, 36, 30])
(122459, [33])
(122460, [33, 18, 11, 6, 19, 43, 31, 4, 15, 2, 14, 22])
(122461, [33, 43])
(122462, [33, 42, 1, 19, 31, 30, 23, 3, 12, 5])
(122463, [33, 31, 41])
(122464, [33, 9, 0, 16, 26, 21, 44, 43, 36, 31, 23, 15, 2])
(122465, [33, 0, 44, 41, 12, 13])
(122466, [33, 6, 28])
(122467, [33, 9, 11, 19, 21, 41])
(122468, [33, 44, 3])
(122469, [33, 6, 1, 31, 3])
(122470, [33, 18, 11, 6, 1, 8, 43, 31, 23, 5])
(122471, [33, 18, 9, 6, 26, 43, 31, 30, 23, 3, 40, 14])
(122472, [33, 20, 0, 1, 19, 26, 44, 36, 41, 15, 3, 2])
(122473, [33, 20, 18, 0, 6, 1, 8, 43, 31, 23, 3, 2])
(122474, [33, 1, 15, 3, 12])
(122475, [33, 18, 30, 23])
(122476, [33])
(122477, [20, 18, 8, 23, 15])
(122478, [20, 21, 30, 3, 25])
(122479, [20, 6, 30, 23, 4, 15, 40, 2])
(122480, [20, 9, 3, 12])
(122481, [20])
(122482, [20, 16, 19, 23])
(122483, [20, 0, 3, 2])
(122484, [20, 0, 7, 42, 3])
(122485, [20])
(122486, [20, 9, 1, 26, 43, 41, 23, 3, 2])
(122487, [20, 18, 9, 0, 42, 1, 41, 3, 12, 2])
(122488, [20, 0, 12, 2])
(122489, [20, 9, 0, 11, 6, 1, 10, 26, 8, 44, 41, 23, 15, 3, 12, 40])
(122490, [20, 9, 0, 1, 26, 30, 3, 12, 2, 14])
(122491, [20, 26, 43, 2])
(122492, [20, 3])
(122493, [20])
(122494, [20, 7, 1, 44, 12, 13])
(122495, [20, 1, 3, 2])
(122496, [20, 18])
(122497, [20, 0, 7, 19, 12])
(122498, [20, 18, 0, 1, 19, 43, 31, 39, 4, 3, 2, 22])
(122499, [20, 1, 26])
(122500, [20, 41, 2, 14])
(122501, [20, 7, 16, 1, 15, 3])
(122502, [20, 11, 17, 1, 31, 3, 12, 2])
(122503, [20, 0, 16, 42, 1, 26, 3])
(122504, [20])
(122505, [20, 16])
(122506, [20, 0, 1])
(122507, [20])
(122508, [18, 31, 37])
(122509, [18])
(122510, [18, 29, 1, 44])
(122511, [18])
(122512, [18, 0, 31, 37, 3])
(122513, [18, 0, 16, 28, 43, 30, 41, 23, 4, 12, 40, 2, 13, 14])
(122514, [18, 19, 26, 44, 39, 15, 3, 2])
(122515, [18, 29, 19])
(122516, [18, 0, 29, 1, 19, 4, 12, 2])
(122517, [18, 23, 3])
(122518, [18, 19, 26, 8, 31, 23, 15])
(122519, [18, 1, 21, 22])
(122520, [18])
(122521, [18, 0, 8, 12, 22])
(122522, [18, 9, 0, 28, 17, 1, 19, 26, 8, 43, 4, 3, 12, 2, 14])
(122523, [18, 7])
(122524, [18])
(122525, [18])
(122526, [18, 0, 16, 6, 1, 15, 3])
(122527, [18])
(122528, [18, 23, 15])
(122529, [18])
(122530, [18, 31, 41])
(122531, [18])
(122532, [18])
(122533, [18])
(122534, [18])
(122535, [18, 0, 28, 1, 26, 43, 39, 23, 4, 15, 12, 2, 14])
(122536, [18])
(122537, [18, 40])
(122538, [18, 19, 8, 31, 2, 14])
(122539, [18, 9, 0, 7, 16, 42, 6, 17, 1, 10, 19, 8, 21, 36, 37, 39, 24, 23, 3, 12, 2])
(122540, [18, 0, 30, 41, 15, 12])
(122541, [18, 1, 8, 30, 23, 3])
(122542, [18, 1, 19, 21, 31, 15, 3])
(122543, [18])
(122544, [18, 29, 2])
(122545, [18])
(122546, [18, 12])
(122547, [18])
(122548, [18, 23])
(122549, [18])
(122550, [18, 9, 0, 43, 15, 2])
(122551, [18, 14])
(122552, [18, 26])
(122553, [18])
(122554, [18])
(122555, [18])
(122556, [18])
(122557, [18])
(122558, [18])
(122559, [18, 9, 0, 1, 30, 15, 3, 2])
(122560, [18])
(122561, [18])
(122562, [18])
(122563, [18])
(122564, [18])
(122565, [18])
(122566, [18, 23])
(122567, [18])
(122568, [18])
(122569, [18, 6, 1, 44, 41])
(122570, [18])
(122571, [18, 15])
(122572, [18])
(122573, [18])
(122574, [18])
(122575, [18])
(122576, [18])
(122577, [18])
(122578, [18])
(122579, [18])
(122580, [18])
(122581, [18])
(122582, [18, 1, 21, 37, 3])
(122583, [18])
(122584, [18])
(122585, [18, 9, 0, 28, 39, 24, 15, 2, 14])
(122586, [18])
(122587, [18, 9, 4, 15])
(122588, [18, 6])
(122589, [18, 19, 41])
(122590, [18])
(122591, [18, 19, 41, 4, 13])
(122592, [18, 29, 19, 31, 41, 23])
(122593, [18, 9, 42, 19, 21, 44, 43, 23, 40])
(122594, [18])
(122595, [18])
(122596, [18, 9, 11])
(122597, [27, 19, 43, 23, 4, 15, 2])
(122598, [27])
(122599, [27, 9, 26])
(122600, [27])
(122601, [27])
(122602, [27])
(122603, [27, 0, 7, 28, 3, 12])
(122604, [27])
(122605, [27])
(122606, [27])
(122607, [27, 9, 11, 29, 6, 28, 1, 19, 41, 23, 15, 3, 12, 22])
(122608, [9])
(122609, [9])
(122610, [9, 29, 8, 44, 30, 23])
(122611, [9, 2])
(122612, [9])
(122613, [9, 11, 16, 17, 8, 44, 43, 37, 41, 23, 13, 22])
(122614, [9, 44])
(122615, [9])
(122616, [9])
(122617, [9])
(122618, [9, 0, 36, 41, 3, 2, 14, 25])
(122619, [9, 1, 19, 21, 3, 22])
(122620, [9, 1, 21, 43, 23, 3])
(122621, [9, 11, 41, 12])
(122622, [9])
(122623, [9, 28, 19, 44, 41, 2, 13])
(122624, [9, 7, 19, 23])
(122625, [9, 26, 43, 30, 41, 24, 2, 14])
(122626, [9, 12])
(122627, [9, 17, 1, 19, 41, 24, 2])
(122628, [9, 0, 1, 21, 23, 3])
(122629, [9])
(122630, [9, 6, 43, 41, 2])
(122631, [9, 0, 12, 2])
(122632, [9])
(122633, [9, 0, 7, 1, 10, 43, 23, 3, 12])
(122634, [9])
(122635, [9])
(122636, [9, 0, 11, 17, 10, 44, 24, 4, 12, 2])
(122637, [9, 16, 19, 21, 24, 3])
(122638, [9, 39])
(122639, [9])
(122640, [9])
(122641, [9])
(122642, [9])
(122643, [9, 15])
(122644, [9, 0, 26, 23])
(122645, [9, 44, 12])
(122646, [9, 28, 17, 26, 43, 15, 3])
(122647, [9])
(122648, [9])
(122649, [9, 26, 43, 24, 2, 14])
(122650, [9])
(122651, [9, 17, 14])
(122652, [9])
(122653, [9])
(122654, [9, 26, 38, 30, 41, 4, 40, 2])
(122655, [9])
(122656, [9, 0, 11, 1, 3])
(122657, [0, 12])
(122658, [0, 39, 12])
(122659, [0])
(122660, [0, 10, 12])
(122661, [0])
(122662, [0])
(122663, [0, 7, 12])
(122664, [0])
(122665, [0])
(122666, [0])
(122667, [0])
(122668, [0])
(122669, [0, 12])
(122670, [0, 10, 12])
(122671, [0, 12])
(122672, [0])
(122673, [0])
(122674, [0])
(122675, [0])
(122676, [0])
(122677, [0])
(122678, [0, 16, 1, 10, 44, 3, 12, 13])
(122679, [0, 12])
(122680, [0])
(122681, [0])
(122682, [0, 2])
(122683, [0])
(122684, [0, 12])
(122685, [0])
(122686, [0])
(122687, [0, 11, 1, 10, 23])
(122688, [0])
(122689, [0])
(122690, [0])
(122691, [0])
(122692, [0])
(122693, [0])
(122694, [0, 2])
(122695, [0])
(122696, [0, 12])
(122697, [0])
(122698, [0])
(122699, [0, 7, 10, 44])
(122700, [0])
(122701, [0])
(122702, [0])
(122703, [0])
(122704, [0, 28, 19, 40])
(122705, [0])
(122706, [0, 36, 12])
(122707, [0])
(122708, [0])
(122709, [0, 12])
(122710, [0])
(122711, [0])
(122712, [0, 16, 42, 17])
(122713, [0])
(122714, [0])
(122715, [0])
(122716, [0])
(122717, [0])
(122718, [0, 12])
(122719, [0])
(122720, [0])
(122721, [0])
(122722, [0])
(122723, [0])
(122724, [0])
(122725, [0])
(122726, [0])
(122727, [0, 1, 26, 44, 43, 38, 39, 3, 12, 2])
(122728, [0])
(122729, [0, 12])
(122730, [0])
(122731, [0])
(122732, [0])
(122733, [0])
(122734, [0])
(122735, [0])
(122736, [0])
(122737, [0, 1, 39, 3, 40])
(122738, [0])
(122739, [0])
(122740, [0])
(122741, [0])
(122742, [0])
(122743, [0])
(122744, [0])
(122745, [0])
(122746, [0, 11, 1])
(122747, [0])
(122748, [0, 29, 26, 12])
(122749, [0])
(122750, [0])
(122751, [0])
(122752, [0])
(122753, [0])
(122754, [0])
(122755, [0])
(122756, [0])
(122757, [0])
(122758, [0])
(122759, [0])
(122760, [0])
(122761, [0])
(122762, [0])
(122763, [0])
(122764, [0])
(122765, [0])
(122766, [0])
(122767, [0])
(122768, [0])
(122769, [0])
(122770, [0])
(122771, [0])
(122772, [0])
(122773, [0])
(122774, [0])
(122775, [0, 23])
(122776, [0, 29, 1, 8, 21, 30, 39, 22])
(122777, [0])
(122778, [0])
(122779, [0])
(122780, [0, 6, 1, 26, 44, 43, 23])
(122781, [0, 12])
(122782, [0])
(122783, [0, 11, 16, 1, 43, 12])
(122784, [0])
(122785, [0])
(122786, [0])
(122787, [0])
(122788, [0])
(122789, [0])
(122790, [0])
(122791, [0])
(122792, [0, 6, 1, 8, 23, 12, 13, 22])
(122793, [0])
(122794, [0])
(122795, [0])
(122796, [0])
(122797, [0])
(122798, [0])
(122799, [0])
(122800, [0])
(122801, [0, 42, 1, 3])
(122802, [0])
(122803, [0])
(122804, [0, 12])
(122805, [0])
(122806, [0, 26, 41])
(122807, [0, 17])
(122808, [0])
(122809, [0])
(122810, [0])
(122811, [0])
(122812, [0])
(122813, [0])
(122814, [0])
(122815, [0])
(122816, [0])
(122817, [0, 1, 19, 23, 3, 40])
(122818, [0, 12])
(122819, [0])
(122820, [0])
(122821, [0, 26, 38, 23, 12])
(122822, [0])
(122823, [0])
(122824, [0])
(122825, [0])
(122826, [0])
(122827, [0])
(122828, [0])
(122829, [0])
(122830, [0, 7])
(122831, [0])
(122832, [0, 6])
(122833, [0])
(122834, [0])
(122835, [0, 11, 1, 21, 44, 12])
(122836, [0])
(122837, [0])
(122838, [0])
(122839, [0])
(122840, [0])
(122841, [0, 39])
(122842, [0, 16, 15, 12, 2])
(122843, [0])
(122844, [0])
(122845, [0, 16, 3])
(122846, [0, 1, 21, 22])
(122847, [0])
(122848, [0])
(122849, [0])
(122850, [0])
(122851, [0])
(122852, [0])
(122853, [0])
(122854, [0])
(122855, [0])
(122856, [0, 11, 10, 19])
(122857, [0])
(122858, [0])
(122859, [0, 17])
(122860, [0])
(122861, [0])
(122862, [0, 28, 1, 43])
(122863, [0])
(122864, [0])
(122865, [0, 44])
(122866, [0])
(122867, [0])
(122868, [0])
(122869, [0])
(122870, [0, 31, 3])
(122871, [0])
(122872, [0])
(122873, [0])
(122874, [0])
(122875, [0])
(122876, [0, 12])
(122877, [0])
(122878, [0])
(122879, [0])
(122880, [0])
(122881, [0])
(122882, [0])
(122883, [0])
(122884, [0])
(122885, [0])
(122886, [0])
(122887, [0])
(122888, [0])
(122889, [0])
(122890, [0])
(122891, [0])
(122892, [0])
(122893, [0])
(122894, [0])
(122895, [0])
(122896, [0])
(122897, [0])
(122898, [0])
(122899, [0])
(122900, [0])
(122901, [0])
(122902, [0])
(122903, [0])
(122904, [0])
(122905, [0])
(122906, [0])
(122907, [0, 1, 12])
(122908, [0])
(122909, [0, 41, 24, 4, 15, 14])
(122910, [0])
(122911, [0])
(122912, [0])
(122913, [0])
(122914, [0])
(122915, [11, 1, 31, 3, 12])
(122916, [11, 21, 30])
(122917, [11, 17, 1, 26, 3, 12, 2])
(122918, [11, 31, 41, 3])
(122919, [11])
(122920, [11, 28, 17, 26, 36, 39, 41, 40, 2, 14])
(122921, [11, 26, 44, 40, 13])
(122922, [11, 1, 26, 43, 31, 30, 3, 2])
(122923, [11])
(122924, [11])
(122925, [11, 8, 44, 37, 23, 3, 12, 2, 5])
(122926, [11])
(122927, [11, 2])
(122928, [11, 1, 19, 44, 31, 3, 14, 22])
(122929, [11])
(122930, [11])
(122931, [11, 26, 12, 14])
(122932, [11, 1, 44, 31, 15, 3])
(122933, [11, 17, 1, 19, 2])
(122934, [11])
(122935, [11, 36, 2])
(122936, [11])
(122937, [11, 26, 44, 43, 24, 2])
(122938, [11, 16, 6, 31, 3, 2])
(122939, [11])
(122940, [11, 2])
(122941, [11, 2])
(122942, [11])
(122943, [11])
(122944, [7])
(122945, [7])
(122946, [7, 16, 17, 1, 10, 3, 12])
(122947, [7])
(122948, [7])
(122949, [7])
(122950, [7, 3])
(122951, [7, 1, 44, 15, 12, 2])
(122952, [7])
(122953, [7, 2])
(122954, [7])
(122955, [7])
(122956, [7, 31])
(122957, [7])
(122958, [7])
(122959, [7])
(122960, [7])
(122961, [7])
(122962, [7, 8, 23])
(122963, [7])
(122964, [16])
(122965, [16])
(122966, [16])
(122967, [16])
(122968, [16])
(122969, [16])
(122970, [16])
(122971, [16, 26, 4])
(122972, [16, 21, 31, 24, 12, 2, 22])
(122973, [16])
(122974, [16])
(122975, [42])
(122976, [42, 28, 1, 26, 3])
(122977, [42])
(122978, [42, 6, 19, 15, 3])
(122979, [6, 43, 24, 4, 3])
(122980, [6])
(122981, [6])
(122982, [6, 30, 15])
(122983, [6])
(122984, [6, 36])
(122985, [6])
(122986, [6])
(122987, [6, 43, 4, 12])
(122988, [6, 12, 2])
(122989, [6, 23])
(122990, [6])
(122991, [6])
(122992, [6])
(122993, [6])
(122994, [6, 1, 23])
(122995, [28, 30, 2])
(122996, [17])
(122997, [17])
(122998, [17])
(122999, [17])
(123000, [17, 26])
(123001, [17, 2, 13, 14])
(123002, [17, 43])
(123003, [17])
(123004, [1])
(123005, [1, 4, 3])
(123006, [1, 36])
(123007, [1, 38])
(123008, [1])
(123009, [1, 19, 31, 3])
(123010, [1])
(123011, [1])
(123012, [1])
(123013, [1])
(123014, [1, 4, 3])
(123015, [1])
(123016, [1, 19, 43, 15])
(123017, [1, 3, 2, 13])
(123018, [1, 21, 3])
(123019, [1])
(123020, [1])
(123021, [1, 30, 15])
(123022, [1])
(123023, [1, 3])
(123024, [1, 43, 15])
(123025, [1, 5])
(123026, [1])
(123027, [1])
(123028, [1, 30])
(123029, [1])
(123030, [1, 30, 15])
(123031, [1])
(123032, [1, 4])
(123033, [1, 44, 31, 4])
(123034, [1, 21])
(123035, [1, 3])
(123036, [1, 22])
(123037, [1, 2])
(123038, [1, 2])
(123039, [1])
(123040, [1])
(123041, [1, 44, 43, 2])
(123042, [1, 3])
(123043, [1, 21, 3])
(123044, [1, 22])
(123045, [10])
(123046, [10])
(123047, [10])
(123048, [10])
(123049, [10])
(123050, [10, 43, 23])
(123051, [10, 12])
(123052, [10])
(123053, [19])
(123054, [19])
(123055, [19])
(123056, [19])
(123057, [19])
(123058, [19, 2])
(123059, [19])
(123060, [19, 12])
(123061, [19])
(123062, [19, 30])
(123063, [19, 2])
(123064, [19])
(123065, [19])
(123066, [19, 2])
(123067, [19, 43])
(123068, [19])
(123069, [19])
(123070, [19, 26, 8, 23])
(123071, [19])
(123072, [19])
(123073, [19, 30])
(123074, [19])
(123075, [19])
(123076, [19, 44])
(123077, [19])
(123078, [19])
(123079, [19])
(123080, [19])
(123081, [19, 30, 3])
(123082, [19, 21])
(123083, [26])
(123084, [26, 44, 13])
(123085, [26])
(123086, [26])
(123087, [26, 43, 2])
(123088, [26])
(123089, [26])
(123090, [26, 41, 24, 40, 2, 14])
(123091, [26, 3])
(123092, [26])
(123093, [26, 36])
(123094, [26])
(123095, [26])
(123096, [26])
(123097, [26])
(123098, [26, 41, 2])
(123099, [26, 31, 24, 13])
(123100, [26, 41])
(123101, [26])
(123102, [26])
(123103, [26, 12])
(123104, [26])
(123105, [26])
(123106, [8])
(123107, [8, 41])
(123108, [8, 23])
(123109, [8])
(123110, [8, 21])
(123111, [8])
(123112, [8])
(123113, [8])
(123114, [8])
(123115, [8, 5])
(123116, [8, 38, 2])
(123117, [8])
(123118, [8])
(123119, [8])
(123120, [8])
(123121, [21])
(123122, [21, 22])
(123123, [21])
(123124, [21])
(123125, [21])
(123126, [21])
(123127, [21])
(123128, [21])
(123129, [21, 12])
(123130, [21])
(123131, [21])
(123132, [21])
(123133, [21])
(123134, [21])
(123135, [21])
(123136, [21])
(123137, [21])
(123138, [21])
(123139, [21])
(123140, [21])
(123141, [21])
(123142, [21])
(123143, [21, 31, 30])
(123144, [21])
(123145, [21])
(123146, [21])
(123147, [21])
(123148, [21])
(123149, [21])
(123150, [21])
(123151, [21, 36, 2])
(123152, [21])
(123153, [21, 3])
(123154, [44])
(123155, [44, 14])
(123156, [44])
(123157, [44])
(123158, [44])
(123159, [44])
(123160, [44])
(123161, [44])
(123162, [44])
(123163, [44])
(123164, [44, 30, 23])
(123165, [44, 12, 2])
(123166, [44])
(123167, [44, 40])
(123168, [44])
(123169, [44])
(123170, [43])
(123171, [43, 41])
(123172, [43])
(123173, [43])
(123174, [43])
(123175, [43])
(123176, [43, 2])
(123177, [43])
(123178, [43])
(123179, [43, 31, 4, 3])
(123180, [43])
(123181, [43])
(123182, [43])
(123183, [43])
(123184, [43])
(123185, [43])
(123186, [43])
(123187, [43])
(123188, [43])
(123189, [43])
(123190, [43])
(123191, [43])
(123192, [43])
(123193, [43])
(123194, [43])
(123195, [43])
(123196, [43])
(123197, [43])
(123198, [43])
(123199, [43])
(123200, [43, 3])
(123201, [43])
(123202, [43, 2])
(123203, [43])
(123204, [43])
(123205, [43, 41])
(123206, [38])
(123207, [36])
(123208, [36])
(123209, [36, 14])
(123210, [36])
(123211, [36, 30])
(123212, [36])
(123213, [36, 14])
(123214, [36])
(123215, [36])
(123216, [36])
(123217, [36])
(123218, [36])
(123219, [36])
(123220, [36, 2, 14])
(123221, [36])
(123222, [36])
(123223, [36])
(123224, [36])
(123225, [36])
(123226, [36])
(123227, [36])
(123228, [36, 2])
(123229, [36])
(123230, [36, 12, 2])
(123231, [31])
(123232, [31])
(123233, [31])
(123234, [31])
(123235, [31])
(123236, [31])
(123237, [31])
(123238, [31])
(123239, [31])
(123240, [31])
(123241, [31])
(123242, [30, 39])
(123243, [30])
(123244, [30])
(123245, [30])
(123246, [30])
(123247, [30])
(123248, [30, 2])
(123249, [30])
(123250, [30])
(123251, [37])
(123252, [37])
(123253, [37])
(123254, [37])
(123255, [37])
(123256, [39])
(123257, [39])
(123258, [39, 13])
(123259, [39])
(123260, [39])
(123261, [41, 23])
(123262, [41])
(123263, [41, 4, 15, 3, 12])
(123264, [41])
(123265, [41])
(123266, [41])
(123267, [41])
(123268, [41])
(123269, [41])
(123270, [41])
(123271, [41])
(123272, [41])
(123273, [41])
(123274, [24, 3])
(123275, [24])
(123276, [24, 2])
(123277, [24])
(123278, [24])
(123279, [24])
(123280, [24])
(123281, [24, 2])
(123282, [23])
(123283, [23])
(123284, [23, 3])
(123285, [23])
(123286, [23])
(123287, [23])
(123288, [23])
(123289, [23])
(123290, [23])
(123291, [23])
(123292, [23])
(123293, [23])
(123294, [23])
(123295, [23])
(123296, [23])
(123297, [23])
(123298, [23])
(123299, [23])
(123300, [23])
(123301, [23])
(123302, [23])
(123303, [23])
(123304, [23])
(123305, [23])
(123306, [23])
(123307, [23])
(123308, [23])
(123309, [23])
(123310, [23])
(123311, [23])
(123312, [23])
(123313, [23])
(123314, [23])
(123315, [23])
(123316, [23])
(123317, [23])
(123318, [23])
(123319, [23])
(123320, [23])
(123321, [23])
(123322, [23])
(123323, [23])
(123324, [23])
(123325, [23])
(123326, [23])
(123327, [23])
(123328, [23])
(123329, [23])
(123330, [23])
(123331, [23])
(123332, [23])
(123333, [23])
(123334, [23])
(123335, [23])
(123336, [23])
(123337, [23])
(123338, [23])
(123339, [23])
(123340, [23])
(123341, [23])
(123342, [4])
(123343, [4])
(123344, [4])
(123345, [4])
(123346, [4])
(123347, [4])
(123348, [4, 2])
(123349, [4])
(123350, [4])
(123351, [4, 14])
(123352, [4])
(123353, [4])
(123354, [4])
(123355, [4])
(123356, [4])
(123357, [4])
(123358, [4, 15, 2])
(123359, [4])
(123360, [4, 15])
(123361, [4])
(123362, [4])
(123363, [4])
(123364, [4])
(123365, [4])
(123366, [4])
(123367, [4])
(123368, [4])
(123369, [4])
(123370, [4])
(123371, [15])
(123372, [15])
(123373, [15])
(123374, [15])
(123375, [15])
(123376, [15])
(123377, [15])
(123378, [15])
(123379, [15])
(123380, [15])
(123381, [15])
(123382, [15])
(123383, [15])
(123384, [15])
(123385, [3])
(123386, [3])
(123387, [3])
(123388, [3])
(123389, [3])
(123390, [3])
(123391, [3])
(123392, [3])
(123393, [3])
(123394, [3])
(123395, [3])
(123396, [3])
(123397, [3])
(123398, [3])
(123399, [3])
(123400, [3])
(123401, [3])
(123402, [3])
(123403, [3])
(123404, [3])
(123405, [3])
(123406, [3])
(123407, [3])
(123408, [3])
(123409, [3])
(123410, [3])
(123411, [3])
(123412, [12])
(123413, [12])
(123414, [12])
(123415, [12])
(123416, [12])
(123417, [12])
(123418, [12])
(123419, [12])
(123420, [12])
(123421, [12])
(123422, [12])
(123423, [12])
(123424, [12])
(123425, [12])
(123426, [12])
(123427, [12])
(123428, [12, 2])
(123429, [12])
(123430, [12])
(123431, [12])
(123432, [12])
(123433, [12])
(123434, [12])
(123435, [12])
(123436, [12])
(123437, [12])
(123438, [12])
(123439, [12])
(123440, [12])
(123441, [12])
(123442, [12])
(123443, [12])
(123444, [12])
(123445, [12])
(123446, [12])
(123447, [12])
(123448, [12])
(123449, [12])
(123450, [12])
(123451, [12])
(123452, [12])
(123453, [12])
(123454, [12])
(123455, [12])
(123456, [12])
(123457, [12])
(123458, [12])
(123459, [12])
(123460, [12])
(123461, [12])
(123462, [12])
(123463, [12])
(123464, [12])
(123465, [12])
(123466, [12])
(123467, [12])
(123468, [12])
(123469, [12])
(123470, [12])
(123471, [12])
(123472, [12])
(123473, [12])
(123474, [12])
(123475, [12])
(123476, [12])
(123477, [12])
(123478, [12])
(123479, [40])
(123480, [40])
(123481, [40])
(123482, [40])
(123483, [40])
(123484, [40])
(123485, [40])
(123486, [40])
(123487, [40])
(123488, [40])
(123489, [40])
(123490, [2])
(123491, [2])
(123492, [2])
(123493, [2, 14])
(123494, [2])
(123495, [2, 14])
(123496, [2])
(123497, [2])
(123498, [2])
(123499, [2])
(123500, [2])
(123501, [2])
(123502, [2])
(123503, [2])
(123504, [2])
(123505, [2])
(123506, [2])
(123507, [2])
(123508, [2])
(123509, [2])
(123510, [2])
(123511, [2])
(123512, [2])
(123513, [2])
(123514, [2])
(123515, [2])
(123516, [2])
(123517, [2])
(123518, [2])
(123519, [2])
(123520, [2])
(123521, [2])
(123522, [2])
(123523, [2])
(123524, [2])
(123525, [2])
(123526, [2])
(123527, [2])
(123528, [2])
(123529, [2, 14])
(123530, [2])
(123531, [2])
(123532, [2])
(123533, [2])
(123534, [2])
(123535, [2])
(123536, [2])
(123537, [2])
(123538, [2])
(123539, [2])
(123540, [2])
(123541, [2])
(123542, [2])
(123543, [2])
(123544, [2])
(123545, [2])
(123546, [2])
(123547, [2])
(123548, [2])
(123549, [2])
(123550, [2])
(123551, [2, 14])
(123552, [2])
(123553, [2])
(123554, [2])
(123555, [2])
(123556, [2])
(123557, [2])
(123558, [2])
(123559, [2])
(123560, [2])
(123561, [2])
(123562, [2])
(123563, [2])
(123564, [2])
(123565, [2])
(123566, [2])
(123567, [2])
(123568, [2])
(123569, [2])
(123570, [2])
(123571, [2, 22])
(123572, [13])
(123573, [13])
(123574, [13])
(123575, [13])
(123576, [13])
(123577, [13])
(123578, [5])
(123579, [5])
(123580, [5])
(123581, [5])
(123582, [5])
(123583, [5])
(123584, [5])
(123585, [5])
(123586, [5])
(123587, [5])
(123588, [5])
(123589, [5])
(123590, [5])
(123591, [14])
(123592, [14])
(123593, [14])
(123594, [14])
(123595, [14])
(123596, [14])
(123597, [14])
(123598, [14])
(123599, [14])
(123600, [14])
(123601, [14])
(123602, [14])
(123603, [14])
(123604, [14])
(123605, [14])
(123606, [14])
(123607, [14])
(123608, [14])
(123609, [14])
(123610, [22])
(123611, [22])
(123612, [22])
(123613, [22])
(123614, [22])
(123615, [22])
(123616, [22])
(123617, [22])
(123618, [22])
(123619, [22])
(123620, [22])
(123621, [22])
(123622, [25])
