(13749, [32, 35, 34, 33, 20, 18, 27, 9, 0, 11, 7, 29, 16, 42, 6, 28, 17, 1, 10, 19, 26, 8, 21, 44, 43, 38, 36, 31, 30, 37, 39, 41, 24, 23, 4, 15, 3, 12, 40, 2, 13, 5, 14, 22, 25])
(13750, [32, 35, 34, 33, 20, 18, 27, 9, 0, 11, 7, 29, 16, 42, 6, 28, 17, 1, 10, 19, 26, 8, 21, 44, 43, 38, 36, 31, 30, 37, 39, 41, 24, 23, 4, 15, 3, 12, 40, 2, 13, 5, 14, 22, 25])
(13751, [32, 35, 34, 33, 20, 18, 27, 9, 0, 11, 7, 29, 16, 42, 6, 28, 17, 1, 10, 19, 26, 8, 21, 44, 43, 38, 36, 31, 30, 37, 39, 41, 24, 23, 4, 15, 3, 12, 40, 2, 13, 5, 14, 22, 25])
(13752, [32, 35, 34, 33, 20, 18, 27, 9, 0, 11, 7, 29, 16, 42, 6, 28, 17, 1, 10, 19, 26, 8, 21, 44, 43, 38, 36, 31, 30, 37, 39, 41, 24, 23, 4, 15, 3, 12, 40, 2, 13, 5, 14, 22, 25])
(13753, [32, 35, 34, 33, 20, 18, 27, 9, 0, 11, 7, 29, 16, 42, 6, 28, 17, 1, 10, 19, 26, 8, 21, 44, 43, 38, 36, 31, 30, 37, 39, 41, 24, 23, 4, 15, 3, 12, 40, 2, 13, 5, 14, 22, 25])
(13754, [32, 35, 34, 33, 20, 18, 27, 9, 0, 11, 7, 29, 16, 42, 6, 28, 17, 1, 10, 19, 26, 8, 21, 44, 43, 38, 36, 31, 30, 37, 39, 41, 24, 23, 4, 15, 3, 12, 40, 2, 13, 5, 14, 22, 25])
(13755, [32, 33, 18, 27, 16, 17, 8, 44, 43, 30, 23, 4, 3, 12, 5, 14])
(13756, [32])
(13757, [32, 35, 34, 33, 20, 18, 27, 9, 0, 11, 7, 29, 16, 42, 6, 28, 17, 1, 10, 19, 26, 8, 21, 44, 43, 38, 36, 31, 30, 37, 39, 41, 24, 23, 4, 15, 3, 12, 40, 2, 13, 5, 14, 22, 25])
(13758, [32, 35, 34, 33, 20, 18, 27, 9, 0, 11, 7, 29, 16, 42, 6, 28, 17, 1, 10, 19, 26, 8, 21, 44, 43, 38, 36, 31, 30, 37, 39, 41, 24, 23, 4, 15, 3, 12, 40, 2, 13, 5, 14, 22, 25])
(13759, [32, 35, 34, 33, 20, 18, 27, 9, 0, 11, 7, 29, 16, 42, 6, 28, 17, 1, 10, 19, 26, 8, 21, 44, 43, 38, 36, 31, 30, 37, 39, 41, 24, 23, 4, 15, 3, 12, 40, 2, 13, 5, 14, 22, 25])
(13760, [32, 35, 34, 33, 20, 18, 27, 9, 0, 11, 7, 29, 16, 42, 6, 28, 17, 1, 10, 19, 26, 8, 21, 44, 43, 38, 36, 31, 30, 37, 39, 41, 24, 23, 4, 15, 3, 12, 40, 2, 13, 5, 14, 22, 25])
(13761, [32, 35, 34, 20, 18, 9, 11, 29, 16, 42, 6, 28, 1, 10, 19, 26, 8, 21, 44, 43, 36, 31, 37, 39, 24, 23, 4, 15, 3, 12, 40, 2, 13, 5, 14, 22])
(13762, [32, 35, 34, 33, 18, 27, 9, 11, 7, 16, 42, 6, 17, 1, 19, 26, 8, 21, 44, 43, 38, 36, 31, 30, 37, 39, 41, 24, 23, 4, 15, 3, 12, 40, 2, 13, 5, 14, 22, 25])
(13763, [32, 35, 34, 33, 18, 9, 0, 11, 7, 29, 16, 42, 6, 17, 1, 19, 26, 8, 21, 44, 43, 38, 36, 31, 30, 37, 39, 41, 24, 23, 4, 15, 3, 12, 40, 2, 13, 5, 22])
(13764, [32, 35, 34, 33, 20, 18, 27, 0, 11, 7, 29, 16, 42, 6, 17, 1, 10, 19, 26, 44, 43, 38, 36, 31, 30, 39, 23, 4, 15, 3, 12, 40, 2, 5, 14, 22, 25])
(13765, [32, 35, 33, 11, 6, 1, 10, 21, 44, 31, 30, 41, 23, 15, 3, 13])
(13766, [32, 35, 34, 33, 20, 18, 27, 9, 0, 11, 7, 16, 42, 6, 28, 17, 1, 10, 19, 26, 8, 21, 44, 43, 38, 31, 30, 37, 39, 41, 24, 23, 4, 15, 3, 12, 40, 2, 13, 5, 14, 22, 25])
(13767, [32, 35, 34, 33, 20, 18, 9, 0, 11, 7, 16, 6, 17, 1, 10, 19, 26, 8, 21, 44, 43, 36, 31, 30, 39, 24, 23, 4, 15, 3, 12, 2, 13, 14])
(13768, [32, 4])
(13769, [32, 18, 17, 1, 19, 43])
(13770, [32, 35, 33, 20, 18, 27, 9, 0, 7, 29, 42, 6, 28, 17, 1, 19, 26, 8, 21, 43, 31, 30, 24, 23, 4, 15, 3, 12, 40, 2, 14])
(13771, [32, 35, 34, 33, 20, 18, 27, 9, 0, 11, 7, 16, 42, 6, 28, 17, 1, 10, 19, 26, 8, 21, 44, 43, 38, 36, 31, 30, 37, 39, 41, 24, 23, 4, 15, 3, 12, 40, 2, 13, 5, 14, 25])
(13772, [32, 35, 34, 33, 20, 18, 27, 9, 11, 7, 16, 42, 6, 28, 17, 1, 10, 19, 26, 8, 21, 44, 43, 38, 36, 31, 30, 37, 39, 41, 24, 23, 4, 15, 3, 12, 40, 2, 13, 5, 14, 22])
(13773, [32, 33, 9, 1, 44, 36, 31, 30, 4, 15, 3, 40, 2, 14])
(13774, [32, 35, 34, 33, 18, 27, 9, 0, 11, 7, 16, 42, 6, 17, 1, 19, 26, 44, 43, 36, 31, 30, 41, 24, 23, 4, 15, 3, 12, 40, 2, 13, 14])
(13775, [32, 35, 34, 33, 20, 18, 9, 11, 7, 29, 16, 6, 17, 1, 19, 26, 21, 44, 43, 31, 30, 37, 41, 23, 4, 15, 3, 12, 40, 2, 13])
(13776, [32, 34, 33, 18, 9, 0, 11, 7, 29, 16, 42, 6, 17, 1, 19, 26, 21, 44, 43, 38, 36, 31, 30, 37, 39, 41, 24, 23, 4, 15, 3, 12, 40, 2, 13, 14, 22, 25])
(13777, [32, 34, 9, 11, 16, 6, 28, 17, 1, 19, 26, 44, 43, 31, 30, 41, 24, 15, 40, 2, 5, 14])
(13778, [32, 4, 2])
(13779, [32, 35, 34, 33, 18, 27, 9, 0, 11, 7, 16, 6, 17, 1, 10, 19, 26, 43, 31, 30, 41, 24, 23, 4, 15, 12, 40, 2, 13, 5, 14, 22])
(13780, [32, 33, 9, 0, 6, 26, 44, 43, 41, 24, 23, 15, 12, 2, 14])
(13781, [32, 34, 33, 9, 0, 11, 6, 17, 1, 21, 44, 43, 38, 36, 31, 30, 4, 15, 3, 12, 40, 22])
(13782, [32, 35, 34, 33, 20, 18, 9, 0, 11, 7, 29, 16, 42, 6, 17, 1, 10, 19, 26, 8, 21, 44, 43, 38, 31, 39, 41, 24, 23, 4, 15, 3, 12, 40, 2, 13, 5, 22])
(13783, [32, 35, 34, 33, 20, 18, 9, 0, 11, 7, 29, 16, 6, 17, 1, 10, 19, 26, 8, 21, 44, 43, 38, 36, 31, 30, 37, 39, 41, 24, 23, 4, 15, 3, 12, 40, 2, 13, 14, 22])
(13784, [32, 34, 33, 11, 6, 1, 19, 31, 30, 4, 15])
(13785, [32, 35, 34, 33, 20, 18, 9, 0, 16, 42, 6, 17, 1, 10, 26, 8, 43, 36, 31, 30, 41, 24, 23, 4, 15, 3, 12, 40, 2, 14, 25])
(13786, [32, 34, 33, 20, 18, 27, 9, 11, 42, 6, 19, 26, 44, 43, 31, 30, 41, 24, 23, 4, 15, 3, 12, 2])
(13787, [32, 34, 33, 18, 9, 0, 11, 16, 6, 17, 1, 10, 19, 26, 21, 43, 38, 31, 30, 39, 41, 24, 23, 4, 3, 12, 2, 13])
(13788, [32, 18, 6, 1, 3, 2])
(13789, [32, 35, 34, 33, 20, 18, 27, 9, 11, 29, 16, 42, 6, 28, 17, 1, 10, 19, 26, 8, 21, 44, 43, 38, 31, 30, 37, 39, 41, 23, 4, 15, 3, 12, 40, 2, 13, 5, 14, 22, 25])
(13790, [32, 35, 34, 33, 20, 18, 27, 9, 0, 11, 7, 16, 42, 6, 28, 17, 1, 10, 19, 26, 21, 44, 43, 31, 30, 37, 41, 23, 4, 15, 3, 12, 40, 2, 14, 22, 25])
(13791, [32, 34, 33, 0, 26, 31, 2, 14])
(13792, [32, 6, 1, 15, 2])
(13793, [32, 34, 20, 18, 27, 16, 6, 10, 19, 8, 43, 41, 24, 23, 4, 15, 12, 2, 14])
(13794, [32, 35, 34, 33, 20, 18, 27, 9, 0, 16, 6, 1, 26, 8, 21, 44, 31, 30, 37, 41, 24, 23, 15, 3, 12, 2, 5, 22])
(13795, [32, 9, 30])
(13796, [32, 42, 6, 26, 30, 12])
(13797, [32, 35, 34, 33, 20, 18, 9, 0, 11, 7, 29, 16, 42, 6, 17, 1, 10, 19, 26, 8, 44, 43, 38, 36, 31, 30, 37, 39, 41, 24, 23, 4, 15, 3, 12, 40, 2, 13, 5, 14])
(13798, [32, 18, 27, 7, 19, 26, 21, 30, 24, 4, 3, 40, 22])
(13799, [32, 35, 33, 36, 41, 4, 15, 40, 2, 14])
(13800, [32, 35, 34, 33, 20, 18, 27, 9, 0, 11, 7, 29, 16, 42, 6, 28, 17, 1, 10, 19, 26, 8, 21, 44, 43, 38, 36, 31, 30, 37, 39, 41, 24, 23, 4, 15, 3, 12, 40, 2, 13, 5, 14, 22, 25])
(13801, [32, 20, 18, 9, 0, 11, 7, 16, 42, 6, 1, 10, 19, 26, 21, 44, 37, 41, 23, 4, 15, 3, 12, 2, 22])
(13802, [32, 35, 34, 33, 18, 9, 7, 42, 6, 17, 1, 19, 26, 8, 21, 44, 38, 36, 31, 30, 41, 24, 23, 4, 15, 3, 12, 40, 2, 13, 5, 14, 22])
(13803, [32, 35, 27, 9, 0, 11, 16, 6, 26, 43, 31, 41, 24, 23, 15, 2, 5, 14, 25])
(13804, [32, 0, 31, 2])
(13805, [32, 6, 28])
(13806, [32, 35, 18, 27, 9, 0, 11, 7, 29, 28, 17, 19, 26, 8, 21, 44, 43, 38, 41, 24, 4, 15, 40, 2, 13, 14])
(13807, [32, 9, 11, 36])
(13808, [32, 34, 20, 18, 6, 17, 1, 26, 8, 21, 44, 31, 41, 15, 12, 2])
(13809, [32, 33, 20, 18, 9, 0, 11, 42, 6, 17, 1, 19, 26, 8, 44, 43, 38, 31, 30, 23, 4, 15, 3, 12, 2, 13])
(13810, [32, 34, 33, 20, 0, 16, 1, 21, 44, 43, 38, 31, 37, 23, 3, 2, 22])
(13811, [32, 18, 26, 41, 24, 15])
(13812, [32, 18, 22])
(13813, [32, 34, 1, 30, 4, 15, 2])
(13814, [32, 20, 0, 11, 42, 6, 28, 1, 19, 26, 8, 44, 43, 4, 15, 3, 40, 2, 14])
(13815, [32])
(13816, [32, 9, 0, 17, 1, 19, 26, 8, 44, 43, 38, 30, 23, 4, 15, 3, 12, 2, 5, 14])
(13817, [32, 18])
(13818, [32])
(13819, [32, 35, 34, 20, 27, 9, 0, 11, 7, 6, 17, 1, 10, 19, 26, 21, 44, 43, 31, 30, 37, 24, 4, 15, 3, 12, 2, 14, 22, 25])
(13820, [32, 7, 1, 21])
(13821, [32, 34, 7, 28, 17, 1, 26, 8, 41, 23, 3, 12, 2, 13])
(13822, [32, 18, 11, 1, 26, 43, 4, 15, 3, 12, 14])
(13823, [32, 35, 33, 20, 18, 0, 11, 7, 29, 16, 42, 17, 1, 10, 26, 8, 21, 44, 43, 37, 41, 24, 23, 3, 12, 2, 13, 5, 14, 25])
(13824, [32, 9, 28, 26, 44, 36, 2])
(13825, [32, 27, 11, 6, 26, 43, 41, 4, 40, 2, 13, 14])
(13826, [32, 34, 33, 9, 0, 11, 19, 31, 30, 24, 2])
(13827, [32, 0, 6, 44, 36, 23, 12, 5])
(13828, [32, 33, 18, 9, 0, 11, 16, 17, 1, 10, 19, 26, 21, 44, 37, 41, 24, 23, 15, 3, 12, 13, 22, 25])
(13829, [32, 35, 33, 18, 29, 17, 19, 8, 21, 44, 43, 31, 30, 37, 41, 15, 3, 2])
(13830, [32, 20, 18, 0, 6, 8, 43, 15, 12])
(13831, [32])
(13832, [32])
(13833, [32, 34, 33, 20, 18, 9, 11, 7, 42, 17, 1, 19, 26, 21, 44, 43, 36, 31, 30, 39, 41, 24, 23, 4, 15, 3, 12, 2])
(13834, [32, 18, 16, 6, 19, 39, 3, 12, 2])
(13835, [32, 1, 26, 21, 4, 15, 2, 13])
(13836, [32, 34, 33, 18, 27, 9, 11, 1, 19, 26, 8, 21, 44, 43, 31, 30, 41, 24, 23, 15, 3, 40, 2, 13, 14, 22])
(13837, [32, 34, 9, 0, 42, 17, 10, 41, 23, 3, 12, 2])
(13838, [32, 34, 33, 20, 9, 0, 11, 7, 16, 1, 26, 21, 44, 38, 36, 30, 39, 4, 3, 12, 2, 13, 22])
(13839, [32, 18, 7, 17, 1, 19, 8, 43, 31, 39, 23, 3])
(13840, [32])
(13841, [32, 35, 34, 20, 18, 9, 0, 11, 7, 16, 6, 17, 1, 10, 19, 26, 8, 21, 44, 43, 31, 30, 41, 24, 23, 4, 15, 3, 12, 40, 2, 13, 5, 14])
(13842, [32, 34, 18, 31, 15])
(13843, [32, 34, 20, 18, 9, 0, 11, 7, 16, 42, 17, 1, 19, 26, 21, 44, 43, 36, 30, 39, 41, 23, 4, 15, 3, 12, 2, 13, 14])
(13844, [32, 35, 34, 33, 20, 9, 0, 11, 16, 42, 28, 1, 19, 44, 43, 31, 23, 3, 12, 2])
(13845, [32, 26])
(13846, [32, 18, 15])
(13847, [32, 35, 0, 21, 31, 37, 41, 15, 3, 12])
(13848, [32, 35, 34, 20, 18, 27, 0, 11, 7, 16, 28, 17, 1, 19, 26, 8, 44, 43, 31, 30, 41, 24, 23, 3, 12, 40, 2, 13, 5, 14])
(13849, [32, 33, 18, 0, 11, 6, 1, 26, 21, 31, 30, 41, 24, 15, 3, 12, 2, 13])
(13850, [32, 33, 0, 31, 3])
(13851, [32, 0])
(13852, [32, 34, 33, 20, 9, 0, 11, 7, 29, 16, 42, 28, 17, 26, 44, 36, 30, 41, 24, 4, 15, 3, 12, 40, 2, 13, 14, 22, 25])
(13853, [32])
(13854, [32])
(13855, [32, 35, 34, 33, 18, 0, 11, 6, 1, 19, 26, 8, 21, 44, 43, 36, 30, 41, 24, 23, 15, 3, 12, 2, 13, 5])
(13856, [32, 24])
(13857, [32, 34, 9, 0, 11, 17, 1, 26, 43, 31, 30, 4, 3, 2, 14])
(13858, [32, 9, 0, 41])
(13859, [32])
(13860, [32, 33, 9, 11, 16, 17, 19, 31, 41, 24, 15, 3, 40])
(13861, [32])
(13862, [32, 34, 11, 31, 2])
(13863, [32, 33, 0, 11, 16, 4])
(13864, [32, 11, 21, 4, 5])
(13865, [32, 33, 20, 0, 11, 6, 1, 19, 26, 44, 31, 30, 24, 23, 4, 15, 3, 40, 2, 13, 14])
(13866, [35, 33, 27, 11, 16, 6, 17, 1, 19, 8, 21, 43, 38, 31, 37, 39, 41, 24, 23, 4, 15, 12, 2, 14, 22])
(13867, [35])
(13868, [35, 31, 23, 15])
(13869, [35])
(13870, [35, 2])
(13871, [35])
(13872, [35, 1])
(13873, [35])
(13874, [35])
(13875, [35])
(13876, [35])
(13877, [35, 37])
(13878, [35, 9, 0, 11, 7, 42, 6, 1, 43, 31, 41, 23, 4, 3])
(13879, [35, 43, 3])
(13880, [35, 18, 8, 39, 23, 5])
(13881, [35, 34, 33, 18, 9, 0, 11, 7, 16, 42, 6, 28, 17, 1, 19, 26, 21, 44, 31, 30, 41, 24, 23, 15, 3, 12, 40, 2, 14, 22, 25])
(13882, [35, 26, 39])
(13883, [35, 18, 23])
(13884, [35])
(13885, [35, 34, 33, 11, 29, 16, 17, 19, 21, 38, 31, 30, 3, 5, 22])
(13886, [35, 34, 20, 9, 0, 11, 7, 16, 17, 1, 21, 38, 30, 23, 3, 12, 13, 14])
(13887, [35, 34, 33, 18, 9, 0, 16, 6, 28, 17, 1, 10, 19, 44, 43, 31, 30, 41, 23, 4, 15, 3, 12, 40, 2, 14])
(13888, [35, 34, 33, 18, 9, 11, 7, 6, 1, 19, 26, 8, 21, 43, 31, 30, 23, 3, 12])
(13889, [35, 39])
(13890, [35, 9, 11, 7, 1, 19, 26, 44, 31, 4, 15, 3])
(13891, [35, 34, 33, 20, 18, 9, 0, 11, 7, 16, 42, 6, 17, 1, 10, 26, 44, 43, 36, 30, 37, 39, 41, 24, 23, 4, 15, 3, 12, 40, 2, 14])
(13892, [35, 18, 31])
(13893, [35])
(13894, [35, 20, 18, 0, 16, 42, 1, 8, 43, 30, 3, 12])
(13895, [35])
(13896, [35, 34, 20, 18, 0, 7, 17, 26, 43, 36, 31, 30, 41, 23, 15, 13, 14])
(13897, [35])
(13898, [35, 34, 33, 9, 0, 11, 16, 6, 17, 44, 31, 23, 2])
(13899, [35, 19, 23])
(13900, [35, 23])
(13901, [35, 18, 23])
(13902, [35])
(13903, [35, 8, 23, 15, 12])
(13904, [35])
(13905, [35, 34, 33, 18, 9, 0, 11, 29, 16, 42, 6, 1, 10, 8, 21, 44, 43, 36, 31, 30, 41, 23, 3, 12, 2])
(13906, [35, 33, 19, 26, 43, 38, 31, 2])
(13907, [35, 18, 7, 16, 42, 44, 43, 24, 23, 4, 15, 3])
(13908, [34, 16, 1, 21, 38, 23, 3])
(13909, [34, 33, 18, 11, 29, 1, 44, 43, 38, 31, 4, 3])
(13910, [34, 33, 30, 3])
(13911, [34, 33, 18, 9, 11, 7, 29, 42, 6, 17, 1, 19, 26, 44, 43, 31, 30, 41, 4, 15, 3, 12, 40, 2, 14, 22])
(13912, [34, 33, 20, 9, 0, 7, 42, 1, 19, 26, 8, 21, 44, 38, 36, 30, 41, 23, 3, 12, 2, 5, 22])
(13913, [34])
(13914, [34, 20, 16, 17, 26, 43, 41, 23, 4, 15, 3, 12, 40, 2])
(13915, [34])
(13916, [34, 18, 31])
(13917, [34, 33, 0, 12])
(13918, [34, 17, 26, 31, 23])
(13919, [34, 18, 9, 0, 28, 1, 19, 43, 23, 3, 12, 2])
(13920, [34, 20, 17, 1, 44, 39, 3, 2])
(13921, [34, 17, 1, 2])
(13922, [34, 6, 22])
(13923, [34])
(13924, [34, 19, 8, 22])
(13925, [34, 9, 11, 1, 21, 44, 31, 30, 39, 4, 13, 22])
(13926, [34, 11, 19, 44, 43, 3, 2])
(13927, [34])
(13928, [34])
(13929, [34, 33, 26, 43, 31, 30, 12])
(13930, [34, 33, 18, 27, 9, 0, 11, 16, 6, 17, 1, 19, 26, 8, 21, 44, 43, 31, 30, 37, 41, 24, 23, 4, 15, 3, 12, 40, 2, 13, 14, 22])
(13931, [34])
(13932, [34, 9, 11, 16, 28, 44, 43, 30, 41, 4, 2])
(13933, [34, 33, 20, 18, 27, 9, 0, 11, 7, 16, 42, 6, 28, 17, 1, 10, 19, 26, 8, 21, 44, 43, 38, 36, 31, 37, 39, 41, 24, 23, 4, 15, 3, 12, 40, 2, 13, 5, 14, 22, 25])
(13934, [34, 9, 0, 12])
(13935, [34])
(13936, [34, 9, 0, 4, 3])
(13937, [34, 18, 9, 0, 29, 1, 19, 26, 8, 44, 30, 37, 39, 3, 12, 40, 2, 13])
(13938, [34, 20, 1, 30, 41, 3, 12, 2])
(13939, [34, 9, 11, 16, 1, 19, 21, 31, 30, 41, 4, 3, 40, 2])
(13940, [34, 9, 6, 24, 15, 2, 14])
(13941, [34])
(13942, [34, 33, 20, 18, 9, 0, 11, 7, 17, 26, 44, 36, 31, 41, 24, 15, 2])
(13943, [34])
(13944, [34])
(13945, [34, 0, 44])
(13946, [34, 12])
(13947, [34])
(13948, [34])
(13949, [34, 19, 44, 31, 2])
(13950, [34])
(13951, [34, 0, 12])
(13952, [34, 33, 20, 0, 7, 26, 31, 30])
(13953, [34, 33, 18, 27, 11, 16, 1, 19, 21, 43, 36, 4, 15, 3, 40, 2])
(13954, [34, 20, 0, 11, 7, 16, 6, 17, 26, 41, 24, 23, 4, 3, 12, 2])
(13955, [34, 0])
(13956, [34, 18, 5])
(13957, [34])
(13958, [34, 20, 18, 9, 0, 11, 16, 6, 28, 17, 10, 19, 26, 21, 44, 36, 31, 30, 39, 41, 24, 23, 4, 15, 3, 12, 40, 2, 13, 14, 22])
(13959, [33])
(13960, [33, 31])
(13961, [33])
(13962, [33])
(13963, [33, 9, 0, 28, 17, 31, 23, 12])
(13964, [33, 9, 17, 36, 40, 14, 25])
(13965, [33, 18, 0, 11, 16, 6, 17, 1, 19, 21, 44, 43, 36, 31, 30, 41, 24, 23, 4, 15, 3, 12, 40, 2, 14, 22])
(13966, [33, 20, 18, 0, 7, 6, 19, 26, 44, 43, 31, 30, 41, 15, 3, 12, 2, 13, 14])
(13967, [33])
(13968, [33, 0, 6])
(13969, [33, 18, 9, 17, 1, 26, 21, 44, 41, 24])
(13970, [33])
(13971, [33, 11, 1, 24, 23, 4, 15, 3, 12])
(13972, [33])
(13973, [33, 0, 7, 1, 15, 3, 14])
(13974, [33, 0, 7, 30, 3])
(13975, [33, 20, 9, 0, 11, 16, 28, 1, 44, 43, 38, 30, 41, 24, 4, 15, 3, 12, 2])
(13976, [33])
(13977, [33, 9, 19, 43, 2])
(13978, [33, 31, 30, 22])
(13979, [33, 0, 16, 6, 28, 26, 43, 23, 12, 2, 22])
(13980, [33])
(13981, [33, 19, 2])
(13982, [33, 1, 43, 3])
(13983, [33, 20, 9, 44, 30, 15, 13])
(13984, [33])
(13985, [33, 0, 7, 1, 26, 21, 44, 3])
(13986, [33, 0, 44, 2])
(13987, [33, 0, 6, 17, 44, 23])
(13988, [33, 7, 1, 4, 12])
(13989, [33, 23])
(13990, [33, 2])
(13991, [33, 1, 19, 21, 39, 24, 3, 2])
(13992, [33])
(13993, [33, 9, 11, 6, 1, 26, 43, 31, 30, 24, 3, 14])
(13994, [33, 31])
(13995, [33, 18, 42, 17, 1, 19, 8, 21, 31, 30, 23, 4, 15, 3, 12, 13, 22])
(13996, [33, 0, 6, 1, 26, 21, 44, 38, 31, 4, 3, 12])
(13997, [33, 18, 11, 7, 19, 21, 4, 15, 3, 5])
(13998, [33, 21])
(13999, [33, 0, 31])
(14000, [20, 0, 11, 7, 42, 28, 1, 19, 21, 44, 30, 37, 4, 3, 12])
(14001, [20, 18, 0, 11, 7, 29, 16, 42, 28, 1, 10, 19, 8, 21, 44, 43, 36, 37, 41, 23, 15, 3, 12, 40, 2, 5, 14])
(14002, [20, 1, 3])
(14003, [20, 21])
(14004, [20])
(14005, [20, 9, 24, 2])
(14006, [20, 26, 43, 31, 30, 23, 3])
(14007, [20, 16, 6, 26, 13])
(14008, [20, 1, 41])
(14009, [20, 27, 0, 6, 1, 26, 43, 15, 12])
(14010, [20, 3])
(14011, [20, 16, 19, 43, 3, 12])
(14012, [20])
(14013, [20, 1, 3])
(14014, [20, 9, 6, 19, 21, 15, 3, 5])
(14015, [20, 0, 6, 17, 26, 24, 3, 12])
(14016, [20, 1, 30, 24, 3, 2])
(14017, [20, 0, 41, 12])
(14018, [20, 1, 41])
(14019, [20, 0])
(14020, [20])
(14021, [20, 9, 0, 30, 3])
(14022, [20, 36])
(14023, [20, 18, 0, 7, 16, 6, 19, 26, 21, 44, 43, 31, 39, 41, 24, 4, 3, 2, 13])
(14024, [20])
(14025, [20, 9, 0, 42, 36, 39, 41, 24, 23, 4, 15, 40, 2, 14])
(14026, [20, 0, 11])
(14027, [20, 43, 41, 24])
(14028, [20, 0, 11, 1, 41, 15, 3, 40])
(14029, [20, 1, 39, 3, 12])
(14030, [20])
(14031, [20, 19, 4, 3, 13])
(14032, [20, 18, 9, 11, 7, 16, 1, 19, 26, 21, 44, 43, 24, 4, 15, 3, 12, 2, 22])
(14033, [20])
(14034, [20])
(14035, [18])
(14036, [18])
(14037, [18])
(14038, [18])
(14039, [18])
(14040, [18])
(14041, [18, 0, 12])
(14042, [18, 0, 12])
(14043, [18, 26, 30, 3])
(14044, [18])
(14045, [18, 29, 1, 19, 21, 44, 23, 4, 22])
(14046, [18, 0])
(14047, [18])
(14048, [18])
(14049, [18, 9, 23, 15])
(14050, [18, 21])
(14051, [18])
(14052, [18, 3])
(14053, [18])
(14054, [18, 11, 1, 38, 30])
(14055, [18, 1, 3])
(14056, [18, 9, 0, 16, 17, 19, 8, 44, 23, 12, 2, 22])
(14057, [18, 12])
(14058, [18])
(14059, [18])
(14060, [18, 9, 0, 11, 1, 19, 21, 43, 31, 30, 3, 12, 22])
(14061, [18, 1, 19])
(14062, [18, 4])
(14063, [18])
(14064, [18, 29, 6, 19, 31, 30, 3, 40])
(14065, [18])
(14066, [18])
(14067, [18])
(14068, [18, 15])
(14069, [18])
(14070, [18, 9, 11, 7, 16, 42, 28, 1, 19, 21, 43, 38, 23, 4, 15, 3, 12])
(14071, [18, 23, 15, 3])
(14072, [18])
(14073, [18])
(14074, [18, 23])
(14075, [18])
(14076, [18])
(14077, [18])
(14078, [18])
(14079, [18])
(14080, [18])
(14081, [18])
(14082, [18])
(14083, [18])
(14084, [18])
(14085, [18])
(14086, [18])
(14087, [18])
(14088, [18])
(14089, [18])
(14090, [18])
(14091, [18])
(14092, [18])
(14093, [18, 23, 3])
(14094, [18])
(14095, [18])
(14096, [18, 0, 1, 21, 15])
(14097, [18, 24])
(14098, [18])
(14099, [18, 31, 13])
(14100, [18])
(14101, [18])
(14102, [18])
(14103, [18])
(14104, [18, 43])
(14105, [18, 26, 23, 15])
(14106, [18])
(14107, [18, 24])
(14108, [18])
(14109, [18, 15])
(14110, [18, 16, 1, 10, 38, 4])
(14111, [18])
(14112, [18, 0, 6, 28, 1, 8, 21, 12, 2])
(14113, [18, 26, 41, 24, 23, 12, 14])
(14114, [18])
(14115, [18, 15])
(14116, [18])
(14117, [18])
(14118, [18, 28, 26, 2])
(14119, [18])
(14120, [18])
(14121, [18])
(14122, [18, 37])
(14123, [18, 0])
(14124, [18])
(14125, [27, 4])
(14126, [27])
(14127, [27])
(14128, [27])
(14129, [27])
(14130, [27])
(14131, [9])
(14132, [9])
(14133, [9, 8, 3, 12, 2])
(14134, [9, 0, 2])
(14135, [9])
(14136, [9, 11, 17])
(14137, [9])
(14138, [9, 23])
(14139, [9, 29, 6, 17, 43, 30, 23, 15, 2])
(14140, [9])
(14141, [9, 0, 16, 1, 4, 3, 12, 2])
(14142, [9, 26])
(14143, [9, 0, 16, 26, 30, 23, 3])
(14144, [9, 0, 7, 1, 19, 3, 2, 5])
(14145, [9, 0, 40])
(14146, [9, 0, 11, 12, 13])
(14147, [9, 0, 17, 44, 12, 2])
(14148, [9])
(14149, [9])
(14150, [9])
(14151, [9, 23])
(14152, [9])
(14153, [9, 2])
(14154, [9, 11])
(14155, [9])
(14156, [9])
(14157, [9, 19, 44, 43, 31, 37, 23, 3, 40, 2])
(14158, [9, 0])
(14159, [9, 10, 43, 41, 24, 2])
(14160, [9, 11, 40])
(14161, [9, 4])
(14162, [9, 0, 6, 43, 23, 4, 15, 12, 14])
(14163, [9])
(14164, [9])
(14165, [9, 17])
(14166, [9, 1, 26, 21, 44, 43, 38, 30, 24, 15, 3, 40, 2, 13, 22])
(14167, [9, 19, 3])
(14168, [9, 43, 3])
(14169, [9])
(14170, [9])
(14171, [9])
(14172, [9, 0, 11, 16, 1, 4])
(14173, [9])
(14174, [9, 19, 21, 44, 15])
(14175, [9, 16, 23, 3])
(14176, [9])
(14177, [9])
(14178, [9, 11, 1, 26, 4, 22])
(14179, [9, 44, 23])
(14180, [9, 6, 26, 43, 31, 41, 24, 2])
(14181, [9, 16, 1, 8, 38, 30, 23, 15, 3, 12, 2])
(14182, [9, 0])
(14183, [9])
(14184, [0])
(14185, [0])
(14186, [0])
(14187, [0, 8, 24, 23, 12])
(14188, [0])
(14189, [0])
(14190, [0, 1, 21, 44, 41])
(14191, [0])
(14192, [0])
(14193, [0])
(14194, [0])
(14195, [0])
(14196, [0])
(14197, [0, 12])
(14198, [0])
(14199, [0])
(14200, [0, 12])
(14201, [0])
(14202, [0])
(14203, [0])
(14204, [0])
(14205, [0])
(14206, [0])
(14207, [0])
(14208, [0])
(14209, [0])
(14210, [0])
(14211, [0])
(14212, [0])
(14213, [0])
(14214, [0, 12])
(14215, [0])
(14216, [0])
(14217, [0])
(14218, [0])
(14219, [0])
(14220, [0])
(14221, [0, 3])
(14222, [0, 29, 42, 1, 19, 21, 4, 3])
(14223, [0])
(14224, [0])
(14225, [0])
(14226, [0])
(14227, [0])
(14228, [0])
(14229, [0])
(14230, [0])
(14231, [0])
(14232, [0])
(14233, [0])
(14234, [0, 12])
(14235, [0])
(14236, [0, 1, 41, 12, 2, 5])
(14237, [0, 41, 2])
(14238, [0])
(14239, [0])
(14240, [0])
(14241, [0])
(14242, [0])
(14243, [0])
(14244, [0, 3])
(14245, [0])
(14246, [0])
(14247, [0])
(14248, [0])
(14249, [0])
(14250, [0])
(14251, [0])
(14252, [0])
(14253, [0])
(14254, [0])
(14255, [0, 1])
(14256, [0, 36])
(14257, [0, 21])
(14258, [0])
(14259, [0])
(14260, [0, 7, 28, 37, 3])
(14261, [0])
(14262, [0])
(14263, [0])
(14264, [0])
(14265, [0])
(14266, [0])
(14267, [0])
(14268, [0])
(14269, [0])
(14270, [0])
(14271, [0])
(14272, [0])
(14273, [0])
(14274, [0, 30, 3, 2])
(14275, [0])
(14276, [0])
(14277, [0])
(14278, [0])
(14279, [0, 10, 3])
(14280, [0])
(14281, [0, 1, 19, 44])
(14282, [0])
(14283, [0])
(14284, [0, 1, 12])
(14285, [0, 3, 12])
(14286, [0])
(14287, [0])
(14288, [0])
(14289, [0, 12])
(14290, [0, 11, 42, 1, 31, 30, 24, 12, 14])
(14291, [0])
(14292, [0])
(14293, [0, 3])
(14294, [0])
(14295, [0])
(14296, [0])
(14297, [0, 3])
(14298, [0])
(14299, [0, 42, 19, 30, 24, 15, 12])
(14300, [0])
(14301, [0, 24])
(14302, [0])
(14303, [0])
(14304, [0])
(14305, [0])
(14306, [0])
(14307, [0])
(14308, [0])
(14309, [0])
(14310, [0])
(14311, [0])
(14312, [0])
(14313, [0])
(14314, [0, 1])
(14315, [0])
(14316, [0, 19, 21, 30, 37, 23, 2])
(14317, [0])
(14318, [0])
(14319, [0])
(14320, [0])
(14321, [0, 1, 3])
(14322, [0])
(14323, [0])
(14324, [0])
(14325, [0])
(14326, [0])
(14327, [0, 36])
(14328, [0])
(14329, [0, 36])
(14330, [0, 6, 36, 30, 41, 2, 14])
(14331, [0])
(14332, [0])
(14333, [0])
(14334, [0])
(14335, [0])
(14336, [0])
(14337, [0, 26, 43])
(14338, [0])
(14339, [0])
(14340, [0])
(14341, [0])
(14342, [0])
(14343, [0])
(14344, [0])
(14345, [0, 11, 43, 36, 4, 40])
(14346, [0, 21, 38, 31, 30, 23, 3])
(14347, [0])
(14348, [0, 26, 2])
(14349, [0])
(14350, [0, 30, 15, 2])
(14351, [0])
(14352, [0])
(14353, [0])
(14354, [0])
(14355, [0])
(14356, [0])
(14357, [0])
(14358, [0])
(14359, [0])
(14360, [0])
(14361, [0])
(14362, [0])
(14363, [0])
(14364, [0])
(14365, [0])
(14366, [0])
(14367, [0, 3, 12])
(14368, [0, 12])
(14369, [0])
(14370, [0, 30])
(14371, [0])
(14372, [0])
(14373, [0])
(14374, [0])
(14375, [0])
(14376, [0, 1, 43, 38, 3, 12, 2])
(14377, [0])
(14378, [0])
(14379, [0])
(14380, [0])
(14381, [0])
(14382, [0])
(14383, [0])
(14384, [0])
(14385, [0])
(14386, [0])
(14387, [0])
(14388, [0])
(14389, [0])
(14390, [0])
(14391, [0])
(14392, [0, 11, 44, 43])
(14393, [0])
(14394, [0])
(14395, [0])
(14396, [0])
(14397, [0])
(14398, [0])
(14399, [0, 8])
(14400, [0])
(14401, [0])
(14402, [0])
(14403, [0])
(14404, [0])
(14405, [0])
(14406, [0])
(14407, [0])
(14408, [0, 12])
(14409, [0])
(14410, [0])
(14411, [0])
(14412, [0])
(14413, [0, 15])
(14414, [0])
(14415, [0])
(14416, [0, 2])
(14417, [0])
(14418, [0])
(14419, [0])
(14420, [0])
(14421, [0])
(14422, [0])
(14423, [0])
(14424, [0])
(14425, [0])
(14426, [0, 12])
(14427, [11, 21, 44, 3, 12])
(14428, [11])
(14429, [11, 31, 3])
(14430, [11])
(14431, [11])
(14432, [11, 1, 44])
(14433, [11, 19, 41, 3])
(14434, [11])
(14435, [11, 3])
(14436, [11, 16])
(14437, [11, 44, 3])
(14438, [11])
(14439, [11])
(14440, [11, 1, 21, 31, 39, 15, 3, 12, 2, 13, 22])
(14441, [11, 26, 2])
(14442, [11, 1, 3])
(14443, [11, 3])
(14444, [11, 44, 24])
(14445, [11, 2])
(14446, [11, 7, 1, 36, 41, 23])
(14447, [11, 1, 2])
(14448, [11, 7, 30])
(14449, [11])
(14450, [11, 3])
(14451, [11, 17, 43, 2])
(14452, [11, 17, 1])
(14453, [7])
(14454, [7, 1])
(14455, [7])
(14456, [7])
(14457, [7, 3])
(14458, [7, 15])
(14459, [7, 6, 2])
(14460, [7, 16, 1, 3])
(14461, [7])
(14462, [7])
(14463, [7, 40])
(14464, [7])
(14465, [7])
(14466, [7])
(14467, [7])
(14468, [7])
(14469, [7])
(14470, [16, 17, 24])
(14471, [16, 10, 26, 43, 31, 41, 24, 4, 3, 12, 14])
(14472, [16])
(14473, [16])
(14474, [16, 1, 10, 3])
(14475, [16])
(14476, [16, 44, 36, 41, 4, 15, 2, 14])
(14477, [16])
(14478, [16, 1, 3])
(14479, [16])
(14480, [16])
(14481, [16])
(14482, [16])
(14483, [16, 42, 2])
(14484, [16])
(14485, [16])
(14486, [16])
(14487, [16, 23])
(14488, [16])
(14489, [42, 4])
(14490, [42, 23])
(14491, [42, 26])
(14492, [6])
(14493, [6, 2])
(14494, [6])
(14495, [6, 1, 37, 3])
(14496, [6, 17, 21, 43, 36, 30, 37, 23, 4, 3, 12, 2])
(14497, [6])
(14498, [6, 3])
(14499, [28])
(14500, [28])
(14501, [28, 31])
(14502, [17, 2])
(14503, [17, 19, 21, 37, 4, 15, 14])
(14504, [17])
(14505, [17])
(14506, [17])
(14507, [17])
(14508, [17, 43, 2])
(14509, [17])
(14510, [17, 30, 24, 4])
(14511, [17])
(14512, [17, 14])
(14513, [17, 2])
(14514, [17, 19, 44, 41, 14])
(14515, [17])
(14516, [17, 24])
(14517, [17, 43])
(14518, [1])
(14519, [1, 3])
(14520, [1, 3])
(14521, [1, 3])
(14522, [1, 21])
(14523, [1])
(14524, [1, 21])
(14525, [1])
(14526, [1, 19, 30, 39, 24, 4, 15, 3, 22])
(14527, [1])
(14528, [1, 3])
(14529, [1, 3, 2])
(14530, [1])
(14531, [1])
(14532, [1, 23])
(14533, [1, 36, 3])
(14534, [1])
(14535, [1])
(14536, [1, 3, 22])
(14537, [1, 43, 3, 2])
(14538, [1])
(14539, [1, 19, 44])
(14540, [1, 23, 3])
(14541, [1, 21])
(14542, [1])
(14543, [1])
(14544, [1])
(14545, [1])
(14546, [1])
(14547, [1, 24, 3])
(14548, [1])
(14549, [1, 44, 31, 37, 41, 3, 2])
(14550, [1])
(14551, [1, 3])
(14552, [1])
(14553, [1, 21, 31, 4])
(14554, [1])
(14555, [1, 2])
(14556, [1, 26, 43])
(14557, [1])
(14558, [1])
(14559, [1, 26])
(14560, [1, 2])
(14561, [1, 44, 3, 12])
(14562, [1])
(14563, [1])
(14564, [1])
(14565, [10])
(14566, [10])
(14567, [10])
(14568, [10])
(14569, [10])
(14570, [10])
(14571, [10])
(14572, [10, 19, 39, 24, 12, 2])
(14573, [10])
(14574, [10, 22])
(14575, [10])
(14576, [10, 12])
(14577, [10])
(14578, [10])
(14579, [19])
(14580, [19])
(14581, [19, 26, 39, 41, 40, 2])
(14582, [19])
(14583, [19])
(14584, [19])
(14585, [19])
(14586, [19, 8, 23, 3])
(14587, [19, 31, 2])
(14588, [19, 14])
(14589, [19])
(14590, [19])
(14591, [19])
(14592, [19])
(14593, [19])
(14594, [19])
(14595, [19])
(14596, [19])
(14597, [19])
(14598, [19, 8, 23, 2])
(14599, [19])
(14600, [19])
(14601, [19])
(14602, [19])
(14603, [19])
(14604, [19])
(14605, [19, 8, 39])
(14606, [19])
(14607, [19])
(14608, [19, 3, 2])
(14609, [19])
(14610, [26, 12])
(14611, [26, 3])
(14612, [26])
(14613, [26])
(14614, [26, 44])
(14615, [26, 41, 2, 13])
(14616, [26, 3])
(14617, [26, 39, 3, 2, 14])
(14618, [26, 41, 24, 15, 2, 13])
(14619, [26])
(14620, [26])
(14621, [26, 21])
(14622, [26, 2])
(14623, [26])
(14624, [26])
(14625, [26])
(14626, [26])
(14627, [26])
(14628, [26])
(14629, [26])
(14630, [26])
(14631, [26])
(14632, [26, 15])
(14633, [26])
(14634, [8])
(14635, [8])
(14636, [8])
(14637, [8])
(14638, [8])
(14639, [8])
(14640, [8])
(14641, [8, 12, 5])
(14642, [8])
(14643, [8, 37, 23])
(14644, [8])
(14645, [8])
(14646, [8, 40])
(14647, [8])
(14648, [8])
(14649, [8])
(14650, [21])
(14651, [21])
(14652, [21])
(14653, [21])
(14654, [21, 3])
(14655, [21, 3])
(14656, [21, 3])
(14657, [21])
(14658, [21, 31])
(14659, [21])
(14660, [21])
(14661, [21])
(14662, [21])
(14663, [21])
(14664, [21, 43])
(14665, [21])
(14666, [21])
(14667, [21])
(14668, [21])
(14669, [21])
(14670, [21])
(14671, [21, 3])
(14672, [21])
(14673, [21])
(14674, [21])
(14675, [21])
(14676, [21])
(14677, [21])
(14678, [21])
(14679, [21])
(14680, [21])
(14681, [21])
(14682, [21])
(14683, [21])
(14684, [21])
(14685, [21])
(14686, [21])
(14687, [21])
(14688, [44, 23])
(14689, [44, 23])
(14690, [44])
(14691, [44])
(14692, [44])
(14693, [44, 24])
(14694, [44])
(14695, [44])
(14696, [44])
(14697, [44])
(14698, [44])
(14699, [44])
(14700, [44])
(14701, [44])
(14702, [44])
(14703, [44])
(14704, [44, 15, 3, 12, 2])
(14705, [43, 37])
(14706, [43])
(14707, [43, 23, 3, 12])
(14708, [43])
(14709, [43])
(14710, [43])
(14711, [43])
(14712, [43])
(14713, [43])
(14714, [43])
(14715, [43])
(14716, [43])
(14717, [43])
(14718, [43])
(14719, [43])
(14720, [43])
(14721, [43])
(14722, [43])
(14723, [43])
(14724, [43, 4])
(14725, [38])
(14726, [38, 14])
(14727, [38])
(14728, [36])
(14729, [36, 14])
(14730, [36])
(14731, [36])
(14732, [36])
(14733, [36])
(14734, [36])
(14735, [36])
(14736, [36])
(14737, [36])
(14738, [36])
(14739, [36])
(14740, [36])
(14741, [36])
(14742, [36])
(14743, [36])
(14744, [36])
(14745, [36])
(14746, [36])
(14747, [36])
(14748, [36])
(14749, [36])
(14750, [36])
(14751, [36])
(14752, [36])
(14753, [36])
(14754, [36])
(14755, [31, 15])
(14756, [31])
(14757, [31])
(14758, [31])
(14759, [31, 15])
(14760, [31])
(14761, [31, 3, 40])
(14762, [31])
(14763, [31])
(14764, [31, 41])
(14765, [31])
(14766, [31])
(14767, [31, 23])
(14768, [31, 24])
(14769, [31, 15, 3, 12])
(14770, [31])
(14771, [31])
(14772, [31])
(14773, [31])
(14774, [30])
(14775, [30])
(14776, [30])
(14777, [30])
(14778, [30])
(14779, [30, 4])
(14780, [30])
(14781, [30])
(14782, [37])
(14783, [37, 15])
(14784, [37])
(14785, [39])
(14786, [39])
(14787, [39])
(14788, [39])
(14789, [39])
(14790, [39])
(14791, [39])
(14792, [41])
(14793, [41])
(14794, [41])
(14795, [41])
(14796, [41])
(14797, [41])
(14798, [41])
(14799, [41, 2])
(14800, [41])
(14801, [41])
(14802, [41])
(14803, [41, 4])
(14804, [41])
(14805, [41])
(14806, [41])
(14807, [41])
(14808, [41])
(14809, [41])
(14810, [41])
(14811, [41, 4])
(14812, [41])
(14813, [41])
(14814, [41])
(14815, [24])
(14816, [24])
(14817, [24])
(14818, [24])
(14819, [24])
(14820, [24])
(14821, [24])
(14822, [23, 5])
(14823, [23])
(14824, [23, 13])
(14825, [23])
(14826, [23])
(14827, [23])
(14828, [23, 4])
(14829, [23])
(14830, [23])
(14831, [23])
(14832, [23])
(14833, [23])
(14834, [23])
(14835, [23])
(14836, [23])
(14837, [23])
(14838, [23])
(14839, [23])
(14840, [23])
(14841, [23])
(14842, [23])
(14843, [23])
(14844, [23])
(14845, [23])
(14846, [23])
(14847, [23])
(14848, [23])
(14849, [23])
(14850, [23])
(14851, [23])
(14852, [23])
(14853, [23])
(14854, [23])
(14855, [23])
(14856, [23])
(14857, [23])
(14858, [23])
(14859, [23])
(14860, [23])
(14861, [23])
(14862, [23])
(14863, [23])
(14864, [23])
(14865, [23])
(14866, [23, 2])
(14867, [23])
(14868, [23])
(14869, [23])
(14870, [23])
(14871, [23])
(14872, [23])
(14873, [23])
(14874, [23])
(14875, [23])
(14876, [23])
(14877, [23])
(14878, [23])
(14879, [23, 12])
(14880, [23])
(14881, [23])
(14882, [23])
(14883, [23])
(14884, [23])
(14885, [23])
(14886, [23])
(14887, [23])
(14888, [23])
(14889, [23])
(14890, [23])
(14891, [23])
(14892, [23, 12])
(14893, [4])
(14894, [4])
(14895, [4])
(14896, [4])
(14897, [4])
(14898, [4])
(14899, [4])
(14900, [4])
(14901, [4])
(14902, [4])
(14903, [4])
(14904, [4])
(14905, [4])
(14906, [4])
(14907, [4])
(14908, [4])
(14909, [4])
(14910, [4])
(14911, [4])
(14912, [4])
(14913, [4])
(14914, [15])
(14915, [15])
(14916, [15])
(14917, [15])
(14918, [15])
(14919, [15])
(14920, [15])
(14921, [15])
(14922, [15])
(14923, [15])
(14924, [15])
(14925, [3])
(14926, [3])
(14927, [3])
(14928, [3])
(14929, [3])
(14930, [3])
(14931, [3])
(14932, [3])
(14933, [3])
(14934, [3, 12])
(14935, [3])
(14936, [3])
(14937, [3])
(14938, [3])
(14939, [3])
(14940, [3])
(14941, [3, 22])
(14942, [3])
(14943, [3, 2])
(14944, [3])
(14945, [3])
(14946, [3])
(14947, [3])
(14948, [3])
(14949, [3])
(14950, [3])
(14951, [3])
(14952, [3])
(14953, [3])
(14954, [3])
(14955, [12])
(14956, [12])
(14957, [12])
(14958, [12])
(14959, [12])
(14960, [12])
(14961, [12])
(14962, [12])
(14963, [12])
(14964, [12])
(14965, [12])
(14966, [12])
(14967, [12])
(14968, [12])
(14969, [12])
(14970, [12])
(14971, [12])
(14972, [12])
(14973, [12])
(14974, [12, 2])
(14975, [12])
(14976, [12])
(14977, [12])
(14978, [12])
(14979, [12])
(14980, [12])
(14981, [12])
(14982, [12])
(14983, [12])
(14984, [12])
(14985, [12])
(14986, [12])
(14987, [12])
(14988, [12])
(14989, [12])
(14990, [12])
(14991, [12])
(14992, [12])
(14993, [12])
(14994, [12])
(14995, [12])
(14996, [12])
(14997, [12])
(14998, [12])
(14999, [12])
(15000, [12])
(15001, [12])
(15002, [12])
(15003, [12])
(15004, [12])
(15005, [12])
(15006, [12])
(15007, [12])
(15008, [12])
(15009, [12])
(15010, [12])
(15011, [12])
(15012, [12])
(15013, [12])
(15014, [12])
(15015, [12])
(15016, [12])
(15017, [12])
(15018, [12])
(15019, [12])
(15020, [12])
(15021, [12, 2])
(15022, [12])
(15023, [12])
(15024, [12])
(15025, [12])
(15026, [40])
(15027, [40])
(15028, [40])
(15029, [40])
(15030, [40])
(15031, [2])
(15032, [2])
(15033, [2])
(15034, [2])
(15035, [2])
(15036, [2])
(15037, [2])
(15038, [2])
(15039, [2])
(15040, [2])
(15041, [2])
(15042, [2, 14])
(15043, [2])
(15044, [2])
(15045, [2])
(15046, [2])
(15047, [2])
(15048, [2])
(15049, [2])
(15050, [2])
(15051, [2])
(15052, [2])
(15053, [2])
(15054, [2])
(15055, [2])
(15056, [2])
(15057, [2])
(15058, [2])
(15059, [2])
(15060, [2])
(15061, [2])
(15062, [2])
(15063, [2])
(15064, [2])
(15065, [2])
(15066, [2])
(15067, [2])
(15068, [2])
(15069, [2])
(15070, [2])
(15071, [2])
(15072, [2])
(15073, [2])
(15074, [2])
(15075, [2])
(15076, [2])
(15077, [2])
(15078, [2])
(15079, [2])
(15080, [2])
(15081, [2])
(15082, [2])
(15083, [2])
(15084, [2])
(15085, [2])
(15086, [2])
(15087, [2])
(15088, [2])
(15089, [2])
(15090, [2])
(15091, [2])
(15092, [2])
(15093, [2])
(15094, [2])
(15095, [2])
(15096, [2])
(15097, [2])
(15098, [2])
(15099, [2])
(15100, [2])
(15101, [2])
(15102, [2])
(15103, [2])
(15104, [2])
(15105, [2])
(15106, [2])
(15107, [2])
(15108, [2, 13])
(15109, [2])
(15110, [2])
(15111, [2])
(15112, [2])
(15113, [13])
(15114, [13])
(15115, [13])
(15116, [13])
(15117, [13])
(15118, [13])
(15119, [13])
(15120, [13])
(15121, [5])
(15122, [5])
(15123, [5])
(15124, [5])
(15125, [5])
(15126, [5])
(15127, [5])
(15128, [14])
(15129, [14])
(15130, [14])
(15131, [14])
(15132, [14])
(15133, [14])
(15134, [14])
(15135, [14])
(15136, [14])
(15137, [14])
(15138, [14])
(15139, [14])
(15140, [14])
(15141, [22])
(15142, [22])
(15143, [22])
(15144, [22])
(15145, [22])
(15146, [22])
(15147, [22])
(15148, [22])
(15149, [22])
(15150, [22])
(15151, [22])
(15152, [22])
(15153, [25])
(15154, [25])
(15155, [25])
