(85097, [0, 1, 2, 3, 4, 5, 6, 7, 8, 9, 10, 11, 12, 13, 14, 15, 16, 17, 18, 19, 20, 21, 22, 23, 24, 25, 26, 27, 28, 29, 30, 31, 32, 33, 34, 35, 36, 37, 38, 39, 40, 41, 42, 43, 44])
(85098, [0, 1, 2, 3, 4, 5, 6, 7, 8, 9, 10, 11, 12, 13, 14, 15, 16, 17, 18, 19, 20, 21, 22, 23, 24, 25, 26, 27, 28, 29, 30, 31, 32, 33, 34, 35, 36, 37, 38, 39, 40, 41, 42, 43, 44])
(85099, [0, 1, 2, 3, 4, 5, 6, 7, 8, 9, 10, 11, 12, 13, 14, 15, 16, 17, 18, 19, 20, 21, 22, 23, 24, 25, 26, 27, 28, 29, 30, 31, 32, 33, 34, 35, 36, 37, 38, 39, 40, 41, 42, 43, 44])
(85100, [0, 1, 2, 3, 4, 5, 6, 7, 8, 9, 10, 11, 12, 13, 14, 15, 16, 17, 18, 19, 20, 21, 22, 23, 24, 25, 26, 27, 28, 29, 30, 31, 32, 33, 34, 35, 36, 37, 38, 39, 40, 41, 42, 43, 44])
(85101, [0, 1, 2, 3, 4, 5, 6, 7, 8, 9, 10, 11, 12, 13, 14, 15, 16, 17, 18, 19, 20, 21, 22, 23, 24, 25, 26, 27, 28, 29, 30, 31, 32, 33, 34, 35, 36, 37, 38, 39, 40, 41, 42, 43, 44])
(85102, [0, 1, 2, 3, 4, 5, 6, 7, 8, 9, 10, 11, 12, 13, 14, 15, 16, 17, 18, 19, 20, 22, 23, 24, 26, 27, 28, 29, 30, 31, 32, 33, 34, 35, 36, 37, 38, 39, 40, 41, 42, 43, 44])
(85103, [0, 1, 2, 3, 4, 5, 6, 7, 9, 10, 11, 12, 13, 14, 15, 16, 17, 18, 19, 20, 21, 22, 23, 24, 25, 26, 27, 30, 31, 32, 33, 34, 35, 36, 37, 39, 40, 41, 42, 43, 44])
(85104, [0, 1, 2, 3, 4, 5, 6, 7, 8, 9, 10, 11, 12, 13, 14, 15, 16, 17, 18, 19, 20, 21, 22, 23, 24, 25, 26, 27, 28, 29, 30, 31, 32, 33, 34, 35, 36, 37, 38, 39, 40, 41, 42, 43, 44])
(85105, [0, 1, 2, 3, 4, 5, 6, 7, 8, 9, 10, 11, 12, 13, 14, 15, 16, 17, 18, 19, 20, 21, 22, 23, 24, 25, 26, 27, 28, 29, 30, 31, 32, 33, 34, 35, 36, 37, 38, 39, 40, 41, 42, 43, 44])
(85106, [0, 1, 2, 3, 4, 5, 6, 7, 8, 9, 10, 11, 12, 13, 14, 15, 16, 17, 18, 19, 20, 21, 22, 23, 24, 25, 26, 27, 28, 29, 30, 31, 32, 33, 34, 35, 36, 37, 38, 39, 40, 41, 42, 43, 44])
(85107, [0, 1, 2, 3, 4, 5, 6, 7, 8, 9, 10, 11, 12, 13, 14, 15, 16, 17, 18, 19, 20, 21, 22, 23, 24, 25, 26, 27, 28, 29, 30, 31, 32, 33, 34, 35, 36, 37, 38, 39, 40, 41, 42, 43, 44])
(85108, [1, 3, 4, 5, 7, 8, 11, 12, 18, 19, 21, 22, 23, 26, 31, 32, 33, 34, 37, 43, 44])
(85109, [0, 7, 11, 32, 33, 43])
(85110, [0, 1, 3, 4, 8, 12, 19, 20, 25, 26, 30, 32, 34, 36, 39, 40])
(85111, [0, 1, 2, 3, 4, 5, 6, 8, 9, 11, 12, 15, 16, 17, 18, 19, 20, 21, 22, 23, 26, 27, 30, 31, 32, 33, 34, 35, 36, 40, 41, 42, 43, 44])
(85112, [0, 1, 2, 3, 4, 6, 12, 15, 16, 17, 18, 19, 20, 21, 22, 23, 26, 30, 31, 32, 33, 34, 35, 39, 40, 42, 43])
(85113, [2, 4, 11, 15, 24, 30, 32])
(85114, [0, 1, 2, 3, 4, 5, 6, 7, 8, 9, 11, 12, 13, 15, 16, 17, 18, 19, 21, 22, 23, 24, 26, 30, 31, 32, 33, 34, 35, 37, 38, 39, 40, 41, 42, 43, 44])
(85115, [1, 2, 3, 4, 6, 9, 11, 13, 14, 15, 16, 17, 18, 19, 21, 22, 23, 24, 25, 26, 30, 31, 32, 33, 34, 38, 40, 41, 43, 44])
(85116, [0, 1, 2, 3, 4, 5, 6, 7, 8, 9, 10, 11, 12, 13, 14, 15, 16, 17, 18, 19, 20, 21, 22, 23, 24, 25, 26, 27, 28, 29, 30, 31, 32, 33, 34, 35, 36, 37, 38, 39, 40, 41, 42, 43, 44])
(85117, [0, 1, 2, 3, 4, 5, 6, 7, 8, 9, 10, 11, 12, 13, 14, 15, 16, 17, 18, 19, 20, 21, 22, 23, 24, 29, 30, 31, 32, 33, 34, 35, 36, 37, 38, 39, 40, 41, 42, 43, 44])
(85118, [0, 1, 2, 3, 4, 6, 9, 11, 12, 13, 14, 15, 16, 17, 18, 19, 22, 23, 24, 25, 26, 27, 29, 30, 31, 32, 33, 36, 39, 40, 41, 42, 43, 44])
(85119, [0, 1, 2, 3, 4, 6, 9, 10, 11, 12, 13, 14, 15, 16, 18, 19, 20, 23, 26, 30, 31, 32, 33, 34, 35, 36, 40, 41, 42, 43, 44])
(85120, [0, 1, 2, 3, 4, 5, 6, 7, 8, 9, 10, 11, 12, 13, 14, 15, 16, 17, 18, 19, 20, 21, 22, 23, 24, 25, 26, 27, 28, 29, 30, 31, 32, 33, 34, 35, 36, 37, 38, 39, 40, 41, 42, 43, 44])
(85121, [1, 3, 11, 15, 16, 18, 19, 21, 32, 42, 43])
(85122, [0, 1, 2, 3, 4, 5, 6, 8, 9, 11, 12, 13, 14, 15, 16, 17, 18, 19, 20, 21, 22, 23, 24, 25, 26, 27, 28, 30, 31, 32, 33, 34, 35, 36, 38, 39, 40, 41, 42, 43, 44])
(85123, [2, 19, 26, 32, 33, 34, 44])
(85124, [1, 2, 3, 7, 12, 15, 16, 18, 22, 26, 30, 31, 32, 33, 34, 41, 42, 44])
(85125, [0, 1, 2, 3, 4, 6, 7, 8, 9, 11, 12, 18, 19, 20, 21, 26, 30, 31, 32, 33, 34, 36, 38, 40, 41, 42, 43, 44])
(85126, [2, 6, 13, 14, 24, 26, 32, 36, 41, 43])
(85127, [0, 1, 3, 4, 12, 13, 14, 15, 16, 18, 19, 21, 23, 24, 30, 31, 32, 35, 42])
(85128, [0, 1, 2, 3, 4, 6, 7, 9, 11, 12, 13, 14, 18, 25, 27, 32, 33, 34, 39, 40, 41, 42, 43, 44])
(85129, [2, 26, 32])
(85130, [0, 1, 2, 3, 4, 6, 9, 10, 11, 12, 14, 15, 16, 18, 19, 20, 22, 23, 24, 25, 30, 31, 32, 33, 34, 36, 37, 41, 42, 43, 44])
(85131, [0, 3, 7, 9, 30, 32])
(85132, [1, 3, 4, 6, 8, 9, 11, 12, 15, 18, 19, 23, 30, 31, 32, 35, 44])
(85133, [0, 1, 2, 3, 4, 5, 6, 7, 8, 9, 10, 11, 12, 13, 14, 15, 16, 17, 18, 19, 20, 21, 23, 24, 26, 29, 30, 31, 32, 33, 34, 37, 40, 41, 43, 44])
(85134, [0, 1, 2, 12, 13, 32, 40, 44])
(85135, [0, 2, 3, 6, 9, 11, 12, 13, 14, 15, 16, 17, 18, 19, 20, 21, 23, 24, 26, 28, 30, 31, 32, 33, 34, 36, 40, 41, 43, 44])
(85136, [0, 1, 2, 3, 4, 5, 6, 7, 8, 9, 10, 11, 12, 13, 15, 16, 17, 18, 19, 20, 22, 23, 26, 27, 28, 31, 32, 33, 34, 36, 37, 39, 40, 41, 42, 43, 44])
(85137, [0, 9, 11, 12, 14, 22, 24, 26, 32, 34, 40, 41])
(85138, [4, 32, 43])
(85139, [0, 1, 2, 6, 8, 9, 13, 15, 26, 31, 32, 41, 42])
(85140, [0, 1, 2, 3, 4, 5, 6, 7, 8, 9, 10, 11, 12, 13, 14, 15, 16, 17, 18, 19, 20, 21, 22, 23, 24, 25, 26, 27, 28, 30, 31, 32, 33, 34, 35, 36, 37, 38, 39, 40, 41, 42, 43, 44])
(85141, [2, 15, 16, 32, 39, 43])
(85142, [0, 9, 15, 30, 31, 32, 33, 34, 40])
(85143, [1, 2, 3, 4, 6, 7, 8, 9, 11, 12, 13, 15, 17, 18, 19, 21, 23, 24, 26, 30, 31, 32, 33, 40, 41, 43, 44])
(85144, [1, 2, 3, 4, 5, 6, 7, 8, 9, 11, 12, 15, 16, 17, 18, 19, 20, 21, 22, 23, 24, 26, 27, 29, 30, 31, 32, 33, 35, 36, 40, 41, 42, 43, 44])
(85145, [0, 2, 3, 7, 9, 10, 11, 13, 14, 15, 19, 20, 24, 26, 32, 33, 34, 35, 40, 41])
(85146, [1, 2, 3, 4, 7, 9, 11, 12, 15, 16, 18, 19, 21, 22, 25, 27, 29, 30, 31, 32, 33, 34, 38, 40, 44])
(85147, [0, 1, 2, 3, 4, 6, 7, 8, 9, 10, 11, 12, 13, 14, 15, 16, 17, 18, 19, 20, 21, 22, 23, 24, 26, 27, 30, 31, 32, 33, 34, 35, 37, 39, 40, 41, 42, 43, 44])
(85148, [0, 1, 2, 3, 4, 7, 9, 11, 18, 19, 21, 23, 26, 27, 32, 41, 42, 44])
(85149, [0, 1, 3, 7, 10, 15, 18, 22, 24, 26, 30, 32, 34, 39, 43, 44])
(85150, [0, 2, 3, 4, 6, 7, 8, 9, 10, 11, 12, 15, 17, 19, 20, 21, 22, 24, 26, 27, 29, 30, 31, 32, 33, 34, 35, 38, 42, 43, 44])
(85151, [2, 9, 14, 15, 19, 26, 32, 44])
(85152, [0, 1, 2, 3, 4, 5, 6, 7, 8, 9, 11, 12, 13, 14, 15, 16, 18, 20, 22, 23, 24, 26, 27, 30, 31, 32, 33, 34, 35, 36, 37, 40, 41, 42, 43, 44])
(85153, [0, 3, 4, 9, 12, 16, 24, 26, 30, 31, 32, 34, 35, 44])
(85154, [0, 1, 2, 3, 4, 5, 6, 7, 9, 11, 12, 13, 14, 15, 16, 17, 18, 19, 20, 21, 23, 25, 26, 27, 28, 32, 33, 36, 39, 40, 43])
(85155, [1, 2, 4, 9, 10, 11, 13, 15, 16, 17, 18, 24, 26, 30, 31, 32, 33, 34, 41, 43])
(85156, [32])
(85157, [32])
(85158, [1, 2, 3, 4, 7, 9, 11, 13, 14, 15, 17, 18, 19, 20, 21, 24, 26, 27, 28, 30, 32, 33, 34, 35, 36, 38, 41, 43, 44])
(85159, [2, 9, 10, 14, 15, 17, 26, 31, 32, 33, 34, 41])
(85160, [0, 1, 2, 3, 4, 5, 6, 7, 8, 9, 11, 12, 14, 15, 17, 18, 19, 20, 21, 22, 23, 24, 26, 30, 31, 32, 33, 34, 35, 43, 44])
(85161, [32])
(85162, [32])
(85163, [0, 1, 2, 3, 6, 9, 11, 12, 15, 18, 21, 24, 25, 32, 33, 34, 41, 43])
(85164, [1, 2, 4, 5, 6, 9, 11, 12, 19, 20, 24, 31, 32, 33, 35])
(85165, [0, 1, 2, 3, 4, 5, 6, 7, 8, 9, 12, 13, 14, 15, 16, 18, 20, 22, 23, 24, 26, 30, 31, 32, 33, 34, 37, 40, 41, 43])
(85166, [1, 2, 3, 6, 9, 11, 18, 19, 21, 30, 32, 33, 41, 44])
(85167, [32])
(85168, [1, 6, 12, 17, 19, 22, 24, 30, 31, 32, 33, 41, 43])
(85169, [1, 2, 4, 15, 20, 28, 32, 34])
(85170, [0, 1, 6, 15, 21, 22, 23, 31, 32, 35])
(85171, [0, 1, 2, 3, 6, 15, 16, 19, 21, 23, 26, 30, 32, 33, 40, 43, 44])
(85172, [2, 3, 6, 8, 9, 11, 12, 15, 18, 21, 23, 30, 31, 32, 33, 34, 35, 40, 41, 43, 44])
(85173, [1, 3, 6, 9, 11, 12, 13, 15, 17, 18, 19, 21, 23, 24, 26, 27, 28, 31, 32, 33, 34, 38, 39, 41, 43, 44])
(85174, [2, 6, 18, 27, 32, 35, 36])
(85175, [1, 3, 4, 5, 6, 9, 12, 15, 16, 18, 21, 23, 24, 26, 27, 31, 32, 35, 44])
(85176, [1, 32, 42])
(85177, [0, 2, 6, 12, 31, 32, 35, 41, 43])
(85178, [2, 9, 15, 26, 30, 31, 32, 33, 34, 43])
(85179, [1, 3, 4, 11, 13, 30, 32, 34])
(85180, [32])
(85181, [0, 1, 2, 3, 4, 5, 6, 7, 8, 9, 10, 11, 12, 13, 15, 16, 17, 18, 19, 20, 23, 24, 26, 28, 30, 31, 32, 33, 34, 35, 36, 38, 41, 43, 44])
(85182, [1, 3, 4, 6, 12, 15, 16, 18, 19, 23, 29, 32, 34, 38, 39, 43, 44])
(85183, [0, 1, 2, 3, 5, 7, 9, 11, 13, 15, 18, 19, 20, 21, 22, 23, 30, 32, 33, 35, 39, 40, 44])
(85184, [1, 15, 30, 32, 44])
(85185, [0, 3, 7, 8, 9, 11, 13, 23, 32, 33])
(85186, [2, 4, 6, 11, 14, 15, 17, 18, 24, 26, 30, 31, 32, 33, 34, 40, 41, 43, 44])
(85187, [0, 32])
(85188, [2, 3, 4, 6, 9, 15, 16, 23, 24, 26, 28, 30, 31, 32, 35, 43, 44])
(85189, [1, 2, 3, 4, 12, 24, 26, 31, 32, 34, 41, 43])
(85190, [1, 3, 4, 23, 27, 30, 32])
(85191, [32])
(85192, [32])
(85193, [0, 1, 2, 3, 5, 11, 15, 18, 19, 21, 22, 30, 31, 32, 35])
(85194, [9, 19, 23, 32, 43, 44])
(85195, [3, 17, 29, 31, 32, 33, 41])
(85196, [0, 1, 3, 7, 10, 12, 16, 20, 26, 32, 33, 34, 41])
(85197, [1, 4, 12, 30, 31, 32, 43])
(85198, [1, 3, 12, 15, 18, 19, 20, 22, 26, 29, 32, 33, 34, 44])
(85199, [0, 1, 12, 17, 20, 30, 31, 32, 33, 34, 40])
(85200, [2, 3, 4, 6, 9, 15, 18, 19, 21, 22, 24, 26, 30, 31, 32, 33, 34, 35, 39])
(85201, [1, 2, 3, 4, 7, 8, 9, 15, 18, 29, 30, 31, 32, 33, 34, 36, 43])
(85202, [1, 2, 3, 4, 5, 7, 8, 9, 11, 12, 15, 18, 19, 21, 22, 23, 24, 30, 31, 32, 36, 38, 43])
(85203, [0, 1, 2, 4, 9, 11, 12, 15, 16, 19, 21, 22, 28, 30, 31, 32, 34, 35, 40, 41, 44])
(85204, [2, 3, 5, 9, 12, 14, 31, 32, 34])
(85205, [0, 1, 2, 3, 7, 10, 15, 17, 19, 20, 22, 25, 28, 30, 32, 33, 34, 35, 37, 44])
(85206, [0, 1, 3, 4, 6, 9, 17, 20, 32, 33, 34])
(85207, [0, 1, 2, 3, 4, 9, 12, 15, 16, 19, 21, 22, 23, 26, 30, 32, 33, 34, 36, 41, 42])
(85208, [0, 1, 3, 4, 6, 16, 32, 34, 40, 44])
(85209, [1, 2, 3, 11, 12, 20, 21, 24, 32, 33, 44])
(85210, [2, 3, 31, 32, 34, 43, 44])
(85211, [15, 22, 23, 32, 34])
(85212, [2, 3, 5, 6, 9, 15, 18, 32, 35, 36, 43, 44])
(85213, [11, 21, 32])
(85214, [6, 13, 15, 32])
(85215, [2, 11, 14, 17, 19, 32, 41])
(85216, [0, 2, 3, 12, 14, 19, 32, 34])
(85217, [13, 32, 34, 40])
(85218, [0, 1, 3, 4, 24, 31, 32, 33, 34])
(85219, [32])
(85220, [1, 2, 3, 6, 12, 14, 15, 18, 21, 22, 23, 30, 32, 33, 34, 41])
(85221, [0, 1, 3, 4, 6, 8, 9, 11, 12, 15, 16, 18, 20, 21, 22, 23, 32, 35, 36, 42])
(85222, [32])
(85223, [2, 6, 11, 16, 19, 23, 30, 31, 32, 33, 34, 44])
(85224, [35])
(85225, [1, 2, 3, 12, 16, 19, 22, 35, 38, 39, 43])
(85226, [0, 1, 2, 3, 4, 5, 7, 8, 9, 11, 12, 18, 19, 21, 22, 23, 26, 28, 30, 31, 33, 34, 35, 36, 37, 39, 44])
(85227, [0, 1, 3, 4, 6, 9, 11, 12, 18, 19, 21, 22, 23, 24, 31, 35, 38, 44])
(85228, [35])
(85229, [0, 1, 2, 3, 7, 11, 12, 15, 20, 23, 31, 35, 43])
(85230, [35])
(85231, [10, 20, 35])
(85232, [0, 1, 2, 3, 9, 10, 12, 16, 18, 19, 20, 21, 23, 26, 35, 38, 41])
(85233, [2, 24, 35, 43])
(85234, [0, 1, 2, 3, 4, 10, 11, 12, 13, 14, 15, 17, 18, 19, 20, 23, 24, 26, 27, 33, 34, 35, 40, 42, 43, 44])
(85235, [0, 21, 35])
(85236, [23, 35, 38])
(85237, [10, 35])
(85238, [2, 35])
(85239, [21, 35, 42])
(85240, [35])
(85241, [35])
(85242, [35])
(85243, [35])
(85244, [35])
(85245, [0, 34, 35, 37, 43])
(85246, [0, 1, 3, 6, 9, 19, 21, 30, 35, 39, 42])
(85247, [35])
(85248, [0, 1, 2, 3, 4, 6, 7, 8, 9, 10, 11, 12, 15, 16, 17, 18, 19, 20, 21, 22, 23, 24, 26, 28, 30, 31, 33, 35, 37, 38, 39, 40, 41, 42, 43, 44])
(85249, [35])
(85250, [10, 35])
(85251, [35])
(85252, [35])
(85253, [35])
(85254, [0, 1, 2, 4, 11, 22, 33, 34, 35])
(85255, [1, 2, 3, 7, 18, 23, 26, 30, 31, 34, 35, 39, 43, 44])
(85256, [0, 12, 18, 31, 34])
(85257, [34])
(85258, [2, 9, 11, 34, 39])
(85259, [0, 34, 41])
(85260, [2, 9, 34, 44])
(85261, [19, 30, 34])
(85262, [2, 3, 4, 6, 9, 12, 15, 19, 20, 31, 34, 41, 43])
(85263, [4, 9, 11, 17, 20, 24, 26, 33, 34, 41])
(85264, [2, 3, 9, 11, 14, 16, 18, 30, 31, 34, 39])
(85265, [34])
(85266, [1, 21, 34])
(85267, [1, 3, 6, 12, 13, 14, 15, 18, 19, 21, 27, 30, 33, 34, 41, 44])
(85268, [0, 34])
(85269, [22, 31, 33, 34])
(85270, [34])
(85271, [2, 9, 15, 22, 24, 31, 34])
(85272, [34])
(85273, [34])
(85274, [34])
(85275, [14, 34, 36])
(85276, [34])
(85277, [12, 34])
(85278, [31, 34])
(85279, [0, 1, 2, 3, 4, 6, 7, 9, 11, 12, 13, 15, 16, 17, 18, 19, 20, 21, 22, 23, 24, 26, 28, 29, 31, 33, 34, 38, 40, 42, 43, 44])
(85280, [34])
(85281, [2, 17, 18, 26, 33, 34])
(85282, [20, 34])
(85283, [1, 5, 18, 21, 34])
(85284, [15, 20, 26, 30, 34, 41])
(85285, [4, 15, 18, 19, 21, 29, 34, 44])
(85286, [2, 12, 34])
(85287, [34])
(85288, [0, 1, 3, 11, 12, 20, 26, 34, 44])
(85289, [0, 9, 12, 34])
(85290, [34])
(85291, [34])
(85292, [34])
(85293, [20, 34])
(85294, [34])
(85295, [1, 18, 34])
(85296, [34])
(85297, [34])
(85298, [0, 2, 9, 11, 12, 14, 15, 17, 24, 31, 34, 40, 43, 44])
(85299, [2, 17, 19, 26, 34, 43])
(85300, [0, 8, 9, 10, 15, 16, 34, 42])
(85301, [0, 1, 2, 3, 5, 8, 12, 16, 19, 23, 30, 34])
(85302, [3, 4, 6, 10, 11, 18, 31, 34, 44])
(85303, [3, 7, 12, 30, 34, 41])
(85304, [33])
(85305, [33])
(85306, [33])
(85307, [33])
(85308, [2, 6, 11, 13, 14, 15, 16, 17, 26, 28, 30, 33, 39, 41, 44])
(85309, [33])
(85310, [2, 15, 19, 24, 33, 39])
(85311, [1, 4, 6, 9, 11, 15, 17, 20, 23, 26, 27, 30, 33, 41])
(85312, [1, 8, 9, 11, 15, 16, 30, 31, 33, 44])
(85313, [0, 4, 6, 12, 33])
(85314, [33])
(85315, [0, 2, 12, 33])
(85316, [12, 19, 20, 33])
(85317, [1, 3, 12, 15, 17, 19, 20, 30, 33, 40, 44])
(85318, [2, 9, 15, 33, 36, 39])
(85319, [33])
(85320, [3, 33])
(85321, [31, 33])
(85322, [15, 22, 33])
(85323, [33])
(85324, [33])
(85325, [24, 33])
(85326, [1, 3, 6, 8, 11, 18, 19, 22, 23, 33, 41, 44])
(85327, [33])
(85328, [33])
(85329, [33])
(85330, [33])
(85331, [0, 1, 3, 12, 33])
(85332, [2, 9, 11, 26, 33, 41])
(85333, [0, 2, 10, 17, 23, 33])
(85334, [0, 1, 3, 7, 11, 15, 17, 18, 19, 21, 26, 27, 31, 33, 40, 42, 43, 44])
(85335, [19, 23, 33])
(85336, [33])
(85337, [31, 33])
(85338, [33])
(85339, [15, 20])
(85340, [0, 3, 19, 20, 39])
(85341, [3, 8, 9, 11, 15, 20, 23, 37, 43])
(85342, [11, 20, 31, 43])
(85343, [0, 1, 2, 3, 4, 5, 6, 7, 8, 9, 11, 12, 15, 16, 18, 19, 20, 21, 22, 23, 26, 30, 39, 42])
(85344, [0, 17, 20])
(85345, [0, 10, 20])
(85346, [1, 3, 12, 20])
(85347, [1, 3, 20, 41])
(85348, [20])
(85349, [20])
(85350, [20])
(85351, [0, 2, 4, 9, 11, 12, 14, 15, 18, 19, 20, 23, 27, 31, 37, 41, 43])
(85352, [20])
(85353, [0, 2, 20, 36, 43])
(85354, [0, 1, 2, 3, 7, 11, 12, 15, 16, 18, 19, 20, 23, 27, 31, 37, 42, 43, 44])
(85355, [1, 3, 4, 7, 13, 20, 23, 27, 41, 44])
(85356, [0, 1, 11, 12, 20, 44])
(85357, [0, 20, 23])
(85358, [0, 12, 20, 37, 41, 43])
(85359, [20])
(85360, [20, 40, 43])
(85361, [9, 20])
(85362, [1, 3, 19, 20, 21])
(85363, [2, 20])
(85364, [20])
(85365, [2, 3, 11, 20, 21, 22, 38])
(85366, [18])
(85367, [18])
(85368, [18])
(85369, [18])
(85370, [18, 30])
(85371, [0, 1, 2, 6, 16, 18, 36, 41, 43])
(85372, [3, 18, 26, 41])
(85373, [18])
(85374, [0, 18])
(85375, [18])
(85376, [2, 15, 18, 36])
(85377, [5, 18])
(85378, [1, 3, 4, 7, 8, 11, 17, 18, 19, 21, 22, 23, 42, 44])
(85379, [4, 15, 18])
(85380, [8, 18, 23, 44])
(85381, [18])
(85382, [2, 18])
(85383, [2, 3, 4, 15, 18, 31, 44])
(85384, [3, 18, 23])
(85385, [2, 6, 12, 18, 23])
(85386, [10, 18])
(85387, [18, 22])
(85388, [1, 3, 8, 16, 18])
(85389, [1, 3, 12, 18])
(85390, [18])
(85391, [1, 3, 11, 12, 18])
(85392, [3, 9, 15, 17, 18, 21, 44])
(85393, [18, 22, 36, 43])
(85394, [3, 18, 28, 44])
(85395, [18, 23])
(85396, [18])
(85397, [18])
(85398, [18])
(85399, [18])
(85400, [18])
(85401, [18])
(85402, [18])
(85403, [9, 18])
(85404, [1, 6, 16, 18, 21, 22, 26, 39, 43])
(85405, [6, 18])
(85406, [18])
(85407, [18])
(85408, [18])
(85409, [0, 12, 14, 18, 24, 44])
(85410, [18])
(85411, [0, 1, 3, 12, 18, 19, 21, 22, 29])
(85412, [18])
(85413, [18])
(85414, [18])
(85415, [18])
(85416, [18])
(85417, [18])
(85418, [18])
(85419, [13, 18])
(85420, [18])
(85421, [18])
(85422, [18])
(85423, [18])
(85424, [18])
(85425, [0, 3, 6, 7, 9, 14, 16, 18, 23, 26, 41, 43])
(85426, [18])
(85427, [18])
(85428, [18])
(85429, [18])
(85430, [18])
(85431, [9, 15, 18])
(85432, [0, 12, 18])
(85433, [0, 2, 3, 6, 7, 8, 11, 12, 15, 18, 23, 26, 39, 41, 44])
(85434, [18])
(85435, [18])
(85436, [18])
(85437, [2, 9, 11, 17, 18])
(85438, [18])
(85439, [18])
(85440, [18])
(85441, [18])
(85442, [2, 3, 4, 6, 9, 12, 15, 18, 26, 37, 43])
(85443, [0, 18, 23])
(85444, [18])
(85445, [18])
(85446, [6, 12, 18, 24, 44])
(85447, [18])
(85448, [18])
(85449, [18, 41, 44])
(85450, [18])
(85451, [0, 4, 18])
(85452, [18])
(85453, [3, 10, 18])
(85454, [18])
(85455, [18])
(85456, [18])
(85457, [18])
(85458, [4, 12, 18])
(85459, [27])
(85460, [1, 4, 14, 15, 19, 27])
(85461, [27])
(85462, [4, 5, 27])
(85463, [0, 17, 27, 31, 41, 43])
(85464, [12, 26, 27])
(85465, [9, 19, 22, 27])
(85466, [9])
(85467, [2, 3, 9, 19, 28])
(85468, [2, 9, 12, 15, 16, 23, 43])
(85469, [0, 8, 9, 12, 16, 23])
(85470, [9, 11])
(85471, [9])
(85472, [2, 9, 15, 28, 36, 41])
(85473, [1, 2, 3, 4, 9, 11, 13, 14, 15, 16, 19, 24, 26, 30, 31, 36, 39, 43])
(85474, [0, 1, 2, 3, 4, 9, 11, 14, 19, 21, 22, 38])
(85475, [2, 3, 9, 12])
(85476, [9, 39])
(85477, [9])
(85478, [2, 3, 9, 14, 21, 24, 30, 43, 44])
(85479, [9])
(85480, [0, 2, 9, 26, 36, 41])
(85481, [9])
(85482, [9])
(85483, [0, 1, 4, 9, 12, 23, 24])
(85484, [3, 9])
(85485, [0, 1, 2, 3, 4, 9])
(85486, [9])
(85487, [9, 43])
(85488, [9, 10])
(85489, [9, 12])
(85490, [2, 4, 9, 14, 15, 17, 19, 23, 26, 41, 43])
(85491, [9, 19, 30, 31])
(85492, [9])
(85493, [0, 9, 12])
(85494, [9])
(85495, [2, 9, 17, 44])
(85496, [9, 16, 19])
(85497, [9])
(85498, [9])
(85499, [9])
(85500, [9])
(85501, [0, 2, 5, 8, 9])
(85502, [0, 1, 4, 9, 22, 42, 44])
(85503, [9])
(85504, [9])
(85505, [9])
(85506, [9])
(85507, [9])
(85508, [3, 9, 26, 31, 44])
(85509, [9])
(85510, [9])
(85511, [0, 9, 39])
(85512, [9])
(85513, [2, 4, 6, 9, 26, 43])
(85514, [0, 2, 3, 9, 11, 12, 16, 17, 23, 24, 31, 41])
(85515, [9])
(85516, [9])
(85517, [9])
(85518, [9])
(85519, [9])
(85520, [0, 3, 10])
(85521, [0, 12])
(85522, [0])
(85523, [0, 1, 8, 11, 21, 44])
(85524, [0, 2])
(85525, [0])
(85526, [0, 19, 28])
(85527, [0, 12])
(85528, [0])
(85529, [0])
(85530, [0])
(85531, [0])
(85532, [0])
(85533, [0])
(85534, [0])
(85535, [0, 3, 12])
(85536, [0, 12])
(85537, [0])
(85538, [0])
(85539, [0])
(85540, [0])
(85541, [0])
(85542, [0])
(85543, [0, 14])
(85544, [0])
(85545, [0, 3, 12, 44])
(85546, [0])
(85547, [0])
(85548, [0, 12])
(85549, [0])
(85550, [0])
(85551, [0])
(85552, [0])
(85553, [0])
(85554, [0, 1, 3, 4, 6, 11, 12, 14, 23, 28, 44])
(85555, [0])
(85556, [0])
(85557, [0])
(85558, [0])
(85559, [0, 12])
(85560, [0])
(85561, [0, 3, 41])
(85562, [0])
(85563, [0])
(85564, [0])
(85565, [0])
(85566, [0, 12, 15])
(85567, [0])
(85568, [0, 4])
(85569, [0])
(85570, [0])
(85571, [0])
(85572, [0])
(85573, [0])
(85574, [0])
(85575, [0, 2])
(85576, [0])
(85577, [0])
(85578, [0])
(85579, [0])
(85580, [0])
(85581, [0])
(85582, [0])
(85583, [0])
(85584, [0])
(85585, [0])
(85586, [0])
(85587, [0])
(85588, [0])
(85589, [0])
(85590, [0, 3, 15, 22, 43])
(85591, [0])
(85592, [0])
(85593, [0])
(85594, [0])
(85595, [0])
(85596, [0])
(85597, [0])
(85598, [0])
(85599, [0])
(85600, [0])
(85601, [0])
(85602, [0])
(85603, [0])
(85604, [0])
(85605, [0])
(85606, [0, 12])
(85607, [0])
(85608, [0])
(85609, [0, 1])
(85610, [0])
(85611, [0, 12])
(85612, [0])
(85613, [0])
(85614, [0, 2, 4, 7, 15, 36])
(85615, [0, 2, 4, 15, 26, 41])
(85616, [0])
(85617, [0])
(85618, [0])
(85619, [0])
(85620, [0])
(85621, [0])
(85622, [0])
(85623, [0, 30])
(85624, [0])
(85625, [0])
(85626, [0])
(85627, [0, 10, 16, 23, 41, 43, 44])
(85628, [0])
(85629, [0, 3, 8, 12, 22, 41, 42])
(85630, [0])
(85631, [0])
(85632, [0])
(85633, [0])
(85634, [0])
(85635, [0])
(85636, [0, 3, 17, 26, 29, 30, 44])
(85637, [0, 41])
(85638, [0, 1, 3, 17])
(85639, [0])
(85640, [0])
(85641, [0])
(85642, [0, 21])
(85643, [0, 12])
(85644, [0, 2, 11, 14, 19, 30, 39, 40, 43])
(85645, [0])
(85646, [0])
(85647, [0])
(85648, [0])
(85649, [0])
(85650, [0])
(85651, [0])
(85652, [0])
(85653, [0])
(85654, [0, 1, 15])
(85655, [0])
(85656, [0])
(85657, [0])
(85658, [0])
(85659, [0])
(85660, [0])
(85661, [0])
(85662, [0])
(85663, [0])
(85664, [0])
(85665, [0])
(85666, [0])
(85667, [0])
(85668, [0])
(85669, [0])
(85670, [0, 1, 2, 44])
(85671, [0])
(85672, [0])
(85673, [0])
(85674, [0])
(85675, [0])
(85676, [0])
(85677, [0])
(85678, [0])
(85679, [0])
(85680, [0])
(85681, [0, 3])
(85682, [0])
(85683, [0])
(85684, [0])
(85685, [0])
(85686, [0, 12])
(85687, [0])
(85688, [0])
(85689, [0, 1, 3, 11, 16])
(85690, [0])
(85691, [0])
(85692, [0])
(85693, [0, 13, 36, 41])
(85694, [0])
(85695, [0])
(85696, [0])
(85697, [0])
(85698, [0, 19])
(85699, [0, 1, 3, 12, 15, 23, 39])
(85700, [0])
(85701, [0])
(85702, [0])
(85703, [0])
(85704, [0])
(85705, [0])
(85706, [0])
(85707, [0])
(85708, [0])
(85709, [0])
(85710, [0])
(85711, [0, 23, 36])
(85712, [0])
(85713, [0])
(85714, [0])
(85715, [0])
(85716, [0, 10, 26, 42])
(85717, [0])
(85718, [0])
(85719, [0])
(85720, [0, 12, 19, 43])
(85721, [0])
(85722, [0])
(85723, [0])
(85724, [0])
(85725, [0])
(85726, [0])
(85727, [0])
(85728, [0])
(85729, [0])
(85730, [0, 44])
(85731, [0])
(85732, [0])
(85733, [0, 2])
(85734, [0])
(85735, [0])
(85736, [0])
(85737, [0])
(85738, [0])
(85739, [0])
(85740, [0, 1])
(85741, [0])
(85742, [0])
(85743, [0])
(85744, [0])
(85745, [0])
(85746, [0])
(85747, [0, 4, 6, 7, 13, 14, 19, 42, 43])
(85748, [0])
(85749, [0])
(85750, [0])
(85751, [0])
(85752, [0])
(85753, [0])
(85754, [0])
(85755, [0])
(85756, [0, 2, 15, 41])
(85757, [0])
(85758, [0])
(85759, [0])
(85760, [0])
(85761, [0])
(85762, [0])
(85763, [0])
(85764, [0, 1, 6, 42])
(85765, [0, 1, 3, 17])
(85766, [11])
(85767, [11])
(85768, [11])
(85769, [11])
(85770, [3, 11, 21])
(85771, [11])
(85772, [1, 2, 3, 11, 19, 31])
(85773, [3, 11])
(85774, [3, 11])
(85775, [11])
(85776, [1, 2, 11, 19])
(85777, [2, 11])
(85778, [7, 11, 23, 43, 44])
(85779, [11])
(85780, [11])
(85781, [1, 3, 4, 11, 12, 38, 43])
(85782, [7, 11, 12, 19, 44])
(85783, [11])
(85784, [11, 17])
(85785, [10, 11, 12, 16])
(85786, [1, 11])
(85787, [3, 11, 12])
(85788, [11])
(85789, [11])
(85790, [11])
(85791, [7])
(85792, [7])
(85793, [7])
(85794, [7])
(85795, [7])
(85796, [7])
(85797, [7, 21])
(85798, [3, 7])
(85799, [7])
(85800, [7])
(85801, [7])
(85802, [7])
(85803, [7])
(85804, [2, 7])
(85805, [7])
(85806, [16])
(85807, [3, 4, 16])
(85808, [16])
(85809, [16])
(85810, [16, 17])
(85811, [16])
(85812, [16])
(85813, [5, 16])
(85814, [16])
(85815, [42])
(85816, [2, 4, 6, 14, 19])
(85817, [6])
(85818, [6])
(85819, [6])
(85820, [2, 6, 15, 24, 25, 41, 43])
(85821, [6])
(85822, [6, 44])
(85823, [6, 26, 41])
(85824, [3, 6])
(85825, [6])
(85826, [6])
(85827, [6])
(85828, [4, 6])
(85829, [2, 6, 8])
(85830, [28])
(85831, [28])
(85832, [28])
(85833, [1, 2, 3, 8, 19, 28, 31])
(85834, [2, 28])
(85835, [2, 14, 28, 40])
(85836, [28])
(85837, [2, 14, 17, 26, 36, 40])
(85838, [17])
(85839, [17])
(85840, [17])
(85841, [17])
(85842, [17])
(85843, [2, 17])
(85844, [12, 17, 21])
(85845, [17])
(85846, [2, 12, 17, 19, 40, 41, 43, 44])
(85847, [2, 17, 19, 38])
(85848, [17])
(85849, [17, 36])
(85850, [17])
(85851, [17])
(85852, [17])
(85853, [17])
(85854, [1, 3, 21])
(85855, [1])
(85856, [1])
(85857, [1, 3])
(85858, [1, 3, 4, 19, 22, 26])
(85859, [1])
(85860, [1, 3, 21])
(85861, [1])
(85862, [1, 3, 40])
(85863, [1])
(85864, [1])
(85865, [1])
(85866, [1, 3])
(85867, [1])
(85868, [1, 12, 15])
(85869, [1])
(85870, [1, 21, 30])
(85871, [1, 2, 3])
(85872, [1])
(85873, [1, 3, 21])
(85874, [1])
(85875, [1])
(85876, [1])
(85877, [1])
(85878, [1])
(85879, [1, 44])
(85880, [1, 3, 14, 15, 19, 40, 44])
(85881, [1])
(85882, [1])
(85883, [1])
(85884, [1])
(85885, [1])
(85886, [1, 26])
(85887, [1])
(85888, [1])
(85889, [1, 3, 21])
(85890, [1, 19, 22])
(85891, [1])
(85892, [1, 3, 21])
(85893, [1, 3, 19])
(85894, [1])
(85895, [1, 2, 3, 4, 39])
(85896, [1])
(85897, [1])
(85898, [1, 30])
(85899, [1])
(85900, [1, 3, 44])
(85901, [1, 3])
(85902, [1, 3, 26])
(85903, [1])
(85904, [1])
(85905, [1])
(85906, [1, 3])
(85907, [1])
(85908, [1])
(85909, [1, 2])
(85910, [10, 21, 26])
(85911, [10])
(85912, [10])
(85913, [10])
(85914, [2, 10])
(85915, [10])
(85916, [10])
(85917, [10])
(85918, [10])
(85919, [10])
(85920, [10])
(85921, [19])
(85922, [3, 4, 19, 44])
(85923, [19])
(85924, [19, 31])
(85925, [2, 3, 19])
(85926, [19])
(85927, [19])
(85928, [19])
(85929, [19, 22])
(85930, [19])
(85931, [19])
(85932, [19])
(85933, [4, 8, 19, 21, 24])
(85934, [3, 19, 22])
(85935, [19])
(85936, [4, 15, 19, 21])
(85937, [19])
(85938, [19])
(85939, [2, 14, 19, 36, 41])
(85940, [19])
(85941, [19])
(85942, [19])
(85943, [19, 21])
(85944, [19])
(85945, [15, 19, 24, 38])
(85946, [19])
(85947, [19])
(85948, [2, 19, 26, 41])
(85949, [2, 4, 26, 41])
(85950, [26])
(85951, [26])
(85952, [26])
(85953, [26])
(85954, [26, 44])
(85955, [2, 14, 26, 40, 41])
(85956, [23, 26])
(85957, [26, 31, 36])
(85958, [3, 26])
(85959, [26])
(85960, [26])
(85961, [15, 26])
(85962, [26])
(85963, [26])
(85964, [21, 26])
(85965, [26, 41])
(85966, [24, 26])
(85967, [23, 24, 26])
(85968, [26, 31, 41])
(85969, [2, 12, 26])
(85970, [8])
(85971, [8])
(85972, [8])
(85973, [8, 41])
(85974, [8])
(85975, [8])
(85976, [8])
(85977, [8])
(85978, [5, 8])
(85979, [8])
(85980, [8])
(85981, [8])
(85982, [8])
(85983, [8])
(85984, [8])
(85985, [8, 12])
(85986, [8])
(85987, [8, 23, 24])
(85988, [8])
(85989, [8])
(85990, [8])
(85991, [21])
(85992, [21])
(85993, [21])
(85994, [21])
(85995, [21])
(85996, [21])
(85997, [21])
(85998, [3, 21])
(85999, [21])
(86000, [21])
(86001, [21])
(86002, [21])
(86003, [21])
(86004, [21])
(86005, [21])
(86006, [12, 21, 22, 41])
(86007, [21])
(86008, [21, 43])
(86009, [21])
(86010, [4, 21])
(86011, [21])
(86012, [2, 21, 36])
(86013, [21])
(86014, [21])
(86015, [21])
(86016, [21])
(86017, [21])
(86018, [21])
(86019, [21])
(86020, [21, 31])
(86021, [12, 21])
(86022, [21])
(86023, [21])
(86024, [21])
(86025, [21])
(86026, [21])
(86027, [21])
(86028, [21])
(86029, [21])
(86030, [21])
(86031, [22, 23, 41, 44])
(86032, [44])
(86033, [44])
(86034, [44])
(86035, [44])
(86036, [44])
(86037, [2, 44])
(86038, [44])
(86039, [44])
(86040, [44])
(86041, [44])
(86042, [44])
(86043, [44])
(86044, [40, 44])
(86045, [44])
(86046, [43])
(86047, [2, 43])
(86048, [43])
(86049, [43])
(86050, [43])
(86051, [3, 22, 43])
(86052, [43])
(86053, [43])
(86054, [43])
(86055, [43])
(86056, [43])
(86057, [43])
(86058, [43])
(86059, [43])
(86060, [43])
(86061, [43])
(86062, [43])
(86063, [43])
(86064, [43])
(86065, [43])
(86066, [4, 14, 24, 36, 40, 43])
(86067, [43])
(86068, [43])
(86069, [43])
(86070, [43])
(86071, [43])
(86072, [38])
(86073, [38])
(86074, [38])
(86075, [3, 38])
(86076, [12, 36, 41])
(86077, [14, 36])
(86078, [36])
(86079, [36])
(86080, [36])
(86081, [36])
(86082, [36])
(86083, [36])
(86084, [36])
(86085, [36])
(86086, [36])
(86087, [36])
(86088, [36])
(86089, [36])
(86090, [36])
(86091, [36])
(86092, [36])
(86093, [36])
(86094, [36])
(86095, [36])
(86096, [36])
(86097, [31])
(86098, [31])
(86099, [31])
(86100, [30, 31])
(86101, [31])
(86102, [12, 31])
(86103, [30])
(86104, [30])
(86105, [30])
(86106, [30])
(86107, [30])
(86108, [30])
(86109, [30])
(86110, [30])
(86111, [30])
(86112, [30, 41])
(86113, [3, 30])
(86114, [30])
(86115, [37])
(86116, [39])
(86117, [39])
(86118, [4, 15, 39, 41])
(86119, [39])
(86120, [39])
(86121, [3, 39])
(86122, [39])
(86123, [41])
(86124, [41])
(86125, [23, 41])
(86126, [41])
(86127, [41])
(86128, [41])
(86129, [41])
(86130, [3, 4, 13, 41])
(86131, [41])
(86132, [41])
(86133, [23, 41])
(86134, [41])
(86135, [41])
(86136, [41])
(86137, [41])
(86138, [2, 41])
(86139, [41])
(86140, [41])
(86141, [41])
(86142, [41])
(86143, [41])
(86144, [41])
(86145, [41])
(86146, [14, 41])
(86147, [24])
(86148, [14, 24])
(86149, [24])
(86150, [24])
(86151, [24])
(86152, [2, 12, 24])
(86153, [24])
(86154, [24])
(86155, [5, 23])
(86156, [23])
(86157, [23])
(86158, [23])
(86159, [23])
(86160, [23])
(86161, [23])
(86162, [23])
(86163, [23])
(86164, [23])
(86165, [23])
(86166, [23])
(86167, [23])
(86168, [23])
(86169, [23])
(86170, [23])
(86171, [23])
(86172, [23])
(86173, [23])
(86174, [23])
(86175, [23])
(86176, [23])
(86177, [23])
(86178, [23])
(86179, [23])
(86180, [23])
(86181, [23])
(86182, [23])
(86183, [23])
(86184, [23])
(86185, [23])
(86186, [23])
(86187, [23])
(86188, [13, 23])
(86189, [23])
(86190, [23])
(86191, [3, 23])
(86192, [23])
(86193, [23])
(86194, [23])
(86195, [23])
(86196, [23])
(86197, [23])
(86198, [23])
(86199, [23])
(86200, [23])
(86201, [23])
(86202, [23])
(86203, [23])
(86204, [2, 23])
(86205, [23])
(86206, [23])
(86207, [23])
(86208, [23])
(86209, [23])
(86210, [4, 12])
(86211, [4])
(86212, [4])
(86213, [4])
(86214, [4])
(86215, [4])
(86216, [4])
(86217, [4])
(86218, [4])
(86219, [4])
(86220, [4])
(86221, [4])
(86222, [4])
(86223, [4])
(86224, [4])
(86225, [4])
(86226, [4])
(86227, [4])
(86228, [4])
(86229, [4])
(86230, [4])
(86231, [15])
(86232, [15])
(86233, [15])
(86234, [15])
(86235, [15])
(86236, [15])
(86237, [15])
(86238, [12, 15])
(86239, [15])
(86240, [15])
(86241, [15])
(86242, [15])
(86243, [15])
(86244, [15])
(86245, [15])
(86246, [15])
(86247, [15])
(86248, [15])
(86249, [15])
(86250, [15])
(86251, [3])
(86252, [3])
(86253, [3])
(86254, [3])
(86255, [3])
(86256, [3])
(86257, [2, 3])
(86258, [3])
(86259, [3, 22])
(86260, [3])
(86261, [3])
(86262, [3])
(86263, [3])
(86264, [3])
(86265, [3])
(86266, [3])
(86267, [3])
(86268, [3])
(86269, [3])
(86270, [3])
(86271, [3])
(86272, [3])
(86273, [3])
(86274, [3])
(86275, [3])
(86276, [12])
(86277, [12])
(86278, [12])
(86279, [12])
(86280, [12])
(86281, [12])
(86282, [12])
(86283, [12])
(86284, [12])
(86285, [12])
(86286, [12])
(86287, [12])
(86288, [12])
(86289, [12])
(86290, [12])
(86291, [12])
(86292, [12])
(86293, [12])
(86294, [12])
(86295, [12])
(86296, [12])
(86297, [12])
(86298, [12])
(86299, [12])
(86300, [12])
(86301, [12])
(86302, [12])
(86303, [12])
(86304, [12])
(86305, [12])
(86306, [12])
(86307, [12])
(86308, [12])
(86309, [12])
(86310, [12])
(86311, [2, 12])
(86312, [12])
(86313, [12])
(86314, [12])
(86315, [12])
(86316, [12])
(86317, [12])
(86318, [12])
(86319, [12])
(86320, [12])
(86321, [12])
(86322, [12])
(86323, [12])
(86324, [12])
(86325, [12])
(86326, [12])
(86327, [12])
(86328, [12])
(86329, [12])
(86330, [12])
(86331, [12])
(86332, [12])
(86333, [12])
(86334, [12])
(86335, [12])
(86336, [12])
(86337, [12])
(86338, [12])
(86339, [12, 14])
(86340, [12])
(86341, [12])
(86342, [12])
(86343, [12])
(86344, [40])
(86345, [40])
(86346, [40])
(86347, [40])
(86348, [40])
(86349, [2])
(86350, [2])
(86351, [2])
(86352, [2])
(86353, [2])
(86354, [2])
(86355, [2])
(86356, [2])
(86357, [2])
(86358, [2])
(86359, [2])
(86360, [2])
(86361, [2])
(86362, [2])
(86363, [2])
(86364, [2])
(86365, [2])
(86366, [2])
(86367, [2])
(86368, [2])
(86369, [2, 14])
(86370, [2])
(86371, [2])
(86372, [2])
(86373, [2])
(86374, [2])
(86375, [2])
(86376, [2])
(86377, [2])
(86378, [2])
(86379, [2])
(86380, [2])
(86381, [2])
(86382, [2])
(86383, [2])
(86384, [2])
(86385, [2])
(86386, [2])
(86387, [2])
(86388, [2])
(86389, [2])
(86390, [2])
(86391, [2])
(86392, [2])
(86393, [2])
(86394, [2])
(86395, [2])
(86396, [2])
(86397, [2])
(86398, [2])
(86399, [2])
(86400, [2])
(86401, [2])
(86402, [2])
(86403, [2])
(86404, [2])
(86405, [2])
(86406, [2])
(86407, [2])
(86408, [2])
(86409, [2])
(86410, [2])
(86411, [2, 14])
(86412, [2])
(86413, [2])
(86414, [2])
(86415, [2])
(86416, [2])
(86417, [2])
(86418, [2])
(86419, [2])
(86420, [2])
(86421, [2])
(86422, [2])
(86423, [2])
(86424, [2])
(86425, [2])
(86426, [2])
(86427, [2])
(86428, [2])
(86429, [2])
(86430, [2])
(86431, [2])
(86432, [2])
(86433, [13])
(86434, [13])
(86435, [13])
(86436, [13])
(86437, [13])
(86438, [13])
(86439, [13])
(86440, [5])
(86441, [5])
(86442, [5])
(86443, [5])
(86444, [5])
(86445, [5])
(86446, [5])
(86447, [5])
(86448, [5])
(86449, [5])
(86450, [5])
(86451, [5])
(86452, [5])
(86453, [14])
(86454, [14])
(86455, [14])
(86456, [14])
(86457, [14])
(86458, [14])
(86459, [14])
(86460, [14])
(86461, [14])
(86462, [14])
(86463, [14])
(86464, [14])
(86465, [14])
(86466, [14])
(86467, [14])
(86468, [14])
(86469, [14])
(86470, [14])
(86471, [14])
(86472, [14])
(86473, [22])
(86474, [22])
(86475, [22])
(86476, [22])
(86477, [22])
(86478, [22])
(86479, [25])
(86480, [25])
