(47968, [0, 1, 2, 3, 4, 5, 6, 7, 8, 9, 10, 11, 12, 13, 14, 15, 16, 17, 18, 19, 20, 21, 22, 23, 24, 25, 26, 27, 28, 29, 30, 31, 32, 33, 34, 35, 36, 37, 38, 39, 40, 41, 42, 43, 44])
(47969, [0, 1, 2, 3, 4, 5, 6, 7, 8, 9, 10, 11, 12, 13, 14, 15, 16, 17, 18, 19, 20, 21, 22, 23, 24, 25, 26, 27, 28, 29, 30, 31, 32, 33, 34, 35, 36, 37, 38, 39, 40, 41, 42, 43, 44])
(47970, [0, 1, 2, 3, 4, 5, 6, 7, 8, 9, 10, 11, 12, 13, 14, 15, 16, 17, 18, 19, 20, 21, 22, 23, 24, 25, 26, 27, 28, 29, 30, 31, 32, 33, 34, 35, 36, 37, 38, 39, 40, 41, 42, 43, 44])
(47971, [0, 1, 2, 3, 4, 5, 6, 7, 8, 9, 10, 11, 12, 13, 14, 15, 16, 17, 18, 19, 20, 21, 22, 23, 24, 25, 26, 27, 28, 29, 30, 31, 32, 33, 34, 35, 36, 37, 38, 39, 40, 41, 42, 43, 44])
(47972, [0, 1, 2, 3, 4, 5, 6, 7, 8, 9, 10, 11, 12, 13, 14, 15, 16, 17, 18, 19, 20, 21, 22, 23, 24, 25, 26, 27, 28, 29, 30, 31, 32, 33, 34, 35, 36, 37, 38, 39, 40, 41, 42, 43, 44])
(47973, [0, 1, 2, 3, 4, 5, 6, 7, 8, 9, 10, 11, 12, 13, 14, 15, 16, 17, 18, 19, 20, 21, 22, 23, 24, 25, 26, 27, 28, 29, 30, 31, 32, 33, 34, 35, 36, 37, 38, 39, 40, 41, 42, 43, 44])
(47974, [0, 1, 2, 3, 4, 5, 8, 9, 12, 15, 17, 18, 19, 20, 21, 22, 23, 26, 32, 33, 37, 39, 40, 43, 44])
(47975, [0, 1, 2, 3, 4, 5, 6, 7, 8, 9, 10, 11, 12, 13, 14, 15, 16, 17, 18, 19, 20, 21, 22, 23, 24, 25, 26, 27, 28, 29, 30, 31, 32, 33, 34, 35, 36, 37, 38, 39, 40, 41, 42, 43, 44])
(47976, [0, 1, 2, 3, 4, 5, 6, 7, 8, 9, 10, 11, 12, 13, 14, 15, 16, 17, 18, 19, 20, 21, 22, 23, 24, 25, 26, 27, 28, 29, 30, 31, 32, 33, 34, 35, 36, 37, 38, 39, 40, 41, 42, 43, 44])
(47977, [0, 1, 2, 3, 4, 5, 6, 7, 8, 9, 10, 11, 12, 13, 14, 15, 16, 17, 18, 19, 20, 21, 22, 23, 24, 25, 26, 27, 28, 29, 30, 31, 32, 33, 34, 35, 36, 37, 39, 40, 41, 42, 43, 44])
(47978, [0, 1, 2, 3, 4, 7, 8, 9, 11, 12, 13, 15, 16, 17, 18, 19, 21, 22, 23, 27, 29, 30, 31, 32, 33, 34, 35, 36, 37, 38, 40, 41, 42, 43, 44])
(47979, [1, 2, 3, 6, 9, 15, 19, 26, 31, 32, 33])
(47980, [0, 1, 2, 3, 4, 6, 7, 9, 10, 11, 12, 13, 14, 15, 16, 17, 18, 19, 20, 21, 23, 24, 26, 28, 29, 30, 31, 32, 33, 34, 35, 36, 37, 39, 40, 41, 42, 43, 44])
(47981, [0, 1, 2, 3, 4, 5, 6, 7, 8, 9, 10, 11, 12, 13, 14, 15, 16, 17, 18, 19, 20, 21, 22, 23, 24, 25, 26, 27, 28, 29, 30, 31, 32, 33, 34, 35, 36, 37, 38, 39, 40, 41, 42, 43, 44])
(47982, [0, 1, 2, 3, 4, 6, 7, 9, 11, 12, 13, 14, 15, 16, 17, 18, 19, 20, 22, 23, 24, 25, 26, 30, 31, 32, 33, 34, 35, 36, 40, 41, 42, 43, 44])
(47983, [0, 1, 2, 3, 4, 5, 6, 7, 9, 10, 11, 12, 13, 14, 15, 16, 17, 18, 19, 20, 21, 22, 23, 24, 26, 28, 30, 31, 32, 33, 34, 35, 37, 39, 40, 41, 42, 43, 44])
(47984, [0, 1, 2, 3, 4, 5, 6, 9, 10, 11, 12, 13, 14, 15, 16, 17, 19, 21, 23, 24, 25, 26, 30, 31, 32, 33, 34, 35, 37, 40, 41, 44])
(47985, [0, 1, 2, 3, 6, 9, 11, 14, 15, 16, 17, 19, 21, 23, 24, 26, 31, 32, 34, 40, 44])
(47986, [0, 1, 2, 3, 4, 5, 6, 7, 12, 13, 15, 16, 17, 18, 19, 20, 21, 23, 24, 26, 29, 30, 31, 32, 33, 34, 35, 37, 39, 41, 42, 44])
(47987, [1, 3, 6, 8, 15, 17, 21, 22, 30, 31, 32, 33, 34, 41])
(47988, [3, 7, 8, 10, 11, 19, 20, 23, 31, 32, 33, 40])
(47989, [0, 1, 2, 3, 4, 6, 7, 8, 9, 10, 11, 12, 14, 15, 16, 17, 18, 19, 21, 22, 23, 24, 26, 27, 28, 30, 31, 32, 34, 38, 40, 42, 43, 44])
(47990, [0, 1, 2, 3, 4, 5, 6, 7, 9, 10, 11, 12, 13, 14, 15, 16, 17, 18, 19, 20, 21, 22, 23, 24, 25, 26, 27, 28, 30, 31, 32, 33, 34, 35, 36, 39, 40, 41, 42, 43, 44])
(47991, [2, 21, 30, 32])
(47992, [0, 1, 2, 3, 4, 6, 7, 8, 9, 11, 12, 13, 14, 15, 16, 17, 18, 19, 20, 21, 22, 23, 24, 25, 26, 28, 30, 31, 32, 33, 34, 35, 36, 37, 40, 41, 42, 43, 44])
(47993, [32])
(47994, [0, 1, 2, 3, 4, 6, 8, 9, 11, 12, 15, 16, 17, 18, 19, 22, 23, 26, 27, 30, 31, 32, 33, 34, 36, 41, 43])
(47995, [0, 1, 2, 3, 4, 5, 6, 7, 8, 9, 11, 12, 13, 14, 15, 16, 17, 18, 19, 20, 21, 22, 23, 24, 25, 26, 27, 28, 29, 30, 31, 32, 33, 34, 35, 36, 37, 39, 40, 41, 42, 43, 44])
(47996, [0, 1, 2, 3, 6, 7, 8, 9, 10, 11, 13, 15, 18, 19, 20, 23, 26, 27, 30, 31, 32, 33, 35, 36, 38, 41, 42, 43, 44])
(47997, [0, 1, 2, 3, 4, 6, 7, 9, 11, 12, 13, 15, 16, 17, 18, 19, 22, 23, 24, 26, 27, 30, 31, 32, 33, 34, 35, 38, 40, 41, 42, 43, 44])
(47998, [0, 1, 2, 3, 12, 21, 32, 43, 44])
(47999, [0, 1, 2, 3, 4, 6, 8, 11, 14, 15, 17, 18, 19, 21, 23, 27, 30, 31, 32, 33, 34, 35, 39, 40, 41, 43, 44])
(48000, [2, 11, 32, 39, 44])
(48001, [0, 1, 2, 3, 4, 7, 8, 9, 12, 13, 15, 16, 19, 21, 22, 24, 26, 28, 30, 31, 32, 33, 34, 37, 38, 41, 42, 43, 44])
(48002, [0, 1, 2, 3, 4, 6, 11, 14, 15, 16, 20, 21, 22, 23, 24, 27, 30, 32, 33, 34, 43, 44])
(48003, [1, 2, 3, 4, 6, 7, 9, 16, 17, 18, 19, 22, 23, 24, 28, 32, 33, 43, 44])
(48004, [0, 1, 2, 3, 4, 5, 6, 7, 8, 9, 10, 11, 12, 14, 15, 17, 19, 20, 23, 25, 26, 27, 28, 30, 31, 32, 33, 34, 35, 36, 37, 38, 41, 42, 43, 44])
(48005, [0, 1, 2, 3, 4, 5, 6, 7, 8, 9, 10, 11, 12, 13, 14, 15, 16, 17, 18, 19, 20, 21, 22, 23, 24, 25, 26, 27, 28, 29, 30, 31, 32, 33, 34, 35, 36, 37, 38, 39, 40, 41, 42, 43, 44])
(48006, [1, 2, 3, 4, 6, 7, 9, 11, 12, 13, 14, 15, 16, 17, 18, 19, 20, 21, 22, 24, 25, 26, 30, 31, 32, 33, 34, 35, 36, 37, 40, 41, 43, 44])
(48007, [6, 15, 23, 32, 43])
(48008, [18, 32])
(48009, [0, 1, 2, 3, 4, 5, 6, 7, 8, 9, 10, 11, 12, 13, 14, 15, 16, 17, 18, 19, 20, 21, 22, 23, 24, 25, 26, 27, 28, 29, 30, 31, 32, 33, 34, 35, 36, 37, 38, 39, 40, 41, 42, 43, 44])
(48010, [1, 2, 3, 11, 15, 18, 19, 30, 32, 33, 34, 35])
(48011, [1, 2, 4, 5, 6, 8, 9, 10, 18, 19, 22, 23, 24, 29, 30, 31, 32, 33, 34, 36, 39, 41, 44])
(48012, [2, 4, 11, 13, 14, 30, 32, 33, 41])
(48013, [21, 32, 33, 34])
(48014, [1, 2, 3, 4, 7, 14, 18, 19, 23, 24, 26, 28, 32, 40, 41, 43])
(48015, [1, 2, 3, 4, 6, 9, 12, 13, 14, 15, 16, 17, 20, 23, 24, 26, 27, 28, 30, 31, 32, 33, 34, 35, 39, 41, 42, 43])
(48016, [2, 3, 9, 11, 15, 23, 27, 30, 31, 32, 33, 39])
(48017, [1, 6, 7, 32])
(48018, [0, 1, 3, 7, 9, 11, 12, 13, 15, 19, 20, 21, 22, 23, 26, 30, 31, 32, 33, 39, 40, 42, 44])
(48019, [0, 4, 6, 15, 30, 32, 41])
(48020, [0, 2, 3, 6, 13, 15, 17, 18, 23, 26, 31, 32, 33, 34, 41, 43, 44])
(48021, [0, 1, 2, 3, 4, 5, 6, 7, 8, 9, 11, 12, 13, 14, 15, 16, 17, 18, 19, 20, 21, 22, 23, 24, 25, 26, 27, 29, 31, 32, 33, 34, 35, 36, 38, 41, 43, 44])
(48022, [1, 2, 3, 4, 6, 7, 8, 9, 11, 12, 13, 14, 15, 16, 17, 18, 19, 20, 21, 22, 23, 25, 27, 29, 30, 31, 32, 33, 34, 35, 38, 40, 41, 42, 43, 44])
(48023, [0, 1, 9, 12, 14, 15, 26, 32, 33, 43])
(48024, [0, 1, 3, 4, 6, 8, 9, 14, 17, 31, 32, 33, 42, 43])
(48025, [0, 12, 32])
(48026, [0, 1, 2, 3, 4, 7, 12, 13, 15, 18, 19, 21, 26, 30, 32, 38, 41, 43, 44])
(48027, [0, 1, 2, 6, 11, 15, 17, 18, 19, 20, 23, 26, 30, 31, 32, 33, 35, 36, 41, 43, 44])
(48028, [32])
(48029, [1, 2, 3, 4, 6, 9, 11, 13, 14, 15, 17, 18, 19, 26, 30, 31, 32, 35, 39, 43])
(48030, [1, 3, 5, 6, 8, 9, 11, 12, 15, 16, 18, 23, 29, 30, 31, 32, 33, 34, 35, 41, 43])
(48031, [0, 6, 9, 18, 23, 26, 28, 30, 32, 36, 41])
(48032, [32])
(48033, [20, 32, 41])
(48034, [1, 2, 3, 4, 5, 6, 7, 8, 9, 10, 12, 13, 15, 16, 17, 18, 19, 20, 21, 22, 23, 24, 26, 29, 30, 31, 32, 33, 34, 37, 41, 42, 43, 44])
(48035, [0, 1, 2, 3, 6, 7, 9, 10, 11, 12, 13, 15, 16, 19, 20, 23, 26, 27, 28, 30, 31, 32, 33, 34, 35, 37, 39, 42, 43, 44])
(48036, [3, 4, 7, 13, 15, 19, 20, 21, 24, 26, 32, 40, 43])
(48037, [1, 2, 3, 6, 11, 15, 19, 23, 26, 30, 31, 32, 34, 41, 43, 44])
(48038, [1, 3, 4, 5, 7, 8, 9, 15, 17, 18, 19, 21, 23, 24, 26, 30, 31, 32, 34, 43, 44])
(48039, [0, 2, 11, 16, 18, 21, 32, 35])
(48040, [0, 1, 2, 3, 4, 6, 7, 9, 10, 11, 12, 14, 15, 16, 21, 22, 24, 26, 30, 31, 32, 33, 34, 41])
(48041, [1, 3, 4, 7, 9, 11, 12, 13, 16, 18, 19, 20, 23, 26, 27, 31, 32, 33, 34, 35, 41, 42, 43])
(48042, [1, 2, 3, 9, 12, 23, 31, 32, 33, 39, 43])
(48043, [2, 15, 32, 40])
(48044, [1, 2, 3, 6, 7, 9, 10, 14, 15, 16, 17, 18, 19, 21, 22, 23, 24, 26, 32, 33, 41, 43])
(48045, [2, 14, 24, 26, 32])
(48046, [1, 3, 4, 7, 12, 15, 17, 19, 30, 31, 32, 33, 43, 44])
(48047, [0, 1, 3, 4, 9, 13, 15, 16, 21, 22, 31, 32, 41])
(48048, [2, 24, 26, 31, 32, 33, 34, 41, 43])
(48049, [0, 26, 31, 32, 41])
(48050, [1, 3, 4, 5, 6, 11, 12, 15, 16, 18, 19, 20, 21, 22, 23, 26, 28, 29, 31, 32, 40, 42, 44])
(48051, [0, 1, 6, 9, 11, 12, 13, 14, 15, 18, 20, 25, 28, 30, 32, 34, 36, 41])
(48052, [14, 31, 32, 41])
(48053, [1, 2, 3, 5, 6, 7, 9, 11, 12, 15, 16, 17, 19, 20, 21, 22, 24, 25, 26, 31, 32, 33, 37, 40, 43, 44])
(48054, [0, 1, 3, 6, 7, 9, 12, 15, 17, 18, 19, 20, 21, 23, 26, 30, 31, 32, 33, 34, 35, 41, 43])
(48055, [9, 12, 26, 32, 34])
(48056, [0, 1, 2, 3, 4, 6, 12, 15, 17, 18, 20, 23, 27, 30, 32, 33, 34, 41, 43, 44])
(48057, [1, 2, 4, 6, 9, 11, 13, 14, 15, 26, 31, 32, 33])
(48058, [0, 2, 6, 17, 26, 32, 40])
(48059, [32])
(48060, [0, 1, 2, 3, 4, 7, 12, 25, 26, 32, 33, 34, 40, 41])
(48061, [0, 4, 5, 10, 15, 17, 21, 22, 23, 24, 26, 31, 32, 33, 34, 35, 41, 44])
(48062, [30, 31, 32, 33, 34])
(48063, [30, 32])
(48064, [2, 5, 6, 9, 13, 15, 16, 17, 26, 28, 32, 43])
(48065, [0, 3, 12, 19, 26, 32, 33, 34])
(48066, [31, 32])
(48067, [2, 3, 4, 6, 7, 9, 15, 18, 19, 23, 24, 26, 27, 30, 33, 35, 43])
(48068, [0, 12, 20, 35])
(48069, [35])
(48070, [18, 23, 26, 35])
(48071, [0, 21, 26, 35, 43])
(48072, [35])
(48073, [35])
(48074, [1, 2, 3, 8, 15, 21, 22, 25, 26, 33, 35, 36])
(48075, [15, 23, 35])
(48076, [23, 35])
(48077, [0, 1, 2, 3, 4, 6, 8, 9, 11, 12, 14, 15, 17, 18, 19, 20, 21, 23, 26, 27, 28, 30, 31, 34, 35, 40, 41, 43, 44])
(48078, [18, 23, 35])
(48079, [35])
(48080, [35])
(48081, [1, 2, 3, 4, 6, 8, 9, 11, 12, 16, 17, 19, 21, 22, 23, 30, 31, 33, 34, 35, 37, 38, 39, 40, 42, 43, 44])
(48082, [0, 4, 17, 26, 35, 41])
(48083, [35])
(48084, [35])
(48085, [35])
(48086, [0, 2, 9, 21, 34, 35, 39])
(48087, [1, 3, 18, 26, 27, 35])
(48088, [35])
(48089, [0, 1, 3, 11, 21, 35, 44])
(48090, [2, 35])
(48091, [0, 35])
(48092, [2, 3, 11, 19, 28, 35, 39, 43])
(48093, [12, 16, 18, 19, 35])
(48094, [12, 18, 23, 35])
(48095, [8, 18, 23, 35])
(48096, [0, 1, 3, 16, 17, 21, 23, 26, 35, 42, 44])
(48097, [19, 35])
(48098, [2, 35, 40])
(48099, [35])
(48100, [35])
(48101, [35])
(48102, [35])
(48103, [35])
(48104, [0, 1, 2, 3, 5, 9, 10, 12, 23, 24, 30, 31, 33, 34, 35, 41, 42])
(48105, [35])
(48106, [4, 8, 11, 13, 15, 18, 19, 21, 23, 28, 29, 35, 36, 43, 44])
(48107, [35])
(48108, [18, 23, 35])
(48109, [2, 8, 23, 35])
(48110, [35])
(48111, [35])
(48112, [0, 1, 2, 3, 4, 6, 9, 10, 11, 12, 13, 15, 16, 18, 19, 20, 21, 22, 23, 24, 26, 27, 30, 31, 33, 34, 35, 36, 38, 41, 42, 43, 44])
(48113, [2, 35])
(48114, [35])
(48115, [0, 35])
(48116, [35])
(48117, [35])
(48118, [10, 35])
(48119, [35])
(48120, [30, 35])
(48121, [0, 1, 2, 3, 12, 20, 23, 26, 31, 34, 35, 41, 42, 43, 44])
(48122, [1, 2, 3, 4, 5, 6, 7, 8, 12, 16, 18, 19, 22, 23, 26, 29, 31, 33, 35, 39, 40, 41, 43, 44])
(48123, [0, 1, 2, 7, 12, 15, 16, 19, 31, 34])
(48124, [34])
(48125, [1, 9, 12, 23, 34, 43])
(48126, [3, 12, 34])
(48127, [2, 9, 15, 18, 26, 34, 41, 43])
(48128, [0, 1, 3, 6, 7, 9, 14, 15, 18, 20, 31, 33, 34, 42, 43])
(48129, [34])
(48130, [0, 2, 12, 15, 23, 26, 28, 34, 42])
(48131, [0, 1, 3, 12, 20, 21, 34])
(48132, [1, 3, 4, 9, 12, 13, 16, 30, 31, 33, 34])
(48133, [1, 2, 3, 6, 9, 10, 12, 13, 14, 15, 16, 17, 18, 19, 20, 21, 22, 23, 24, 25, 26, 34, 39, 40, 41, 43, 44])
(48134, [3, 12, 19, 24, 30, 34])
(48135, [0, 1, 3, 7, 12, 21, 24, 31, 34, 44])
(48136, [0, 2, 4, 6, 14, 34])
(48137, [1, 3, 6, 11, 15, 16, 17, 20, 21, 24, 26, 30, 31, 34, 39])
(48138, [1, 2, 3, 8, 9, 11, 17, 19, 21, 30, 31, 34])
(48139, [34])
(48140, [0, 1, 2, 3, 4, 6, 7, 8, 9, 10, 11, 12, 13, 14, 15, 16, 17, 18, 19, 20, 21, 23, 24, 25, 26, 27, 28, 31, 34, 37, 41, 42, 43, 44])
(48141, [34])
(48142, [2, 4, 6, 11, 34, 43])
(48143, [0, 1, 2, 3, 8, 9, 12, 15, 16, 18, 19, 21, 22, 34, 40, 43, 44])
(48144, [34])
(48145, [34])
(48146, [31, 34])
(48147, [2, 11, 12, 14, 15, 23, 33, 34, 43, 44])
(48148, [0, 34])
(48149, [0, 1, 31, 34])
(48150, [0, 1, 2, 3, 7, 9, 11, 12, 15, 16, 17, 19, 20, 23, 24, 26, 28, 30, 31, 33, 34, 38, 44])
(48151, [5, 24, 26, 34])
(48152, [34])
(48153, [34])
(48154, [34])
(48155, [16, 34])
(48156, [1, 3, 4, 6, 16, 18, 19, 23, 26, 30, 33, 34, 43])
(48157, [0, 1, 2, 3, 4, 7, 9, 11, 12, 13, 16, 17, 19, 20, 24, 26, 29, 31, 33, 34, 41, 44])
(48158, [15, 31, 33, 34])
(48159, [34])
(48160, [8, 12, 34])
(48161, [4, 15, 22, 26, 27, 34])
(48162, [18, 23, 34])
(48163, [0, 7, 34])
(48164, [21, 34, 41])
(48165, [2, 6, 9, 17, 30, 31, 34, 41, 44])
(48166, [1, 3, 4, 20, 23, 34])
(48167, [1, 4, 15, 18, 21, 23, 28, 33, 34, 37])
(48168, [34])
(48169, [2, 34])
(48170, [0, 34])
(48171, [4, 6, 9, 15, 18, 23, 31, 33, 34, 41, 43])
(48172, [1, 11, 17, 19, 34, 44])
(48173, [34])
(48174, [34])
(48175, [2, 14, 33])
(48176, [1, 4, 17, 19, 23, 33])
(48177, [1, 3, 6, 33])
(48178, [33])
(48179, [33])
(48180, [1, 19, 30, 33])
(48181, [3, 21, 33])
(48182, [0, 1, 2, 3, 4, 6, 11, 14, 19, 20, 23, 24, 30, 33, 43, 44])
(48183, [2, 11, 18, 19, 28, 33, 43])
(48184, [0, 2, 6, 9, 15, 16, 21, 22, 26, 33, 37])
(48185, [33])
(48186, [7, 33])
(48187, [33, 43])
(48188, [11, 12, 19, 33])
(48189, [33])
(48190, [33])
(48191, [2, 7, 9, 13, 15, 24, 26, 33])
(48192, [11, 33, 36])
(48193, [0, 1, 2, 3, 4, 6, 7, 9, 11, 12, 13, 15, 18, 19, 21, 22, 23, 24, 27, 28, 31, 33, 38, 40, 41, 42, 43, 44])
(48194, [2, 33])
(48195, [1, 2, 3, 4, 6, 7, 9, 11, 12, 15, 17, 18, 19, 20, 21, 22, 23, 25, 26, 28, 31, 33, 37, 41, 42, 43, 44])
(48196, [0, 3, 7, 18, 21, 33])
(48197, [33])
(48198, [33])
(48199, [0, 1, 2, 3, 12, 20, 33, 36, 37, 39, 41])
(48200, [1, 3, 9, 15, 18, 20, 33, 41, 42, 43, 44])
(48201, [0, 1, 33])
(48202, [0, 3, 9, 11, 21, 23, 33])
(48203, [33])
(48204, [4, 8, 15, 18, 21, 33, 44])
(48205, [33])
(48206, [0, 1, 3, 33, 42, 44])
(48207, [17, 31, 33])
(48208, [0, 1, 3, 4, 17, 27, 33, 36, 41, 43])
(48209, [3, 4, 8, 11, 12, 15, 18, 21, 25, 33])
(48210, [33])
(48211, [33])
(48212, [3, 7, 12, 14, 24, 31, 33])
(48213, [2, 6, 10, 15, 26, 33])
(48214, [6, 26, 30, 31, 33, 41])
(48215, [3, 5, 11, 18, 20, 30, 33])
(48216, [0, 1, 3, 7, 9, 11, 12, 19, 20, 39, 44])
(48217, [0, 1, 3, 8, 11, 15, 19, 20, 22, 44])
(48218, [0, 1, 3, 4, 7, 9, 15, 18, 19, 20, 21, 23, 30, 41, 42])
(48219, [17, 20, 30, 31])
(48220, [20])
(48221, [2, 11, 14, 15, 20, 21, 22, 29, 30])
(48222, [0, 3, 6, 7, 18, 20, 21, 26])
(48223, [2, 3, 5, 6, 12, 16, 20])
(48224, [0, 1, 3, 16, 17, 19, 20, 27, 30, 41, 42])
(48225, [20])
(48226, [20])
(48227, [1, 3, 12, 20, 41])
(48228, [1, 3, 11, 12, 20, 26, 31])
(48229, [1, 3, 4, 18, 19, 20, 21, 22, 30, 31, 38])
(48230, [1, 3, 20])
(48231, [0, 3, 7, 11, 12, 13, 20, 44])
(48232, [20, 22, 42, 43])
(48233, [20])
(48234, [20])
(48235, [0, 1, 2, 7, 16, 18, 20, 41, 44])
(48236, [20])
(48237, [20, 36])
(48238, [20])
(48239, [8, 20])
(48240, [0, 1, 2, 3, 7, 9, 12, 15, 18, 20, 21, 22, 26, 30, 37, 38, 41, 42, 43])
(48241, [0, 5, 8, 12, 20])
(48242, [0, 1, 2, 3, 11, 12, 16, 20, 21, 39, 42, 44])
(48243, [18])
(48244, [18])
(48245, [18])
(48246, [18])
(48247, [11, 18])
(48248, [18])
(48249, [1, 17, 18, 19, 44])
(48250, [2, 5, 9, 11, 12, 13, 16, 18, 19, 21, 31, 36, 41])
(48251, [1, 13, 18, 21, 23])
(48252, [2, 8, 9, 12, 15, 18, 23, 41, 44])
(48253, [8, 18])
(48254, [1, 2, 3, 7, 10, 13, 15, 18, 39, 41, 42])
(48255, [8, 18, 23, 44])
(48256, [18])
(48257, [1, 3, 9, 12, 16, 18, 22, 23, 26, 30, 39, 43])
(48258, [0, 3, 16, 17, 18, 23, 31])
(48259, [18])
(48260, [18, 23])
(48261, [18])
(48262, [18])
(48263, [18])
(48264, [0, 1, 2, 3, 18, 21, 23, 31, 43])
(48265, [2, 9, 18, 31, 36, 41])
(48266, [12, 18, 27])
(48267, [18, 23])
(48268, [6, 12, 18, 19, 23, 30, 41])
(48269, [8, 15, 18, 21, 24, 30])
(48270, [3, 18, 19, 23])
(48271, [0, 1, 2, 8, 12, 13, 18, 19, 23, 30, 31, 38, 43, 44])
(48272, [15, 18, 23])
(48273, [9, 10, 11, 13, 18, 19, 22, 26])
(48274, [9, 12, 18])
(48275, [18])
(48276, [18])
(48277, [18])
(48278, [3, 18])
(48279, [3, 4, 9, 11, 12, 14, 15, 18, 19, 22, 23, 31, 39, 42])
(48280, [18, 21])
(48281, [18])
(48282, [18])
(48283, [18])
(48284, [18, 31])
(48285, [12, 15, 18, 23])
(48286, [1, 3, 14, 18, 19, 21])
(48287, [3, 18, 23, 41])
(48288, [2, 3, 14, 18, 41])
(48289, [18])
(48290, [18])
(48291, [18, 41])
(48292, [18, 23])
(48293, [8, 18, 23, 29])
(48294, [12, 18])
(48295, [18])
(48296, [1, 3, 18])
(48297, [18])
(48298, [18])
(48299, [18])
(48300, [18])
(48301, [18])
(48302, [5, 18, 23, 44])
(48303, [3, 6, 9, 13, 15, 16, 18, 23, 27, 31, 41])
(48304, [0, 1, 2, 3, 4, 7, 9, 15, 18, 19, 25, 27, 43])
(48305, [18])
(48306, [2, 18])
(48307, [18])
(48308, [0, 1, 10, 18, 24, 40])
(48309, [18])
(48310, [18])
(48311, [2, 3, 4, 14, 15, 17, 18, 23, 24, 39, 43])
(48312, [18])
(48313, [18])
(48314, [6, 12, 15, 18, 19, 41])
(48315, [3, 18, 21])
(48316, [1, 4, 18, 22, 40, 43, 44])
(48317, [18])
(48318, [18])
(48319, [18])
(48320, [18])
(48321, [18, 31])
(48322, [27])
(48323, [27])
(48324, [27])
(48325, [27])
(48326, [0, 1, 3, 12, 21, 27])
(48327, [27])
(48328, [0, 3, 9, 17, 26, 27, 40])
(48329, [27])
(48330, [0, 3, 15, 27])
(48331, [0, 2, 3, 4, 9, 11, 15, 19, 23, 26, 41, 43])
(48332, [9])
(48333, [9])
(48334, [4, 9, 23, 28])
(48335, [2, 6, 9, 22, 23, 26, 43])
(48336, [1, 2, 3, 4, 6, 9, 11, 17, 21, 23])
(48337, [0, 1, 2, 3, 9, 11, 26, 42])
(48338, [9])
(48339, [9])
(48340, [0, 3, 4, 9, 12, 19, 21, 22, 42])
(48341, [9])
(48342, [1, 9, 15, 41])
(48343, [2, 8, 9, 15, 19])
(48344, [2, 9, 10, 11, 12, 14, 15, 17, 24, 40, 41])
(48345, [9, 11, 17, 19])
(48346, [9])
(48347, [9])
(48348, [9, 23])
(48349, [9])
(48350, [4, 9])
(48351, [9])
(48352, [9])
(48353, [1, 9, 26])
(48354, [9])
(48355, [4, 9])
(48356, [2, 9, 14, 15, 19, 24, 26, 41])
(48357, [9])
(48358, [9])
(48359, [9])
(48360, [9])
(48361, [2, 9, 24, 44])
(48362, [1, 2, 3, 9, 13, 40])
(48363, [9])
(48364, [9])
(48365, [9])
(48366, [9])
(48367, [9])
(48368, [9])
(48369, [9, 23])
(48370, [1, 2, 3, 4, 7, 9, 11, 12, 21, 22, 38, 44])
(48371, [9, 11, 17])
(48372, [9])
(48373, [9])
(48374, [9])
(48375, [2, 9, 17, 31, 38, 40, 41])
(48376, [1, 2, 3, 9, 12, 15, 17, 30])
(48377, [9])
(48378, [9])
(48379, [9])
(48380, [2, 3, 4, 6, 8, 9, 11, 21, 26, 30, 39, 41])
(48381, [9])
(48382, [9, 43])
(48383, [9])
(48384, [9])
(48385, [1, 9])
(48386, [9])
(48387, [0, 12])
(48388, [0, 1, 2, 3, 11, 12, 19, 21, 22, 23, 44])
(48389, [0, 12])
(48390, [0, 12])
(48391, [0])
(48392, [0, 1, 3, 6, 19, 23])
(48393, [0, 12])
(48394, [0])
(48395, [0])
(48396, [0])
(48397, [0, 36])
(48398, [0])
(48399, [0, 1])
(48400, [0])
(48401, [0])
(48402, [0])
(48403, [0])
(48404, [0])
(48405, [0])
(48406, [0])
(48407, [0])
(48408, [0])
(48409, [0])
(48410, [0, 3])
(48411, [0])
(48412, [0])
(48413, [0])
(48414, [0])
(48415, [0])
(48416, [0, 12])
(48417, [0, 1, 2, 3, 15, 16, 19, 21, 23, 24, 44])
(48418, [0, 3, 39])
(48419, [0])
(48420, [0])
(48421, [0])
(48422, [0, 12])
(48423, [0, 7, 12])
(48424, [0])
(48425, [0])
(48426, [0, 8, 12, 19, 26])
(48427, [0])
(48428, [0])
(48429, [0, 12])
(48430, [0])
(48431, [0])
(48432, [0])
(48433, [0, 8])
(48434, [0])
(48435, [0, 12])
(48436, [0, 12])
(48437, [0])
(48438, [0])
(48439, [0])
(48440, [0])
(48441, [0])
(48442, [0, 12])
(48443, [0])
(48444, [0, 12])
(48445, [0])
(48446, [0])
(48447, [0])
(48448, [0])
(48449, [0])
(48450, [0])
(48451, [0])
(48452, [0])
(48453, [0])
(48454, [0])
(48455, [0])
(48456, [0])
(48457, [0, 1, 3])
(48458, [0])
(48459, [0])
(48460, [0, 23])
(48461, [0])
(48462, [0, 36])
(48463, [0, 1, 3, 31])
(48464, [0])
(48465, [0, 1, 3, 4, 7, 11, 12, 14, 17, 19, 21, 24, 26, 37, 40, 41, 44])
(48466, [0])
(48467, [0, 12])
(48468, [0])
(48469, [0])
(48470, [0])
(48471, [0])
(48472, [0, 12])
(48473, [0])
(48474, [0])
(48475, [0])
(48476, [0])
(48477, [0, 12])
(48478, [0])
(48479, [0])
(48480, [0])
(48481, [0])
(48482, [0, 3])
(48483, [0])
(48484, [0])
(48485, [0])
(48486, [0, 17])
(48487, [0])
(48488, [0])
(48489, [0])
(48490, [0])
(48491, [0])
(48492, [0, 3])
(48493, [0])
(48494, [0])
(48495, [0])
(48496, [0])
(48497, [0, 7, 24, 30])
(48498, [0])
(48499, [0])
(48500, [0])
(48501, [0])
(48502, [0])
(48503, [0])
(48504, [0])
(48505, [0, 1, 2, 3, 11, 12, 23, 42])
(48506, [0])
(48507, [0, 12])
(48508, [0, 1, 2, 26])
(48509, [0])
(48510, [0])
(48511, [0])
(48512, [0])
(48513, [0])
(48514, [0])
(48515, [0])
(48516, [0])
(48517, [0])
(48518, [0])
(48519, [0])
(48520, [0])
(48521, [0])
(48522, [0])
(48523, [0])
(48524, [0, 2])
(48525, [0, 1, 3, 19, 21])
(48526, [0])
(48527, [0, 1])
(48528, [0])
(48529, [0])
(48530, [0])
(48531, [0])
(48532, [0])
(48533, [0, 3])
(48534, [0])
(48535, [0])
(48536, [0])
(48537, [0])
(48538, [0])
(48539, [0])
(48540, [0])
(48541, [0, 1, 3])
(48542, [0])
(48543, [0, 2, 7, 11])
(48544, [0])
(48545, [0, 12, 21, 31])
(48546, [0])
(48547, [0])
(48548, [0])
(48549, [0])
(48550, [0])
(48551, [0])
(48552, [0])
(48553, [0])
(48554, [0])
(48555, [0])
(48556, [0])
(48557, [0])
(48558, [0])
(48559, [0])
(48560, [0])
(48561, [0])
(48562, [0])
(48563, [0])
(48564, [0, 4, 28, 41])
(48565, [0])
(48566, [0, 22])
(48567, [0, 1, 3, 4, 11, 22])
(48568, [0])
(48569, [0])
(48570, [0])
(48571, [0])
(48572, [0, 3, 30, 39])
(48573, [0])
(48574, [0])
(48575, [0])
(48576, [0, 3, 12])
(48577, [0])
(48578, [0])
(48579, [0, 16])
(48580, [0])
(48581, [0])
(48582, [0])
(48583, [0])
(48584, [0])
(48585, [0])
(48586, [0])
(48587, [0])
(48588, [0])
(48589, [0, 12])
(48590, [0])
(48591, [0, 12])
(48592, [0])
(48593, [0])
(48594, [0])
(48595, [0, 12])
(48596, [0, 12])
(48597, [0])
(48598, [0])
(48599, [0])
(48600, [0])
(48601, [0])
(48602, [0])
(48603, [0])
(48604, [0])
(48605, [0])
(48606, [0])
(48607, [0])
(48608, [0])
(48609, [0])
(48610, [0])
(48611, [0])
(48612, [0])
(48613, [0])
(48614, [0])
(48615, [0])
(48616, [0])
(48617, [0, 12])
(48618, [0])
(48619, [0, 12])
(48620, [0])
(48621, [0])
(48622, [0])
(48623, [0])
(48624, [0])
(48625, [0])
(48626, [0])
(48627, [0])
(48628, [0])
(48629, [0])
(48630, [0])
(48631, [0])
(48632, [0])
(48633, [0])
(48634, [0])
(48635, [0])
(48636, [0])
(48637, [0])
(48638, [0])
(48639, [11])
(48640, [1, 3, 11, 17, 19])
(48641, [11, 30])
(48642, [2, 4, 11, 14, 31])
(48643, [3, 11])
(48644, [11, 26, 31, 44])
(48645, [11, 12, 16])
(48646, [2, 4, 11, 22])
(48647, [11])
(48648, [11, 12])
(48649, [11])
(48650, [2, 11, 19, 31])
(48651, [1, 2, 10, 11, 26])
(48652, [3, 11, 21, 39])
(48653, [6, 11])
(48654, [2, 4, 11, 26])
(48655, [11, 43])
(48656, [1, 6, 11, 15, 17, 21, 24, 41])
(48657, [11])
(48658, [2, 11, 41])
(48659, [11, 15, 39, 43])
(48660, [1, 2, 11, 15, 17, 21, 42, 43])
(48661, [7, 21])
(48662, [7])
(48663, [3, 7, 31, 41])
(48664, [1, 7, 21, 26])
(48665, [7])
(48666, [7, 22])
(48667, [3, 7])
(48668, [7])
(48669, [7])
(48670, [3, 7, 44])
(48671, [7])
(48672, [3, 7, 12, 15, 21])
(48673, [7])
(48674, [7])
(48675, [7, 13, 31])
(48676, [3, 7, 12])
(48677, [2, 6, 7, 24, 44])
(48678, [29])
(48679, [19, 29])
(48680, [2, 10, 12, 16, 19, 23, 29, 40, 41, 44])
(48681, [29])
(48682, [29])
(48683, [19, 21, 29])
(48684, [29])
(48685, [29])
(48686, [24, 29])
(48687, [29])
(48688, [16, 41])
(48689, [16])
(48690, [1, 2, 3, 16, 23])
(48691, [16])
(48692, [2, 3, 16, 24])
(48693, [16])
(48694, [16])
(48695, [16])
(48696, [16])
(48697, [16])
(48698, [16])
(48699, [42])
(48700, [6])
(48701, [2, 6])
(48702, [6, 15])
(48703, [6])
(48704, [6, 23])
(48705, [6])
(48706, [6])
(48707, [6])
(48708, [2, 6, 26])
(48709, [6, 15])
(48710, [2, 6])
(48711, [6])
(48712, [4, 6, 15, 19, 21, 22, 24, 30, 31])
(48713, [6])
(48714, [28])
(48715, [28])
(48716, [28])
(48717, [4, 28])
(48718, [28])
(48719, [2, 4, 8, 10, 14, 17, 19, 24, 26, 36, 37, 43, 44])
(48720, [17, 44])
(48721, [17])
(48722, [2, 15, 17, 19, 26, 40, 44])
(48723, [17])
(48724, [2, 17])
(48725, [2, 17])
(48726, [14, 17])
(48727, [17])
(48728, [17])
(48729, [17])
(48730, [17])
(48731, [3, 17, 36])
(48732, [17, 40])
(48733, [2, 3, 17, 26, 41])
(48734, [17, 26])
(48735, [2, 3, 4, 12, 13, 17, 24, 26, 38])
(48736, [17])
(48737, [2, 17, 40, 41])
(48738, [17])
(48739, [17])
(48740, [1])
(48741, [1, 2, 3, 19, 21, 22])
(48742, [1, 3, 4, 43])
(48743, [1])
(48744, [1])
(48745, [1])
(48746, [1])
(48747, [1])
(48748, [1])
(48749, [1, 12, 23, 31])
(48750, [1])
(48751, [1, 2, 15, 26])
(48752, [1, 3, 21])
(48753, [1])
(48754, [1, 3, 21, 26])
(48755, [1, 2, 3, 19])
(48756, [1])
(48757, [1, 4, 22, 43])
(48758, [1, 3])
(48759, [1])
(48760, [1])
(48761, [1, 12, 22, 31, 38])
(48762, [1, 40])
(48763, [1, 21])
(48764, [1, 39])
(48765, [1, 2])
(48766, [1])
(48767, [1, 3, 12, 14, 24])
(48768, [1])
(48769, [1, 19])
(48770, [1])
(48771, [1, 3, 13])
(48772, [1, 24])
(48773, [1])
(48774, [1, 3, 43])
(48775, [1, 3, 12, 23])
(48776, [1, 26])
(48777, [1])
(48778, [1, 8, 23])
(48779, [1, 21, 39])
(48780, [1])
(48781, [1])
(48782, [1, 3, 12])
(48783, [1])
(48784, [1])
(48785, [1])
(48786, [10])
(48787, [10])
(48788, [10])
(48789, [10])
(48790, [10])
(48791, [10])
(48792, [2, 10, 41, 44])
(48793, [10])
(48794, [10])
(48795, [10])
(48796, [10, 23, 41])
(48797, [10])
(48798, [10])
(48799, [19])
(48800, [2, 13, 19, 26, 31])
(48801, [14, 19])
(48802, [19])
(48803, [3, 19])
(48804, [3, 19])
(48805, [19])
(48806, [19])
(48807, [19, 25])
(48808, [19])
(48809, [14, 19])
(48810, [19])
(48811, [15, 19])
(48812, [19, 26])
(48813, [3, 5, 19])
(48814, [3, 19])
(48815, [19, 23])
(48816, [19])
(48817, [19])
(48818, [19])
(48819, [19])
(48820, [19])
(48821, [4, 12, 19])
(48822, [19])
(48823, [19])
(48824, [3, 4, 13, 15, 19, 23, 24, 26, 30, 40, 43])
(48825, [19, 31])
(48826, [3, 19, 21])
(48827, [26])
(48828, [26])
(48829, [26])
(48830, [26])
(48831, [15, 26, 41])
(48832, [26])
(48833, [26])
(48834, [26])
(48835, [26])
(48836, [26])
(48837, [26])
(48838, [26, 31, 40, 43])
(48839, [26])
(48840, [26])
(48841, [26])
(48842, [26])
(48843, [26])
(48844, [8])
(48845, [8])
(48846, [8, 23])
(48847, [8, 30])
(48848, [8])
(48849, [8])
(48850, [8, 21])
(48851, [8])
(48852, [8])
(48853, [8])
(48854, [8, 23])
(48855, [8])
(48856, [8])
(48857, [5, 8])
(48858, [8])
(48859, [8])
(48860, [8])
(48861, [21])
(48862, [21])
(48863, [21])
(48864, [21])
(48865, [21, 23])
(48866, [21])
(48867, [21])
(48868, [21])
(48869, [21])
(48870, [21])
(48871, [3, 21])
(48872, [21])
(48873, [21, 40])
(48874, [21, 31])
(48875, [21])
(48876, [21])
(48877, [21])
(48878, [21])
(48879, [21])
(48880, [21])
(48881, [21, 30])
(48882, [21])
(48883, [21])
(48884, [21])
(48885, [21])
(48886, [21])
(48887, [21])
(48888, [21])
(48889, [21])
(48890, [21])
(48891, [21])
(48892, [43, 44])
(48893, [44])
(48894, [2, 44])
(48895, [2, 44])
(48896, [44])
(48897, [14, 23, 44])
(48898, [2, 44])
(48899, [44])
(48900, [44])
(48901, [44])
(48902, [44])
(48903, [44])
(48904, [44])
(48905, [44])
(48906, [44])
(48907, [44])
(48908, [44])
(48909, [12, 44])
(48910, [43])
(48911, [43])
(48912, [43])
(48913, [43])
(48914, [43])
(48915, [43])
(48916, [12, 43])
(48917, [43])
(48918, [43])
(48919, [2, 43])
(48920, [43])
(48921, [43])
(48922, [43])
(48923, [43])
(48924, [3, 43])
(48925, [43])
(48926, [2, 43])
(48927, [43])
(48928, [30, 31, 38, 41])
(48929, [36, 38])
(48930, [36])
(48931, [36])
(48932, [36])
(48933, [36])
(48934, [36])
(48935, [36])
(48936, [36])
(48937, [36])
(48938, [36])
(48939, [36])
(48940, [36])
(48941, [36])
(48942, [36])
(48943, [12, 36])
(48944, [36])
(48945, [36])
(48946, [36])
(48947, [36])
(48948, [36])
(48949, [36])
(48950, [36])
(48951, [36])
(48952, [36])
(48953, [36])
(48954, [36])
(48955, [36])
(48956, [36])
(48957, [36])
(48958, [36])
(48959, [36])
(48960, [36])
(48961, [31])
(48962, [15, 31])
(48963, [31, 41])
(48964, [31])
(48965, [31])
(48966, [31])
(48967, [31])
(48968, [31])
(48969, [31])
(48970, [31])
(48971, [31])
(48972, [30])
(48973, [30])
(48974, [30])
(48975, [30])
(48976, [30])
(48977, [30])
(48978, [30])
(48979, [30])
(48980, [30])
(48981, [30])
(48982, [30])
(48983, [30])
(48984, [30])
(48985, [30])
(48986, [37])
(48987, [37])
(48988, [37])
(48989, [37])
(48990, [37])
(48991, [2, 39])
(48992, [39])
(48993, [39])
(48994, [39])
(48995, [3, 4, 12, 39])
(48996, [3, 39])
(48997, [2, 39, 40])
(48998, [41])
(48999, [41])
(49000, [41])
(49001, [41])
(49002, [41])
(49003, [41])
(49004, [41])
(49005, [41])
(49006, [40, 41])
(49007, [41])
(49008, [41])
(49009, [2, 41])
(49010, [2, 41])
(49011, [41])
(49012, [41])
(49013, [41])
(49014, [41])
(49015, [41])
(49016, [24])
(49017, [14, 24])
(49018, [24])
(49019, [2, 24])
(49020, [24])
(49021, [2, 3, 15, 23, 24])
(49022, [24])
(49023, [24])
(49024, [3, 15, 24])
(49025, [24])
(49026, [24])
(49027, [24])
(49028, [23])
(49029, [23])
(49030, [15, 23])
(49031, [23])
(49032, [23])
(49033, [23])
(49034, [23])
(49035, [23])
(49036, [23])
(49037, [23])
(49038, [23])
(49039, [23])
(49040, [23])
(49041, [23])
(49042, [23])
(49043, [23])
(49044, [23])
(49045, [23])
(49046, [23])
(49047, [23])
(49048, [23])
(49049, [23])
(49050, [23])
(49051, [23])
(49052, [23])
(49053, [23])
(49054, [23])
(49055, [23])
(49056, [23])
(49057, [12, 23])
(49058, [23])
(49059, [23])
(49060, [23])
(49061, [23])
(49062, [23])
(49063, [23])
(49064, [23])
(49065, [23])
(49066, [23])
(49067, [23])
(49068, [23])
(49069, [23])
(49070, [23])
(49071, [23])
(49072, [23])
(49073, [23])
(49074, [23])
(49075, [23])
(49076, [23])
(49077, [23])
(49078, [23])
(49079, [23])
(49080, [4])
(49081, [4])
(49082, [4])
(49083, [4])
(49084, [4])
(49085, [4])
(49086, [4])
(49087, [4])
(49088, [4])
(49089, [4])
(49090, [2, 4])
(49091, [4, 14, 15])
(49092, [4])
(49093, [4])
(49094, [4])
(49095, [4])
(49096, [4])
(49097, [4])
(49098, [4])
(49099, [4])
(49100, [3, 4])
(49101, [15])
(49102, [15])
(49103, [15])
(49104, [15])
(49105, [15])
(49106, [15])
(49107, [3, 15])
(49108, [15])
(49109, [15])
(49110, [15])
(49111, [15])
(49112, [15])
(49113, [15])
(49114, [15])
(49115, [15])
(49116, [3])
(49117, [3])
(49118, [3])
(49119, [3])
(49120, [3])
(49121, [3])
(49122, [3])
(49123, [3])
(49124, [3])
(49125, [3])
(49126, [3])
(49127, [3])
(49128, [3])
(49129, [3])
(49130, [3])
(49131, [3])
(49132, [3])
(49133, [3])
(49134, [3])
(49135, [3])
(49136, [3])
(49137, [3])
(49138, [3])
(49139, [3])
(49140, [3])
(49141, [3])
(49142, [3])
(49143, [3])
(49144, [3])
(49145, [3])
(49146, [3])
(49147, [3])
(49148, [12])
(49149, [12])
(49150, [12])
(49151, [12])
(49152, [12])
(49153, [12])
(49154, [12])
(49155, [12])
(49156, [12])
(49157, [12])
(49158, [12])
(49159, [12])
(49160, [12])
(49161, [12])
(49162, [12])
(49163, [12])
(49164, [12])
(49165, [12])
(49166, [12])
(49167, [12])
(49168, [12])
(49169, [12])
(49170, [12])
(49171, [12])
(49172, [12])
(49173, [12])
(49174, [12])
(49175, [12])
(49176, [12])
(49177, [12])
(49178, [12])
(49179, [12])
(49180, [12])
(49181, [12])
(49182, [12])
(49183, [12])
(49184, [12])
(49185, [12])
(49186, [12])
(49187, [12])
(49188, [12])
(49189, [12])
(49190, [12])
(49191, [12])
(49192, [12])
(49193, [12])
(49194, [12])
(49195, [12])
(49196, [12])
(49197, [12])
(49198, [12, 14])
(49199, [12])
(49200, [12])
(49201, [12])
(49202, [12])
(49203, [12])
(49204, [12])
(49205, [12])
(49206, [12])
(49207, [12])
(49208, [12])
(49209, [12])
(49210, [12])
(49211, [12])
(49212, [12])
(49213, [12, 14])
(49214, [40])
(49215, [40])
(49216, [40])
(49217, [14, 40])
(49218, [2])
(49219, [2])
(49220, [2])
(49221, [2])
(49222, [2])
(49223, [2])
(49224, [2])
(49225, [2])
(49226, [2])
(49227, [2])
(49228, [2])
(49229, [2])
(49230, [2])
(49231, [2])
(49232, [2])
(49233, [2])
(49234, [2])
(49235, [2])
(49236, [2])
(49237, [2])
(49238, [2])
(49239, [2])
(49240, [2])
(49241, [2])
(49242, [2])
(49243, [2])
(49244, [2])
(49245, [2])
(49246, [2])
(49247, [2])
(49248, [2])
(49249, [2])
(49250, [2])
(49251, [2])
(49252, [2])
(49253, [2])
(49254, [2])
(49255, [2])
(49256, [2])
(49257, [2])
(49258, [2])
(49259, [2])
(49260, [2])
(49261, [2])
(49262, [2])
(49263, [2])
(49264, [2])
(49265, [2])
(49266, [2])
(49267, [2])
(49268, [2])
(49269, [2])
(49270, [2])
(49271, [2])
(49272, [2])
(49273, [2])
(49274, [2])
(49275, [2])
(49276, [2])
(49277, [2])
(49278, [2])
(49279, [2])
(49280, [2])
(49281, [2])
(49282, [2])
(49283, [2])
(49284, [2])
(49285, [2])
(49286, [2])
(49287, [13])
(49288, [13])
(49289, [5])
(49290, [5])
(49291, [5])
(49292, [5])
(49293, [5])
(49294, [5])
(49295, [5])
(49296, [5])
(49297, [5])
(49298, [5])
(49299, [5])
(49300, [14])
(49301, [14])
(49302, [14])
(49303, [14])
(49304, [14])
(49305, [14])
(49306, [14])
(49307, [14])
(49308, [14])
(49309, [14])
(49310, [14])
(49311, [14])
(49312, [14])
(49313, [14])
(49314, [14])
(49315, [14])
(49316, [14])
(49317, [14])
(49318, [14])
(49319, [14])
(49320, [22])
(49321, [22])
(49322, [22])
(49323, [22])
(49324, [22])
(49325, [22])
(49326, [22])
(49327, [22])
(49328, [22])
(49329, [22])
(49330, [22])
(49331, [22])
(49332, [22])
(49333, [22])
